1731947824808 0.04196862131357193 0
1731947843288 0.03904290497303009 0
1731947861869 0.03586607053875923 0
1731947880613 0.03462996333837509 0
1731947899267 0.03223347291350365 0
1731947918004 0.030279822647571564 0
1731947936655 0.030521076172590256 0
1731947955364 0.027529437094926834 0
1731947974001 0.0283238273113966 0
1731947992717 0.026586299762129784 0
1731948011389 0.02748395875096321 0
1731948030141 0.02605610340833664 0
1731948048844 0.026760242879390717 0
1731948067633 0.02735067717730999 0
1731948086408 0.026360919699072838 0
1731948103301 0.027013089507818222 0
1731948120175 0.0270389374345541 0
1731948137057 0.02665742114186287 0
1731948153951 0.026202179491519928 0
1731948170857 0.026503415778279305 0
1731948187773 0.027935193851590157 0
1731948204655 0.027491312474012375 0
1731948220907 0.026073602959513664 0
1731948236845 0.026903921738266945 0
1731948252858 0.02691483497619629 0
1731948268885 0.025995133444666862 0
1731948284913 0.026147088035941124 0
1731948300858 0.026235293596982956 0
1731948316881 0.02561786212027073 0
1731948333002 0.026588255539536476 0
1731948348429 0.026609305292367935 0
1731948363846 0.02640295773744583 0
1731948379282 0.026011141017079353 0
1731948394719 0.02570853941142559 0
1731948410163 0.026632104068994522 0
1731948425614 0.025152988731861115 0
1731948441046 0.025251181796193123 0
1731948456166 0.02645331434905529 0
1731948471283 0.026518117636442184 0
1731948486323 0.026077555492520332 0
1731948501439 0.025108428671956062 0
1731948516464 0.02478288859128952 0
1731948531576 0.02623497135937214 0
1731948546611 0.025712190195918083 0
1731948562043 0.025642380118370056 0
1731948577070 0.025535495951771736 0
1731948592180 0.02636292576789856 0
1731948607228 0.02560303919017315 0
1731948622372 0.02576870284974575 0
1731948637401 0.025456247851252556 0
1731948652512 0.02525862492620945 0
1731948667551 0.02715451829135418 0
1731948682675 0.026521269232034683 0
1731948697721 0.026293085888028145 0
1731948712835 0.02596275880932808 0
1731948727868 0.025609610602259636 0
1731948743004 0.026013975962996483 0
1731948758043 0.02563563920557499 0
1731948773169 0.02517632581293583 0
1731948788540 0.025443177670240402 0
1731948803664 0.02549799531698227 0
1731948818708 0.025769004598259926 0
1731948833836 0.025116130709648132 0
1731948848882 0.025557808578014374 0
1731948864004 0.025131873786449432 0
1731948879031 0.025413429364562035 0
1731948894164 0.025390194728970528 0
1731948909200 0.025761794298887253 0
1731948924356 0.025732479989528656 0
1731948939408 0.02553394064307213 0
1731948954517 0.025170892477035522 0
1731948969587 0.025351162999868393 0
1731948984704 0.025527315214276314 0
1731948999743 0.02524038776755333 0
1731949015222 0.0256427600979805 0
1731949030265 0.02550274133682251 0
1731949045398 0.02540113776922226 0
1731949060451 0.025798479095101357 0
1731949075568 0.025611786171793938 0
1731949090619 0.024895137175917625 0
1731949105741 0.0256880521774292 0
1731949120777 0.02521493099629879 0
1731949135921 0.025200773030519485 0
1731949150936 0.025727352127432823 0
1731949166067 0.02568024769425392 0
1731949181098 0.025886550545692444 0
1731949196224 0.025466131046414375 0
1731949211277 0.02606334164738655 0
1731949226752 0.025556357577443123 0
1731949241803 0.025190196931362152 0
1731949256949 0.024933360517024994 0
1731949271979 0.02527398243546486 0
1731949287108 0.025440208613872528 0
1731949302156 0.025598974898457527 0
1731949317286 0.02525206468999386 0
1731949332340 0.02531278133392334 0
1731949347462 0.02641524374485016 0
1731949362524 0.025653250515460968 0
1731949377643 0.025778718292713165 0
1731949392702 0.025059804320335388 0
1731949407841 0.025360852479934692 0
1731949422897 0.025526946410536766 0
1731949438032 0.02572968788444996 0
1731949453432 0.025454392656683922 0
1731949468556 0.025409506633877754 0
1731949483594 0.025116486474871635 0
1731949498708 0.025484388694167137 0
1731949513752 0.025051377713680267 0
1731949528850 0.025458086282014847 0
1731949543899 0.024936292320489883 0
1731949559016 0.024936091154813766 0
1731949574038 0.02559182047843933 0
1731949589147 0.025633564218878746 0
1731949604177 0.025423068553209305 0
1731949619275 0.025440577417612076 0
1731949634297 0.025652088224887848 0
1731949649419 0.02592763677239418 0
1731949664429 0.025551702827215195 0
1731949679841 0.0252821147441864 0
1731949694862 0.025000974535942078 0
1731949709968 0.025657951831817627 0
1731949724989 0.025254342705011368 0
1731949740101 0.02579786628484726 0
1731949755122 0.025245189666748047 0
1731949770232 0.025914911180734634 0
1731949785254 0.025662343949079514 0
1731949800357 0.025271613150835037 0
1731949815381 0.02533155493438244 0
1731949830486 0.02650069072842598 0
1731949845511 0.025516806170344353 0
1731949860606 0.025298168882727623 0
1731949875619 0.025414587929844856 0
1731949890726 0.025607595220208168 0
1731949906095 0.025506315752863884 0
1731949921198 0.02552112378180027 0
1731949936210 0.025587327778339386 0
1731949951314 0.025358330458402634 0
1731949966344 0.02555685304105282 0
1731949981433 0.02536928467452526 0
1731949996425 0.025572074577212334 0
1731950011498 0.02561873570084572 0
1731950026511 0.025436654686927795 0
1731950041620 0.02553548663854599 0
1731950056612 0.025328118354082108 0
1731950071700 0.02579725906252861 0
1731950086707 0.02530110813677311 0
1731950101784 0.025531316176056862 0
1731950116790 0.025427473708987236 0
1731950132237 0.025660661980509758 0
1731950147233 0.025108424946665764 0
1731950162309 0.0258395504206419 0
1731950177322 0.02503899298608303 0
1731950192422 0.025865720584988594 0
1731950207427 0.025730544701218605 0
1731950222525 0.02554331161081791 0
1731950237513 0.025440068915486336 0
1731950252620 0.02538987621665001 0
1731950267622 0.025677718222141266 0
1731950282716 0.025395497679710388 0
1731950297716 0.02577553689479828 0
1731950312799 0.025418851524591446 0
1731950327822 0.02588665671646595 0
1731950343267 0.02536916360259056 0
1731950358259 0.02578677050769329 0
1731950373351 0.02552170120179653 0
1731950388348 0.025826960802078247 0
1731950403434 0.02573045901954174 0
1731950418447 0.02545497752726078 0
1731950433548 0.025510532781481743 0
1731950448566 0.025387834757566452 0
1731950463663 0.025633562356233597 0
1731950478667 0.025546686723828316 0
1731950493775 0.025434542447328568 0
1731950508787 0.02547599747776985 0
1731950523888 0.02541113831102848 0
1731950538882 0.025490449741482735 0
1731950553963 0.025161894038319588 0
1731950569304 0.025508921593427658 0
1731950584410 0.025750774890184402 0
1731950599408 0.02547924779355526 0
1731950614485 0.025477508082985878 0
1731950629489 0.025574009865522385 0
1731950644570 0.02537968009710312 0
1731950659566 0.025426488369703293 0
1731950674636 0.02579290047287941 0
1731950689630 0.025777650997042656 0
1731950704726 0.025449063628911972 0
1731950719743 0.02544534020125866 0
1731950734825 0.025295861065387726 0
1731950749817 0.025425558909773827 0
1731950764895 0.02564091980457306 0
1731950779888 0.025726744905114174 0
1731950795293 0.025093350559473038 0
1731950810278 0.025581859052181244 0
1731950825359 0.025449810549616814 0
1731950840348 0.02544759027659893 0
1731950855435 0.025540076196193695 0
1731950870436 0.025483353063464165 0
1731950885512 0.025441152974963188 0
1731950900509 0.025454776361584663 0
1731950915591 0.025442836806178093 0
1731950930575 0.025474030524492264 0
1731950945657 0.02600078471004963 0
1731950960647 0.02579856663942337 0
1731950975718 0.02585344761610031 0
1731950990711 0.025461161509156227 0
1731951005776 0.02537459135055542 0
1731951021092 0.025777004659175873 0
1731951036178 0.025562413036823273 0
1731951051175 0.02575722336769104 0
1731951066244 0.02566017210483551 0
1731951081226 0.025647668167948723 0
1731951096285 0.025661371648311615 0
1731951111272 0.02537669613957405 0
1731951126361 0.02572818286716938 0
1731951141365 0.025641826912760735 0
1731951156437 0.02537965029478073 0
1731951171432 0.025447383522987366 0
1731951186500 0.025304367765784264 0
1731951201498 0.025555919855833054 0
1731951216575 0.025630902498960495 0
1731951231570 0.025442298501729965 0
