1731947824808 0.5953102111816406 0
1731947843288 0.6257510781288147 0
1731947861869 0.5680530071258545 0
1731947880613 0.5208338499069214 0
1731947899267 0.4990403354167938 0
1731947918004 0.48048344254493713 0
1731947936655 0.4787110686302185 0
1731947955364 0.45533841848373413 0
1731947974001 0.44813039898872375 0
1731947992717 0.4480823576450348 0
1731948011389 0.4230708181858063 0
1731948030141 0.42099234461784363 0
1731948048844 0.421068400144577 0
1731948067633 0.41663119196891785 0
1731948086408 0.4102064371109009 0
1731948103301 0.40431344509124756 0
1731948120175 0.4030534625053406 0
1731948137057 0.40627530217170715 0
1731948153951 0.4119831919670105 0
1731948170857 0.3995499312877655 0
1731948187773 0.4010678827762604 0
1731948204655 0.394445538520813 0
1731948220907 0.39570286870002747 0
1731948236845 0.3949979841709137 0
1731948252858 0.3958965539932251 0
1731948268885 0.38703978061676025 0
1731948284913 0.38906237483024597 0
1731948300858 0.3789031207561493 0
1731948316881 0.38300108909606934 0
1731948333002 0.3822571635246277 0
1731948348429 0.3907024562358856 0
1731948363846 0.3839392066001892 0
1731948379282 0.38050657510757446 0
1731948394719 0.38240301609039307 0
1731948410163 0.3807159960269928 0
1731948425614 0.37915170192718506 0
1731948441046 0.3762112259864807 0
1731948456166 0.3750974237918854 0
1731948471283 0.3815225660800934 0
1731948486323 0.37960126996040344 0
1731948501439 0.3738684058189392 0
1731948516464 0.3777531087398529 0
1731948531576 0.37392526865005493 0
1731948546611 0.37250399589538574 0
1731948562043 0.3747479319572449 0
1731948577070 0.3788471519947052 0
1731948592180 0.37589743733406067 0
1731948607228 0.37255337834358215 0
1731948622372 0.372530460357666 0
1731948637401 0.3701540231704712 0
1731948652512 0.3789600431919098 0
1731948667551 0.369407594203949 0
1731948682675 0.37841251492500305 0
1731948697721 0.3735421895980835 0
1731948712835 0.37002867460250854 0
1731948727868 0.3693089783191681 0
1731948743004 0.36925214529037476 0
1731948758043 0.35995060205459595 0
1731948773169 0.3691897392272949 0
1731948788540 0.3723395764827728 0
1731948803664 0.3683243989944458 0
1731948818708 0.36903002858161926 0
1731948833836 0.3670463562011719 0
1731948848882 0.37176236510276794 0
1731948864004 0.36826297640800476 0
1731948879031 0.3727165758609772 0
1731948894164 0.368950217962265 0
1731948909200 0.3669789135456085 0
1731948924356 0.3664095103740692 0
1731948939408 0.3680332899093628 0
1731948954517 0.3678654432296753 0
1731948969587 0.3658066987991333 0
1731948984704 0.364228218793869 0
1731948999743 0.366625040769577 0
1731949015222 0.3648926019668579 0
1731949030265 0.3640317916870117 0
1731949045398 0.36709171533584595 0
1731949060451 0.3672879636287689 0
1731949075568 0.36384323239326477 0
1731949090619 0.3627735376358032 0
1731949105741 0.3628697991371155 0
1731949120777 0.3625941574573517 0
1731949135921 0.3641587197780609 0
1731949150936 0.3643531799316406 0
1731949166067 0.3658679127693176 0
1731949181098 0.36710885167121887 0
1731949196224 0.36484602093696594 0
1731949211277 0.36219552159309387 0
1731949226752 0.3647451400756836 0
1731949241803 0.3673887252807617 0
1731949256949 0.36607521772384644 0
1731949271979 0.36272290349006653 0
1731949287108 0.36276236176490784 0
1731949302156 0.3619539141654968 0
1731949317286 0.36292457580566406 0
1731949332340 0.3636927008628845 0
1731949347462 0.3601091802120209 0
1731949362524 0.3624231219291687 0
1731949377643 0.3627251386642456 0
1731949392702 0.3621514141559601 0
1731949407841 0.3628532290458679 0
1731949422897 0.361592561006546 0
1731949438032 0.3619445562362671 0
1731949453432 0.3626337945461273 0
1731949468556 0.36183345317840576 0
1731949483594 0.36213672161102295 0
1731949498708 0.36368677020072937 0
1731949513752 0.3610864579677582 0
1731949528850 0.3565240502357483 0
1731949543899 0.3613325357437134 0
1731949559016 0.36000388860702515 0
1731949574038 0.36559998989105225 0
1731949589147 0.360834538936615 0
1731949604177 0.36254462599754333 0
1731949619275 0.36230188608169556 0
1731949634297 0.3596668839454651 0
1731949649419 0.363620400428772 0
1731949664429 0.3617572486400604 0
1731949679841 0.35824158787727356 0
1731949694862 0.3593137264251709 0
1731949709968 0.35753822326660156 0
1731949724989 0.36031702160835266 0
1731949740101 0.36002662777900696 0
1731949755122 0.36315032839775085 0
1731949770232 0.36016565561294556 0
1731949785254 0.3611512780189514 0
1731949800357 0.3589228093624115 0
1731949815381 0.35975411534309387 0
1731949830486 0.35776904225349426 0
1731949845511 0.3583534359931946 0
1731949860606 0.3579130172729492 0
1731949875619 0.3599049746990204 0
1731949890726 0.36181730031967163 0
1731949906095 0.3585055470466614 0
1731949921198 0.3589479923248291 0
1731949936210 0.3606315553188324 0
1731949951314 0.36019426584243774 0
1731949966344 0.35706159472465515 0
1731949981433 0.3583392798900604 0
1731949996425 0.35654956102371216 0
1731950011498 0.3567527234554291 0
1731950026511 0.35718628764152527 0
1731950041620 0.3567066192626953 0
1731950056612 0.35621482133865356 0
1731950071700 0.35809147357940674 0
1731950086707 0.35887354612350464 0
1731950101784 0.3588680028915405 0
1731950116790 0.35963425040245056 0
1731950132237 0.35707488656044006 0
1731950147233 0.358488529920578 0
1731950162309 0.3592079281806946 0
1731950177322 0.3593401312828064 0
1731950192422 0.3574400544166565 0
1731950207427 0.357799232006073 0
1731950222525 0.3581434488296509 0
1731950237513 0.35903897881507874 0
1731950252620 0.35897940397262573 0
1731950267622 0.3590524196624756 0
1731950282716 0.3590492308139801 0
1731950297716 0.3583889305591583 0
1731950312799 0.35722410678863525 0
1731950327822 0.3591281771659851 0
1731950343267 0.3601432740688324 0
1731950358259 0.3587261736392975 0
1731950373351 0.35793232917785645 0
1731950388348 0.3576664328575134 0
1731950403434 0.35789409279823303 0
1731950418447 0.35965096950531006 0
1731950433548 0.3593871593475342 0
1731950448566 0.358036071062088 0
1731950463663 0.35902082920074463 0
1731950478667 0.35951653122901917 0
1731950493775 0.35824352502822876 0
1731950508787 0.3584620952606201 0
1731950523888 0.35913515090942383 0
1731950538882 0.3586013615131378 0
1731950553963 0.3585774004459381 0
1731950569304 0.35693255066871643 0
1731950584410 0.3568938672542572 0
1731950599408 0.3588188588619232 0
1731950614485 0.35575467348098755 0
1731950629489 0.3584933578968048 0
1731950644570 0.3576960265636444 0
1731950659566 0.35875824093818665 0
1731950674636 0.35682663321495056 0
1731950689630 0.357869029045105 0
1731950704726 0.35734590888023376 0
1731950719743 0.3593927025794983 0
1731950734825 0.35706812143325806 0
1731950749817 0.35776492953300476 0
1731950764895 0.3586742579936981 0
1731950779888 0.35903581976890564 0
1731950795293 0.35904157161712646 0
1731950810278 0.3581949770450592 0
1731950825359 0.3576178550720215 0
1731950840348 0.3580191433429718 0
1731950855435 0.35674697160720825 0
1731950870436 0.35872194170951843 0
1731950885512 0.35908985137939453 0
1731950900509 0.358953595161438 0
1731950915591 0.3568018078804016 0
1731950930575 0.3587063252925873 0
1731950945657 0.3576095700263977 0
1731950960647 0.3583368957042694 0
1731950975718 0.3591032922267914 0
1731950990711 0.35489359498023987 0
1731951005776 0.35745134949684143 0
1731951021092 0.35682880878448486 0
1731951036178 0.35607677698135376 0
1731951051175 0.35913196206092834 0
1731951066244 0.35925421118736267 0
1731951081226 0.3568129539489746 0
1731951096285 0.35893386602401733 0
1731951111272 0.3583453893661499 0
1731951126361 0.35690608620643616 0
1731951141365 0.35707980394363403 0
1731951156437 0.35902121663093567 0
1731951171432 0.35795557498931885 0
1731951186500 0.3568516969680786 0
1731951201498 0.3583838939666748 0
1731951216575 0.3575137257575989 0
1731951231570 0.3585592210292816 0
