1731947824856 0.0003472208045423031 0
1731947843291 0.00026684009935706854 0
1731947861872 0.00023517470981460065 0
1731947880615 0.00019630759197752923 0
1731947899270 0.00017437395581509918 0
1731947918006 0.0001666474126977846 0
1731947936658 0.0001550781453261152 0
1731947955366 0.00013826835493091494 0
1731947974004 0.00013627739099320024 0
1731947992719 0.00012610145495273173 0
1731948011392 0.00012051520025124773 0
1731948030144 0.00011733496648957953 0
1731948048846 0.00010966736590489745 0
1731948067635 0.00010594884224701673 0
1731948086411 0.00010511298023629934 0
1731948103303 9.768924064701423e-05 0
1731948120177 9.783833229448646e-05 0
1731948137059 9.706320270197466e-05 0
1731948153954 9.649423009250313e-05 0
1731948170860 9.339684766018763e-05 0
1731948187775 9.06023706193082e-05 0
1731948204657 8.82107051438652e-05 0
1731948220910 8.713216084288433e-05 0
1731948236848 8.575104584451765e-05 0
1731948252860 8.445762796327472e-05 0
1731948268887 8.083433931460604e-05 0
1731948284916 7.925301179056987e-05 0
1731948300861 8.2483995356597e-05 0
1731948316883 8.275450818473473e-05 0
1731948333004 7.765123882563785e-05 0
1731948348432 7.67513265600428e-05 0
1731948363848 7.629751053173095e-05 0
1731948379285 7.616375660290942e-05 0
1731948394721 7.532641757279634e-05 0
1731948410166 7.624884165124968e-05 0
1731948425616 7.295877730939537e-05 0
1731948441048 7.606729923281819e-05 0
1731948456168 7.333874964388087e-05 0
1731948471285 7.066196849336848e-05 0
1731948486326 7.107553392415866e-05 0
1731948501442 7.1443420893047e-05 0
1731948516467 6.80829252814874e-05 0
1731948531579 6.887075142003596e-05 0
1731948546613 6.911311356816441e-05 0
1731948562045 6.864743772894144e-05 0
1731948577072 6.594887236133218e-05 0
1731948592183 7.040310447337106e-05 0
1731948607230 6.658004713244736e-05 0
1731948622374 6.859203858766705e-05 0
1731948637403 6.751379987690598e-05 0
1731948652514 6.66267005726695e-05 0
1731948667554 6.468727224273607e-05 0
1731948682678 6.328013841994107e-05 0
1731948697723 6.110806134529412e-05 0
1731948712837 6.17453915765509e-05 0
1731948727871 6.267384014790878e-05 0
1731948743006 6.042953100404702e-05 0
1731948758045 6.229496648302302e-05 0
1731948773171 6.0713518905686215e-05 0
1731948788543 6.235321052372456e-05 0
1731948803667 5.9386911743786186e-05 0
1731948818710 5.942511052126065e-05 0
1731948833838 6.385590677382424e-05 0
1731948848884 5.876359500689432e-05 0
1731948864006 5.7627370551927015e-05 0
1731948879033 6.011475852574222e-05 0
1731948894166 5.996557592879981e-05 0
1731948909202 5.702540511265397e-05 0
1731948924358 5.5983739002840593e-05 0
1731948939410 5.66923881706316e-05 0
1731948954519 5.538375989999622e-05 0
1731948969589 5.8533096307655796e-05 0
1731948984706 5.7393062888877466e-05 0
1731948999745 5.5777865782147273e-05 0
1731949015224 5.47479503438808e-05 0
1731949030267 5.5833803344285116e-05 0
1731949045401 5.6087210396071896e-05 0
1731949060453 5.715740189771168e-05 0
1731949075570 5.332540240488015e-05 0
1731949090621 5.421026435215026e-05 0
1731949105743 5.273582792142406e-05 0
1731949120780 5.3597945225192234e-05 0
1731949135923 5.1905313739553094e-05 0
1731949150938 5.367583071347326e-05 0
1731949166070 5.1947492465842515e-05 0
1731949181100 4.978658034815453e-05 0
1731949196227 5.0002890930045396e-05 0
1731949211279 5.0745751650538296e-05 0
1731949226754 5.20181238243822e-05 0
1731949241805 5.1876853831345215e-05 0
1731949256951 5.070546467322856e-05 0
1731949271981 5.094641164760105e-05 0
1731949287110 4.94392697873991e-05 0
1731949302158 4.89481863041874e-05 0
1731949317288 4.626853478839621e-05 0
1731949332342 4.826455551665276e-05 0
1731949347464 4.931624062010087e-05 0
1731949362527 4.818166053155437e-05 0
1731949377645 4.9093025154434144e-05 0
1731949392704 4.7764719056431204e-05 0
1731949407843 4.802564581041224e-05 0
1731949422899 4.8441081162309274e-05 0
1731949438034 4.592689947457984e-05 0
1731949453434 4.56259585916996e-05 0
1731949468558 4.673928924603388e-05 0
1731949483596 4.605227877618745e-05 0
1731949498710 4.559592343866825e-05 0
1731949513754 4.6836976252961904e-05 0
1731949528853 4.5242300984682515e-05 0
1731949543901 4.673434159485623e-05 0
1731949559019 4.483276643441059e-05 0
1731949574040 4.578147127176635e-05 0
1731949589150 4.423948121257126e-05 0
1731949604179 4.455541420611553e-05 0
1731949619278 4.547407297650352e-05 0
1731949634300 4.418628304847516e-05 0
1731949649421 4.6075812861090526e-05 0
1731949664431 4.564465052681044e-05 0
1731949679844 4.215533772367053e-05 0
1731949694864 4.401781552587636e-05 0
1731949709970 4.184206045465544e-05 0
1731949724991 4.449238986126147e-05 0
1731949740103 4.36623849964235e-05 0
1731949755124 4.264980088919401e-05 0
1731949770235 4.291889854357578e-05 0
1731949785256 4.2719359043985605e-05 0
1731949800359 4.274051752872765e-05 0
1731949815383 4.3847332563018426e-05 0
1731949830488 4.0070528484648094e-05 0
1731949845513 4.0547343814978376e-05 0
1731949860609 4.146157516515814e-05 0
1731949875621 4.2696683522081e-05 0
1731949890728 4.0839255234459415e-05 0
1731949906097 4.101582817384042e-05 0
1731949921200 4.1281637095380574e-05 0
1731949936212 4.264165545464493e-05 0
1731949951316 4.228727630106732e-05 0
1731949966346 4.0099497709888965e-05 0
1731949981435 3.9279533666558564e-05 0
1731949996427 4.196218651486561e-05 0
1731950011500 4.046500544063747e-05 0
1731950026513 3.946564538637176e-05 0
1731950041623 4.1941188101191074e-05 0
1731950056614 3.92831425415352e-05 0
1731950071702 4.046691537951119e-05 0
1731950086709 3.944107811548747e-05 0
1731950101786 3.9543436287203804e-05 0
1731950116792 3.941548857255839e-05 0
1731950132240 3.831390495179221e-05 0
1731950147235 3.9127633499447256e-05 0
1731950162312 3.870140790240839e-05 0
1731950177324 3.888044011546299e-05 0
1731950192424 3.964863208238967e-05 0
1731950207429 3.767773523577489e-05 0
1731950222527 4.0107490349328145e-05 0
1731950237515 3.932707113563083e-05 0
1731950252622 3.7646332202712074e-05 0
1731950267625 3.7941605114610866e-05 0
1731950282718 3.7917987356195226e-05 0
1731950297718 3.796067903749645e-05 0
1731950312802 3.9139569707913324e-05 0
1731950327824 3.8531128666363657e-05 0
1731950343269 3.6440324038267136e-05 0
1731950358261 3.792894131038338e-05 0
1731950373354 3.7369019992183894e-05 0
1731950388350 3.859288335661404e-05 0
1731950403436 3.7525631341850385e-05 0
1731950418449 3.610536805354059e-05 0
1731950433551 3.7332916690502316e-05 0
1731950448568 3.621770520112477e-05 0
1731950463665 3.7722296838182956e-05 0
1731950478669 3.521186226862483e-05 0
1731950493778 3.6367186112329364e-05 0
1731950508789 3.6835961509495974e-05 0
1731950523890 3.7042158510303125e-05 0
1731950538884 3.6729532439494506e-05 0
1731950553965 3.545314393704757e-05 0
1731950569306 3.65509076800663e-05 0
1731950584412 3.393151200725697e-05 0
1731950599410 3.565378574421629e-05 0
1731950614488 3.688002470880747e-05 0
1731950629491 3.508446752675809e-05 0
1731950644572 3.5631353966891766e-05 0
1731950659568 3.495915370876901e-05 0
1731950674638 3.635096800280735e-05 0
1731950689632 3.41874074365478e-05 0
1731950704728 3.582206409191713e-05 0
1731950719745 3.625110912253149e-05 0
1731950734827 3.6501282011158764e-05 0
1731950749819 3.465751797193661e-05 0
1731950764897 3.4825548937078565e-05 0
1731950779890 3.35932090820279e-05 0
1731950795295 3.450280928518623e-05 0
1731950810280 3.465947520453483e-05 0
1731950825361 3.4435881389072165e-05 0
1731950840352 3.442016168264672e-05 0
1731950855438 3.523316263454035e-05 0
1731950870438 3.478097278275527e-05 0
1731950885514 3.452462988207117e-05 0
1731950900511 3.4857166610891e-05 0
1731950915593 3.583250509109348e-05 0
1731950930577 3.3637996239122e-05 0
1731950945659 3.376566382939927e-05 0
1731950960650 3.5347151424502954e-05 0
1731950975720 3.491567258606665e-05 0
1731950990713 3.4099750337190926e-05 0
1731951005779 3.48296198353637e-05 0
1731951021094 3.371285129105672e-05 0
1731951036180 3.3239270123885944e-05 0
1731951051177 3.354942236910574e-05 0
1731951066247 3.513939736876637e-05 0
1731951081228 3.417206244193949e-05 0
1731951096287 3.4213397157145664e-05 0
1731951111274 3.40680344379507e-05 0
1731951126363 3.3274420275120065e-05 0
1731951141367 3.353162173880264e-05 0
1731951156439 3.300126263638958e-05 0
1731951171434 3.46896231349092e-05 0
1731951186502 3.43008796335198e-05 0
1731951201500 3.2533123885514215e-05 0
1731951216577 3.493928670650348e-05 0
1731951231572 3.319429015391506e-05 0
