1731947824808 0.1736103892326355 0
1731947843288 0.13342005014419556 0
1731947861869 0.11758735030889511 0
1731947880613 0.09815379232168198 0
1731947899267 0.08718697726726532 0
1731947918004 0.08332370221614838 0
1731947936655 0.07753907144069672 0
1731947955364 0.0691341757774353 0
1731947974001 0.06813868880271912 0
1731947992717 0.06305072456598282 0
1731948011389 0.060257598757743835 0
1731948030141 0.05866748094558716 0
1731948048844 0.054833680391311646 0
1731948067633 0.05297441780567169 0
1731948086408 0.052556488662958145 0
1731948103301 0.04884461686015129 0
1731948120175 0.04891916364431381 0
1731948137057 0.04853159934282303 0
1731948153951 0.048247113823890686 0
1731948170857 0.046698421239852905 0
1731948187773 0.04530118405818939 0
1731948204655 0.044105350971221924 0
1731948220907 0.04356607794761658 0
1731948236845 0.04287552088499069 0
1731948252858 0.042228810489177704 0
1731948268885 0.04041716828942299 0
1731948284913 0.039626505225896835 0
1731948300858 0.04124199599027634 0
1731948316881 0.04137725383043289 0
1731948333002 0.038825616240501404 0
1731948348429 0.03837566077709198 0
1731948363846 0.038148753345012665 0
1731948379282 0.038081876933574677 0
1731948394719 0.037663206458091736 0
1731948410163 0.03812441974878311 0
1731948425614 0.03647938743233681 0
1731948441046 0.03803364932537079 0
1731948456166 0.036669373512268066 0
1731948471283 0.03533098101615906 0
1731948486323 0.03553776443004608 0
1731948501439 0.035721708089113235 0
1731948516464 0.03404146060347557 0
1731948531576 0.034435372799634933 0
1731948546611 0.0345565564930439 0
1731948562043 0.03432371839880943 0
1731948577070 0.03297443315386772 0
1731948592180 0.0352015495300293 0
1731948607228 0.03329002112150192 0
1731948622372 0.03429601714015007 0
1731948637401 0.03375689685344696 0
1731948652512 0.03331334888935089 0
1731948667551 0.032343633472919464 0
1731948682675 0.03164006769657135 0
1731948697721 0.03055403009057045 0
1731948712835 0.03087269514799118 0
1731948727868 0.03133691847324371 0
1731948743004 0.030214764177799225 0
1731948758043 0.031147480010986328 0
1731948773169 0.0303567573428154 0
1731948788540 0.031176604330539703 0
1731948803664 0.02969345450401306 0
1731948818708 0.029712554067373276 0
1731948833836 0.03192795068025589 0
1731948848882 0.029381796717643738 0
1731948864004 0.028813684359192848 0
1731948879031 0.030057378113269806 0
1731948894164 0.029982786625623703 0
1731948909200 0.028512701392173767 0
1731948924356 0.027991868555545807 0
1731948939408 0.028346192091703415 0
1731948954517 0.027691878378391266 0
1731948969587 0.02926654741168022 0
1731948984704 0.02869652956724167 0
1731948999743 0.027888931334018707 0
1731949015222 0.02737397328019142 0
1731949030265 0.02791690081357956 0
1731949045398 0.028043603524565697 0
1731949060451 0.028578700497746468 0
1731949075568 0.02666269987821579 0
1731949090619 0.02710513025522232 0
1731949105741 0.02636791206896305 0
1731949120777 0.026798970997333527 0
1731949135921 0.02595265582203865 0
1731949150936 0.026837913319468498 0
1731949166067 0.025973744690418243 0
1731949181098 0.02489328943192959 0
1731949196224 0.025001443922519684 0
1731949211277 0.02537287399172783 0
1731949226752 0.026009060442447662 0
1731949241803 0.025938425213098526 0
1731949256949 0.025352731347084045 0
1731949271979 0.025473205372691154 0
1731949287108 0.024719633162021637 0
1731949302156 0.024474091827869415 0
1731949317286 0.023134266957640648 0
1731949332340 0.024132275953888893 0
1731949347462 0.024658119305968285 0
1731949362524 0.024090828374028206 0
1731949377643 0.024546511471271515 0
1731949392702 0.023882359266281128 0
1731949407841 0.024012822657823563 0
1731949422897 0.02422053925693035 0
1731949438032 0.022963449358940125 0
1731949453432 0.02281297743320465 0
1731949468556 0.023369643837213516 0
1731949483594 0.02302613854408264 0
1731949498708 0.02279796078801155 0
1731949513752 0.02341848611831665 0
1731949528850 0.022621149197220802 0
1731949543899 0.023367170244455338 0
1731949559016 0.022416383028030396 0
1731949574038 0.022890735417604446 0
1731949589147 0.022119740024209023 0
1731949604177 0.022277705371379852 0
1731949619275 0.022737035527825356 0
1731949634297 0.022093139588832855 0
1731949649419 0.023037904873490334 0
1731949664429 0.022822324186563492 0
1731949679841 0.02107766829431057 0
1731949694862 0.022008907049894333 0
1731949709968 0.020921029150485992 0
1731949724989 0.022246193140745163 0
1731949740101 0.021831192076206207 0
1731949755122 0.021324899047613144 0
1731949770232 0.02145944908261299 0
1731949785254 0.021359678357839584 0
1731949800357 0.021370258182287216 0
1731949815381 0.021923664957284927 0
1731949830486 0.020035263150930405 0
1731949845511 0.020273670554161072 0
1731949860606 0.02073078602552414 0
1731949875619 0.021348340436816216 0
1731949890726 0.02041962742805481 0
1731949906095 0.02050791308283806 0
1731949921198 0.020640818402171135 0
1731949936210 0.021320827305316925 0
1731949951314 0.021143637597560883 0
1731949966344 0.020049747079610825 0
1731949981433 0.019639765843749046 0
1731949996425 0.020981092005968094 0
1731950011498 0.02023250237107277 0
1731950026511 0.019732821732759476 0
1731950041620 0.02097059227526188 0
1731950056612 0.01964157074689865 0
1731950071700 0.020233456045389175 0
1731950086707 0.019720537588000298 0
1731950101784 0.019771717488765717 0
1731950116790 0.01970774307847023 0
1731950132237 0.01915695145726204 0
1731950147233 0.019563816487789154 0
1731950162309 0.019350703805685043 0
1731950177322 0.019440218806266785 0
1731950192422 0.0198243148624897 0
1731950207427 0.01883886754512787 0
1731950222525 0.020053744316101074 0
1731950237513 0.019663535058498383 0
1731950252620 0.01882316544651985 0
1731950267622 0.018970802426338196 0
1731950282716 0.01895899325609207 0
1731950297716 0.01898033916950226 0
1731950312799 0.01956978440284729 0
1731950327822 0.019265564158558846 0
1731950343267 0.018220162019133568 0
1731950358259 0.01896446943283081 0
1731950373351 0.01868450827896595 0
1731950388348 0.019296441227197647 0
1731950403434 0.01876281388103962 0
1731950418447 0.018052682280540466 0
1731950433548 0.018666457384824753 0
1731950448566 0.018108852207660675 0
1731950463663 0.01886114664375782 0
1731950478667 0.01760593056678772 0
1731950493775 0.018183592706918716 0
1731950508787 0.018417980521917343 0
1731950523888 0.018521077930927277 0
1731950538882 0.018364764750003815 0
1731950553963 0.01772657036781311 0
1731950569304 0.01827545277774334 0
1731950584410 0.016965754330158234 0
1731950599408 0.01782689243555069 0
1731950614485 0.018440011888742447 0
1731950629489 0.01754223369061947 0
1731950644570 0.01781567558646202 0
1731950659566 0.01747957617044449 0
1731950674636 0.018175482749938965 0
1731950689630 0.017093703150749207 0
1731950704726 0.01791103184223175 0
1731950719743 0.01812555454671383 0
1731950734825 0.018250640481710434 0
1731950749817 0.017328757792711258 0
1731950764895 0.01741277426481247 0
1731950779888 0.016796603798866272 0
1731950795293 0.017251404002308846 0
1731950810278 0.017329737544059753 0
1731950825359 0.017217939719557762 0
1731950840348 0.017210079357028008 0
1731950855435 0.017616581171751022 0
1731950870436 0.017390485852956772 0
1731950885512 0.01726231351494789 0
1731950900509 0.017428582534193993 0
1731950915591 0.017916250973939896 0
1731950930575 0.016818996518850327 0
1731950945657 0.01688283123075962 0
1731950960647 0.01767357438802719 0
1731950975718 0.017457835376262665 0
1731950990711 0.017049875110387802 0
1731951005776 0.01741480827331543 0
1731951021092 0.016856424510478973 0
1731951036178 0.01661963388323784 0
1731951051175 0.01677471026778221 0
1731951066244 0.01756969839334488 0
1731951081226 0.017086030915379524 0
1731951096285 0.01710669696331024 0
1731951111272 0.01703401654958725 0
1731951126361 0.016637209802865982 0
1731951141365 0.016765810549259186 0
1731951156437 0.016500631347298622 0
1731951171432 0.01734481006860733 0
1731951186500 0.01715043932199478 0
1731951201498 0.016266562044620514 0
1731951216575 0.01746964268386364 0
1731951231570 0.016597144305706024 0
