1731947824808 17.991779327392578 0
1731947843288 21.788928985595703 0
1731947861869 22.397228240966797 0
1731947880613 23.249990463256836 0
1731947899267 24.171852111816406 0
1731947918004 24.523942947387695 0
1731947936655 23.883827209472656 0
1731947955364 25.11934471130371 0
1731947974001 24.47734260559082 0
1731947992717 25.09783172607422 0
1731948011389 24.959293365478516 0
1731948030141 25.3112735748291 0
1731948048844 25.248872756958008 0
1731948067633 25.810672760009766 0
1731948086408 25.847206115722656 0
1731948103301 25.35051155090332 0
1731948120175 25.385284423828125 0
1731948137057 25.950681686401367 0
1731948153951 25.474578857421875 0
1731948170857 25.360132217407227 0
1731948187773 26.17249870300293 0
1731948204655 25.91874885559082 0
1731948220907 26.09567642211914 0
1731948236845 26.450063705444336 0
1731948252858 25.764266967773438 0
1731948268885 26.1490535736084 0
1731948284913 26.496219635009766 0
1731948300858 26.485107421875 0
1731948316881 26.091888427734375 0
1731948333002 26.334148406982422 0
1731948348429 26.3496036529541 0
1731948363846 26.844043731689453 0
1731948379282 26.785541534423828 0
1731948394719 26.978790283203125 0
1731948410163 26.509521484375 0
1731948425614 27.11189842224121 0
1731948441046 26.38497543334961 0
1731948456166 26.91508674621582 0
1731948471283 27.046377182006836 0
1731948486323 26.715351104736328 0
1731948501439 27.21664810180664 0
1731948516464 27.269397735595703 0
1731948531576 27.01425552368164 0
1731948546611 27.3199520111084 0
1731948562043 27.131025314331055 0
1731948577070 27.016895294189453 0
1731948592180 27.408567428588867 0
1731948607228 27.46518898010254 0
1731948622372 27.576932907104492 0
1731948637401 26.97989273071289 0
1731948652512 27.05984115600586 0
1731948667551 27.459579467773438 0
1731948682675 28.2033748626709 0
1731948697721 27.252605438232422 0
1731948712835 27.00357437133789 0
1731948727868 27.96599578857422 0
1731948743004 28.40312385559082 0
1731948758043 27.77957534790039 0
1731948773169 27.795652389526367 0
1731948788540 27.80132484436035 0
1731948803664 27.88833999633789 0
1731948818708 28.06332778930664 0
1731948833836 28.247676849365234 0
1731948848882 28.128881454467773 0
1731948864004 27.689922332763672 0
1731948879031 27.80881118774414 0
1731948894164 28.000431060791016 0
1731948909200 28.228836059570312 0
1731948924356 28.227157592773438 0
1731948939408 27.814693450927734 0
1731948954517 28.28575897216797 0
1731948969587 28.63227653503418 0
1731948984704 27.151691436767578 0
1731948999743 27.836511611938477 0
1731949015222 28.000377655029297 0
1731949030265 27.853090286254883 0
1731949045398 29.034156799316406 0
1731949060451 28.714073181152344 0
1731949075568 28.171157836914062 0
1731949090619 28.211578369140625 0
1731949105741 29.253314971923828 0
1731949120777 28.30967140197754 0
1731949135921 28.611412048339844 0
1731949150936 28.763139724731445 0
1731949166067 28.32976531982422 0
1731949181098 28.469249725341797 0
1731949196224 29.09571647644043 0
1731949211277 28.635637283325195 0
1731949226752 28.846078872680664 0
1731949241803 29.95730972290039 0
1731949256949 29.81464958190918 0
1731949271979 29.34912872314453 0
1731949287108 29.451414108276367 0
1731949302156 29.141830444335938 0
1731949317286 28.84703826904297 0
1731949332340 28.58904457092285 0
1731949347462 29.571592330932617 0
1731949362524 28.940149307250977 0
1731949377643 29.258440017700195 0
1731949392702 28.773183822631836 0
1731949407841 28.479454040527344 0
1731949422897 28.467281341552734 0
1731949438032 29.389463424682617 0
1731949453432 29.17279624938965 0
1731949468556 28.339488983154297 0
1731949483594 29.61751365661621 0
1731949498708 29.364538192749023 0
1731949513752 29.250333786010742 0
1731949528850 29.591524124145508 0
1731949543899 29.71283531188965 0
1731949559016 29.749900817871094 0
1731949574038 29.09642791748047 0
1731949589147 29.999597549438477 0
1731949604177 29.795217514038086 0
1731949619275 29.919267654418945 0
1731949634297 29.229957580566406 0
1731949649419 29.36362075805664 0
1731949664429 29.208871841430664 0
1731949679841 29.784805297851562 0
1731949694862 29.309091567993164 0
1731949709968 29.534637451171875 0
1731949724989 29.631250381469727 0
1731949740101 29.02141571044922 0
1731949755122 30.084157943725586 0
1731949770232 29.523115158081055 0
1731949785254 29.446619033813477 0
1731949800357 29.425249099731445 0
1731949815381 29.796844482421875 0
1731949830486 29.16244125366211 0
1731949845511 29.460634231567383 0
1731949860606 30.05242156982422 0
1731949875619 29.532861709594727 0
1731949890726 30.308963775634766 0
1731949906095 30.23863983154297 0
1731949921198 30.359359741210938 0
1731949936210 30.121715545654297 0
1731949951314 29.781391143798828 0
1731949966344 29.61098289489746 0
1731949981433 30.275318145751953 0
1731949996425 30.432857513427734 0
1731950011498 30.080631256103516 0
1731950026511 30.08650016784668 0
1731950041620 30.0960693359375 0
1731950056612 29.791126251220703 0
1731950071700 30.56572723388672 0
1731950086707 30.59868049621582 0
1731950101784 30.123483657836914 0
1731950116790 29.58851432800293 0
1731950132237 30.477588653564453 0
1731950147233 30.534317016601562 0
1731950162309 30.63031005859375 0
1731950177322 30.407699584960938 0
1731950192422 30.61825180053711 0
1731950207427 30.462665557861328 0
1731950222525 30.287202835083008 0
1731950237513 30.507965087890625 0
1731950252620 30.02685546875 0
1731950267622 30.541128158569336 0
1731950282716 30.077672958374023 0
1731950297716 30.258201599121094 0
1731950312799 31.460783004760742 0
1731950327822 30.540849685668945 0
1731950343267 30.30341339111328 0
1731950358259 31.424753189086914 0
1731950373351 30.884843826293945 0
1731950388348 30.67388916015625 0
1731950403434 30.589618682861328 0
1731950418447 31.13484001159668 0
1731950433548 30.60232162475586 0
1731950448566 31.20752716064453 0
1731950463663 30.513866424560547 0
1731950478667 30.915771484375 0
1731950493775 30.687156677246094 0
1731950508787 30.794767379760742 0
1731950523888 30.480249404907227 0
1731950538882 30.8546199798584 0
1731950553963 30.85540771484375 0
1731950569304 31.149776458740234 0
1731950584410 31.10554313659668 0
1731950599408 31.292003631591797 0
1731950614485 30.03619384765625 0
1731950629489 30.96940803527832 0
1731950644570 31.547481536865234 0
1731950659566 31.485105514526367 0
1731950674636 30.601892471313477 0
1731950689630 31.39447021484375 0
1731950704726 31.156972885131836 0
1731950719743 31.45406150817871 0
1731950734825 30.98073387145996 0
1731950749817 31.456819534301758 0
1731950764895 31.484586715698242 0
1731950779888 31.421977996826172 0
1731950795293 31.173648834228516 0
1731950810278 31.382904052734375 0
1731950825359 30.977092742919922 0
1731950840348 32.10923767089844 0
1731950855435 31.322856903076172 0
1731950870436 31.445350646972656 0
1731950885512 31.51805305480957 0
1731950900509 31.382404327392578 0
1731950915591 31.70806884765625 0
1731950930575 31.15726089477539 0
1731950945657 30.65599822998047 0
1731950960647 31.345975875854492 0
1731950975718 31.23384666442871 0
1731950990711 31.400867462158203 0
1731951005776 31.34922981262207 0
1731951021092 32.08534240722656 0
1731951036178 31.222076416015625 0
1731951051175 31.818368911743164 0
1731951066244 31.675466537475586 0
1731951081226 31.8117733001709 0
1731951096285 31.45709228515625 0
1731951111272 31.585969924926758 0
1731951126361 31.602237701416016 0
1731951141365 31.828645706176758 0
1731951156437 31.84172821044922 0
1731951171432 31.549211502075195 0
1731951186500 31.695079803466797 0
1731951201498 31.557382583618164 0
1731951216575 31.700502395629883 0
1731951231570 31.831501007080078 0
