1731947824856 0.015878958627581596 0
1731947843291 0.006623796187341213 0
1731947861872 0.005758070852607489 0
1731947880615 0.004731521941721439 0
1731947899270 0.0038266133051365614 0
1731947918006 0.0035286254715174437 0
1731947936658 0.004089002031832933 0
1731947955366 0.003076560329645872 0
1731947974004 0.0035666923504322767 0
1731947992719 0.0030918377451598644 0
1731948011392 0.003192055970430374 0
1731948030144 0.0029435574542731047 0
1731948048846 0.0029861570801585913 0
1731948067635 0.002623811364173889 0
1731948086411 0.0026018316857516766 0
1731948103303 0.002917083678767085 0
1731948120177 0.0028938192408531904 0
1731948137059 0.002540573477745056 0
1731948153954 0.0028349272906780243 0
1731948170860 0.0029106277506798506 0
1731948187775 0.0024140719324350357 0
1731948204657 0.0025593216996639967 0
1731948220910 0.002457153284922242 0
1731948236848 0.002264610957354307 0
1731948252860 0.002651997609063983 0
1731948268887 0.002427138388156891 0
1731948284916 0.0022406706120818853 0
1731948300861 0.0022464110516011715 0
1731948316883 0.0024592969566583633 0
1731948333004 0.0023258677683770657 0
1731948348432 0.002317605772987008 0
1731948363848 0.002068213652819395 0
1731948379285 0.0020962629932910204 0
1731948394721 0.002005029935389757 0
1731948410166 0.0022338186390697956 0
1731948425616 0.0019445100333541632 0
1731948441048 0.002298805397003889 0
1731948456168 0.0020346567034721375 0
1731948471285 0.001974068582057953 0
1731948486326 0.002130418084561825 0
1731948501442 0.0018981695175170898 0
1731948516467 0.0018752538599073887 0
1731948531579 0.0019887227099388838 0
1731948546613 0.0018535512499511242 0
1731948562045 0.0019359635189175606 0
1731948577072 0.001987515017390251 0
1731948592183 0.0018161138286814094 0
1731948607230 0.001792589551769197 0
1731948622374 0.0017470549792051315 0
1731948637403 0.0020045205019414425 0
1731948652514 0.0019679570104926825 0
1731948667554 0.0017949072644114494 0
1731948682678 0.0015123849734663963 0
1731948697723 0.0018825189908966422 0
1731948712837 0.0019936205353587866 0
1731948727871 0.001597350463271141 0
1731948743006 0.001444400055333972 0
1731948758045 0.0016674099024385214 0
1731948773171 0.00166124920360744 0
1731948788543 0.0016590801533311605 0
1731948803667 0.0016261700075119734 0
1731948818710 0.0015619504265487194 0
1731948833838 0.0014970358461141586 0
1731948848884 0.0015385511796921492 0
1731948864006 0.0017021882813423872 0
1731948879033 0.0016562221571803093 0
1731948894166 0.0015847360482439399 0
1731948909202 0.0015035446267575026 0
1731948924358 0.0015041254227980971 0
1731948939410 0.0016539809294044971 0
1731948954519 0.0014839655486866832 0
1731948969589 0.0013701635180041194 0
1731948984706 0.0019267740426585078 0
1731948999745 0.0016456925077363849 0
1731949015224 0.0015847546746954322 0
1731949030267 0.0016394227277487516 0
1731949045401 0.0012490627123042941 0
1731949060453 0.0013445985969156027 0
1731949075570 0.0015236459439620376 0
1731949090621 0.0015095304697751999 0
1731949105743 0.0011875949567183852 0
1731949120780 0.0014758175238966942 0
1731949135923 0.0013767614727839828 0
1731949150938 0.0013294921955093741 0
1731949166070 0.001469004899263382 0
1731949181100 0.0014225745107978582 0
1731949196227 0.0012314821360632777 0
1731949211279 0.0013691030908375978 0
1731949226754 0.0013043436920270324 0
1731949241805 0.0010098781203851104 0
1731949256951 0.0010436021257191896 0
1731949271981 0.0011616817209869623 0
1731949287110 0.0011346414685249329 0
1731949302158 0.0012184757506474853 0
1731949317288 0.001304055331274867 0
1731949332342 0.0013838708400726318 0
1731949347464 0.0011036733631044626 0
1731949362527 0.0012763949343934655 0
1731949377645 0.0011861941311508417 0
1731949392704 0.0013264211593195796 0
1731949407843 0.001419236185029149 0
1731949422899 0.0014232195680961013 0
1731949438034 0.001150942174717784 0
1731949453434 0.001209818758070469 0
1731949468558 0.0014657196588814259 0
1731949483596 0.0010920646600425243 0
1731949498710 0.0011575669050216675 0
1731949513754 0.0011884109117090702 0
1731949528853 0.0010986195411533117 0
1731949543901 0.0010683572618290782 0
1731949559019 0.0010592773323878646 0
1731949574040 0.0012312806211411953 0
1731949589150 0.0010000922484323382 0
1731949604179 0.0010482817888259888 0
1731949619278 0.001018762937746942 0
1731949634300 0.0011939993128180504 0
1731949649421 0.0011578116100281477 0
1731949664431 0.0011998106492683291 0
1731949679844 0.0010507982224225998 0
1731949694864 0.0011724401265382767 0
1731949709970 0.0011131050996482372 0
1731949724991 0.001088616088964045 0
1731949740103 0.0012527323560789227 0
1731949755124 0.000980808399617672 0
1731949770235 0.001116062281653285 0
1731949785256 0.001135894563049078 0
1731949800359 0.0011414976324886084 0
1731949815383 0.0010478892363607883 0
1731949830488 0.0012127066729590297 0
1731949845513 0.0011322343489155173 0
1731949860609 0.0009880021680146456 0
1731949875621 0.0011135607492178679 0
1731949890728 0.0009313297341577709 0
1731949906097 0.0009465331095270813 0
1731949921200 0.0009205850074067712 0
1731949936212 0.0009723627008497715 0
1731949951316 0.0010516250040382147 0
1731949966346 0.0010937084443867207 0
1731949981435 0.0009385730954818428 0
1731949996427 0.0009051366942003369 0
1731950011500 0.0009816050296649337 0
1731950026513 0.000980279641225934 0
1731950041623 0.00097812176682055 0
1731950056614 0.001049269805662334 0
1731950071702 0.0008778636110946536 0
1731950086709 0.0008712278213351965 0
1731950101786 0.0009719670051708817 0
1731950116792 0.0010993815958499908 0
1731950132240 0.0008958615362644196 0
1731950147235 0.00088423618581146 0
1731950162312 0.0008649061201140285 0
1731950177324 0.0009103951742872596 0
1731950192424 0.0008673110278323293 0
1731950207429 0.0008989451453089714 0
1731950222527 0.0009360079420730472 0
1731950237515 0.0008896178333088756 0
1731950252622 0.0009938348084688187 0
1731950267625 0.0008828506106510758 0
1731950282718 0.000982273486442864 0
1731950297718 0.0009422794682905078 0
1731950312802 0.0007143672555685043 0
1731950327824 0.0008829067228361964 0
1731950343269 0.0009325208957307041 0
1731950358261 0.00072031858144328 0
1731950373354 0.0008156718104146421 0
1731950388350 0.0008562704315409064 0
1731950403436 0.0008730476256459951 0
1731950418449 0.0007700447458773851 0
1731950433551 0.0008704977808520198 0
1731950448568 0.0007572636823169887 0
1731950463665 0.000888409442268312 0
1731950478669 0.0008098838734440506 0
1731950493778 0.0008536581881344318 0
1731950508789 0.0008327664108946919 0
1731950523890 0.000895312987267971 0
1731950538884 0.0008213683031499386 0
1731950553965 0.0008212190587073565 0
1731950569306 0.0007674008375033736 0
1731950584412 0.0007752568344585598 0
1731950599410 0.0007426763768307865 0
1731950614488 0.0009917004499584436 0
1731950629491 0.0007999429362826049 0
1731950644572 0.0007002480560913682 0
1731950659568 0.0007103778189048171 0
1731950674638 0.0008705835789442062 0
1731950689632 0.0007253586663864553 0
1731950704728 0.0007661300478503108 0
1731950719745 0.0007154737832024693 0
1731950734827 0.0007978598587214947 0
1731950749819 0.0007150196470320225 0
1731950764897 0.0007104625692591071 0
1731950779890 0.0007207789458334446 0
1731950795295 0.0007631941698491573 0
1731950810280 0.0007272930233739316 0
1731950825361 0.0007985287229530513 0
1731950840352 0.0006152846035547554 0
1731950855438 0.0007374187698587775 0
1731950870438 0.0007169099990278482 0
1731950885514 0.0007050085696391761 0
1731950900511 0.0007273767841979861 0
1731950915593 0.0006748278392478824 0
1731950930577 0.0007660794071853161 0
1731950945659 0.000859804917126894 0
1731950960650 0.0007335037807933986 0
1731950975720 0.0007526883855462074 0
1731950990713 0.0007242911378853023 0
1731951005779 0.0007329543004743755 0
1731951021094 0.0006186796235851943 0
1731951036180 0.0007547311834059656 0
1731951051177 0.0006579050095751882 0
1731951066247 0.0006799128605052829 0
1731951081228 0.000658904667943716 0
1731951096287 0.0007149744778871536 0
1731951111274 0.0006940692546777427 0
1731951126363 0.000691474589984864 0
1731951141367 0.0006563495844602585 0
1731951156439 0.0006543757626786828 0
1731951171434 0.0006999688921496272 0
1731951186502 0.0006768488674424589 0
1731951201500 0.0006986532243900001 0
1731951216577 0.0006760046817362309 0
1731951231572 0.0006559182656928897 0
