1731849855180 0.0417291633784771 0
1731849874950 0.05014916881918907 0
1731849894550 0.0663629099726677 0
1731849914282 0.08558649569749832 0
1731849933880 0.10056841373443604 0
1731849953584 0.09869784861803055 0
1731849973193 0.10802848637104034 0
1731849992897 0.10717841982841492 0
1731850012519 0.10919591784477234 0
1731850032246 0.10471203923225403 0
1731850051839 0.11105244606733322 0
1731850071539 0.10980850458145142 0
1731850091142 0.11010214686393738 0
1731850110846 0.11276311427354813 0
1731850130422 0.1091049313545227 0
1731850147783 0.10793867707252502 0
1731850165121 0.1057714968919754 0
1731850182541 0.11155185848474503 0
1731850199921 0.11019565165042877 0
1731850217283 0.1130930632352829 0
1731850234667 0.10982828587293625 0
1731850252029 0.11427345871925354 0
1731850268563 0.11247339099645615 0
1731850284706 0.11344129592180252 0
1731850300973 0.11545881628990173 0
1731850317252 0.11335992813110352 0
1731850333525 0.11239294707775116 0
1731850349701 0.11558567732572556 0
1731850365987 0.11636326462030411 0
1731850382328 0.11810716986656189 0
1731850397894 0.11352294683456421 0
1731850413474 0.11766152828931808 0
1731850429029 0.11592081189155579 0
1731850444600 0.11607340723276138 0
1731850460146 0.11670150607824326 0
1731850475718 0.11670088022947311 0
1731850491303 0.11665179580450058 0
1731850506476 0.1185721829533577 0
1731850521652 0.11816989630460739 0
1731850536711 0.11617681384086609 0
1731850551881 0.11705610901117325 0
1731850566935 0.11602434515953064 0
1731850582096 0.11542556434869766 0
1731850597170 0.1192033663392067 0
1731850612675 0.11884056776762009 0
1731850627760 0.12098108977079391 0
1731850642920 0.1185036450624466 0
1731850658009 0.11721041053533554 0
1731850673193 0.11637276411056519 0
1731850688299 0.11685843020677567 0
1731850703492 0.11769771575927734 0
1731850718581 0.12096831947565079 0
1731850733783 0.11295955628156662 0
1731850748847 0.11731533706188202 0
1731850764041 0.11754566431045532 0
1731850779140 0.12082777917385101 0
1731850794325 0.11998964101076126 0
1731850809427 0.1146925613284111 0
1731850824612 0.12094204872846603 0
1731850840032 0.12071531265974045 0
1731850855203 0.11919301748275757 0
1731850870306 0.1175871267914772 0
1731850885488 0.12037649005651474 0
1731850900588 0.1187029704451561 0
1731850915798 0.12027556449174881 0
1731850930923 0.11777760088443756 0
1731850946129 0.11873091757297516 0
1731850961222 0.1197478175163269 0
1731850976423 0.12380928546190262 0
1731850991540 0.12102386355400085 0
1731851006748 0.1202784925699234 0
1731851021851 0.12057685106992722 0
1731851037067 0.11869759857654572 0
1731851052193 0.12069641053676605 0
1731851067760 0.11967361718416214 0
1731851082895 0.11957824975252151 0
1731851098104 0.12021078169345856 0
1731851113238 0.1201251894235611 0
1731851128443 0.12029588967561722 0
1731851143559 0.11883074045181274 0
1731851158772 0.1206328347325325 0
1731851173883 0.12161380797624588 0
1731851189111 0.12253080308437347 0
1731851204233 0.11912103742361069 0
1731851219440 0.12175353616476059 0
1731851234554 0.12151637673377991 0
1731851249767 0.12080400437116623 0
1731851264893 0.12166613340377808 0
1731851280549 0.11954592168331146 0
1731851295655 0.12172281742095947 0
1731851310861 0.11990132927894592 0
1731851325974 0.12187234312295914 0
1731851341158 0.12028669565916061 0
1731851356252 0.12224756181240082 0
1731851371467 0.12146105617284775 0
1731851386538 0.12206388264894485 0
1731851401745 0.12209892272949219 0
1731851416847 0.11956563591957092 0
1731851432035 0.1212049126625061 0
1731851447108 0.12309018522500992 0
1731851462303 0.12150558084249496 0
1731851477410 0.12154900282621384 0
1731851492599 0.12407494336366653 0
1731851508045 0.12293657660484314 0
1731851523238 0.12015834450721741 0
1731851538335 0.12085472792387009 0
1731851553514 0.1216556504368782 0
1731851568596 0.1212315708398819 0
1731851583804 0.12219393253326416 0
1731851598882 0.12186384946107864 0
1731851614077 0.12040413171052933 0
1731851629181 0.12117772549390793 0
1731851644367 0.1229228600859642 0
1731851659454 0.12227543443441391 0
1731851674645 0.12047841399908066 0
1731851689741 0.12164349853992462 0
1731851704926 0.12290511280298233 0
1731851720004 0.12094825506210327 0
1731851735581 0.12096910923719406 0
1731851750692 0.1207282543182373 0
1731851765847 0.12280827760696411 0
1731851780944 0.12163208425045013 0
1731851796165 0.12087713181972504 0
1731851811263 0.1229168251156807 0
1731851826426 0.1202918142080307 0
1731851841513 0.12245871126651764 0
1731851856691 0.12181369215250015 0
1731851871766 0.12149494141340256 0
1731851886948 0.12220286577939987 0
1731851902034 0.12193242460489273 0
1731851917229 0.12442626804113388 0
1731851932323 0.12181884050369263 0
1731851947482 0.12298077344894409 0
1731851962926 0.1232248842716217 0
1731851978099 0.1223515048623085 0
1731851993161 0.12300744652748108 0
1731852008356 0.1227264404296875 0
1731852023450 0.1228024959564209 0
1731852038622 0.12112556397914886 0
1731852053676 0.12240082025527954 0
1731852068842 0.12156172841787338 0
1731852083897 0.12164629995822906 0
1731852099072 0.1221427321434021 0
1731852114151 0.12161268293857574 0
1731852129331 0.12223447859287262 0
1731852144417 0.12339486926794052 0
1731852159555 0.12312030792236328 0
1731852174656 0.12319634854793549 0
1731852190144 0.1229468509554863 0
1731852205221 0.12239286303520203 0
1731852220411 0.12220823764801025 0
1731852235480 0.12285885214805603 0
1731852250665 0.12328388541936874 0
1731852265761 0.12245466560125351 0
1731852280925 0.12447675317525864 0
1731852296001 0.1232806071639061 0
1731852311166 0.12254190444946289 0
1731852326231 0.12358590215444565 0
1731852341421 0.1222059354186058 0
1731852356479 0.12170077860355377 0
1731852371656 0.12102935463190079 0
1731852386748 0.12308608740568161 0
1731852402281 0.12288790941238403 0
1731852417344 0.12305096536874771 0
1731852432541 0.12318737804889679 0
1731852447611 0.12266021966934204 0
1731852462797 0.12258162349462509 0
1731852477877 0.12290872633457184 0
1731852493055 0.12254518270492554 0
1731852508116 0.12296664714813232 0
1731852523279 0.12278065830469131 0
1731852538362 0.12324319034814835 0
1731852553543 0.12274158000946045 0
1731852568597 0.12207610160112381 0
1731852583764 0.12219595909118652 0
1731852598824 0.1232636570930481 0
1731852614033 0.12318345904350281 0
1731852629456 0.12305654585361481 0
1731852644618 0.12247840315103531 0
1731852659682 0.12346197664737701 0
1731852674868 0.12240368127822876 0
1731852689918 0.12366249412298203 0
1731852705115 0.1244172528386116 0
1731852720202 0.1235649436712265 0
1731852735373 0.12479537725448608 0
1731852750454 0.12222935259342194 0
1731852765641 0.12251824140548706 0
1731852780718 0.12286797165870667 0
1731852795886 0.1235552653670311 0
1731852810969 0.12324751168489456 0
1731852826138 0.12519390881061554 0
1731852841211 0.12407366186380386 0
1731852856727 0.12284459918737411 0
1731852871806 0.12267798185348511 0
1731852886977 0.12355788052082062 0
1731852902013 0.12299242615699768 0
1731852917194 0.12268427759408951 0
1731852932285 0.12253493815660477 0
1731852947443 0.12281940877437592 0
1731852962521 0.12327811866998672 0
1731852977689 0.12309837341308594 0
1731852992779 0.12277448177337646 0
1731853007946 0.12410052120685577 0
1731853023026 0.12340310961008072 0
1731853038193 0.12248185276985168 0
1731853053260 0.12248294800519943 0
1731853068445 0.12312585860490799 0
1731853083872 0.12320976704359055 0
1731853099060 0.12322697788476944 0
1731853114129 0.12308965623378754 0
1731853129289 0.12373249977827072 0
1731853144373 0.123293437063694 0
1731853159541 0.12308232486248016 0
1731853174622 0.12352480739355087 0
1731853189772 0.12315044552087784 0
1731853204851 0.1235877051949501 0
1731853220028 0.12286622822284698 0
1731853235109 0.12329322099685669 0
1731853250278 0.12336058169603348 0
1731853265351 0.12339814007282257 0
1731853280524 0.12358225136995316 0
1731853295600 0.12353239953517914 0
