1731849855180 0.016325227916240692 0
1731849874950 0.017545435577630997 0
1731849894550 0.018313497304916382 0
1731849914282 0.018749713897705078 0
1731849933880 0.018932847306132317 0
1731849953584 0.01916375569999218 0
1731849973193 0.01969037391245365 0
1731849992897 0.019940683618187904 0
1731850012519 0.019705668091773987 0
1731850032246 0.019926482811570168 0
1731850051839 0.020132707431912422 0
1731850071539 0.020294038578867912 0
1731850091142 0.01996995136141777 0
1731850110846 0.020089272409677505 0
1731850130422 0.019917283207178116 0
1731850147783 0.020211517810821533 0
1731850165121 0.020206179469823837 0
1731850182541 0.020199129357933998 0
1731850199921 0.020252037793397903 0
1731850217283 0.020059525966644287 0
1731850234667 0.02005603536963463 0
1731850252029 0.020561309531331062 0
1731850268563 0.020259255543351173 0
1731850284706 0.020396605134010315 0
1731850300973 0.02033107355237007 0
1731850317252 0.020300468429923058 0
1731850333525 0.020267333835363388 0
1731850349701 0.020231423899531364 0
1731850365987 0.02036871202290058 0
1731850382328 0.020585287362337112 0
1731850397894 0.02036244235932827 0
1731850413474 0.020817873999476433 0
1731850429029 0.020479053258895874 0
1731850444600 0.02065899781882763 0
1731850460146 0.020600764080882072 0
1731850475718 0.02057802304625511 0
1731850491303 0.020467745140194893 0
1731850506476 0.02064402960240841 0
1731850521652 0.020830553025007248 0
1731850536711 0.020783348008990288 0
1731850551881 0.02080407552421093 0
1731850566935 0.02039441093802452 0
1731850582096 0.020622026175260544 0
1731850597170 0.020719999447464943 0
1731850612675 0.02042636275291443 0
1731850627760 0.020431436598300934 0
1731850642920 0.020571859553456306 0
1731850658009 0.02055966667830944 0
1731850673193 0.02086470276117325 0
1731850688299 0.02056780271232128 0
1731850703492 0.02063380740582943 0
1731850718581 0.02063802257180214 0
1731850733783 0.02079657092690468 0
1731850748847 0.02077082172036171 0
1731850764041 0.020923009142279625 0
1731850779140 0.020724831148982048 0
1731850794325 0.020802302286028862 0
1731850809427 0.02091018110513687 0
1731850824612 0.020825717598199844 0
1731850840032 0.020710250362753868 0
1731850855203 0.02098916843533516 0
1731850870306 0.020873216912150383 0
1731850885488 0.020794222131371498 0
1731850900588 0.02085314877331257 0
1731850915798 0.020537419244647026 0
1731850930923 0.02081681415438652 0
1731850946129 0.020609579980373383 0
1731850961222 0.020613674074411392 0
1731850976423 0.020894480869174004 0
1731850991540 0.020774174481630325 0
1731851006748 0.020683083683252335 0
1731851021851 0.02085616998374462 0
1731851037067 0.020770970731973648 0
1731851052193 0.021072356030344963 0
1731851067760 0.02108287625014782 0
1731851082895 0.021061934530735016 0
1731851098104 0.020937763154506683 0
1731851113238 0.020945517346262932 0
1731851128443 0.021051345393061638 0
1731851143559 0.020841464400291443 0
1731851158772 0.020950548350811005 0
1731851173883 0.0209113210439682 0
1731851189111 0.0208599716424942 0
1731851204233 0.02085363306105137 0
1731851219440 0.021037522703409195 0
1731851234554 0.020895283669233322 0
1731851249767 0.02086883783340454 0
1731851264893 0.020932160317897797 0
1731851280549 0.020824728533625603 0
1731851295655 0.021215615794062614 0
1731851310861 0.020901542156934738 0
1731851325974 0.02100279927253723 0
1731851341158 0.021029599010944366 0
1731851356252 0.02100444957613945 0
1731851371467 0.021107282489538193 0
1731851386538 0.021074745804071426 0
1731851401745 0.020938776433467865 0
1731851416847 0.020960193127393723 0
1731851432035 0.021130286157131195 0
1731851447108 0.021072782576084137 0
1731851462303 0.021073520183563232 0
1731851477410 0.021007752045989037 0
1731851492599 0.020963657647371292 0
1731851508045 0.020960502326488495 0
1731851523238 0.02085835486650467 0
1731851538335 0.020894084125757217 0
1731851553514 0.020997794345021248 0
1731851568596 0.020905856043100357 0
1731851583804 0.021024467423558235 0
1731851598882 0.020962797105312347 0
1731851614077 0.020897213369607925 0
1731851629181 0.02089681476354599 0
1731851644367 0.02118230052292347 0
1731851659454 0.021053113043308258 0
1731851674645 0.021106723695993423 0
1731851689741 0.020947659388184547 0
1731851704926 0.021064534783363342 0
1731851720004 0.021042553707957268 0
1731851735581 0.020989926531910896 0
1731851750692 0.021103451028466225 0
1731851765847 0.02119922824203968 0
1731851780944 0.02117222547531128 0
1731851796165 0.021060192957520485 0
1731851811263 0.021063802763819695 0
1731851826426 0.020992256700992584 0
1731851841513 0.0211041159927845 0
1731851856691 0.021075908094644547 0
1731851871766 0.021085543558001518 0
1731851886948 0.02099744603037834 0
1731851902034 0.02115599438548088 0
1731851917229 0.02110685594379902 0
1731851932323 0.02102082408964634 0
1731851947482 0.02099156193435192 0
1731851962926 0.02109409309923649 0
1731851978099 0.02101619355380535 0
1731851993161 0.02108837105333805 0
1731852008356 0.021186914294958115 0
1731852023450 0.021120954304933548 0
1731852038622 0.02097843773663044 0
1731852053676 0.021006958559155464 0
1731852068842 0.021061310544610023 0
1731852083897 0.021109027788043022 0
1731852099072 0.0212397500872612 0
1731852114151 0.021019430831074715 0
1731852129331 0.021190056577324867 0
1731852144417 0.021133216097950935 0
1731852159555 0.021220427006483078 0
1731852174656 0.021271180361509323 0
1731852190144 0.02127315104007721 0
1731852205221 0.021141020581126213 0
1731852220411 0.0211910679936409 0
1731852235480 0.021216366440057755 0
1731852250665 0.02126053161919117 0
1731852265761 0.02113116718828678 0
1731852280925 0.02117587812244892 0
1731852296001 0.021336698904633522 0
1731852311166 0.021257184445858 0
1731852326231 0.021213747560977936 0
1731852341421 0.021152639761567116 0
1731852356479 0.021181870251893997 0
1731852371656 0.02102259173989296 0
1731852386748 0.021132992580533028 0
1731852402281 0.021172767505049706 0
1731852417344 0.021158378571271896 0
1731852432541 0.02110411413013935 0
1731852447611 0.021226219832897186 0
1731852462797 0.021133599802851677 0
1731852477877 0.021189570426940918 0
1731852493055 0.021218029782176018 0
1731852508116 0.021110612899065018 0
1731852523279 0.0212258268147707 0
1731852538362 0.021144943311810493 0
1731852553543 0.02122299186885357 0
1731852568597 0.021204844117164612 0
1731852583764 0.02127153053879738 0
1731852598824 0.021169863641262054 0
1731852614033 0.021135641261935234 0
1731852629456 0.02121921256184578 0
1731852644618 0.021122122183442116 0
1731852659682 0.02127193473279476 0
1731852674868 0.02120145410299301 0
1731852689918 0.02112664468586445 0
1731852705115 0.021166134625673294 0
1731852720202 0.021247195079922676 0
1731852735373 0.02121558040380478 0
1731852750454 0.021204043179750443 0
1731852765641 0.021100936457514763 0
1731852780718 0.02123105339705944 0
1731852795886 0.021177571266889572 0
1731852810969 0.021222321316599846 0
1731852826138 0.02115257829427719 0
1731852841211 0.02125389873981476 0
1731852856727 0.02115790732204914 0
1731852871806 0.021211953833699226 0
1731852886977 0.021146582439541817 0
1731852902013 0.021179286763072014 0
1731852917194 0.02115599997341633 0
1731852932285 0.021193617954850197 0
1731852947443 0.021148337051272392 0
1731852962521 0.021183272823691368 0
1731852977689 0.021206755191087723 0
1731852992779 0.02110281214118004 0
1731853007946 0.021223997697234154 0
1731853023026 0.0212438702583313 0
1731853038193 0.02127428725361824 0
1731853053260 0.021226808428764343 0
1731853068445 0.021222678944468498 0
1731853083872 0.02117249183356762 0
1731853099060 0.02114732190966606 0
1731853114129 0.02118874341249466 0
1731853129289 0.021236609667539597 0
1731853144373 0.02125133015215397 0
1731853159541 0.021200016140937805 0
1731853174622 0.02122761309146881 0
1731853189772 0.021269720047712326 0
1731853204851 0.021250177174806595 0
1731853220028 0.021251173689961433 0
1731853235109 0.02128785103559494 0
1731853250278 0.021268373355269432 0
1731853265351 0.021284548565745354 0
1731853280524 0.021261680871248245 0
1731853295600 0.021273868158459663 0
