1731849855180 0.5764714479446411 0
1731849874950 0.5417119264602661 0
1731849894550 0.5408862233161926 0
1731849914282 0.5526694059371948 0
1731849933880 0.5565319061279297 0
1731849953584 0.5498243570327759 0
1731849973193 0.5692890286445618 0
1731849992897 0.5659723281860352 0
1731850012519 0.5831316113471985 0
1731850032246 0.5691362023353577 0
1731850051839 0.567389190196991 0
1731850071539 0.5619891881942749 0
1731850091142 0.5780748724937439 0
1731850110846 0.5746251344680786 0
1731850130422 0.583166241645813 0
1731850147783 0.5760736465454102 0
1731850165121 0.5714961886405945 0
1731850182541 0.5780097842216492 0
1731850199921 0.5828086733818054 0
1731850217283 0.5759645104408264 0
1731850234667 0.5872976779937744 0
1731850252029 0.5789077877998352 0
1731850268563 0.5722014307975769 0
1731850284706 0.5706165432929993 0
1731850300973 0.5642438530921936 0
1731850317252 0.5701180696487427 0
1731850333525 0.5789175629615784 0
1731850349701 0.5768367648124695 0
1731850365987 0.5861473083496094 0
1731850382328 0.5828626155853271 0
1731850397894 0.5796674489974976 0
1731850413474 0.5932295918464661 0
1731850429029 0.5750987529754639 0
1731850444600 0.5703004598617554 0
1731850460146 0.5769602060317993 0
1731850475718 0.5890277624130249 0
1731850491303 0.5785087943077087 0
1731850506476 0.5900843739509583 0
1731850521652 0.5760082602500916 0
1731850536711 0.594759464263916 0
1731850551881 0.5943204760551453 0
1731850566935 0.5725744962692261 0
1731850582096 0.5749751925468445 0
1731850597170 0.581743597984314 0
1731850612675 0.5888891220092773 0
1731850627760 0.5798233151435852 0
1731850642920 0.5820170640945435 0
1731850658009 0.5785967707633972 0
1731850673193 0.5831146836280823 0
1731850688299 0.5834347009658813 0
1731850703492 0.5818278789520264 0
1731850718581 0.5730360746383667 0
1731850733783 0.5813054442405701 0
1731850748847 0.591001033782959 0
1731850764041 0.5816431641578674 0
1731850779140 0.5856220126152039 0
1731850794325 0.5827357172966003 0
1731850809427 0.585704505443573 0
1731850824612 0.5766872763633728 0
1731850840032 0.5776941776275635 0
1731850855203 0.5825101137161255 0
1731850870306 0.5796780586242676 0
1731850885488 0.5830279588699341 0
1731850900588 0.5769842267036438 0
1731850915798 0.582927405834198 0
1731850930923 0.5756919384002686 0
1731850946129 0.5975713729858398 0
1731850961222 0.5869128108024597 0
1731850976423 0.581108808517456 0
1731850991540 0.5891262888908386 0
1731851006748 0.5828379988670349 0
1731851021851 0.5790252089500427 0
1731851037067 0.5801122188568115 0
1731851052193 0.5874597430229187 0
1731851067760 0.5777914524078369 0
1731851082895 0.5840675234794617 0
1731851098104 0.5787965059280396 0
1731851113238 0.5824682116508484 0
1731851128443 0.5791274309158325 0
1731851143559 0.5864783525466919 0
1731851158772 0.5890979766845703 0
1731851173883 0.5777080655097961 0
1731851189111 0.5806560516357422 0
1731851204233 0.5773850679397583 0
1731851219440 0.5829415917396545 0
1731851234554 0.5775828957557678 0
1731851249767 0.5795888304710388 0
1731851264893 0.5850703716278076 0
1731851280549 0.5864159464836121 0
1731851295655 0.5821142792701721 0
1731851310861 0.5813378691673279 0
1731851325974 0.5795097351074219 0
1731851341158 0.5832487940788269 0
1731851356252 0.5795676708221436 0
1731851371467 0.583467960357666 0
1731851386538 0.5890294909477234 0
1731851401745 0.5851679444313049 0
1731851416847 0.5809398293495178 0
1731851432035 0.5860480666160583 0
1731851447108 0.5850511193275452 0
1731851462303 0.5817430019378662 0
1731851477410 0.5847257375717163 0
1731851492599 0.5822363495826721 0
1731851508045 0.5943418145179749 0
1731851523238 0.5849422812461853 0
1731851538335 0.58477783203125 0
1731851553514 0.5842549800872803 0
1731851568596 0.5829487442970276 0
1731851583804 0.5815293192863464 0
1731851598882 0.5815739035606384 0
1731851614077 0.586782693862915 0
1731851629181 0.5878809094429016 0
1731851644367 0.5833049416542053 0
1731851659454 0.5852705240249634 0
1731851674645 0.58271723985672 0
1731851689741 0.5888568162918091 0
1731851704926 0.5880740284919739 0
1731851720004 0.5871342420578003 0
1731851735581 0.58640056848526 0
1731851750692 0.5880491733551025 0
1731851765847 0.5908735394477844 0
1731851780944 0.5806978344917297 0
1731851796165 0.5881803035736084 0
1731851811263 0.5820378661155701 0
1731851826426 0.5811527967453003 0
1731851841513 0.5870001912117004 0
1731851856691 0.5839170217514038 0
1731851871766 0.5889570116996765 0
1731851886948 0.5899593830108643 0
1731851902034 0.5867273807525635 0
1731851917229 0.5838379859924316 0
1731851932323 0.5862309336662292 0
1731851947482 0.5897186398506165 0
1731851962926 0.5917388200759888 0
1731851978099 0.5879429578781128 0
1731851993161 0.5830578804016113 0
1731852008356 0.5818769335746765 0
1731852023450 0.5851079225540161 0
1731852038622 0.585517406463623 0
1731852053676 0.5921753644943237 0
1731852068842 0.5820325016975403 0
1731852083897 0.583090603351593 0
1731852099072 0.581148087978363 0
1731852114151 0.5874834656715393 0
1731852129331 0.5845587253570557 0
1731852144417 0.5868293046951294 0
1731852159555 0.5871284008026123 0
1731852174656 0.5858607888221741 0
1731852190144 0.585355818271637 0
1731852205221 0.5855569839477539 0
1731852220411 0.5882713198661804 0
1731852235480 0.5861963033676147 0
1731852250665 0.5828602313995361 0
1731852265761 0.5869153738021851 0
1731852280925 0.586264431476593 0
1731852296001 0.586536705493927 0
1731852311166 0.5863885283470154 0
1731852326231 0.5888042449951172 0
1731852341421 0.5871520042419434 0
1731852356479 0.5837844014167786 0
1731852371656 0.5851535201072693 0
1731852386748 0.5851277709007263 0
1731852402281 0.5877639651298523 0
1731852417344 0.585808515548706 0
1731852432541 0.5851987600326538 0
1731852447611 0.5813060402870178 0
1731852462797 0.5847708582878113 0
1731852477877 0.585338294506073 0
1731852493055 0.5893081426620483 0
1731852508116 0.5873838663101196 0
1731852523279 0.5891469120979309 0
1731852538362 0.5860770344734192 0
1731852553543 0.5886763334274292 0
1731852568597 0.5847585201263428 0
1731852583764 0.5870972275733948 0
1731852598824 0.5871748924255371 0
1731852614033 0.5854703187942505 0
1731852629456 0.5852187871932983 0
1731852644618 0.5834092497825623 0
1731852659682 0.5867603421211243 0
1731852674868 0.5872897505760193 0
1731852689918 0.5840031504631042 0
1731852705115 0.5833600163459778 0
1731852720202 0.5892560482025146 0
1731852735373 0.5846402645111084 0
1731852750454 0.5864238739013672 0
1731852765641 0.5881664156913757 0
1731852780718 0.5867778658866882 0
1731852795886 0.5870434045791626 0
1731852810969 0.5841270685195923 0
1731852826138 0.5855048298835754 0
1731852841211 0.5856621861457825 0
1731852856727 0.5891183614730835 0
1731852871806 0.587397038936615 0
1731852886977 0.5846658945083618 0
1731852902013 0.5854957103729248 0
1731852917194 0.5870665311813354 0
1731852932285 0.5856350064277649 0
1731852947443 0.5860806703567505 0
1731852962521 0.5902579426765442 0
1731852977689 0.5854235887527466 0
1731852992779 0.5863325595855713 0
1731853007946 0.5834112167358398 0
1731853023026 0.5871776938438416 0
1731853038193 0.5893740653991699 0
1731853053260 0.5882138013839722 0
1731853068445 0.5862205624580383 0
1731853083872 0.5851671695709229 0
1731853099060 0.5881335735321045 0
1731853114129 0.5866112112998962 0
1731853129289 0.5857784152030945 0
1731853144373 0.5908429622650146 0
1731853159541 0.5863240957260132 0
1731853174622 0.5864374041557312 0
1731853189772 0.5866350531578064 0
1731853204851 0.5859415531158447 0
1731853220028 0.5884588360786438 0
1731853235109 0.5870860815048218 0
1731853250278 0.5865545868873596 0
1731853265351 0.5870932340621948 0
1731853280524 0.5878947973251343 0
1731853295600 0.5872393846511841 0
