1731849855183 0.0004921582294628024 0
1731849874954 0.00043616583570837975 0
1731849894552 0.0003828832705039531 0
1731849914285 0.00033622057526372373 0
1731849933883 0.00030242284992709756 0
1731849953586 0.0002680665929801762 0
1731849973196 0.0002538143307901919 0
1731849992899 0.00023938938102219254 0
1731850012522 0.0002342572552151978 0
1731850032249 0.00021878941333852708 0
1731850051841 0.00021547138749156147 0
1731850071542 0.0002103805891238153 0
1731850091144 0.00020915317873004824 0
1731850110848 0.00020850441069342196 0
1731850130424 0.00019847956718876958 0
1731850147786 0.00019484043878037483 0
1731850165123 0.00019114319002255797 0
1731850182543 0.00018938074936158955 0
1731850199923 0.00018942625320050865 0
1731850217285 0.0001785536005627364 0
1731850234669 0.00017738643509801477 0
1731850252031 0.0001837292657000944 0
1731850268566 0.0001772143441485241 0
1731850284709 0.00017561147978994995 0
1731850300975 0.0001704885216895491 0
1731850317255 0.00016995586338452995 0
1731850333527 0.00016549843712709844 0
1731850349703 0.00016876849986147135 0
1731850365989 0.00016487418906763196 0
1731850382331 0.0001664867450017482 0
1731850397897 0.0001567798899486661 0
1731850413476 0.00016600773960817605 0
1731850429031 0.0001604537683306262 0
1731850444603 0.00015664566308259964 0
1731850460148 0.00015650351997464895 0
1731850475721 0.00015492530656047165 0
1731850491305 0.00015174149302765727 0
1731850506478 0.00014313111023511738 0
1731850521655 0.00014826981350779533 0
1731850536713 0.00014917721273377538 0
1731850551883 0.00014885309792589396 0
1731850566937 0.0001446804089937359 0
1731850582098 0.00015097015420906246 0
1731850597172 0.00014306126104202121 0
1731850612677 0.00014317828754428774 0
1731850627762 0.00014226975326891989 0
1731850642922 0.00014098458632361144 0
1731850658011 0.000146272883284837 0
1731850673195 0.0001437640021322295 0
1731850688301 0.00014106652815826237 0
1731850703494 0.00013892953575123101 0
1731850718583 0.0001406142400810495 0
1731850733785 0.00013544372632168233 0
1731850748849 0.00013652870256919414 0
1731850764043 0.0001313750253757462 0
1731850779142 0.00013723428128287196 0
1731850794328 0.00013344240142032504 0
1731850809429 0.000131803986732848 0
1731850824614 0.0001332165120402351 0
1731850840034 0.00013414099521469325 0
1731850855205 0.00013123141252435744 0
1731850870308 0.00012796992086805403 0
1731850885490 0.00012869261263404042 0
1731850900590 0.00012431677896529436 0
1731850915800 0.00012583575153257698 0
1731850930925 0.0001227296015713364 0
1731850946131 0.00012202834477648139 0
1731850961224 0.00012123707710998133 0
1731850976426 0.00012020604481222108 0
1731850991542 0.000120181379315909 0
1731851006750 0.00012333254562690854 0
1731851021853 0.00012533608241938055 0
1731851037070 0.00011889027518918738 0
1731851052196 0.00011764248483814299 0
1731851067762 0.00011781864304793999 0
1731851082897 0.00011682036711135879 0
1731851098106 0.0001171445328509435 0
1731851113240 0.00012025003525195643 0
1731851128445 0.00011528861796250567 0
1731851143561 0.00011600556172197685 0
1731851158774 0.00011356829782016575 0
1731851173885 0.00011278546298854053 0
1731851189113 0.00011592491500778124 0
1731851204235 0.00011084399011451751 0
1731851219442 0.00011693397391354665 0
1731851234556 0.00010935436876025051 0
1731851249769 0.00011191311932634562 0
1731851264895 0.0001128767617046833 0
1731851280551 0.00010991912859026343 0
1731851295657 0.00011013648327207193 0
1731851310863 0.00010909703996730968 0
1731851325976 0.00011493732745293528 0
1731851341160 0.00010492739238543436 0
1731851356254 0.0001045150202116929 0
1731851371470 0.00010898505570366979 0
1731851386540 0.00010829063830897212 0
1731851401747 0.00010628090967657045 0
1731851416850 0.00010470923007233068 0
1731851432037 0.0001062427691067569 0
1731851447110 0.0001062669325619936 0
1731851462305 0.00010748248314484954 0
1731851477412 0.0001082665185094811 0
1731851492601 0.00010429204121464863 0
1731851508047 0.00010283214214723557 0
1731851523240 0.00010111873416462913 0
1731851538337 0.00010548853606451303 0
1731851553516 9.902401507133618e-05 0
1731851568598 9.898722782963887e-05 0
1731851583807 9.51585388975218e-05 0
1731851598884 0.00010529370774747804 0
1731851614081 9.931265230989084e-05 0
1731851629183 0.00010169427696382627 0
1731851644369 9.70657347352244e-05 0
1731851659457 0.00010021695925388485 0
1731851674648 0.0001022068754537031 0
1731851689744 9.626131213735789e-05 0
1731851704928 9.577660966897383e-05 0
1731851720006 9.78940079221502e-05 0
1731851735583 9.571045666234568e-05 0
1731851750694 9.622913057683036e-05 0
1731851765849 9.38911471166648e-05 0
1731851780946 9.489406511420384e-05 0
1731851796168 9.860878344625235e-05 0
1731851811265 9.360349940834567e-05 0
1731851826428 9.52809932641685e-05 0
1731851841515 9.482202585786581e-05 0
1731851856694 9.316361683886498e-05 0
1731851871768 9.206750110024586e-05 0
1731851886950 9.008123743114993e-05 0
1731851902036 9.541472536511719e-05 0
1731851917231 9.481163579039276e-05 0
1731851932325 9.544660861138254e-05 0
1731851947484 9.403373405802995e-05 0
1731851962928 8.954246732173488e-05 0
1731851978101 9.382655844092369e-05 0
1731851993163 8.944685396272689e-05 0
1731852008358 9.39118763199076e-05 0
1731852023452 9.446158219361678e-05 0
1731852038624 8.966132008936256e-05 0
1731852053678 9.042418241733685e-05 0
1731852068844 9.002470324048772e-05 0
1731852083899 8.928856550483033e-05 0
1731852099074 9.030404908116907e-05 0
1731852114152 9.016472176881507e-05 0
1731852129333 8.991456707008183e-05 0
1731852144419 8.862621325533837e-05 0
1731852159557 8.953957876656204e-05 0
1731852174658 8.626608178019524e-05 0
1731852190146 8.877575601218268e-05 0
1731852205223 8.649597293697298e-05 0
1731852220413 8.895056089386344e-05 0
1731852235482 8.8188644440379e-05 0
1731852250667 8.526236342731863e-05 0
1731852265763 8.754966256674379e-05 0
1731852280927 8.625931513961405e-05 0
1731852296003 8.713269198779017e-05 0
1731852311169 8.583641465520486e-05 0
1731852326233 8.954407530836761e-05 0
1731852341423 8.66177724674344e-05 0
1731852356481 8.794329914962873e-05 0
1731852371658 8.66086411406286e-05 0
1731852386750 8.474279457004741e-05 0
1731852402283 8.919140964280814e-05 0
1731852417346 8.518059621565044e-05 0
1731852432544 8.391349547309801e-05 0
1731852447613 8.445970161119476e-05 0
1731852462799 8.654242265038192e-05 0
1731852477880 8.70897201821208e-05 0
1731852493057 8.543484000256285e-05 0
1731852508118 8.541673742001876e-05 0
1731852523281 8.481772965751588e-05 0
1731852538364 8.624092151876539e-05 0
1731852553545 8.30239659990184e-05 0
1731852568599 8.432514005107805e-05 0
1731852583766 8.023998088901863e-05 0
1731852598826 8.432232425548136e-05 0
1731852614035 8.244170021498576e-05 0
1731852629458 8.38787600514479e-05 0
1731852644620 8.198999421438202e-05 0
1731852659685 8.379688370041549e-05 0
1731852674870 8.659753802930936e-05 0
1731852689920 8.313670696225017e-05 0
1731852705117 8.194985275622457e-05 0
1731852720204 8.035649079829454e-05 0
1731852735375 8.120978600345552e-05 0
1731852750456 8.138632983900607e-05 0
1731852765643 8.087423339020461e-05 0
1731852780720 8.272979175671935e-05 0
1731852795888 8.187998173525557e-05 0
1731852810971 8.273688581539318e-05 0
1731852826140 8.251010876847431e-05 0
1731852841213 8.477053779643029e-05 0
1731852856729 8.600513683632016e-05 0
1731852871807 8.05894160293974e-05 0
1731852886979 7.91537604527548e-05 0
1731852902015 8.197478018701077e-05 0
1731852917196 8.193879330065101e-05 0
1731852932286 7.834110147086903e-05 0
1731852947445 8.290332334581763e-05 0
1731852962523 8.208153303712606e-05 0
1731852977691 8.284658542834222e-05 0
1731852992781 8.12572761788033e-05 0
1731853007948 8.226384670706466e-05 0
1731853023028 8.167261694325134e-05 0
1731853038195 7.946870027808473e-05 0
1731853053261 8.11594509286806e-05 0
1731853068447 7.963996904436499e-05 0
1731853083874 7.801016181474552e-05 0
1731853099062 7.629785250173882e-05 0
1731853114131 8.015207276912406e-05 0
1731853129291 8.201762102544308e-05 0
1731853144375 7.58465685066767e-05 0
1731853159543 7.90618869359605e-05 0
1731853174624 7.910122076282278e-05 0
1731853189774 8.070334297372028e-05 0
1731853204853 7.955520413815975e-05 0
1731853220030 7.608525629620999e-05 0
1731853235111 8.080862608039752e-05 0
1731853250280 7.906750397523865e-05 0
1731853265353 8.181834709830582e-05 0
1731853280526 7.990814629010856e-05 0
1731853295602 7.797996659064665e-05 0
