1731849855180 0.24607911705970764 0
1731849874950 0.21808290481567383 0
1731849894550 0.1914416253566742 0
1731849914282 0.16811028122901917 0
1731849933880 0.15121141076087952 0
1731849953584 0.13403329253196716 0
1731849973193 0.12690715491771698 0
1731849992897 0.11969468742609024 0
1731850012519 0.11712862551212311 0
1731850032246 0.10939469933509827 0
1731850051839 0.10773568600416183 0
1731850071539 0.10519029200077057 0
1731850091142 0.10457658767700195 0
1731850110846 0.10425219684839249 0
1731850130422 0.099239781498909 0
1731850147783 0.09742021560668945 0
1731850165121 0.0955715924501419 0
1731850182541 0.09469036757946014 0
1731850199921 0.09471312165260315 0
1731850217283 0.08927679806947708 0
1731850234667 0.08869321644306183 0
1731850252029 0.09186463057994843 0
1731850268563 0.08860716968774796 0
1731850284706 0.08780573308467865 0
1731850300973 0.08524425327777863 0
1731850317252 0.08497792482376099 0
1731850333525 0.08274921774864197 0
1731850349701 0.0843842476606369 0
1731850365987 0.08243709057569504 0
1731850382328 0.08324337005615234 0
1731850397894 0.07838994264602661 0
1731850413474 0.08300386369228363 0
1731850429029 0.08022688329219818 0
1731850444600 0.07832282781600952 0
1731850460146 0.07825175672769547 0
1731850475718 0.07746265083551407 0
1731850491303 0.07587074488401413 0
1731850506476 0.07156555354595184 0
1731850521652 0.07413490116596222 0
1731850536711 0.0745886042714119 0
1731850551881 0.0744265466928482 0
1731850566935 0.07234019786119461 0
1731850582096 0.07548507302999496 0
1731850597170 0.07153062522411346 0
1731850612675 0.0715891420841217 0
1731850627760 0.07113487273454666 0
1731850642920 0.07049228996038437 0
1731850658009 0.07313644140958786 0
1731850673193 0.07188199460506439 0
1731850688299 0.07053326070308685 0
1731850703492 0.06946476548910141 0
1731850718581 0.07030711323022842 0
1731850733783 0.06772185862064362 0
1731850748847 0.06826435029506683 0
1731850764041 0.06568750739097595 0
1731850779140 0.06861713528633118 0
1731850794325 0.06672120094299316 0
1731850809427 0.0659019872546196 0
1731850824612 0.0666082501411438 0
1731850840032 0.06707049161195755 0
1731850855203 0.0656157061457634 0
1731850870306 0.0639849603176117 0
1731850885488 0.0643463060259819 0
1731850900588 0.062158383429050446 0
1731850915798 0.06291787326335907 0
1731850930923 0.0613647997379303 0
1731850946129 0.061014167964458466 0
1731850961222 0.06061853468418121 0
1731850976423 0.06010301783680916 0
1731850991540 0.06009068712592125 0
1731851006748 0.06166627258062363 0
1731851021851 0.06266804039478302 0
1731851037067 0.05944513529539108 0
1731851052193 0.058821238577365875 0
1731851067760 0.05890931934118271 0
1731851082895 0.05841018259525299 0
1731851098104 0.05857226252555847 0
1731851113238 0.060125015676021576 0
1731851128443 0.0576443076133728 0
1731851143559 0.0580027773976326 0
1731851158772 0.056784145534038544 0
1731851173883 0.05639272928237915 0
1731851189111 0.05796245485544205 0
1731851204233 0.055421993136405945 0
1731851219440 0.05846698582172394 0
1731851234554 0.05467718094587326 0
1731851249767 0.055956557393074036 0
1731851264893 0.0564383789896965 0
1731851280549 0.05495956167578697 0
1731851295655 0.055068239569664 0
1731851310861 0.05454851686954498 0
1731851325974 0.057468660175800323 0
1731851341158 0.05246369540691376 0
1731851356252 0.05225750803947449 0
1731851371467 0.0544925257563591 0
1731851386538 0.054145317524671555 0
1731851401745 0.05314045399427414 0
1731851416847 0.052354611456394196 0
1731851432035 0.053121380507946014 0
1731851447108 0.053133465349674225 0
1731851462303 0.05374123901128769 0
1731851477410 0.054133255034685135 0
1731851492599 0.05214601755142212 0
1731851508045 0.0514160692691803 0
1731851523238 0.05055936425924301 0
1731851538335 0.052744265645742416 0
1731851553514 0.04951200634241104 0
1731851568596 0.049493610858917236 0
1731851583804 0.047579266130924225 0
1731851598882 0.052646853029727936 0
1731851614077 0.049656324088573456 0
1731851629181 0.0508471354842186 0
1731851644367 0.048532865941524506 0
1731851659454 0.05010847747325897 0
1731851674645 0.05110343545675278 0
1731851689741 0.04813065379858017 0
1731851704926 0.04788830131292343 0
1731851720004 0.04894700273871422 0
1731851735581 0.04785522446036339 0
1731851750692 0.04811456426978111 0
1731851765847 0.04694557189941406 0
1731851780944 0.04744702950119972 0
1731851796165 0.04930438846349716 0
1731851811263 0.046801745891571045 0
1731851826426 0.047640495002269745 0
1731851841513 0.047411009669303894 0
1731851856691 0.046581804752349854 0
1731851871766 0.046033747494220734 0
1731851886948 0.045040614902973175 0
1731851902034 0.04770736023783684 0
1731851917229 0.04740581661462784 0
1731851932323 0.047723300755023956 0
1731851947482 0.04701686650514603 0
1731851962926 0.0447712317109108 0
1731851978099 0.046913277357816696 0
1731851993161 0.044723425060510635 0
1731852008356 0.046955935657024384 0
1731852023450 0.047230787575244904 0
1731852038622 0.04483065754175186 0
1731852053676 0.04521209001541138 0
1731852068842 0.045012351125478745 0
1731852083897 0.04464428126811981 0
1731852099072 0.04515202343463898 0
1731852114151 0.04508236050605774 0
1731852129331 0.04495728015899658 0
1731852144417 0.04431310296058655 0
1731852159555 0.044769786298274994 0
1731852174656 0.04313303902745247 0
1731852190144 0.044387876987457275 0
1731852205221 0.04324798285961151 0
1731852220411 0.04447527974843979 0
1731852235480 0.04409432038664818 0
1731852250665 0.042631179094314575 0
1731852265761 0.04377482831478119 0
1731852280925 0.043129656463861465 0
1731852296001 0.04356634244322777 0
1731852311166 0.04291820526123047 0
1731852326231 0.044772036373615265 0
1731852341421 0.04330888390541077 0
1731852356479 0.04397164657711983 0
1731852371656 0.04330431669950485 0
1731852386748 0.042371395975351334 0
1731852402281 0.04459570348262787 0
1731852417344 0.042590297758579254 0
1731852432541 0.04195674508810043 0
1731852447611 0.042229849845170975 0
1731852462797 0.04327121004462242 0
1731852477877 0.04354485869407654 0
1731852493055 0.04271741956472397 0
1731852508116 0.042708367109298706 0
1731852523279 0.042408861219882965 0
1731852538362 0.04312045872211456 0
1731852553543 0.041511982679367065 0
1731852568597 0.042162567377090454 0
1731852583764 0.04011998698115349 0
1731852598824 0.042161159217357635 0
1731852614033 0.04122084751725197 0
1731852629456 0.041939377784729004 0
1731852644618 0.04099499434232712 0
1731852659682 0.041898440569639206 0
1731852674868 0.043298766016960144 0
1731852689918 0.04156835004687309 0
1731852705115 0.040974926203489304 0
1731852720202 0.040178243070840836 0
1731852735373 0.04060488939285278 0
1731852750454 0.04069316387176514 0
1731852765641 0.040437113493680954 0
1731852780718 0.041364893317222595 0
1731852795886 0.04093999043107033 0
1731852810969 0.04136843979358673 0
1731852826138 0.041255053132772446 0
1731852841211 0.04238526523113251 0
1731852856727 0.04300256818532944 0
1731852871806 0.04029470682144165 0
1731852886977 0.039576876908540726 0
1731852902013 0.04098738729953766 0
1731852917194 0.04096939414739609 0
1731852932285 0.03917054831981659 0
1731852947443 0.04145165905356407 0
1731852962521 0.04104076325893402 0
1731852977689 0.041423290967941284 0
1731852992779 0.04062863439321518 0
1731853007946 0.041131921112537384 0
1731853023026 0.040836308151483536 0
1731853038193 0.03973434865474701 0
1731853053260 0.04057972505688667 0
1731853068445 0.03981998190283775 0
1731853083872 0.03900507837533951 0
1731853099060 0.038148924708366394 0
1731853114129 0.040076036006212234 0
1731853129289 0.041008807718753815 0
1731853144373 0.037923283874988556 0
1731853159541 0.03953094035387039 0
1731853174622 0.03955060988664627 0
1731853189772 0.04035167023539543 0
1731853204851 0.03977759927511215 0
1731853220028 0.03804262727499008 0
1731853235109 0.040404312312603 0
1731853250278 0.03953374922275543 0
1731853265351 0.04090917110443115 0
1731853280524 0.03995407000184059 0
1731853295600 0.03898997977375984 0
