1731849855183 0.001729797339066863 0
1731849874954 0.0003422632289584726 0
1731849894552 0.0003020120784640312 0
1731849914285 0.0002820855879690498 0
1731849933883 0.0002434026391711086 0
1731849953586 0.00025089812697842717 0
1731849973196 0.00026835204334929585 0
1731849992899 0.00024197256425395608 0
1731850012522 0.0002754555025603622 0
1731850032249 0.00024721494992263615 0
1731850051841 0.0002641678147483617 0
1731850071542 0.00025299953995272517 0
1731850091144 0.0002748690312728286 0
1731850110848 0.00028533642762340605 0
1731850130424 0.0002405691338935867 0
1731850147786 0.00025941128842532635 0
1731850165123 0.00028624333208426833 0
1731850182543 0.000274968973826617 0
1731850199923 0.00030610637622885406 0
1731850217285 0.00027994473930448294 0
1731850234669 0.0002777365443762392 0
1731850252031 0.00029724781052209437 0
1731850268566 0.00030622543999925256 0
1731850284709 0.0002962000435218215 0
1731850300975 0.0003142319037579 0
1731850317255 0.00028866439242847264 0
1731850333527 0.00025874696439132094 0
1731850349703 0.00030070659704506397 0
1731850365989 0.00031079736072570086 0
1731850382331 0.0002896013029385358 0
1731850397897 0.00033541530137881637 0
1731850413476 0.000308691815007478 0
1731850429031 0.0003033564717043191 0
1731850444603 0.00030501707806251943 0
1731850460148 0.0003113044367637485 0
1731850475721 0.00030740725924260914 0
1731850491305 0.00031645625131204724 0
1731850506478 0.00029688558424822986 0
1731850521655 0.0002993236994370818 0
1731850536713 0.0002761900541372597 0
1731850551883 0.00030885887099429965 0
1731850566937 0.0003003232995979488 0
1731850582098 0.00029125745641067624 0
1731850597172 0.0003261475940234959 0
1731850612677 0.00029671567608602345 0
1731850627762 0.0003066848439630121 0
1731850642922 0.00029962396365590394 0
1731850658011 0.0003045898047275841 0
1731850673195 0.0002785060787573457 0
1731850688301 0.0002958917757496238 0
1731850703494 0.0002942433930002153 0
1731850718583 0.00030480025452561677 0
1731850733785 0.0002897118392866105 0
1731850748849 0.00031132472213357687 0
1731850764043 0.00029128752066753805 0
1731850779142 0.00028628582367673516 0
1731850794328 0.00030605559004470706 0
1731850809429 0.0003295248607173562 0
1731850824614 0.0002976409741677344 0
1731850840034 0.00031570374267175794 0
1731850855205 0.0002789950813166797 0
1731850870308 0.000302779080811888 0
1731850885490 0.00030616659205406904 0
1731850900590 0.0002740639611147344 0
1731850915800 0.0003198756603524089 0
1731850930925 0.00029559186077676713 0
1731850946131 0.00027374387718737125 0
1731850961224 0.00025606981944292784 0
1731850976426 0.00026319021708332 0
1731850991542 0.0002676001167856157 0
1731851006750 0.00029448093846440315 0
1731851021853 0.0002848186995834112 0
1731851037070 0.0002836577477864921 0
1731851052196 0.00033080490538850427 0
1731851067762 0.0002854903868865222 0
1731851082897 0.00026531866751611233 0
1731851098106 0.00027946909540332854 0
1731851113240 0.0002740112249739468 0
1731851128445 0.0002864220004994422 0
1731851143561 0.000290573516394943 0
1731851158774 0.000261556328041479 0
1731851173885 0.00027871999191120267 0
1731851189113 0.0003043736796826124 0
1731851204235 0.00024019592092372477 0
1731851219442 0.00025920927873812616 0
1731851234556 0.00028808051138184965 0
1731851249769 0.0002715120208449662 0
1731851264895 0.00029388678376562893 0
1731851280551 0.0002960164856631309 0
1731851295657 0.00030352792236953974 0
1731851310863 0.0002797929337248206 0
1731851325976 0.00031063571805134416 0
1731851341160 0.00027894042432308197 0
1731851356254 0.00027736887568607926 0
1731851371470 0.0002931799099314958 0
1731851386540 0.0002614186378195882 0
1731851401747 0.0002889405586756766 0
1731851416850 0.00026248363428749144 0
1731851432037 0.00025841983733698726 0
1731851447110 0.00024035846581682563 0
1731851462305 0.00030806282302364707 0
1731851477412 0.0002724556252360344 0
1731851492601 0.0002616510319057852 0
1731851508047 0.0002687048399820924 0
1731851523240 0.0002853706246241927 0
1731851538337 0.00025349657516926527 0
1731851553516 0.0002599367580842227 0
1731851568598 0.0002480110852047801 0
1731851583807 0.0002228363009635359 0
1731851598884 0.0002682021295186132 0
1731851614081 0.00027895570383407176 0
1731851629183 0.0002870478783734143 0
1731851644369 0.00026695727137848735 0
1731851659457 0.000292995129711926 0
1731851674648 0.00030108244391158223 0
1731851689744 0.00027232407592236996 0
1731851704928 0.00028652127366513014 0
1731851720006 0.0002928907924797386 0
1731851735583 0.000276460632449016 0
1731851750694 0.00027254194719716907 0
1731851765849 0.00026598182739689946 0
1731851780946 0.0002970765344798565 0
1731851796168 0.0002750636776909232 0
1731851811265 0.0002521843125578016 0
1731851826428 0.00028056182782165706 0
1731851841515 0.00024504720931872725 0
1731851856694 0.00026929876185022295 0
1731851871768 0.00025264284340664744 0
1731851886950 0.00024347379803657532 0
1731851902036 0.0002872605691663921 0
1731851917231 0.0002781241200864315 0
1731851932325 0.00028638303047046065 0
1731851947484 0.0002866322756744921 0
1731851962928 0.00023069363669492304 0
1731851978101 0.00029396824538707733 0
1731851993163 0.0002735320886131376 0
1731852008358 0.00027423567371442914 0
1731852023452 0.00025400533922947943 0
1731852038624 0.0002503605210222304 0
1731852053678 0.00027403011335991323 0
1731852068844 0.00025457225274294615 0
1731852083899 0.00025791587540879846 0
1731852099074 0.000249622855335474 0
1731852114152 0.0002783863164950162 0
1731852129333 0.0002600306470412761 0
1731852144419 0.00025675626238808036 0
1731852159557 0.0002523393777664751 0
1731852174658 0.00025894236750900745 0
1731852190146 0.00026639457792043686 0
1731852205223 0.0002639369631651789 0
1731852220413 0.0002690464607439935 0
1731852235482 0.00024049892090260983 0
1731852250667 0.00027011369820684195 0
1731852265763 0.00026015256298705935 0
1731852280927 0.00027289713034406304 0
1731852296003 0.00023774013970978558 0
1731852311169 0.00025466925580985844 0
1731852326233 0.0002606167399790138 0
1731852341423 0.0002909180475398898 0
1731852356481 0.0002404263650532812 0
1731852371658 0.000267861585598439 0
1731852386750 0.0002653463452588767 0
1731852402283 0.00027967122150585055 0
1731852417346 0.00028107917751185596 0
1731852432544 0.0002520069829188287 0
1731852447613 0.00025030720280483365 0
1731852462799 0.0002576650585979223 0
1731852477880 0.0002803030365612358 0
1731852493057 0.0002790787548292428 0
1731852508118 0.0002881124964915216 0
1731852523281 0.0002511540078558028 0
1731852538364 0.00026570167392492294 0
1731852553545 0.00025164149701595306 0
1731852568599 0.0002450523024890572 0
1731852583766 0.00024094748368952423 0
1731852598826 0.0002513576182536781 0
1731852614035 0.000259081250987947 0
1731852629458 0.0002740324998740107 0
1731852644620 0.00025183509569615126 0
1731852659685 0.0002690857509151101 0
1731852674870 0.0002734839799813926 0
1731852689920 0.0002608867362141609 0
1731852705117 0.0002463229466229677 0
1731852720204 0.0002815225161612034 0
1731852735375 0.00025144772371277213 0
1731852750456 0.0002690178225748241 0
1731852765643 0.0002756548929028213 0
1731852780720 0.0002470813924446702 0
1731852795888 0.00025325355818495154 0
1731852810971 0.00027262791991233826 0
1731852826140 0.000251214049058035 0
1731852841213 0.00026837276527658105 0
1731852856729 0.0002887245500460267 0
1731852871807 0.0002477710077073425 0
1731852886979 0.0002598207211121917 0
1731852902015 0.00025721522979438305 0
1731852917196 0.0002588388160802424 0
1731852932286 0.00024947640486061573 0
1731852947445 0.00026051627355627716 0
1731852962523 0.00028113380540162325 0
1731852977691 0.0002613909891806543 0
1731852992781 0.0002537749824114144 0
1731853007948 0.00028445018688216805 0
1731853023028 0.00028548185946419835 0
1731853038195 0.0002442059339955449 0
1731853053261 0.00023996799427550286 0
1731853068447 0.0002510729245841503 0
1731853083874 0.00028293783543631434 0
1731853099062 0.0002488044847268611 0
1731853114131 0.0002676068979781121 0
1731853129291 0.0002741098287515342 0
1731853144375 0.0002538846747484058 0
1731853159543 0.00024466999457217753 0
1731853174624 0.00026021728990599513 0
1731853189774 0.0002578176208771765 0
1731853204853 0.0002537136897444725 0
1731853220030 0.00026253220858052373 0
1731853235111 0.0002805583062581718 0
1731853250280 0.0002391726739006117 0
1731853265353 0.0002720904885791242 0
1731853280526 0.00027439906261861324 0
1731853295602 0.00027804001001641154 0
