1731849855183 0.005862783640623093 0
1731849874954 0.004522127564996481 0
1731849894552 0.0037299557588994503 0
1731849914285 0.0034628582652658224 0
1731849933883 0.003532234113663435 0
1731849953586 0.0033165463246405125 0
1731849973196 0.0035370574332773685 0
1731849992899 0.003026306629180908 0
1731850012522 0.0031621516682207584 0
1731850032249 0.0032888432033360004 0
1731850051841 0.0028735031373798847 0
1731850071542 0.0024306620471179485 0
1731850091144 0.0025375790428370237 0
1731850110848 0.0026811622083187103 0
1731850130424 0.0025851356331259012 0
1731850147786 0.002683014376088977 0
1731850165123 0.0027420620899647474 0
1731850182543 0.002443114295601845 0
1731850199923 0.002444119658321142 0
1731850217285 0.002586634363979101 0
1731850234669 0.002441100776195526 0
1731850252031 0.0023906934075057507 0
1731850268566 0.0022919184993952513 0
1731850284709 0.0023669125512242317 0
1731850300975 0.002321046544238925 0
1731850317255 0.0022509354166686535 0
1731850333527 0.0020699428860098124 0
1731850349703 0.0023738667368888855 0
1731850365989 0.002491628285497427 0
1731850382331 0.0022856206633150578 0
1731850397897 0.0022556595504283905 0
1731850413476 0.002052429597824812 0
1731850429031 0.0018939394503831863 0
1731850444603 0.0021917959675192833 0
1731850460148 0.0023314757272601128 0
1731850475721 0.002190961968153715 0
1731850491305 0.0022501861676573753 0
1731850506478 0.0021172943525016308 0
1731850521655 0.002320792293176055 0
1731850536713 0.0020900689996778965 0
1731850551883 0.00219360226765275 0
1731850566937 0.0020447918213903904 0
1731850582098 0.0019440948963165283 0
1731850597172 0.001913482672534883 0
1731850612677 0.0018535781418904662 0
1731850627762 0.002009038580581546 0
1731850642922 0.0020101461559534073 0
1731850658011 0.001847348641604185 0
1731850673195 0.0017451485618948936 0
1731850688301 0.0019703637808561325 0
1731850703494 0.0016528654377907515 0
1731850718583 0.0020453270990401506 0
1731850733785 0.0017823207890614867 0
1731850748849 0.0018976163119077682 0
1731850764043 0.0018780836835503578 0
1731850779142 0.0018191462149843574 0
1731850794328 0.0017457103822380304 0
1731850809429 0.0018157423473894596 0
1731850824614 0.0017619620775803924 0
1731850840034 0.0017917631193995476 0
1731850855205 0.0017522766720503569 0
1731850870308 0.0016943381633609533 0
1731850885490 0.001506708562374115 0
1731850900590 0.001570385880768299 0
1731850915800 0.001651356345973909 0
1731850930925 0.0017193079693242908 0
1731850946131 0.0017890463350340724 0
1731850961224 0.0015711558517068624 0
1731850976426 0.0015243220841512084 0
1731850991542 0.0017176654655486345 0
1731851006750 0.0014765288215130568 0
1731851021853 0.0019259800901636481 0
1731851037070 0.0016068726545199752 0
1731851052196 0.0014931901823729277 0
1731851067762 0.0015786513686180115 0
1731851082897 0.001506795990280807 0
1731851098106 0.001526335021480918 0
1731851113240 0.0016282032011076808 0
1731851128445 0.0014547368045896292 0
1731851143561 0.0015376980882138014 0
1731851158774 0.0014726551016792655 0
1731851173885 0.0017024893313646317 0
1731851189113 0.0014625063631683588 0
1731851204235 0.0015875193057581782 0
1731851219442 0.0015856623649597168 0
1731851234556 0.0016018658643588424 0
1731851249769 0.0015875379322096705 0
1731851264895 0.001574741443619132 0
1731851280551 0.0014716907171532512 0
1731851295657 0.0013947698753327131 0
1731851310863 0.0014466284774243832 0
1731851325976 0.0014130574418231845 0
1731851341160 0.0016350538935512304 0
1731851356254 0.0014334050938487053 0
1731851371470 0.0012901576701551676 0
1731851386540 0.001648500794544816 0
1731851401747 0.0014964936999604106 0
1731851416850 0.0012233236338943243 0
1731851432037 0.001367813441902399 0
1731851447110 0.0014244073536247015 0
1731851462305 0.0011819464853033423 0
1731851477412 0.00165404356084764 0
1731851492601 0.0016513041919097304 0
1731851508047 0.0013925391249358654 0
1731851523240 0.0015009897761046886 0
1731851538337 0.0014293527929112315 0
1731851553516 0.0012806204613298178 0
1731851568598 0.00115372019354254 0
1731851583807 0.0011817445047199726 0
1731851598884 0.0013678366085514426 0
1731851614081 0.0014257030561566353 0
1731851629183 0.0013227430172264576 0
1731851644369 0.0011466497089713812 0
1731851659457 0.0013080565258860588 0
1731851674648 0.0014965928858146071 0
1731851689744 0.0013436279259622097 0
1731851704928 0.0011382277589291334 0
1731851720006 0.0013912128051742911 0
1731851735583 0.0013931894209235907 0
1731851750694 0.001260875491425395 0
1731851765849 0.0012811245396733284 0
1731851780946 0.001123208086937666 0
1731851796168 0.0011088363826274872 0
1731851811265 0.0013045792002230883 0
1731851826428 0.0012591254198923707 0
1731851841515 0.001159069943241775 0
1731851856694 0.0011060952674597502 0
1731851871768 0.0011897966032847762 0
1731851886950 0.0010484494268894196 0
1731851902036 0.001209922949783504 0
1731851917231 0.0011516123777255416 0
1731851932325 0.001284356345422566 0
1731851947484 0.0012515840353444219 0
1731851962928 0.0010531386360526085 0
1731851978101 0.0011556408135220408 0
1731851993163 0.001296777045354247 0
1731852008358 0.0012830018531531096 0
1731852023452 0.0011242416221648455 0
1731852038624 0.0011645716149359941 0
1731852053678 0.0010665636509656906 0
1731852068844 0.0010128234280273318 0
1731852083899 0.001237213029526174 0
1731852099074 0.0011380373034626245 0
1731852114152 0.0011286799563094974 0
1731852129333 0.0010928758420050144 0
1731852144419 0.00115508446469903 0
1731852159557 0.0012456411495804787 0
1731852174658 0.001067488337866962 0
1731852190146 0.0011036295909434557 0
1731852205223 0.0011961739510297775 0
1731852220413 0.0012291348539292812 0
1731852235482 0.0010032709687948227 0
1731852250667 0.0011313490103930235 0
1731852265763 0.001034601591527462 0
1731852280927 0.0009973322739824653 0
1731852296003 0.001116045517846942 0
1731852311169 0.00109680718742311 0
1731852326233 0.0009640580392442644 0
1731852341423 0.0009959149174392223 0
1731852356481 0.0009724862757138908 0
1731852371658 0.001056363806128502 0
1731852386750 0.0010900701163336635 0
1731852402283 0.0011745919473469257 0
1731852417346 0.0010154270566999912 0
1731852432544 0.0009036838891915977 0
1731852447613 0.0010663641151040792 0
1731852462799 0.0009753288468346 0
1731852477880 0.0009414282394573092 0
1731852493057 0.0010888301767408848 0
1731852508118 0.0012072790414094925 0
1731852523281 0.0010448703542351723 0
1731852538364 0.001091019599698484 0
1731852553545 0.0009655165486037731 0
1731852568599 0.0009527599904686213 0
1731852583766 0.000971795991063118 0
1731852598826 0.0010801475727930665 0
1731852614035 0.0009665050311014056 0
1731852629458 0.0011304731015115976 0
1731852644620 0.0008759911870583892 0
1731852659685 0.0009266517008654773 0
1731852674870 0.0010697722900658846 0
1731852689920 0.0008845770498737693 0
1731852705117 0.00113582331687212 0
1731852720204 0.0010132913012057543 0
1731852735375 0.0010875719599425793 0
1731852750456 0.0008425717242062092 0
1731852765643 0.0010295079555362463 0
1731852780720 0.0009089961531572044 0
1731852795888 0.0008904833230189979 0
1731852810971 0.0009638741030357778 0
1731852826140 0.0010208883322775364 0
1731852841213 0.0009947847574949265 0
1731852856729 0.0009254870819859207 0
1731852871807 0.0008656361023895442 0
1731852886979 0.0008813475142233074 0
1731852902015 0.0008332046563737094 0
1731852917196 0.0008470518514513969 0
1731852932286 0.0009334641508758068 0
1731852947445 0.0010900446213781834 0
1731852962523 0.0010051070712506771 0
1731852977691 0.0008946710149757564 0
1731852992781 0.000994028989225626 0
1731853007948 0.0009166259551420808 0
1731853023028 0.0009548940579406917 0
1731853038195 0.0009579983307048678 0
1731853053261 0.0008550144266337156 0
1731853068447 0.0009026983752846718 0
1731853083874 0.0008639063453301787 0
1731853099062 0.0008882760885171592 0
1731853114131 0.0009680931689217687 0
1731853129291 0.0009623555233702064 0
1731853144375 0.0008572879014536738 0
1731853159543 0.0008072496275417507 0
1731853174624 0.0009452138328924775 0
1731853189774 0.001030187588185072 0
1731853204853 0.0008672660915181041 0
1731853220030 0.000956731615588069 0
1731853235111 0.0008573473314754665 0
1731853250280 0.00079216284211725 0
1731853265353 0.0010280399583280087 0
1731853280526 0.0007914113230071962 0
1731853295602 0.0009572288836352527 0
