1731849855183 0.0008035722421482205 0
1731849874954 0.0005157747073099017 0
1731849894552 0.0004020628985017538 0
1731849914285 0.0003240837249904871 0
1731849933883 0.0003220251528546214 0
1731849953586 0.0003075084532611072 0
1731849973196 0.00031078761094249785 0
1731849992899 0.0002719525364227593 0
1731850012522 0.0002853345649782568 0
1731850032249 0.00025772221852093935 0
1731850051841 0.0003070560051128268 0
1731850071542 0.00026555423391982913 0
1731850091144 0.0002876899379771203 0
1731850110848 0.0002664504572749138 0
1731850130424 0.0002741816861089319 0
1731850147786 0.00025825516786426306 0
1731850165123 0.0002372187009314075 0
1731850182543 0.00028266204753890634 0
1731850199923 0.0002557008992880583 0
1731850217285 0.0002914353972300887 0
1731850234669 0.00023451141896657646 0
1731850252031 0.00025050644762814045 0
1731850268566 0.0003393166116438806 0
1731850284709 0.0002302918437635526 0
1731850300975 0.00023120007244870067 0
1731850317255 0.0002786746481433511 0
1731850333527 0.0003500439925119281 0
1731850349703 0.00034714757930487394 0
1731850365989 0.00023702537873759866 0
1731850382331 0.0002473721979185939 0
1731850397897 0.00024604651844128966 0
1731850413476 0.000303512264508754 0
1731850429031 0.0002681192709133029 0
1731850444603 0.00022204856213647872 0
1731850460148 0.00030984487966634333 0
1731850475721 0.00020989016047678888 0
1731850491305 0.00024302084057126194 0
1731850506478 0.0002685929648578167 0
1731850521655 0.00021338684018701315 0
1731850536713 0.0002164336619898677 0
1731850551883 0.00022404169430956244 0
1731850566937 0.00030084914760664105 0
1731850582098 0.00027583714108914137 0
1731850597172 0.00021958249271847308 0
1731850612677 0.0002458545204717666 0
1731850627762 0.00022924496443010867 0
1731850642922 0.00022107821132522076 0
1731850658011 0.0001954102044692263 0
1731850673195 0.0002132314839400351 0
1731850688301 0.00020776494056917727 0
1731850703494 0.00020818092161789536 0
1731850718583 0.0002116025279974565 0
1731850733785 0.0002452659828122705 0
1731850748849 0.00022611927124671638 0
1731850764043 0.00021083954197820276 0
1731850779142 0.00022934010485187173 0
1731850794328 0.00019770818471442908 0
1731850809429 0.00021177093731239438 0
1731850824614 0.00020937746739946306 0
1731850840034 0.0003027874627150595 0
1731850855205 0.00021764732082374394 0
1731850870308 0.00019258659449405968 0
1731850885490 0.0002086002059513703 0
1731850900590 0.00021546881180256605 0
1731850915800 0.00018965464551001787 0
1731850930925 0.00021234537416603416 0
1731850946131 0.00021189670951571316 0
1731850961224 0.00023039944062475115 0
1731850976426 0.0002012464974541217 0
1731850991542 0.00019145250553265214 0
1731851006750 0.00025469757383689284 0
1731851021853 0.00019120289653073996 0
1731851037070 0.00022364416508935392 0
1731851052196 0.00021129428932908922 0
1731851067762 0.00022177105711307377 0
1731851082897 0.00020588333427440375 0
1731851098106 0.0002089800254907459 0
1731851113240 0.00021881880820728838 0
1731851128445 0.0002113797381753102 0
1731851143561 0.00020161914289928973 0
1731851158774 0.00019028909446205944 0
1731851173885 0.0001907752885017544 0
1731851189113 0.00024842852144502103 0
1731851204235 0.00021625687077175826 0
1731851219442 0.00019831335521303117 0
1731851234556 0.00018704202375374734 0
1731851249769 0.0001841459597926587 0
1731851264895 0.00019632725161500275 0
1731851280551 0.00020027390564791858 0
1731851295657 0.00020488607697188854 0
1731851310863 0.0001973289909074083 0
1731851325976 0.0001942915259860456 0
1731851341160 0.0001834309077821672 0
1731851356254 0.00019097013864666224 0
1731851371470 0.00020460074301809072 0
1731851386540 0.0001888001715997234 0
1731851401747 0.00020874329493381083 0
1731851416850 0.0001813937269616872 0
1731851432037 0.0002076511736959219 0
1731851447110 0.0002157248673029244 0
1731851462305 0.00019088835688307881 0
1731851477412 0.0002072408387903124 0
1731851492601 0.00019827687356155366 0
1731851508047 0.00019369857909623533 0
1731851523240 0.000204672192921862 0
1731851538337 0.00020575098460540175 0
1731851553516 0.00020966384909115732 0
1731851568598 0.00018562847981229424 0
1731851583807 0.00018290415755473077 0
1731851598884 0.0001907899568323046 0
1731851614081 0.00019497351604513824 0
1731851629183 0.00020205546752549708 0
1731851644369 0.0001962308888323605 0
1731851659457 0.0001940848887898028 0
1731851674648 0.00020920160750392824 0
1731851689744 0.00018332002218812704 0
1731851704928 0.00018865859601646662 0
1731851720006 0.00018234021263197064 0
1731851735583 0.0002013713092310354 0
1731851750694 0.00019813630206044763 0
1731851765849 0.00017998158000409603 0
1731851780946 0.0001991708850255236 0
1731851796168 0.00018140404426958412 0
1731851811265 0.00019426573999226093 0
1731851826428 0.00019064608204644173 0
1731851841515 0.0001897733163787052 0
1731851856694 0.00019174964108970016 0
1731851871768 0.00022786992485634983 0
1731851886950 0.00018008184270001948 0
1731851902036 0.00019700470147654414 0
1731851917231 0.00019093233277089894 0
1731851932325 0.00019331570365466177 0
1731851947484 0.0001924470125231892 0
1731851962928 0.00019070928101427853 0
1731851978101 0.00017546908929944038 0
1731851993163 0.00017382187070325017 0
1731852008358 0.00018617004388943315 0
1731852023452 0.00018645584350451827 0
1731852038624 0.0001919325877679512 0
1731852053678 0.00018150443793274462 0
1731852068844 0.00018860033014789224 0
1731852083899 0.00018045595788862556 0
1731852099074 0.00018064724281430244 0
1731852114152 0.00019077124306932092 0
1731852129333 0.00017485837452113628 0
1731852144419 0.0001847755629569292 0
1731852159557 0.00018980089225806296 0
1731852174658 0.00017976254457607865 0
1731852190146 0.00019171187886968255 0
1731852205223 0.00017390947323292494 0
1731852220413 0.00017932718037627637 0
1731852235482 0.00018785607244353741 0
1731852250667 0.00018407779862172902 0
1731852265763 0.0001772923133103177 0
1731852280927 0.0001855942391557619 0
1731852296003 0.00018397034727968276 0
1731852311169 0.00018894887762144208 0
1731852326233 0.00018580730829853565 0
1731852341423 0.000207061180844903 0
1731852356481 0.00020069186575710773 0
1731852371658 0.00017740271869115531 0
1731852386750 0.00016709670308046043 0
1731852402283 0.00018423398432787508 0
1731852417346 0.00018815502698998898 0
1731852432544 0.00017506888252682984 0
1731852447613 0.0001993341720663011 0
1731852462799 0.00017948748427443206 0
1731852477880 0.0001862819481175393 0
1731852493057 0.00017506818403489888 0
1731852508118 0.00017494676285423338 0
1731852523281 0.00020134101214352995 0
1731852538364 0.00017545880109537393 0
1731852553545 0.0001767115609254688 0
1731852568599 0.00017287989612668753 0
1731852583766 0.0001803341438062489 0
1731852598826 0.0001708919880911708 0
1731852614035 0.00017992914945352823 0
1731852629458 0.0001831183908507228 0
1731852644620 0.0001763261534506455 0
1731852659685 0.00017634477990213782 0
1731852674870 0.00017983924772124738 0
1731852689920 0.00017474289052188396 0
1731852705117 0.00019302943837828934 0
1731852720204 0.000175596316694282 0
1731852735375 0.00019720871932804585 0
1731852750456 0.00016954982129391283 0
1731852765643 0.00018048251513391733 0
1731852780720 0.00018230691784992814 0
1731852795888 0.0001775591663317755 0
1731852810971 0.00019198741938453168 0
1731852826140 0.0001763185573508963 0
1731852841213 0.0001737014390528202 0
1731852856729 0.0001789677480701357 0
1731852871807 0.0001682741567492485 0
1731852886979 0.00017817395564634353 0
1731852902015 0.00016815376875456423 0
1731852917196 0.00018280587391927838 0
1731852932286 0.0001771154347807169 0
1731852947445 0.00017399714852217585 0
1731852962523 0.00018193447613157332 0
1731852977691 0.00017766767996363342 0
1731852992781 0.00017468172882217914 0
1731853007948 0.00018783676205202937 0
1731853023028 0.00016677274834364653 0
1731853038195 0.00018304004333913326 0
1731853053261 0.00016467805835418403 0
1731853068447 0.00017630562069825828 0
1731853083874 0.00016617312212474644 0
1731853099062 0.00018692649609874934 0
1731853114131 0.00017443789693061262 0
1731853129291 0.00018737080972641706 0
1731853144375 0.0001735812984406948 0
1731853159543 0.00015829442418180406 0
1731853174624 0.00017608606140129268 0
1731853189774 0.00017516626394353807 0
1731853204853 0.0001816678704926744 0
1731853220030 0.0001760706363711506 0
1731853235111 0.00017086006118915975 0
1731853250280 0.0001856709859566763 0
1731853265353 0.00019931900897063315 0
1731853280526 0.00018014127272181213 0
1731853295602 0.00017021584790199995 0
