1731849854832 0.01602586917579174 0
1731849874442 0.016013765707612038 0
1731849893987 0.01429855078458786 0
1731849913755 0.013583481311798096 0
1731849933463 0.013392477296292782 0
1731849953292 0.012677552178502083 0
1731849973137 0.012315131723880768 0
1731849993076 0.011751508340239525 0
1731850012950 0.011935936287045479 0
1731850032970 0.01174907572567463 0
1731850052925 0.012219217605888844 0
1731850072981 0.012254483066499233 0
1731850092973 0.012117335572838783 0
1731850113089 0.01204152312129736 0
1731850133082 0.01182638667523861 0
1731850150906 0.011321811936795712 0
1731850168702 0.011395311914384365 0
1731850186530 0.011758925393223763 0
1731850204371 0.011942730285227299 0
1731850222256 0.01171861868351698 0
1731850240091 0.01188261155039072 0
1731850257963 0.011740071699023247 0
1731850275000 0.011484450660645962 0
1731850291603 0.012048834003508091 0
1731850308390 0.011780781671404839 0
1731850325140 0.01202955562621355 0
1731850341909 0.011727727949619293 0
1731850358581 0.011252217926084995 0
1731850375355 0.0113889304921031 0
1731850392207 0.011575639247894287 0
1731850408251 0.011504924856126308 0
1731850424337 0.011288128793239594 0
1731850440386 0.011290890164673328 0
1731850456442 0.011686845682561398 0
1731850472550 0.011204040609300137 0
1731850488620 0.011118545196950436 0
1731850504954 0.011488096788525581 0
1731850520630 0.011422011069953442 0
1731850536287 0.01139469537883997 0
1731850551878 0.011190895922482014 0
1731850567551 0.011509256437420845 0
1731850583130 0.011411119252443314 0
1731850598823 0.011311963200569153 0
1731850614418 0.011161227710545063 0
1731850630502 0.011354082264006138 0
1731850646089 0.010837545618414879 0
1731850661800 0.010817788541316986 0
1731850677385 0.010948065668344498 0
1731850693061 0.011165676638484001 0
1731850708671 0.011346088722348213 0
1731850724400 0.011136095970869064 0
1731850739999 0.011496373452246189 0
1731850755689 0.011392828077077866 0
1731850771297 0.011494889855384827 0
1731850787009 0.011805064976215363 0
1731850802615 0.011342561803758144 0
1731850818358 0.011405660770833492 0
1731850833935 0.011035537347197533 0
1731850849658 0.011250383220613003 0
1731850865685 0.011067667044699192 0
1731850881417 0.01097920909523964 0
1731850897021 0.011141194961965084 0
1731850912757 0.010895833373069763 0
1731850928351 0.011433578096330166 0
1731850944070 0.011130762286484241 0
1731850959667 0.01103129517287016 0
1731850975397 0.010953093878924847 0
1731850990988 0.010848810896277428 0
1731851006713 0.010881093330681324 0
1731851022300 0.011076787486672401 0
1731851038042 0.010763735510408878 0
1731851053665 0.010695130564272404 0
1731851069382 0.010669795796275139 0
1731851085035 0.010606491006910801 0
1731851101077 0.010639050975441933 0
1731851116715 0.01058089081197977 0
1731851132441 0.010573760606348515 0
1731851148076 0.010634498670697212 0
1731851163791 0.01109530869871378 0
1731851179393 0.010553672909736633 0
1731851195120 0.010429470799863338 0
1731851210713 0.010556492954492569 0
1731851226432 0.010771253146231174 0
1731851242065 0.010449139401316643 0
1731851257843 0.010473627597093582 0
1731851273448 0.010570337995886803 0
1731851289169 0.01067526638507843 0
1731851304806 0.01049104519188404 0
1731851320914 0.010468649677932262 0
1731851336499 0.010708292946219444 0
1731851352200 0.010597215965390205 0
1731851367826 0.010644123889505863 0
1731851383525 0.010888859629631042 0
1731851399157 0.010725856758654118 0
1731851414897 0.01063002273440361 0
1731851430544 0.010600344277918339 0
1731851446258 0.010528448969125748 0
1731851461879 0.010508122853934765 0
1731851477625 0.010393335483968258 0
1731851493240 0.010418027639389038 0
1731851508989 0.010527300648391247 0
1731851524649 0.010467305779457092 0
1731851540387 0.010352151468396187 0
1731851556373 0.010409443639218807 0
1731851572112 0.010345549322664738 0
1731851587735 0.010424192063510418 0
1731851603471 0.010082148015499115 0
1731851619119 0.010109533555805683 0
1731851634858 0.010311352089047432 0
1731851650523 0.010329032316803932 0
1731851666262 0.010438643395900726 0
1731851681916 0.010208160616457462 0
1731851697660 0.01040610671043396 0
1731851713296 0.010323326103389263 0
1731851729059 0.010417299345135689 0
1731851744698 0.010324724949896336 0
1731851760426 0.010334127582609653 0
1731851776047 0.010208800435066223 0
1731851792172 0.010265105403959751 0
1731851807804 0.010210873559117317 0
1731851823534 0.010258698835968971 0
1731851839145 0.010175636038184166 0
1731851854912 0.010221240110695362 0
1731851870543 0.010071128606796265 0
1731851886274 0.010187724605202675 0
1731851901950 0.010109749622642994 0
1731851917693 0.010278242640197277 0
1731851933346 0.010195626877248287 0
1731851949095 0.010365938767790794 0
1731851964744 0.010234165005385876 0
1731851980465 0.010165094397962093 0
1731851996133 0.010120570659637451 0
1731852011908 0.010294544510543346 0
1731852027955 0.010169999673962593 0
1731852043711 0.010158435441553593 0
1731852059356 0.01016425620764494 0
1731852075090 0.010226733051240444 0
1731852090719 0.010239465162158012 0
1731852106482 0.010132677853107452 0
1731852122129 0.01022422593086958 0
1731852137884 0.010243645869195461 0
1731852153528 0.010240500792860985 0
1731852169272 0.009983349591493607 0
1731852184920 0.009984936565160751 0
1731852200668 0.010018776170909405 0
1731852216324 0.010137578472495079 0
1731852232066 0.010029515251517296 0
1731852247716 0.009935636073350906 0
1731852263802 0.010150926187634468 0
1731852279456 0.010145870968699455 0
1731852295212 0.010100133717060089 0
1731852310854 0.009877467527985573 0
1731852326640 0.009971758350729942 0
1731852342298 0.009937174618244171 0
1731852358040 0.009995795786380768 0
1731852373714 0.010050555691123009 0
1731852389476 0.010015600360929966 0
1731852405128 0.01000527385622263 0
1731852420894 0.00992539431899786 0
1731852436552 0.01004038006067276 0
1731852452303 0.010012195445597172 0
1731852467950 0.009945442900061607 0
1731852484070 0.01004687137901783 0
1731852499718 0.010091186501085758 0
1731852515466 0.010061434470117092 0
1731852531098 0.00983755849301815 0
1731852546840 0.00988946296274662 0
1731852562479 0.010014109313488007 0
1731852578237 0.009953844361007214 0
1731852593875 0.009836932644248009 0
1731852609627 0.01001716312021017 0
1731852625228 0.009975878521800041 0
1731852640940 0.010023386217653751 0
1731852656559 0.009989332407712936 0
1731852672284 0.009885093197226524 0
1731852687874 0.009800426661968231 0
1731852703613 0.009799132123589516 0
1731852719602 0.00980528537184 0
1731852735321 0.009767791256308556 0
1731852750945 0.009814949706196785 0
1731852766679 0.009867398999631405 0
1731852782297 0.009883117862045765 0
1731852798029 0.009973101317882538 0
1731852813667 0.009919592179358006 0
1731852829399 0.00991913489997387 0
1731852844998 0.009929879568517208 0
1731852860706 0.00978816207498312 0
1731852876372 0.00996184628456831 0
1731852892130 0.009848689660429955 0
1731852907734 0.009869969449937344 0
1731852923459 0.009825324639678001 0
1731852939116 0.009817357175052166 0
1731852955142 0.00977111142128706 0
1731852970777 0.009792715311050415 0
1731852986505 0.00976239237934351 0
1731853002122 0.009771225973963737 0
1731853017860 0.00988767109811306 0
1731853033500 0.009874626994132996 0
1731853049229 0.00990948174148798 0
1731853064860 0.0098811574280262 0
1731853080566 0.009790675714612007 0
1731853096196 0.009729262441396713 0
1731853111914 0.009867079555988312 0
1731853127511 0.009785152040421963 0
1731853143221 0.0097826411947608 0
1731853158827 0.009724401868879795 0
1731853174532 0.009769062511622906 0
1731853190509 0.009762662462890148 0
1731853206246 0.009864619933068752 0
1731853221866 0.009896415285766125 0
1731853237564 0.009848618879914284 0
1731853253152 0.009980153292417526 0
1731853268846 0.009880511090159416 0
1731853284435 0.009816864505410194 0
1731853300136 0.009798387996852398 0
1731853315767 0.00990296434611082 0
1731853331499 0.009871977381408215 0
1731853347101 0.009861364029347897 0
1731853362804 0.009913613088428974 0
1731853378418 0.009820806793868542 0
1731853394128 0.00981173850595951 0
1731853409741 0.009702647104859352 0
