1731849854832 1.648081660270691 0
1731849874442 0.9761564135551453 0
1731849893987 0.8762381076812744 0
1731849913755 0.8147698044776917 0
1731849933463 0.7747701406478882 0
1731849953292 1.1038857698440552 0
1731849973137 1.036250114440918 0
1731849993076 0.9465569257736206 0
1731850012950 0.8427509069442749 0
1731850032970 0.69847571849823 0
1731850052925 0.779330313205719 0
1731850072981 0.898033857345581 0
1731850092973 0.8984692692756653 0
1731850113089 1.1195731163024902 0
1731850133082 0.8148087859153748 0
1731850150906 0.7658584713935852 0
1731850168702 0.7772634029388428 0
1731850186530 0.7648534774780273 0
1731850204371 1.2377594709396362 0
1731850222256 0.8686459064483643 0
1731850240091 0.8176777362823486 0
1731850257963 0.8716684579849243 0
1731850275000 0.7372010350227356 0
1731850291603 0.8228639364242554 0
1731850308390 0.7667859196662903 0
1731850325140 0.7446163296699524 0
1731850341909 0.8258249759674072 0
1731850358581 0.7452589273452759 0
1731850375355 0.8089340329170227 0
1731850392207 0.9436679482460022 0
1731850408251 0.6935746669769287 0
1731850424337 0.7199503183364868 0
1731850440386 0.8505836129188538 0
1731850456442 0.7053847312927246 0
1731850472550 0.7675656676292419 0
1731850488620 0.821096658706665 0
1731850504954 0.8196373581886292 0
1731850520630 0.8466127514839172 0
1731850536287 0.695075511932373 0
1731850551878 0.9598149657249451 0
1731850567551 0.7134554982185364 0
1731850583130 0.9726651906967163 0
1731850598823 0.6359469294548035 0
1731850614418 0.8733673095703125 0
1731850630502 0.8661583662033081 0
1731850646089 0.7834082841873169 0
1731850661800 0.8162218332290649 0
1731850677385 0.9254946112632751 0
1731850693061 0.8561563491821289 0
1731850708671 0.6532935500144958 0
1731850724400 0.652563214302063 0
1731850739999 0.7928332090377808 0
1731850755689 0.6587080955505371 0
1731850771297 0.7312276363372803 0
1731850787009 0.5892270803451538 0
1731850802615 0.9772393107414246 0
1731850818358 0.6841885447502136 0
1731850833935 0.8475077152252197 0
1731850849658 0.7182652950286865 0
1731850865685 0.6749608516693115 0
1731850881417 0.7014197707176208 0
1731850897021 0.634056568145752 0
1731850912757 0.6690163612365723 0
1731850928351 0.9070108532905579 0
1731850944070 0.7741113305091858 0
1731850959667 0.6292152404785156 0
1731850975397 0.6856603026390076 0
1731850990988 0.7132702469825745 0
1731851006713 0.8227102756500244 0
1731851022300 0.6510462164878845 0
1731851038042 0.6553525924682617 0
1731851053665 0.7482790946960449 0
1731851069382 0.6122802495956421 0
1731851085035 0.624216616153717 0
1731851101077 0.5685511827468872 0
1731851116715 0.6977056264877319 0
1731851132441 0.6427428722381592 0
1731851148076 0.6308138370513916 0
1731851163791 0.9015121459960938 0
1731851179393 0.8535589575767517 0
1731851195120 0.6428457498550415 0
1731851210713 1.0441017150878906 0
1731851226432 0.644440770149231 0
1731851242065 0.7017362117767334 0
1731851257843 0.6507068276405334 0
1731851273448 0.6139222383499146 0
1731851289169 0.6593634486198425 0
1731851304806 0.6078136563301086 0
1731851320914 0.755320131778717 0
1731851336499 0.6098355054855347 0
1731851352200 0.7758861780166626 0
1731851367826 0.5995849370956421 0
1731851383525 0.7028611898422241 0
1731851399157 0.5614945888519287 0
1731851414897 0.5874754190444946 0
1731851430544 0.6780025959014893 0
1731851446258 0.5625887513160706 0
1731851461879 0.600491464138031 0
1731851477625 0.5687164664268494 0
1731851493240 0.6164818406105042 0
1731851508989 0.5946179032325745 0
1731851524649 0.645750880241394 0
1731851540387 0.6086828708648682 0
1731851556373 0.5666494369506836 0
1731851572112 0.6031274199485779 0
1731851587735 0.5300495624542236 0
1731851603471 0.5646569132804871 0
1731851619119 0.5673694610595703 0
1731851634858 0.6988917589187622 0
1731851650523 0.5902700424194336 0
1731851666262 0.577559769153595 0
1731851681916 0.6515213847160339 0
1731851697660 0.6269513368606567 0
1731851713296 0.5842675566673279 0
1731851729059 0.547527551651001 0
1731851744698 0.5804318785667419 0
1731851760426 0.5764812231063843 0
1731851776047 0.5535101294517517 0
1731851792172 0.6346167325973511 0
1731851807804 0.5834320783615112 0
1731851823534 0.6905025839805603 0
1731851839145 0.5888110399246216 0
1731851854912 0.5653403401374817 0
1731851870543 0.6424392461776733 0
1731851886274 0.5806684494018555 0
1731851901950 0.6508199572563171 0
1731851917693 0.5941591858863831 0
1731851933346 0.5235834121704102 0
1731851949095 0.5812715291976929 0
1731851964744 0.5524346232414246 0
1731851980465 0.5283617377281189 0
1731851996133 0.5675366520881653 0
1731852011908 0.5612958669662476 0
1731852027955 0.570331871509552 0
1731852043711 0.5832499265670776 0
1731852059356 0.5637291669845581 0
1731852075090 0.5540117025375366 0
1731852090719 0.564258337020874 0
1731852106482 0.5860640406608582 0
1731852122129 0.5693644285202026 0
1731852137884 0.5899694561958313 0
1731852153528 0.6286154389381409 0
1731852169272 0.582031786441803 0
1731852184920 0.5476046800613403 0
1731852200668 0.5232281684875488 0
1731852216324 0.6080992221832275 0
1731852232066 0.5880542993545532 0
1731852247716 0.5462509989738464 0
1731852263802 0.5811092257499695 0
1731852279456 0.6390982866287231 0
1731852295212 0.5266768336296082 0
1731852310854 0.6428248882293701 0
1731852326640 0.5574802756309509 0
1731852342298 0.5315993428230286 0
1731852358040 0.5712020993232727 0
1731852373714 0.5382470488548279 0
1731852389476 0.5535464882850647 0
1731852405128 0.5152570009231567 0
1731852420894 0.5172497630119324 0
1731852436552 0.5937196612358093 0
1731852452303 0.5148345232009888 0
1731852467950 0.5584730505943298 0
1731852484070 0.5599129796028137 0
1731852499718 0.5505663156509399 0
1731852515466 0.5181447267532349 0
1731852531098 0.5834165215492249 0
1731852546840 0.5594660043716431 0
1731852562479 0.5406301021575928 0
1731852578237 0.525267481803894 0
1731852593875 0.545266330242157 0
1731852609627 0.5242318511009216 0
1731852625228 0.5525126457214355 0
1731852640940 0.551085352897644 0
1731852656559 0.542667806148529 0
1731852672284 0.5521532297134399 0
1731852687874 0.5826441049575806 0
1731852703613 0.5501082539558411 0
1731852719602 0.5271953344345093 0
1731852735321 0.5742285847663879 0
1731852750945 0.5413434505462646 0
1731852766679 0.5772677063941956 0
1731852782297 0.5767682194709778 0
1731852798029 0.5333882570266724 0
1731852813667 0.5149536728858948 0
1731852829399 0.5102416276931763 0
1731852844998 0.5340433120727539 0
1731852860706 0.565960705280304 0
1731852876372 0.5415987372398376 0
1731852892130 0.5082141160964966 0
1731852907734 0.5218734741210938 0
1731852923459 0.522347629070282 0
1731852939116 0.5344768762588501 0
1731852955142 0.5453159213066101 0
1731852970777 0.5383254289627075 0
1731852986505 0.5253599286079407 0
1731853002122 0.545921266078949 0
1731853017860 0.5236188769340515 0
1731853033500 0.5533420443534851 0
1731853049229 0.5401181578636169 0
1731853064860 0.576796293258667 0
1731853080566 0.5513743162155151 0
1731853096196 0.558236300945282 0
1731853111914 0.5167803168296814 0
1731853127511 0.5454663038253784 0
1731853143221 0.5387309789657593 0
1731853158827 0.5261725187301636 0
1731853174532 0.5848801732063293 0
1731853190509 0.6277164816856384 0
1731853206246 0.5288708806037903 0
1731853221866 0.5281734466552734 0
1731853237564 0.5525201559066772 0
1731853253152 0.5173280239105225 0
1731853268846 0.5355618000030518 0
1731853284435 0.5553247332572937 0
1731853300136 0.5769373774528503 0
1731853315767 0.5563139915466309 0
1731853331499 0.5523304343223572 0
1731853347101 0.5358002185821533 0
1731853362804 0.5212029814720154 0
1731853378418 0.5586673617362976 0
1731853394128 0.5276823043823242 0
1731853409741 0.5505519509315491 0
