1731849854835 0.0005069329054094851 0
1731849874446 0.00042340668733231723 0
1731849893989 0.0003650123253464699 0
1731849913758 0.0003084770869463682 0
1731849933465 0.0002616597630549222 0
1731849953294 0.00021799148817081004 0
1731849973139 0.00018613261636346579 0
1731849993078 0.00016602543473709375 0
1731850012952 0.00014901001122780144 0
1731850032972 0.00013000553008168936 0
1731850052927 0.00011979693954344839 0
1731850072984 0.00011496350634843111 0
1731850092975 0.00010556494089541957 0
1731850113091 9.814363875193521e-05 0
1731850133085 9.315502393292263e-05 0
1731850150908 8.824252290651202e-05 0
1731850168704 8.702444029040635e-05 0
1731850186533 8.046344009926543e-05 0
1731850204372 8.166620682459325e-05 0
1731850222258 7.77599707362242e-05 0
1731850240094 7.690160418860614e-05 0
1731850257965 7.39372189855203e-05 0
1731850275003 7.32457046979107e-05 0
1731850291606 7.330128573812544e-05 0
1731850308392 7.277460099430755e-05 0
1731850325142 7.248527253977954e-05 0
1731850341911 7.258916593855247e-05 0
1731850358583 7.104952965164557e-05 0
1731850375357 6.885452603455633e-05 0
1731850392209 6.675001350231469e-05 0
1731850408253 6.632857548538595e-05 0
1731850424340 6.532322004204616e-05 0
1731850440388 6.725582352373749e-05 0
1731850456444 6.441916048061103e-05 0
1731850472552 6.472675886470824e-05 0
1731850488622 6.334722274914384e-05 0
1731850504956 6.463773752329871e-05 0
1731850520632 6.249395664781332e-05 0
1731850536289 5.948013858869672e-05 0
1731850551881 5.728920586989261e-05 0
1731850567553 5.9554997278610244e-05 0
1731850583132 5.6426983064739034e-05 0
1731850598826 5.642633550451137e-05 0
1731850614420 5.81398926442489e-05 0
1731850630504 5.6966844567796215e-05 0
1731850646091 5.7016404753085226e-05 0
1731850661802 5.518056786968373e-05 0
1731850677387 5.3509618737734854e-05 0
1731850693063 5.457303996081464e-05 0
1731850708673 5.592842717305757e-05 0
1731850724402 5.1986757171107456e-05 0
1731850740001 5.181995948078111e-05 0
1731850755691 5.2609706472139806e-05 0
1731850771300 4.832843842450529e-05 0
1731850787011 4.9835685786092654e-05 0
1731850802618 5.12430451635737e-05 0
1731850818360 4.9794929509516805e-05 0
1731850833937 4.794674532604404e-05 0
1731850849660 4.8310372221749276e-05 0
1731850865688 4.494637323659845e-05 0
1731850881419 4.7220739361364394e-05 0
1731850897023 4.72014035040047e-05 0
1731850912759 4.674895899370313e-05 0
1731850928354 4.66665078420192e-05 0
1731850944072 4.7460147470701486e-05 0
1731850959670 4.384409839985892e-05 0
1731850975399 4.4390413677319884e-05 0
1731850990990 4.4931915908819064e-05 0
1731851006715 4.31546795880422e-05 0
1731851022303 4.366676148492843e-05 0
1731851038044 4.1273229726357386e-05 0
1731851053667 4.215527587803081e-05 0
1731851069384 4.10135107813403e-05 0
1731851085037 4.2351381125627086e-05 0
1731851101079 4.110228474019095e-05 0
1731851116717 4.274170350981876e-05 0
1731851132443 4.056116449646652e-05 0
1731851148078 4.0050887037068605e-05 0
1731851163793 3.75310264644213e-05 0
1731851179396 3.95758033846505e-05 0
1731851195122 3.9359125366900116e-05 0
1731851210715 3.918413131032139e-05 0
1731851226435 3.899295552400872e-05 0
1731851242067 3.888894570991397e-05 0
1731851257845 3.996176383225247e-05 0
1731851273450 3.663219467853196e-05 0
1731851289171 3.7212332244962454e-05 0
1731851304808 3.628104241215624e-05 0
1731851320916 3.760246909223497e-05 0
1731851336502 5.395768312155269e-05 0
1731851352202 4.6194112655939534e-05 0
1731851367828 4.154083217144944e-05 0
1731851383528 4.2455183574929833e-05 0
1731851399160 4.1920156945707276e-05 0
1731851414899 4.060273931827396e-05 0
1731851430546 3.857667252304964e-05 0
1731851446260 3.926763019990176e-05 0
1731851461881 3.671062586363405e-05 0
1731851477627 3.7428784708026797e-05 0
1731851493243 3.7680580135202035e-05 0
1731851508991 3.6450896004680544e-05 0
1731851524651 3.768541864701547e-05 0
1731851540390 3.5900437069358304e-05 0
1731851556375 3.845615719910711e-05 0
1731851572114 3.519689562381245e-05 0
1731851587737 3.6521108995657414e-05 0
1731851603474 3.5652145015774295e-05 0
1731851619121 3.4011110983556136e-05 0
1731851634860 3.520604514051229e-05 0
1731851650526 3.4055821743095294e-05 0
1731851666264 3.377976463525556e-05 0
1731851681918 3.423007728997618e-05 0
1731851697663 3.3986369089689106e-05 0
1731851713299 3.404754534130916e-05 0
1731851729062 3.1452269467990845e-05 0
1731851744700 3.3630425605224445e-05 0
1731851760429 3.3054049708880484e-05 0
1731851776049 3.430552897043526e-05 0
1731851792174 3.282146280980669e-05 0
1731851807806 3.2261239539366215e-05 0
1731851823536 3.164222289342433e-05 0
1731851839147 3.1318912078859285e-05 0
1731851854914 3.207751069567166e-05 0
1731851870545 3.18036945827771e-05 0
1731851886276 3.12622869387269e-05 0
1731851901952 3.221997030777857e-05 0
1731851917696 3.24879219988361e-05 0
1731851933347 3.1451694667339325e-05 0
1731851949097 3.029438630619552e-05 0
1731851964747 3.0109480576356873e-05 0
1731851980467 3.149520853185095e-05 0
1731851996135 3.077387736993842e-05 0
1731852011911 3.264433689764701e-05 0
1731852027957 3.0659371986985207e-05 0
1731852043713 3.2230182114290074e-05 0
1731852059358 3.129426113446243e-05 0
1731852075092 2.9569668186013587e-05 0
1731852090721 2.9944401831016876e-05 0
1731852106484 2.967287764477078e-05 0
1731852122132 2.899028368119616e-05 0
1731852137886 2.9695154807996005e-05 0
1731852153530 2.7991261958959512e-05 0
1731852169274 2.791864244500175e-05 0
1731852184922 2.9565424483735114e-05 0
1731852200670 3.0302269806270488e-05 0
1731852216326 2.9149805413908325e-05 0
1731852232069 2.861598477466032e-05 0
1731852247718 2.866488830477465e-05 0
1731852263804 2.7999045414617285e-05 0
1731852279459 2.7107207642984577e-05 0
1731852295214 2.9595250452985056e-05 0
1731852310856 2.7454450901132077e-05 0
1731852326643 2.9066413844702765e-05 0
1731852342300 2.8561749786604196e-05 0
1731852358042 2.9468068532878533e-05 0
1731852373716 2.808313729474321e-05 0
1731852389479 2.7933818273595534e-05 0
1731852405130 2.6252564566675574e-05 0
1731852420896 2.7234298613620922e-05 0
1731852436555 2.86460362985963e-05 0
1731852452304 2.7199810574529693e-05 0
1731852467952 2.729241350607481e-05 0
1731852484072 2.7204125217394903e-05 0
1731852499720 2.741296702879481e-05 0
1731852515468 2.9988717869855464e-05 0
1731852531100 2.937550380011089e-05 0
1731852546842 2.8280035621719435e-05 0
1731852562481 2.855981256288942e-05 0
1731852578239 2.8474816645029932e-05 0
1731852593878 2.716630115173757e-05 0
1731852609629 2.792219129332807e-05 0
1731852625230 2.7230520572629757e-05 0
1731852640942 2.6696467102738097e-05 0
1731852656561 2.7914757083635777e-05 0
1731852672286 2.718705036386382e-05 0
1731852687876 2.6436102416482754e-05 0
1731852703615 2.6321726181777194e-05 0
1731852719604 2.691476584004704e-05 0
1731852735323 2.6908457584795542e-05 0
1731852750948 2.6621548386174254e-05 0
1731852766681 2.6563287974568084e-05 0
1731852782299 2.5396882847417146e-05 0
1731852798031 2.4758050130913034e-05 0
1731852813671 2.5523764634272084e-05 0
1731852829401 2.6103500204044394e-05 0
1731852845000 2.5579925932106562e-05 0
1731852860708 2.540068089729175e-05 0
1731852876374 2.5528281184961088e-05 0
1731852892131 2.582424167485442e-05 0
1731852907736 2.41866127907997e-05 0
1731852923461 2.60749802691862e-05 0
1731852939118 2.4505132387275808e-05 0
1731852955145 2.4586910512880422e-05 0
1731852970779 2.6266123313689604e-05 0
1731852986507 2.5188101062667556e-05 0
1731853002124 2.6380270355730318e-05 0
1731853017863 2.5393625037395395e-05 0
1731853033502 2.523882176319603e-05 0
1731853049230 2.5947911126422696e-05 0
1731853064863 2.5175404516630806e-05 0
1731853080568 2.452760236337781e-05 0
1731853096198 2.6155543309869245e-05 0
1731853111916 2.4288607164635323e-05 0
1731853127513 2.407433021289762e-05 0
1731853143223 2.4007906176848337e-05 0
1731853158829 2.4740682420087978e-05 0
1731853174535 2.3894395781098865e-05 0
1731853190511 2.4515484255971387e-05 0
1731853206248 2.4158940505003557e-05 0
1731853221868 2.366975968470797e-05 0
1731853237565 2.3281576432054862e-05 0
1731853253154 2.466757177899126e-05 0
1731853268849 2.3770135157974437e-05 0
1731853284437 2.4065040634013712e-05 0
1731853300138 2.3636470359633677e-05 0
1731853315770 2.3677015633438714e-05 0
1731853331501 2.3545248041045852e-05 0
1731853347103 2.2896962036611512e-05 0
1731853362807 2.2687621822115034e-05 0
1731853378420 2.1942105377092957e-05 0
1731853394130 2.3256006898009218e-05 0
1731853409743 2.447377482894808e-05 0
