1731849854835 0.0006542938644997776 0
1731849874446 0.00013969821156933904 0
1731849893989 0.0001173667551483959 0
1731849913758 9.391780622536317e-05 0
1731849933465 8.538753900211304e-05 0
1731849953294 7.408849342027679e-05 0
1731849973139 7.900696073193103e-05 0
1731849993078 8.078329847194254e-05 0
1731850012952 7.864260987844318e-05 0
1731850032972 6.951928662601858e-05 0
1731850052927 7.96079111751169e-05 0
1731850072984 9.370863699587062e-05 0
1731850092975 7.699143316131085e-05 0
1731850113091 9.642114309826866e-05 0
1731850133085 9.744583076098934e-05 0
1731850150908 0.0001119722583098337 0
1731850168704 9.433506784262136e-05 0
1731850186533 9.264107211492956e-05 0
1731850204372 0.00012118459562771022 0
1731850222258 0.00011070059554185718 0
1731850240094 0.0001184741995530203 0
1731850257965 0.00010703130101319402 0
1731850275003 0.0001251651847269386 0
1731850291606 0.00010350941738579422 0
1731850308392 0.00014532911882270128 0
1731850325142 0.0001636698143556714 0
1731850341911 0.00014428666327148676 0
1731850358583 0.00013105648395139724 0
1731850375357 0.00013066000246908516 0
1731850392209 0.00016317515110131353 0
1731850408253 0.00018232868751510978 0
1731850424340 0.000151795320562087 0
1731850440388 0.00016893271822482347 0
1731850456444 0.00015492839156650007 0
1731850472552 0.00017524331633467227 0
1731850488622 0.00015647814143449068 0
1731850504956 0.0001628018799237907 0
1731850520632 0.00018513991381041706 0
1731850536289 0.00015954294940456748 0
1731850551881 0.00020179798593744636 0
1731850567553 0.00015715378685854375 0
1731850583132 0.00017320469487458467 0
1731850598826 0.0001541295787319541 0
1731850614420 0.000157531991135329 0
1731850630504 0.00022651119797956198 0
1731850646091 0.00019562833767849952 0
1731850661802 0.00019554432947188616 0
1731850677387 0.00017500875401310623 0
1731850693063 0.00018111587269231677 0
1731850708673 0.00020306659280322492 0
1731850724402 0.00021736891358159482 0
1731850740001 0.0001819107710616663 0
1731850755691 0.0002106478059431538 0
1731850771300 0.00020166963804513216 0
1731850787011 0.00019658061501104385 0
1731850802618 0.0002319243358215317 0
1731850818360 0.0002039181417785585 0
1731850833937 0.00019897990569006652 0
1731850849660 0.0001885814272100106 0
1731850865688 0.00019441824406385422 0
1731850881419 0.0001992818433791399 0
1731850897023 0.00020090454199817032 0
1731850912759 0.00022731379431206733 0
1731850928354 0.00022858442389406264 0
1731850944072 0.000211285354453139 0
1731850959670 0.00021314405603334308 0
1731850975399 0.00022107994300313294 0
1731850990990 0.00021221631322987378 0
1731851006715 0.00019693694775924087 0
1731851022303 0.00021088012726977468 0
1731851038044 0.00020931955077685416 0
1731851053667 0.00023632004740647972 0
1731851069384 0.00018019969866145402 0
1731851085037 0.00021179539908189327 0
1731851101079 0.00023398608027491719 0
1731851116717 0.00021491097868420184 0
1731851132443 0.00021950902009848505 0
1731851148078 0.00023613596567884088 0
1731851163793 0.00022549048298969865 0
1731851179396 0.00020080851390957832 0
1731851195122 0.00021919106075074524 0
1731851210715 0.00022916882880963385 0
1731851226435 0.0002206247008871287 0
1731851242067 0.00023701426107436419 0
1731851257845 0.0002657964651007205 0
1731851273450 0.0002173735701944679 0
1731851289171 0.0002110129571519792 0
1731851304808 0.000249157368671149 0
1731851320916 0.00023198453709483147 0
1731851336502 0.00024256290635094047 0
1731851352202 0.00021787484001833946 0
1731851367828 0.00019344256725162268 0
1731851383528 0.00024267128901556134 0
1731851399160 0.00023191270884126425 0
1731851414899 0.00023075987701304257 0
1731851430546 0.00022464583162218332 0
1731851446260 0.0002253153797937557 0
1731851461881 0.00023042982502374798 0
1731851477627 0.00026598619297146797 0
1731851493243 0.0002641771570779383 0
1731851508991 0.00024723587557673454 0
1731851524651 0.0002859748783521354 0
1731851540390 0.0002672275004442781 0
1731851556375 0.00027697120094671845 0
1731851572114 0.00023065318237058818 0
1731851587737 0.0002777844783850014 0
1731851603474 0.0002203181793447584 0
1731851619121 0.00024693665909580886 0
1731851634860 0.0002491537597961724 0
1731851650526 0.0002402089594397694 0
1731851666264 0.0002361080696573481 0
1731851681918 0.00024925387697294354 0
1731851697663 0.000285844987956807 0
1731851713299 0.00023585720919072628 0
1731851729062 0.00024410805781371891 0
1731851744700 0.0002928112226072699 0
1731851760429 0.0002882815897464752 0
1731851776049 0.00026870128931477666 0
1731851792174 0.00025952907162718475 0
1731851807806 0.00024221022613346577 0
1731851823536 0.00023653355310671031 0
1731851839147 0.0002469211758580059 0
1731851854914 0.00023833138402551413 0
1731851870545 0.00023811953724361956 0
1731851886276 0.0002910384791903198 0
1731851901952 0.00026572111528366804 0
1731851917696 0.0002450369647704065 0
1731851933347 0.0002496967790648341 0
1731851949097 0.00027931208023801446 0
1731851964747 0.0002406912244623527 0
1731851980467 0.0002904227585531771 0
1731851996135 0.0002911260526161641 0
1731852011911 0.0002759245107881725 0
1731852027957 0.00026220278232358396 0
1731852043713 0.0002850032178685069 0
1731852059358 0.00028049579123035073 0
1731852075092 0.0002714736619964242 0
1731852090721 0.00029567882302217185 0
1731852106484 0.00025802181335166097 0
1731852122132 0.0002577661070972681 0
1731852137886 0.0002723959623835981 0
1731852153530 0.00026918144430965185 0
1731852169274 0.00028166110860183835 0
1731852184922 0.0002616742276586592 0
1731852200670 0.0003044907352887094 0
1731852216326 0.00027093751123175025 0
1731852232069 0.000277201208518818 0
1731852247718 0.0002582256274763495 0
1731852263804 0.0002884573768824339 0
1731852279459 0.0002864515990950167 0
1731852295214 0.0002430126623949036 0
1731852310856 0.00028931882116012275 0
1731852326643 0.00029464525869116187 0
1731852342300 0.0002675025607459247 0
1731852358042 0.0002836714847944677 0
1731852373716 0.00033041363349184394 0
1731852389479 0.0002981220022775233 0
1731852405130 0.00024139514425769448 0
1731852420896 0.0002737483009696007 0
1731852436555 0.0003326558799017221 0
1731852452304 0.00027667247923091054 0
1731852467952 0.0002721772179938853 0
1731852484072 0.000327335816109553 0
1731852499720 0.0002944581210613251 0
1731852515468 0.0003282143152318895 0
1731852531100 0.0002827366115525365 0
1731852546842 0.00033666065428406 0
1731852562481 0.0003126260417047888 0
1731852578239 0.0003402474394533783 0
1731852593878 0.0002957413380499929 0
1731852609629 0.00030559784499928355 0
1731852625230 0.0002905263099819422 0
1731852640942 0.0003025367623195052 0
1731852656561 0.00029823940712958574 0
1731852672286 0.00029455521143972874 0
1731852687876 0.0002555305836722255 0
1731852703615 0.00030242581851780415 0
1731852719604 0.00034342941944487393 0
1731852735323 0.0003104858042206615 0
1731852750948 0.00032153946813195944 0
1731852766681 0.00030043377773836255 0
1731852782299 0.00029127561720088124 0
1731852798031 0.00027434405637905 0
1731852813671 0.00027162302285432816 0
1731852829401 0.00030169764067977667 0
1731852845000 0.00028707325691357255 0
1731852860708 0.00029504942358471453 0
1731852876374 0.00031638756627216935 0
1731852892131 0.00034181136288680136 0
1731852907736 0.000265830778516829 0
1731852923461 0.0002959043486043811 0
1731852939118 0.0002943064318969846 0
1731852955145 0.00029426271794363856 0
1731852970779 0.00033469911431893706 0
1731852986507 0.00029374007135629654 0
1731853002124 0.0003303729754406959 0
1731853017863 0.0002953012299258262 0
1731853033502 0.0002773237938527018 0
1731853049230 0.0002777815971057862 0
1731853064863 0.00032600382110103965 0
1731853080568 0.0003018261631950736 0
1731853096198 0.00033760175574570894 0
1731853111916 0.00031834590481594205 0
1731853127513 0.00032447976991534233 0
1731853143223 0.00028507167007774115 0
1731853158829 0.0003141976485494524 0
1731853174535 0.0002983359736390412 0
1731853190511 0.000352195231243968 0
1731853206248 0.0003265373525209725 0
1731853221868 0.0003017470007762313 0
1731853237565 0.0003367505269125104 0
1731853253154 0.0003235904732719064 0
1731853268849 0.0003309795865789056 0
1731853284437 0.00031983305234462023 0
1731853300138 0.00032704579643905163 0
1731853315770 0.0003472333773970604 0
1731853331501 0.00029913015896454453 0
1731853347103 0.0002995366230607033 0
1731853362807 0.00033712663571350276 0
1731853378420 0.0002980094577651471 0
1731853394130 0.00037344894371926785 0
1731853409743 0.00031605438562110066 0
