1731849854832 21.64482879638672 0
1731849874442 22.99506950378418 0
1731849893987 23.282730102539062 0
1731849913755 23.98683738708496 0
1731849933463 24.09967613220215 0
1731849953292 23.828943252563477 0
1731849973137 24.505176544189453 0
1731849993076 24.856332778930664 0
1731850012950 24.824424743652344 0
1731850032970 24.668169021606445 0
1731850052925 24.80756950378418 0
1731850072981 24.28028678894043 0
1731850092973 24.808879852294922 0
1731850113089 25.258007049560547 0
1731850133082 25.055721282958984 0
1731850150906 25.91181182861328 0
1731850168702 24.921905517578125 0
1731850186530 25.017995834350586 0
1731850204371 25.46941375732422 0
1731850222256 24.68827247619629 0
1731850240091 25.501222610473633 0
1731850257963 25.493000030517578 0
1731850275000 25.76919937133789 0
1731850291603 25.114965438842773 0
1731850308390 25.153278350830078 0
1731850325140 25.145790100097656 0
1731850341909 25.111095428466797 0
1731850358581 25.671703338623047 0
1731850375355 25.303611755371094 0
1731850392207 25.923513412475586 0
1731850408251 25.4148006439209 0
1731850424337 25.53150177001953 0
1731850440386 25.1801700592041 0
1731850456442 25.170835494995117 0
1731850472550 25.816625595092773 0
1731850488620 25.92169761657715 0
1731850504954 25.70404052734375 0
1731850520630 25.93633270263672 0
1731850536287 25.747859954833984 0
1731850551878 25.749156951904297 0
1731850567551 25.543853759765625 0
1731850583130 26.06389808654785 0
1731850598823 25.84479331970215 0
1731850614418 25.5311279296875 0
1731850630502 26.318784713745117 0
1731850646089 26.13030242919922 0
1731850661800 25.367040634155273 0
1731850677385 26.155458450317383 0
1731850693061 26.880638122558594 0
1731850708671 26.872465133666992 0
1731850724400 25.596628189086914 0
1731850739999 25.430484771728516 0
1731850755689 26.33562660217285 0
1731850771297 26.782855987548828 0
1731850787009 26.06000328063965 0
1731850802615 26.338529586791992 0
1731850818358 26.01218032836914 0
1731850833935 25.706218719482422 0
1731850849658 25.842666625976562 0
1731850865685 26.050039291381836 0
1731850881417 26.537317276000977 0
1731850897021 26.79656219482422 0
1731850912757 26.117263793945312 0
1731850928351 26.712148666381836 0
1731850944070 26.263193130493164 0
1731850959667 26.355749130249023 0
1731850975397 26.089950561523438 0
1731850990988 26.599645614624023 0
1731851006713 26.62986183166504 0
1731851022300 25.67736053466797 0
1731851038042 27.156253814697266 0
1731851053665 27.591657638549805 0
1731851069382 26.8292293548584 0
1731851085035 26.92144775390625 0
1731851101077 25.95751190185547 0
1731851116715 26.459949493408203 0
1731851132441 26.473209381103516 0
1731851148076 26.74983787536621 0
1731851163791 27.096538543701172 0
1731851179393 27.127933502197266 0
1731851195120 26.75555419921875 0
1731851210713 26.70634651184082 0
1731851226432 27.297597885131836 0
1731851242065 27.284770965576172 0
1731851257843 26.811691284179688 0
1731851273448 26.994970321655273 0
1731851289169 27.539525985717773 0
1731851304806 26.85268783569336 0
1731851320914 27.23017692565918 0
1731851336499 26.720046997070312 0
1731851352200 26.648408889770508 0
1731851367826 27.500560760498047 0
1731851383525 27.044069290161133 0
1731851399157 26.875295639038086 0
1731851414897 27.196758270263672 0
1731851430544 27.11989974975586 0
1731851446258 27.04336929321289 0
1731851461879 26.97923469543457 0
1731851477625 26.883390426635742 0
1731851493240 27.405864715576172 0
1731851508989 27.457969665527344 0
1731851524649 26.865629196166992 0
1731851540387 26.748096466064453 0
1731851556373 27.12277603149414 0
1731851572112 27.519245147705078 0
1731851587735 26.960851669311523 0
1731851603471 27.360607147216797 0
1731851619119 27.390872955322266 0
1731851634858 27.83839225769043 0
1731851650523 27.829029083251953 0
1731851666262 27.727230072021484 0
1731851681916 27.459089279174805 0
1731851697660 27.318296432495117 0
1731851713296 27.170597076416016 0
1731851729059 27.41307830810547 0
1731851744698 27.689001083374023 0
1731851760426 27.737716674804688 0
1731851776047 27.934139251708984 0
1731851792172 27.833221435546875 0
1731851807804 27.981735229492188 0
1731851823534 27.303083419799805 0
1731851839145 27.721847534179688 0
1731851854912 28.020919799804688 0
1731851870543 28.127050399780273 0
1731851886274 27.892356872558594 0
1731851901950 27.70375633239746 0
1731851917693 27.879045486450195 0
1731851933346 27.959156036376953 0
1731851949095 28.230966567993164 0
1731851964744 27.794618606567383 0
1731851980465 27.89859962463379 0
1731851996133 27.59955596923828 0
1731852011908 27.463571548461914 0
1731852027955 27.561466217041016 0
1731852043711 27.817794799804688 0
1731852059356 27.169780731201172 0
1731852075090 27.552570343017578 0
1731852090719 27.41054916381836 0
1731852106482 27.63218879699707 0
1731852122129 28.77802848815918 0
1731852137884 28.074995040893555 0
1731852153528 28.05428123474121 0
1731852169272 28.094642639160156 0
1731852184920 27.52798080444336 0
1731852200668 27.22697639465332 0
1731852216324 28.239107131958008 0
1731852232066 28.089937210083008 0
1731852247716 27.30883026123047 0
1731852263802 28.025997161865234 0
1731852279456 27.90312385559082 0
1731852295212 27.638174057006836 0
1731852310854 28.582746505737305 0
1731852326640 27.693103790283203 0
1731852342298 28.230112075805664 0
1731852358040 27.5685977935791 0
1731852373714 28.259675979614258 0
1731852389476 28.09440803527832 0
1731852405128 28.509462356567383 0
1731852420894 28.232637405395508 0
1731852436552 28.1204776763916 0
1731852452303 28.207252502441406 0
1731852467950 27.52648162841797 0
1731852484070 27.973501205444336 0
1731852499718 28.11573600769043 0
1731852515466 28.284772872924805 0
1731852531098 28.442537307739258 0
1731852546840 28.391002655029297 0
1731852562479 28.564115524291992 0
1731852578237 28.171371459960938 0
1731852593875 28.781328201293945 0
1731852609627 27.956871032714844 0
1731852625228 28.792991638183594 0
1731852640940 28.485107421875 0
1731852656559 28.624202728271484 0
1731852672284 28.414466857910156 0
1731852687874 29.163230895996094 0
1731852703613 28.251493453979492 0
1731852719602 28.801631927490234 0
1731852735321 28.672504425048828 0
1731852750945 28.612855911254883 0
1731852766679 28.369144439697266 0
1731852782297 28.770980834960938 0
1731852798029 28.97516441345215 0
1731852813667 28.649524688720703 0
1731852829399 28.510112762451172 0
1731852844998 28.52634048461914 0
1731852860706 28.856307983398438 0
1731852876372 28.320003509521484 0
1731852892130 28.576370239257812 0
1731852907734 28.52332305908203 0
1731852923459 28.373640060424805 0
1731852939116 28.316923141479492 0
1731852955142 28.8359375 0
1731852970777 28.972307205200195 0
1731852986505 29.26185417175293 0
1731853002122 28.62883949279785 0
1731853017860 28.36944580078125 0
1731853033500 28.490394592285156 0
1731853049229 28.028221130371094 0
1731853064860 28.17945098876953 0
1731853080566 29.129709243774414 0
1731853096196 28.848112106323242 0
1731853111914 28.51310157775879 0
1731853127511 29.239585876464844 0
1731853143221 29.55892562866211 0
1731853158827 28.683250427246094 0
1731853174532 28.71866226196289 0
1731853190509 28.602916717529297 0
1731853206246 29.591880798339844 0
1731853221866 28.72681999206543 0
1731853237564 28.898653030395508 0
1731853253152 28.017244338989258 0
1731853268846 28.485572814941406 0
1731853284435 29.348251342773438 0
1731853300136 28.6676025390625 0
1731853315767 29.227628707885742 0
1731853331499 28.7354793548584 0
1731853347101 28.907175064086914 0
1731853362804 28.840133666992188 0
1731853378418 29.235275268554688 0
1731853394128 29.290029525756836 0
1731853409741 29.338218688964844 0
