1731849854835 0.0005780693609267473 0
1731849874446 0.00033223367063328624 0
1731849893989 0.0002498277463018894 0
1731849913758 0.0003010716463904828 0
1731849933465 0.00027659774059429765 0
1731849953294 0.00027511006919667125 0
1731849973139 0.00019888512906618416 0
1731849993078 0.0002490889164619148 0
1731850012952 0.00019990063447039574 0
1731850032972 0.0002486130688339472 0
1731850052927 0.00023097747180145234 0
1731850072984 0.00024233738076873124 0
1731850092975 0.00023350065748672932 0
1731850113091 0.00016336838598363101 0
1731850133085 0.00017037164070643485 0
1731850150908 0.00017661158926784992 0
1731850168704 0.0001746102498145774 0
1731850186533 0.00019266207527834922 0
1731850204372 0.00019768257334362715 0
1731850222258 0.0002261370827909559 0
1731850240094 0.00020174990640953183 0
1731850257965 0.00026735482970252633 0
1731850275003 0.00019874534336850047 0
1731850291606 0.0002144168975064531 0
1731850308392 0.0001584139245096594 0
1731850325142 0.00029737676959484816 0
1731850341911 0.00017587363254278898 0
1731850358583 0.00020282254263292998 0
1731850375357 0.00017066072905436158 0
1731850392209 0.00020905422570649534 0
1731850408253 0.00017837545601651073 0
1731850424340 0.00021447791368700564 0
1731850440388 0.000145650003105402 0
1731850456444 0.00021658613695763052 0
1731850472552 0.00015920490841381252 0
1731850488622 0.00020789461268577725 0
1731850504956 0.00020313698041718453 0
1731850520632 0.00015416694805026054 0
1731850536289 0.0001869035477284342 0
1731850551881 0.000176550995092839 0
1731850567553 0.00014382081280928105 0
1731850583132 0.00013369132648222148 0
1731850598826 0.00020067216246388853 0
1731850614420 0.00017326587112620473 0
1731850630504 0.00014381998335011303 0
1731850646091 0.0002235161082353443 0
1731850661802 0.0001872070279205218 0
1731850677387 0.00016054578009061515 0
1731850693063 0.00018776938668452203 0
1731850708673 0.000166409692610614 0
1731850724402 0.00015338617959059775 0
1731850740001 0.00013987442071083933 0
1731850755691 0.0002496466040611267 0
1731850771300 0.00012205874372739345 0
1731850787011 0.00016861397307366133 0
1731850802618 0.0001782933104550466 0
1731850818360 0.00013894264702685177 0
1731850833937 0.0001827627420425415 0
1731850849660 0.00017292125266976655 0
1731850865688 0.0001289609499508515 0
1731850881419 0.00016652955673635006 0
1731850897023 0.0001710904762148857 0
1731850912759 0.00016398067236877978 0
1731850928354 0.00010828234371729195 0
1731850944072 0.00013143738033249974 0
1731850959670 0.00013266912719700485 0
1731850975399 0.0001542968093417585 0
1731850990990 0.00015499464643653482 0
1731851006715 0.00012551112740766257 0
1731851022303 0.00016563376993872225 0
1731851038044 0.00012904506002087146 0
1731851053667 0.00012185271771159023 0
1731851069384 0.0001121278983191587 0
1731851085037 0.00012133151176385581 0
1731851101079 0.00014092364290263504 0
1731851116717 0.00012477472773753107 0
1731851132443 0.00013723592564929277 0
1731851148078 0.0001267841726075858 0
1731851163793 0.00011150196951348335 0
1731851179396 0.0001382975751766935 0
1731851195122 0.00014057646330911666 0
1731851210715 0.00011780757631640881 0
1731851226435 0.00013085447426419705 0
1731851242067 0.00013603111437987536 0
1731851257845 0.00012869993224740028 0
1731851273450 0.00015350266767200083 0
1731851289171 0.0001489159039920196 0
1731851304808 0.00014832672604825348 0
1731851320916 0.00011534912482602522 0
1731851336502 0.00016766905901022255 0
1731851352202 0.00014558600378222764 0
1731851367828 0.0001179310493171215 0
1731851383528 0.00012637725740205497 0
1731851399160 0.00011768735566874966 0
1731851414899 0.00012897867418359965 0
1731851430546 0.0001348925579804927 0
1731851446260 0.00014919575187377632 0
1731851461881 0.000130740663735196 0
1731851477627 0.00015030551003292203 0
1731851493243 0.00013038533506914973 0
1731851508991 0.00012753947521559894 0
1731851524651 0.0001509044086560607 0
1731851540390 0.00012350095494184643 0
1731851556375 0.00014095637015998363 0
1731851572114 0.00010754867980722338 0
1731851587737 0.00011839340004371479 0
1731851603474 0.0001122624526033178 0
1731851619121 0.0001132567849708721 0
1731851634860 0.00012294443149585277 0
1731851650526 0.00011031187023036182 0
1731851666264 0.00011951116903219372 0
1731851681918 0.00012122822226956487 0
1731851697663 0.0001370983081869781 0
1731851713299 0.0001196472003357485 0
1731851729062 0.00012148343375883996 0
1731851744700 0.00012081263412255794 0
1731851760429 0.00011762893700506538 0
1731851776049 0.00011830149742309004 0
1731851792174 0.00011212132085347548 0
1731851807806 0.00010167639993596822 0
1731851823536 0.00013761318405158818 0
1731851839147 0.00013261992717161775 0
1731851854914 0.00010896293679252267 0
1731851870545 0.0001293082896154374 0
1731851886276 0.00010956870391964912 0
1731851901952 0.00012562255142256618 0
1731851917696 0.00010592844046186656 0
1731851933347 0.00011736297165043652 0
1731851949097 0.00012138175952713937 0
1731851964747 0.00010865702643059194 0
1731851980467 0.0001265532337129116 0
1731851996135 0.00011314210132695735 0
1731852011911 0.00012367067392915487 0
1731852027957 0.00011087793973274529 0
1731852043713 0.00011989394261036068 0
1731852059358 0.0001139715313911438 0
1731852075092 0.00012975552817806602 0
1731852090721 0.00012597852037288249 0
1731852106484 9.743720875121653e-05 0
1731852122132 0.0001497811608714983 0
1731852137886 0.00010338253923691809 0
1731852153530 0.00013394979760050774 0
1731852169274 0.00012281571980565786 0
1731852184922 0.0001255781389772892 0
1731852200670 0.0001247185282409191 0
1731852216326 0.00011823444219771773 0
1731852232069 0.00010125859989784658 0
1731852247718 9.677230991655961e-05 0
1731852263804 0.00012198535114293918 0
1731852279459 0.00012856180546805263 0
1731852295214 0.0001222717110067606 0
1731852310856 0.00011916948278667405 0
1731852326643 0.00012091626558685675 0
1731852342300 9.575151489116251e-05 0
1731852358042 0.00011477271618787199 0
1731852373716 0.00011677314614644274 0
1731852389479 0.00011945799633394927 0
1731852405130 9.990854596253484e-05 0
1731852420896 0.00012475886614993215 0
1731852436555 0.000126787053886801 0
1731852452304 0.00010900247434619814 0
1731852467952 0.00012752189650200307 0
1731852484072 9.735830099089071e-05 0
1731852499720 0.00013370871602091938 0
1731852515468 0.00010558495705481619 0
1731852531100 0.00013759861758444458 0
1731852546842 0.00010660091356839985 0
1731852562481 9.617362229619175e-05 0
1731852578239 0.00012630650599021465 0
1731852593878 0.00012941390741616488 0
1731852609629 0.00012216868344694376 0
1731852625230 0.00012029767094645649 0
1731852640942 0.00011275109136477113 0
1731852656561 0.00011245002679061145 0
1731852672286 0.00010377306898590177 0
1731852687876 9.525976201985031e-05 0
1731852703615 0.00010845092765521258 0
1731852719604 0.00010696723620640114 0
1731852735323 0.00013317483535502106 0
1731852750948 0.00010298832785338163 0
1731852766681 0.00011107056343462318 0
1731852782299 0.00010080718493554741 0
1731852798031 9.22364997677505e-05 0
1731852813671 0.00010528271377552301 0
1731852829401 0.00011495541548356414 0
1731852845000 0.00010268173355143517 0
1731852860708 9.569727990310639e-05 0
1731852876374 8.59172796481289e-05 0
1731852892131 9.558977035339922e-05 0
1731852907736 9.671288717072457e-05 0
1731852923461 0.00010731941438280046 0
1731852939118 0.00010449343244545162 0
1731852955145 0.0001107535426854156 0
1731852970779 0.00013552827294915915 0
1731852986507 0.00010837530862772837 0
1731853002124 0.00012934512051288038 0
1731853017863 0.00011991981591563672 0
1731853033502 0.00011171634105267003 0
1731853049230 0.00014725635992363095 0
1731853064863 0.00010686309542506933 0
1731853080568 0.0001262135338038206 0
1731853096198 0.00011089968029409647 0
1731853111916 8.752213761908934e-05 0
1731853127513 9.646395483287051e-05 0
1731853143223 0.00010459049372002482 0
1731853158829 9.476595732849091e-05 0
1731853174535 0.00010175907664233819 0
1731853190511 8.298706234199926e-05 0
1731853206248 0.00010700934217311442 0
1731853221868 0.00013925299572292715 0
1731853237565 9.816740202950314e-05 0
1731853253154 9.604988736100495e-05 0
1731853268849 0.00011548586189746857 0
1731853284437 0.00011614971299422905 0
1731853300138 0.00012041314039379358 0
1731853315770 0.00010898592881858349 0
1731853331501 9.009189670905471e-05 0
1731853347103 0.00010677391401259229 0
1731853362807 9.245627734344453e-05 0
1731853378420 0.00014292984269559383 0
1731853394130 0.00010078952618641779 0
1731853409743 9.353465429740027e-05 0
