1731963698782 0.6705979704856873 0
1731963718747 0.5502539873123169 0
1731963738598 0.4978310763835907 0
1731963758532 0.46513259410858154 0
1731963778336 0.4457535147666931 0
1731963798238 0.4400642514228821 0
1731963818027 0.426177442073822 0
1731963837937 0.4105001986026764 0
1731963857754 0.4280872642993927 0
1731963877673 0.4232017695903778 0
1731963897470 0.4168231189250946 0
1731963917416 0.41242244839668274 0
1731963937271 0.412797212600708 0
1731963957192 0.4010266661643982 0
1731963976976 0.41148489713668823 0
1731963994707 0.4188980758190155 0
1731964012417 0.42013996839523315 0
1731964030148 0.4062282145023346 0
1731964047862 0.4161809980869293 0
1731964065569 0.42066827416419983 0
1731964083272 0.40288740396499634 0
1731964100978 0.41622111201286316 0
1731964117934 0.41476157307624817 0
1731964134506 0.40570300817489624 0
1731964151179 0.3998495042324066 0
1731964167816 0.40183281898498535 0
1731964184461 0.4166945219039917 0
1731964200989 0.42235052585601807 0
1731964217623 0.40926656126976013 0
1731964234261 0.4078049957752228 0
1731964250209 0.4025607407093048 0
1731964266189 0.4195011854171753 0
1731964282137 0.4071325957775116 0
1731964298106 0.39497819542884827 0
1731964314053 0.39987918734550476 0
1731964329992 0.41528260707855225 0
1731964345959 0.4107448160648346 0
1731964361543 0.4091225862503052 0
1731964377132 0.4079492688179016 0
1731964392613 0.4039566218852997 0
1731964408153 0.4098465144634247 0
1731964423621 0.4127712547779083 0
1731964439157 0.4176064133644104 0
1731964454624 0.41523340344429016 0
1731964470474 0.4023463726043701 0
1731964485903 0.40088629722595215 0
1731964501457 0.4057309031486511 0
1731964516903 0.40621426701545715 0
1731964532454 0.41134798526763916 0
1731964547917 0.40484267473220825 0
1731964563478 0.41309240460395813 0
1731964578901 0.40338003635406494 0
1731964594435 0.39802929759025574 0
1731964609867 0.40079882740974426 0
1731964625387 0.3998841941356659 0
1731964640830 0.4065624177455902 0
1731964656348 0.40140634775161743 0
1731964671745 0.39888715744018555 0
1731964687284 0.40936845541000366 0
1731964703004 0.405567467212677 0
1731964718520 0.404508113861084 0
1731964733951 0.4046507775783539 0
1731964749452 0.4007352292537689 0
1731964764892 0.4036847651004791 0
1731964780432 0.40568962693214417 0
1731964795841 0.4011201560497284 0
1731964811348 0.3953491747379303 0
1731964826778 0.4150800406932831 0
1731964842287 0.3980039656162262 0
1731964857674 0.40969112515449524 0
1731964873172 0.4003102481365204 0
1731964888560 0.40059998631477356 0
1731964904056 0.4025413990020752 0
1731964919446 0.4067798852920532 0
1731964935273 0.4049071967601776 0
1731964950679 0.4059750437736511 0
1731964966168 0.39963391423225403 0
1731964981560 0.40393751859664917 0
1731964997022 0.40342679619789124 0
1731965012416 0.39713379740715027 0
1731965027912 0.39809808135032654 0
1731965043320 0.4028504192829132 0
1731965058793 0.400712788105011 0
1731965074200 0.4086923897266388 0
1731965089698 0.40255671739578247 0
1731965105093 0.40806612372398376 0
1731965120579 0.40264686942100525 0
1731965135957 0.40299034118652344 0
1731965151754 0.4033217430114746 0
1731965167148 0.4039079248905182 0
1731965182607 0.4038620889186859 0
1731965197970 0.4130738377571106 0
1731965213430 0.4003423750400543 0
1731965228831 0.4062546491622925 0
1731965244275 0.4007909297943115 0
1731965259648 0.40541553497314453 0
1731965275103 0.40098416805267334 0
1731965290494 0.40221861004829407 0
1731965305934 0.39994579553604126 0
1731965321302 0.396523118019104 0
1731965336732 0.4052247703075409 0
1731965352098 0.41039904952049255 0
1731965367625 0.4008159637451172 0
1731965383382 0.40203356742858887 0
1731965398922 0.40235263109207153 0
1731965414297 0.4033478796482086 0
1731965429738 0.40270376205444336 0
1731965445090 0.39733272790908813 0
1731965460510 0.4018315374851227 0
1731965475858 0.4024517238140106 0
1731965491300 0.40147143602371216 0
1731965506655 0.4050856828689575 0
1731965522110 0.40459227561950684 0
1731965537437 0.40711602568626404 0
1731965552883 0.4003162682056427 0
1731965568231 0.40173962712287903 0
1731965583677 0.4041643738746643 0
1731965599042 0.4035560190677643 0
1731965614785 0.4040311872959137 0
1731965630113 0.40295547246932983 0
1731965645575 0.39778175950050354 0
1731965660910 0.4055858254432678 0
1731965676341 0.40030214190483093 0
1731965691704 0.40020444989204407 0
1731965707132 0.4057137072086334 0
1731965722449 0.40343809127807617 0
1731965737889 0.3992266058921814 0
1731965753211 0.3966352939605713 0
1731965768616 0.4052210748195648 0
1731965783902 0.40204015374183655 0
1731965799321 0.40218886733055115 0
1731965814655 0.40486714243888855 0
1731965830070 0.40010982751846313 0
1731965845682 0.40538159012794495 0
1731965861081 0.3994334638118744 0
1731965876407 0.40347713232040405 0
1731965891809 0.4026288092136383 0
1731965907115 0.4015239179134369 0
1731965922548 0.4021983742713928 0
1731965937868 0.40120765566825867 0
1731965953279 0.4049279987812042 0
1731965968573 0.4011401832103729 0
1731965983992 0.4034973382949829 0
1731965999316 0.4022327661514282 0
1731966014734 0.39847084879875183 0
1731966030016 0.40434572100639343 0
1731966045399 0.40106895565986633 0
1731966060678 0.40232524275779724 0
1731966076388 0.40032362937927246 0
1731966091673 0.40294185280799866 0
1731966107083 0.39648908376693726 0
1731966122373 0.401370108127594 0
1731966137748 0.40040433406829834 0
1731966153047 0.40606099367141724 0
1731966168433 0.3997673988342285 0
1731966183712 0.4014928936958313 0
1731966199097 0.40296515822410583 0
1731966214396 0.39487308263778687 0
1731966229791 0.4004780054092407 0
1731966245066 0.40112483501434326 0
1731966260432 0.4010293185710907 0
1731966275729 0.400677353143692 0
1731966291383 0.40561583638191223 0
1731966306668 0.402492493391037 0
1731966322055 0.398153692483902 0
1731966337350 0.3989521861076355 0
1731966352707 0.4033287763595581 0
1731966367993 0.40601086616516113 0
1731966383374 0.4020421504974365 0
1731966398638 0.40270939469337463 0
1731966414017 0.3998352587223053 0
1731966429287 0.4007766842842102 0
1731966444645 0.39889100193977356 0
1731966459919 0.40298014879226685 0
1731966475294 0.4016331434249878 0
1731966490581 0.4007454216480255 0
1731966505966 0.40142038464546204 0
1731966521580 0.4056124687194824 0
1731966536935 0.3988719582557678 0
1731966552213 0.39872634410858154 0
1731966567587 0.4048594534397125 0
1731966582875 0.4020005762577057 0
1731966598242 0.3991229236125946 0
1731966613615 0.40464723110198975 0
1731966629040 0.39985549449920654 0
1731966644359 0.4025207459926605 0
1731966659776 0.4012143015861511 0
1731966675052 0.3990030586719513 0
1731966690420 0.3991345763206482 0
1731966705682 0.3992079794406891 0
1731966721062 0.4028600752353668 0
1731966736305 0.4024218022823334 0
1731966751979 0.4023672044277191 0
1731966767276 0.40291520953178406 0
1731966782631 0.4015618860721588 0
1731966797915 0.40050169825553894 0
1731966813276 0.40024155378341675 0
1731966828542 0.4016856551170349 0
1731966843921 0.40098464488983154 0
1731966859180 0.40297502279281616 0
1731966874543 0.399460107088089 0
1731966889791 0.3999374508857727 0
1731966905146 0.4009583592414856 0
1731966920423 0.40008246898651123 0
1731966935774 0.40136969089508057 0
1731966951027 0.4002366364002228 0
1731966966391 0.40164172649383545 0
1731966981960 0.40002328157424927 0
1731966997314 0.39974352717399597 0
1731967012570 0.39753568172454834 0
1731967027915 0.39913293719291687 0
1731967043154 0.4031310975551605 0
1731967058529 0.40303176641464233 0
1731967073773 0.39853066205978394 0
1731967089130 0.40310707688331604 0
1731967104393 0.40171077847480774 0
1731967119728 0.4013875722885132 0
1731967134995 0.39935505390167236 0
1731967150331 0.40321916341781616 0
1731967165599 0.40031084418296814 0
1731967180947 0.39975038170814514 0
1731967196230 0.3985185921192169 0
