1731963698782 1.1598520278930664 0
1731963718747 1.1934007406234741 0
1731963738598 1.0153261423110962 0
1731963758532 1.0830442905426025 0
1731963778336 1.195639967918396 0
1731963798238 1.1556191444396973 0
1731963818027 1.0870845317840576 0
1731963837937 1.0345993041992188 0
1731963857754 1.057572603225708 0
1731963877673 1.0737364292144775 0
1731963897470 1.042981505393982 0
1731963917416 0.9907863140106201 0
1731963937271 0.9467539191246033 0
1731963957192 1.033321499824524 0
1731963976976 0.9507663249969482 0
1731963994707 0.9391117095947266 0
1731964012417 0.9705022573471069 0
1731964030148 0.9968042373657227 0
1731964047862 1.0065301656723022 0
1731964065569 0.9938740134239197 0
1731964083272 0.9683915376663208 0
1731964100978 0.9686306118965149 0
1731964117934 0.9563584327697754 0
1731964134506 0.9319508671760559 0
1731964151179 0.9261598587036133 0
1731964167816 0.9471237063407898 0
1731964184461 0.9631769061088562 0
1731964200989 0.9583547711372375 0
1731964217623 0.9298500418663025 0
1731964234261 0.9881485104560852 0
1731964250209 0.9590656757354736 0
1731964266189 0.9756959676742554 0
1731964282137 0.9222193360328674 0
1731964298106 0.9431218504905701 0
1731964314053 0.9038955569267273 0
1731964329992 0.98173987865448 0
1731964345959 0.974930465221405 0
1731964361543 0.9410607218742371 0
1731964377132 0.9761918187141418 0
1731964392613 1.0011581182479858 0
1731964408153 0.9256029725074768 0
1731964423621 0.9830979108810425 0
1731964439157 0.9524825215339661 0
1731964454624 0.9373090267181396 0
1731964470474 0.9335322976112366 0
1731964485903 0.944466769695282 0
1731964501457 0.9420322179794312 0
1731964516903 0.9547281861305237 0
1731964532454 0.974593997001648 0
1731964547917 0.9468794465065002 0
1731964563478 0.9409865736961365 0
1731964578901 0.9353655576705933 0
1731964594435 0.9158660769462585 0
1731964609867 0.8996134400367737 0
1731964625387 0.9947280883789062 0
1731964640830 0.9433343410491943 0
1731964656348 0.9142509698867798 0
1731964671745 0.954321563243866 0
1731964687284 0.9058793187141418 0
1731964703004 0.9395865201950073 0
1731964718520 0.9425965547561646 0
1731964733951 0.9306989312171936 0
1731964749452 0.9528731107711792 0
1731964764892 0.9665051102638245 0
1731964780432 0.9546393752098083 0
1731964795841 0.989460825920105 0
1731964811348 0.9429475665092468 0
1731964826778 0.9553937911987305 0
1731964842287 0.9140921831130981 0
1731964857674 0.9735574126243591 0
1731964873172 0.9617425799369812 0
1731964888560 0.9236024618148804 0
1731964904056 0.959033191204071 0
1731964919446 0.9369533658027649 0
1731964935273 0.9323363304138184 0
1731964950679 0.9236387610435486 0
1731964966168 0.9273278117179871 0
1731964981560 0.9560249447822571 0
1731964997022 0.9499648809432983 0
1731965012416 0.9522281885147095 0
1731965027912 0.9395976066589355 0
1731965043320 0.9307726621627808 0
1731965058793 0.9325975775718689 0
1731965074200 0.9703163504600525 0
1731965089698 0.9437916278839111 0
1731965105093 0.9764043092727661 0
1731965120579 0.9541420340538025 0
1731965135957 0.9820417761802673 0
1731965151754 0.9361647963523865 0
1731965167148 0.9212508201599121 0
1731965182607 0.9326997399330139 0
1731965197970 1.013795256614685 0
1731965213430 0.9545143842697144 0
1731965228831 0.9787369966506958 0
1731965244275 0.9588016271591187 0
1731965259648 0.9384280443191528 0
1731965275103 0.9720592498779297 0
1731965290494 0.92352294921875 0
1731965305934 0.9240147471427917 0
1731965321302 0.9251833558082581 0
1731965336732 0.953069806098938 0
1731965352098 0.9480047225952148 0
1731965367625 0.9552801251411438 0
1731965383382 0.9450854063034058 0
1731965398922 0.954997181892395 0
1731965414297 0.9360995888710022 0
1731965429738 0.9511308073997498 0
1731965445090 0.9558915495872498 0
1731965460510 0.9224033355712891 0
1731965475858 0.943254292011261 0
1731965491300 0.9708095192909241 0
1731965506655 0.9804092645645142 0
1731965522110 0.9658565521240234 0
1731965537437 0.9531099200248718 0
1731965552883 0.9536746144294739 0
1731965568231 0.9914140701293945 0
1731965583677 0.9441965222358704 0
1731965599042 0.9534440636634827 0
1731965614785 0.9571939706802368 0
1731965630113 0.9649631977081299 0
1731965645575 0.9506195783615112 0
1731965660910 0.969963014125824 0
1731965676341 0.953871488571167 0
1731965691704 0.940514087677002 0
1731965707132 0.9614096879959106 0
1731965722449 0.9447539448738098 0
1731965737889 0.9678278565406799 0
1731965753211 0.9468457102775574 0
1731965768616 0.9496576189994812 0
1731965783902 0.9906349182128906 0
1731965799321 0.9556210041046143 0
1731965814655 0.9713075757026672 0
1731965830070 0.9398316144943237 0
1731965845682 0.9888801574707031 0
1731965861081 0.9510161876678467 0
1731965876407 0.9502317905426025 0
1731965891809 0.9574958086013794 0
1731965907115 0.9569799900054932 0
1731965922548 0.9416475892066956 0
1731965937868 0.9593150615692139 0
1731965953279 0.9747433662414551 0
1731965968573 0.972533643245697 0
1731965983992 0.9472883939743042 0
1731965999316 0.971531093120575 0
1731966014734 0.9687827825546265 0
1731966030016 0.9663317203521729 0
1731966045399 0.9567938446998596 0
1731966060678 0.9618989825248718 0
1731966076388 0.9430805444717407 0
1731966091673 0.9656572937965393 0
1731966107083 0.942604660987854 0
1731966122373 0.9463486075401306 0
1731966137748 0.9477375745773315 0
1731966153047 0.9575011134147644 0
1731966168433 0.9587191343307495 0
1731966183712 0.9723342657089233 0
1731966199097 0.9559532403945923 0
1731966214396 0.9579347372055054 0
1731966229791 0.9459014534950256 0
1731966245066 0.9918532371520996 0
1731966260432 0.9527246952056885 0
1731966275729 0.9315096735954285 0
1731966291383 0.9728894233703613 0
1731966306668 0.951611340045929 0
1731966322055 0.9439398050308228 0
1731966337350 0.9692317247390747 0
1731966352707 0.9619323015213013 0
1731966367993 0.9586902260780334 0
1731966383374 0.9541854858398438 0
1731966398638 0.9621730446815491 0
1731966414017 0.982124388217926 0
1731966429287 0.9543279409408569 0
1731966444645 0.9631474614143372 0
1731966459919 0.9415060877799988 0
1731966475294 0.9649938344955444 0
1731966490581 0.9661893248558044 0
1731966505966 0.9633732438087463 0
1731966521580 0.9531769752502441 0
1731966536935 0.9715515375137329 0
1731966552213 0.9621679782867432 0
1731966567587 0.9576039910316467 0
1731966582875 0.9564028382301331 0
1731966598242 0.9574975967407227 0
1731966613615 0.982957124710083 0
1731966629040 0.9493687152862549 0
1731966644359 0.9675620794296265 0
1731966659776 0.9599031209945679 0
1731966675052 0.950843095779419 0
1731966690420 0.9571387767791748 0
1731966705682 0.955138087272644 0
1731966721062 0.9724452495574951 0
1731966736305 0.9578073024749756 0
1731966751979 0.9482517838478088 0
1731966767276 0.9637296199798584 0
1731966782631 0.9598974585533142 0
1731966797915 0.949404239654541 0
1731966813276 0.954898476600647 0
1731966828542 0.9519912600517273 0
1731966843921 0.9678258895874023 0
1731966859180 0.949791431427002 0
1731966874543 0.9526881575584412 0
1731966889791 0.965448260307312 0
1731966905146 0.9567331671714783 0
1731966920423 0.9491833448410034 0
1731966935774 0.9535269141197205 0
1731966951027 0.9557929039001465 0
1731966966391 0.9573547840118408 0
1731966981960 0.9575013518333435 0
1731966997314 0.9639254212379456 0
1731967012570 0.9521489143371582 0
1731967027915 0.9551612138748169 0
1731967043154 0.9659781455993652 0
1731967058529 0.9588375091552734 0
1731967073773 0.9526208639144897 0
1731967089130 0.9578202366828918 0
1731967104393 0.9494100213050842 0
1731967119728 0.9588794112205505 0
1731967134995 0.9601007699966431 0
1731967150331 0.9481030106544495 0
1731967165599 0.9652799367904663 0
1731967180947 0.9511441588401794 0
1731967196230 0.960771381855011 0
