1731963698782 0.020808301866054535 0
1731963718747 0.021013110876083374 0
1731963738598 0.020363742485642433 0
1731963758532 0.020742276683449745 0
1731963778336 0.021690087392926216 0
1731963798238 0.021185601130127907 0
1731963818027 0.021054886281490326 0
1731963837937 0.02245909534394741 0
1731963857754 0.021344318985939026 0
1731963877673 0.022460181266069412 0
1731963897470 0.021799204871058464 0
1731963917416 0.02224794030189514 0
1731963937271 0.022778576239943504 0
1731963957192 0.022741375491023064 0
1731963976976 0.023527463898062706 0
1731963994707 0.021923303604125977 0
1731964012417 0.02370256744325161 0
1731964030148 0.022662295028567314 0
1731964047862 0.022079594433307648 0
1731964065569 0.02373766526579857 0
1731964083272 0.022258322685956955 0
1731964100978 0.022906705737113953 0
1731964117934 0.023467257618904114 0
1731964134506 0.02357182465493679 0
1731964151179 0.022230932489037514 0
1731964167816 0.022471031174063683 0
1731964184461 0.023136645555496216 0
1731964200989 0.02290317229926586 0
1731964217623 0.02416069246828556 0
1731964234261 0.022987090051174164 0
1731964250209 0.022884750738739967 0
1731964266189 0.023196857422590256 0
1731964282137 0.022532030940055847 0
1731964298106 0.023312123492360115 0
1731964314053 0.023098494857549667 0
1731964329992 0.022529100999236107 0
1731964345959 0.024060241878032684 0
1731964361543 0.023806875571608543 0
1731964377132 0.022809315472841263 0
1731964392613 0.023403597995638847 0
1731964408153 0.02240510657429695 0
1731964423621 0.022420398890972137 0
1731964439157 0.023253479972481728 0
1731964454624 0.022791851311922073 0
1731964470474 0.022846762090921402 0
1731964485903 0.023652423173189163 0
1731964501457 0.023296106606721878 0
1731964516903 0.023873569443821907 0
1731964532454 0.02245369926095009 0
1731964547917 0.02311783656477928 0
1731964563478 0.023286718875169754 0
1731964578901 0.02311534620821476 0
1731964594435 0.02373591624200344 0
1731964609867 0.022794879972934723 0
1731964625387 0.02249111235141754 0
1731964640830 0.023707598447799683 0
1731964656348 0.023963531479239464 0
1731964671745 0.02367222309112549 0
1731964687284 0.02372327819466591 0
1731964703004 0.02241758070886135 0
1731964718520 0.02339736744761467 0
1731964733951 0.02247008867561817 0
1731964749452 0.023205768316984177 0
1731964764892 0.023725245147943497 0
1731964780432 0.02243148162961006 0
1731964795841 0.02398557774722576 0
1731964811348 0.023516418412327766 0
1731964826778 0.02329692244529724 0
1731964842287 0.02253369428217411 0
1731964857674 0.02298969402909279 0
1731964873172 0.022928211838006973 0
1731964888560 0.022723738104104996 0
1731964904056 0.023200633004307747 0
1731964919446 0.02280544675886631 0
1731964935273 0.02328610047698021 0
1731964950679 0.023381976410746574 0
1731964966168 0.02322785183787346 0
1731964981560 0.023256266489624977 0
1731964997022 0.022917887195944786 0
1731965012416 0.02293495647609234 0
1731965027912 0.02380010485649109 0
1731965043320 0.02416066825389862 0
1731965058793 0.022412221878767014 0
1731965074200 0.023823633790016174 0
1731965089698 0.023518649861216545 0
1731965105093 0.022844906896352768 0
1731965120579 0.02319374866783619 0
1731965135957 0.022974776104092598 0
1731965151754 0.023514345288276672 0
1731965167148 0.023018309846520424 0
1731965182607 0.023365946486592293 0
1731965197970 0.023686416447162628 0
1731965213430 0.023313825950026512 0
1731965228831 0.023344317451119423 0
1731965244275 0.02286234311759472 0
1731965259648 0.023044925183057785 0
1731965275103 0.023130223155021667 0
1731965290494 0.022900432348251343 0
1731965305934 0.02352900058031082 0
1731965321302 0.02289530634880066 0
1731965336732 0.02339673973619938 0
1731965352098 0.02285712957382202 0
1731965367625 0.023120805621147156 0
1731965383382 0.023296423256397247 0
1731965398922 0.023471511900424957 0
1731965414297 0.023546600714325905 0
1731965429738 0.02332141622900963 0
1731965445090 0.023165816441178322 0
1731965460510 0.02277178131043911 0
1731965475858 0.023138053715229034 0
1731965491300 0.023091133683919907 0
1731965506655 0.02360692247748375 0
1731965522110 0.02323830872774124 0
1731965537437 0.02337491512298584 0
1731965552883 0.023293422535061836 0
1731965568231 0.02293773554265499 0
1731965583677 0.022943567484617233 0
1731965599042 0.023131463676691055 0
1731965614785 0.022885043174028397 0
1731965630113 0.022946156561374664 0
1731965645575 0.023431846871972084 0
1731965660910 0.023270107805728912 0
1731965676341 0.023174090310931206 0
1731965691704 0.023074893280863762 0
1731965707132 0.02296002209186554 0
1731965722449 0.023408230394124985 0
1731965737889 0.02324621006846428 0
1731965753211 0.023427750915288925 0
1731965768616 0.023305976763367653 0
1731965783902 0.023061979562044144 0
1731965799321 0.02370711788535118 0
1731965814655 0.023230506107211113 0
1731965830070 0.023531226441264153 0
1731965845682 0.02353779785335064 0
1731965861081 0.023442475125193596 0
1731965876407 0.023436760529875755 0
1731965891809 0.023210695013403893 0
1731965907115 0.023121302947402 0
1731965922548 0.02337365411221981 0
1731965937868 0.022987419739365578 0
1731965953279 0.022861260920763016 0
1731965968573 0.023176321759819984 0
1731965983992 0.023320447653532028 0
1731965999316 0.02322915568947792 0
1731966014734 0.023192450404167175 0
1731966030016 0.023194510489702225 0
1731966045399 0.02302195318043232 0
1731966060678 0.023549579083919525 0
1731966076388 0.02311459556221962 0
1731966091673 0.023057136684656143 0
1731966107083 0.02321549877524376 0
1731966122373 0.023553749546408653 0
1731966137748 0.023321038112044334 0
1731966153047 0.023134035989642143 0
1731966168433 0.023158984258770943 0
1731966183712 0.02325497940182686 0
1731966199097 0.02315790206193924 0
1731966214396 0.022686194628477097 0
1731966229791 0.023099929094314575 0
1731966245066 0.02315828576683998 0
1731966260432 0.02353631518781185 0
1731966275729 0.02294851467013359 0
1731966291383 0.023319024592638016 0
1731966306668 0.023007703945040703 0
1731966322055 0.023435033857822418 0
1731966337350 0.023018330335617065 0
1731966352707 0.022916236892342567 0
1731966367993 0.023262502625584602 0
1731966383374 0.02338535152375698 0
1731966398638 0.02310030162334442 0
1731966414017 0.023083815351128578 0
1731966429287 0.023298045620322227 0
1731966444645 0.02312435582280159 0
1731966459919 0.023365747183561325 0
1731966475294 0.023623215034604073 0
1731966490581 0.023618869483470917 0
1731966505966 0.023122427985072136 0
1731966521580 0.022950872778892517 0
1731966536935 0.023059658706188202 0
1731966552213 0.023102041333913803 0
1731966567587 0.023137539625167847 0
1731966582875 0.023542197421193123 0
1731966598242 0.023165017366409302 0
1731966613615 0.02309129759669304 0
1731966629040 0.02336655743420124 0
1731966644359 0.02290760539472103 0
1731966659776 0.023416977375745773 0
1731966675052 0.023875635117292404 0
1731966690420 0.0233739223331213 0
1731966705682 0.023300282657146454 0
1731966721062 0.023439208045601845 0
1731966736305 0.023120734840631485 0
1731966751979 0.023065801709890366 0
1731966767276 0.02314731664955616 0
1731966782631 0.02354283258318901 0
1731966797915 0.023269053548574448 0
1731966813276 0.02338096685707569 0
1731966828542 0.02326226979494095 0
1731966843921 0.023032428696751595 0
1731966859180 0.023229476064443588 0
1731966874543 0.02333906665444374 0
1731966889791 0.023417014628648758 0
1731966905146 0.023234978318214417 0
1731966920423 0.02318868413567543 0
1731966935774 0.023104792460799217 0
1731966951027 0.02318367175757885 0
1731966966391 0.023071587085723877 0
1731966981960 0.022977657616138458 0
1731966997314 0.02303418703377247 0
1731967012570 0.023310987278819084 0
1731967027915 0.023164859041571617 0
1731967043154 0.02318395860493183 0
1731967058529 0.02321150153875351 0
1731967073773 0.023197615519165993 0
1731967089130 0.023231420665979385 0
1731967104393 0.023391878232359886 0
1731967119728 0.023297062143683434 0
1731967134995 0.023342149332165718 0
1731967150331 0.023241674527525902 0
1731967165599 0.023068327456712723 0
1731967180947 0.023184623569250107 0
1731967196230 0.023241283372044563 0
