1727891797279 0.5485029220581055 0
1727891802284 0.4982903301715851 0
1727891807186 0.4643722176551819 0
1727891812101 0.44474586844444275 0
1727891816998 0.4190095067024231 0
1727891821921 0.40279215574264526 0
1727891826812 0.37738361954689026 0
1727891831715 0.36941713094711304 0
1727891836602 0.3615269660949707 0
1727891841499 0.3559158444404602 0
1727891846385 0.3591051399707794 0
1727891851302 0.3573252260684967 0
1727891856190 0.35736119747161865 0
1727891861090 0.3612563908100128 0
1727891866141 0.35597431659698486 0
1727891870789 0.3437478244304657 0
1727891875434 0.3539620041847229 0
1727891880089 0.3543078303337097 0
1727891884742 0.3511975407600403 0
1727891889387 0.34533408284187317 0
1727891894030 0.351129412651062 0
1727891898675 0.350606232881546 0
1727891903231 0.3514559864997864 0
1727891907737 0.34762507677078247 0
1727891912269 0.3521970808506012 0
1727891916790 0.3505229353904724 0
1727891921312 0.35343506932258606 0
1727891925823 0.3505057990550995 0
1727891930341 0.3514862656593323 0
1727891935024 0.3521563708782196 0
1727891939465 0.3575790524482727 0
1727891943922 0.354525625705719 0
1727891948365 0.353380411863327 0
1727891952809 0.3550187349319458 0
1727891957256 0.3538740873336792 0
1727891961698 0.35103628039360046 0
1727891966143 0.3598054349422455 0
1727891970554 0.3594067692756653 0
1727891974956 0.3583919107913971 0
1727891979347 0.35518816113471985 0
1727891983748 0.3572496175765991 0
1727891988136 0.3503643572330475 0
1727891992532 0.356455534696579 0
1727891996920 0.35332822799682617 0
1727892001564 0.3541669249534607 0
1727892005951 0.3521060347557068 0
1727892010360 0.35113126039505005 0
1727892014755 0.35513797402381897 0
1727892019154 0.3537806570529938 0
1727892023540 0.34987732768058777 0
1727892027933 0.34986209869384766 0
1727892032326 0.3525804579257965 0
1727892036723 0.35441237688064575 0
1727892041114 0.34858110547065735 0
1727892045513 0.3484255373477936 0
1727892049903 0.3511117398738861 0
1727892054303 0.3493100106716156 0
1727892058688 0.3451480567455292 0
1727892063107 0.34884512424468994 0
1727892067719 0.3554512858390808 0
1727892072124 0.3538336753845215 0
1727892076512 0.3466413915157318 0
1727892080914 0.3497590720653534 0
1727892085305 0.3533291518688202 0
1727892089704 0.35016322135925293 0
1727892094104 0.35043203830718994 0
1727892098505 0.3499453663825989 0
1727892102895 0.34910687804222107 0
1727892107298 0.35475388169288635 0
1727892111689 0.35331833362579346 0
1727892116092 0.34861472249031067 0
1727892120489 0.35544225573539734 0
1727892124891 0.3513626456260681 0
1727892129284 0.36066341400146484 0
1727892133894 0.3541054427623749 0
1727892138286 0.35833659768104553 0
1727892142691 0.35365021228790283 0
1727892147082 0.3511629104614258 0
1727892151501 0.3573467433452606 0
1727892155890 0.35395386815071106 0
1727892160298 0.35604047775268555 0
1727892164690 0.35512831807136536 0
1727892169094 0.3577335774898529 0
1727892173489 0.35661283135414124 0
1727892177890 0.36052268743515015 0
1727892182290 0.3538025915622711 0
1727892186676 0.3566949963569641 0
1727892191055 0.3584229350090027 0
1727892195648 0.3611483871936798 0
1727892200023 0.361697256565094 0
1727892204410 0.360789954662323 0
1727892208786 0.36053359508514404 0
1727892213191 0.3666415810585022 0
1727892217567 0.3568258583545685 0
1727892221958 0.36066287755966187 0
1727892226332 0.3663727045059204 0
1727892230715 0.3634113073348999 0
1727892235090 0.36130520701408386 0
1727892239476 0.36471590399742126 0
1727892243863 0.35811305046081543 0
1727892248250 0.3625636696815491 0
1727892252631 0.3643049895763397 0
1727892257018 0.36022937297821045 0
1727892261609 0.362151175737381 0
1727892265998 0.3603365421295166 0
1727892270392 0.36570578813552856 0
1727892274791 0.36648303270339966 0
1727892279166 0.36316341161727905 0
1727892283553 0.3642347753047943 0
1727892287930 0.3632465600967407 0
1727892292320 0.3681672513484955 0
1727892296694 0.36452025175094604 0
1727892301099 0.36890193819999695 0
1727892305475 0.36730116605758667 0
1727892309867 0.36717480421066284 0
1727892314262 0.3699003756046295 0
1727892318652 0.36547285318374634 0
1727892323031 0.36498764157295227 0
1727892327631 0.36745592951774597 0
1727892332035 0.368130087852478 0
1727892336426 0.3673533499240875 0
1727892340808 0.3657504618167877 0
1727892345201 0.3646193742752075 0
1727892349578 0.3660673201084137 0
1727892353974 0.3670375943183899 0
1727892358357 0.36650538444519043 0
1727892362773 0.36722394824028015 0
1727892367156 0.369703471660614 0
1727892371553 0.36528852581977844 0
1727892375936 0.37202131748199463 0
1727892380333 0.3709990084171295 0
1727892384719 0.3678106963634491 0
1727892389117 0.3711220324039459 0
1727892393719 0.37004923820495605 0
1727892398121 0.36962398886680603 0
1727892402513 0.37494221329689026 0
1727892406909 0.3693011701107025 0
1727892411299 0.3704766035079956 0
1727892415701 0.3713401257991791 0
1727892420099 0.3695445656776428 0
1727892424507 0.37047260999679565 0
1727892428899 0.36893022060394287 0
1727892433308 0.37146177887916565 0
1727892437699 0.3686468005180359 0
1727892442109 0.37095433473587036 0
1727892446502 0.37138107419013977 0
1727892450918 0.369561105966568 0
1727892455309 0.37073883414268494 0
1727892459923 0.3702598512172699 0
1727892464319 0.37055546045303345 0
1727892468721 0.36999744176864624 0
1727892473113 0.3709809482097626 0
1727892477515 0.3701472282409668 0
1727892481918 0.3725488781929016 0
1727892486305 0.3737606108188629 0
1727892490686 0.3730487823486328 0
1727892495074 0.3720313310623169 0
1727892499453 0.372910737991333 0
1727892503844 0.3722844123840332 0
1727892508220 0.37247195839881897 0
1727892512620 0.3723703622817993 0
1727892516998 0.3724463880062103 0
1727892521652 0.37086451053619385 0
1727892526031 0.3748951852321625 0
1727892530422 0.37438467144966125 0
1727892534798 0.37272876501083374 0
1727892539188 0.3751029968261719 0
1727892543592 0.376653790473938 0
1727892547982 0.3736511468887329 0
1727892552364 0.3737204372882843 0
1727892556753 0.37161943316459656 0
1727892561136 0.37581661343574524 0
1727892565526 0.3741578161716461 0
1727892569907 0.37494033575057983 0
1727892574314 0.37460312247276306 0
1727892578696 0.37437301874160767 0
1727892583088 0.3743087947368622 0
1727892587676 0.3735521137714386 0
1727892592072 0.37447822093963623 0
1727892596456 0.3747551143169403 0
1727892600857 0.3766348958015442 0
1727892605240 0.37562844157218933 0
1727892609646 0.3761824369430542 0
1727892614051 0.3764513432979584 0
1727892618449 0.37482815980911255 0
1727892622835 0.3743698298931122 0
1727892627231 0.37475499510765076 0
1727892631630 0.3747239112854004 0
1727892636027 0.3740764856338501 0
1727892640416 0.37427419424057007 0
1727892644819 0.37431785464286804 0
1727892649209 0.3747779428958893 0
1727892653823 0.37515246868133545 0
1727892658212 0.3743312358856201 0
1727892662625 0.37423810362815857 0
1727892667011 0.3758302927017212 0
1727892671414 0.3728768229484558 0
1727892675804 0.3742411136627197 0
1727892680203 0.3777785301208496 0
1727892684593 0.3745380938053131 0
1727892688991 0.37561658024787903 0
1727892693389 0.3739634156227112 0
1727892697790 0.3727073073387146 0
1727892702178 0.3746918737888336 0
1727892706573 0.37645483016967773 0
1727892710960 0.3748399019241333 0
1727892715357 0.3740391433238983 0
1727892719956 0.37650734186172485 0
1727892724379 0.37617653608322144 0
1727892728771 0.37635934352874756 0
1727892733178 0.3764858543872833 0
1727892737571 0.37753620743751526 0
1727892741974 0.37603992223739624 0
1727892746365 0.3768177032470703 0
1727892750788 0.3765396773815155 0
1727892755192 0.37721359729766846 0
1727892759597 0.37709543108940125 0
1727892763995 0.37736767530441284 0
1727892768400 0.3782813847064972 0
1727892772799 0.37765514850616455 0
1727892777207 0.3772915303707123 0
1727892781615 0.37719449400901794 0
