1727891797279 0.026559146121144295 0
1727891802284 0.02225075103342533 0
1727891807186 0.02193695306777954 0
1727891812101 0.021384481340646744 0
1727891816998 0.020345529541373253 0
1727891821921 0.020701970905065536 0
1727891826812 0.021080223843455315 0
1727891831715 0.020063629373908043 0
1727891836602 0.019502151757478714 0
1727891841499 0.021066294983029366 0
1727891846385 0.020331675186753273 0
1727891851302 0.01948196440935135 0
1727891856190 0.019325755536556244 0
1727891861090 0.02205061726272106 0
1727891866141 0.02042236179113388 0
1727891870789 0.020422598347067833 0
1727891875434 0.02034987509250641 0
1727891880089 0.01928476244211197 0
1727891884742 0.02000126615166664 0
1727891889387 0.018772723153233528 0
1727891894030 0.017452511936426163 0
1727891898675 0.018422160297632217 0
1727891903231 0.018698675557971 0
1727891907737 0.02020670287311077 0
1727891912269 0.018453769385814667 0
1727891916790 0.01892206072807312 0
1727891921312 0.019139854237437248 0
1727891925823 0.01827574521303177 0
1727891930341 0.020200436934828758 0
1727891935024 0.020750490948557854 0
1727891939465 0.020632293075323105 0
1727891943922 0.020597003400325775 0
1727891948365 0.01986706256866455 0
1727891952809 0.020464157685637474 0
1727891957256 0.020264938473701477 0
1727891961698 0.019877757877111435 0
1727891966143 0.019340699538588524 0
1727891970554 0.01959691382944584 0
1727891974956 0.019266115501523018 0
1727891979347 0.01852630078792572 0
1727891983748 0.019337154924869537 0
1727891988136 0.02012280561029911 0
1727891992532 0.019472770392894745 0
1727891996920 0.020239509642124176 0
1727892001564 0.019752487540245056 0
1727892005951 0.01946067623794079 0
1727892010360 0.019425958395004272 0
1727892014755 0.01891336776316166 0
1727892019154 0.019074834883213043 0
1727892023540 0.01973418891429901 0
1727892027933 0.01918933354318142 0
1727892032326 0.01839464157819748 0
1727892036723 0.018324855715036392 0
1727892041114 0.01832091435790062 0
1727892045513 0.019225282594561577 0
1727892049903 0.020239219069480896 0
1727892054303 0.018376993015408516 0
1727892058688 0.01869804412126541 0
1727892063107 0.018768703565001488 0
1727892067719 0.01816367171704769 0
1727892072124 0.01781945303082466 0
1727892076512 0.018100043758749962 0
1727892080914 0.018137438222765923 0
1727892085305 0.01890661008656025 0
1727892089704 0.019566558301448822 0
1727892094104 0.019544187933206558 0
1727892098505 0.0198360662907362 0
1727892102895 0.019569184631109238 0
1727892107298 0.019124435260891914 0
1727892111689 0.019335972145199776 0
1727892116092 0.019747419282794 0
1727892120489 0.018863564357161522 0
1727892124891 0.01992519572377205 0
1727892129284 0.01932990550994873 0
1727892133894 0.018832366913557053 0
1727892138286 0.020583653822541237 0
1727892142691 0.019431063905358315 0
1727892147082 0.019214754924178123 0
1727892151501 0.018727246671915054 0
1727892155890 0.01899389550089836 0
1727892160298 0.01859130524098873 0
1727892164690 0.01898866519331932 0
1727892169094 0.019047267735004425 0
1727892173489 0.0187899861484766 0
1727892177890 0.018762147054076195 0
1727892182290 0.019036095589399338 0
1727892186676 0.01892184279859066 0
1727892191055 0.018875345587730408 0
1727892195648 0.018611550331115723 0
1727892200023 0.01875789277255535 0
1727892204410 0.01853230781853199 0
1727892208786 0.018831580877304077 0
1727892213191 0.01900334842503071 0
1727892217567 0.01966092735528946 0
1727892221958 0.019514497369527817 0
1727892226332 0.019074998795986176 0
1727892230715 0.01908331736922264 0
1727892235090 0.019363192841410637 0
1727892239476 0.019486531615257263 0
1727892243863 0.019362619146704674 0
1727892248250 0.01899806223809719 0
1727892252631 0.01928747445344925 0
1727892257018 0.018823785707354546 0
1727892261609 0.018887726590037346 0
1727892265998 0.018770670518279076 0
1727892270392 0.018750712275505066 0
1727892274791 0.018851224333047867 0
1727892279166 0.020146148279309273 0
1727892283553 0.01926823891699314 0
1727892287930 0.019256960600614548 0
1727892292320 0.018937405198812485 0
1727892296694 0.019191745668649673 0
1727892301099 0.018820269033312798 0
1727892305475 0.018957015126943588 0
1727892309867 0.019233902916312218 0
1727892314262 0.019054846838116646 0
1727892318652 0.01912628300487995 0
1727892323031 0.019036559388041496 0
1727892327631 0.01938130147755146 0
1727892332035 0.019078262150287628 0
1727892336426 0.019559046253561974 0
1727892340808 0.01904563046991825 0
1727892345201 0.018863635137677193 0
1727892349578 0.01922769472002983 0
1727892353974 0.01964658871293068 0
1727892358357 0.01921931281685829 0
1727892362773 0.018996527418494225 0
1727892367156 0.019184347242116928 0
1727892371553 0.019312109798192978 0
1727892375936 0.019518816843628883 0
1727892380333 0.019509457051753998 0
1727892384719 0.019093899056315422 0
1727892389117 0.019740717485547066 0
1727892393719 0.019499365240335464 0
1727892398121 0.019532382488250732 0
1727892402513 0.019576285034418106 0
1727892406909 0.019479453563690186 0
1727892411299 0.019414052367210388 0
1727892415701 0.01930558681488037 0
1727892420099 0.01965501345694065 0
1727892424507 0.019464226439595222 0
1727892428899 0.01900269091129303 0
1727892433308 0.019067617133259773 0
1727892437699 0.019125401973724365 0
1727892442109 0.019207525998353958 0
1727892446502 0.019270604476332664 0
1727892450918 0.0189654603600502 0
1727892455309 0.018956417217850685 0
1727892459923 0.0197262242436409 0
1727892464319 0.019002314656972885 0
1727892468721 0.01967557892203331 0
1727892473113 0.01900351606309414 0
1727892477515 0.019358012825250626 0
1727892481918 0.019136471673846245 0
1727892486305 0.01921297423541546 0
1727892490686 0.019639184698462486 0
1727892495074 0.019010474905371666 0
1727892499453 0.019076824188232422 0
1727892503844 0.019166983664035797 0
1727892508220 0.019239511340856552 0
1727892512620 0.019389310851693153 0
1727892516998 0.019749343395233154 0
1727892521652 0.019592545926570892 0
1727892526031 0.019597655162215233 0
1727892530422 0.019628314301371574 0
1727892534798 0.019809994846582413 0
1727892539188 0.019528280943632126 0
1727892543592 0.019492899999022484 0
1727892547982 0.01942688785493374 0
1727892552364 0.019263766705989838 0
1727892556753 0.019700411707162857 0
1727892561136 0.019405508413910866 0
1727892565526 0.019468160346150398 0
1727892569907 0.019672811031341553 0
1727892574314 0.01936785690486431 0
1727892578696 0.019457409158349037 0
1727892583088 0.01921972632408142 0
1727892587676 0.01917041651904583 0
1727892592072 0.019583633169531822 0
1727892596456 0.019387084990739822 0
1727892600857 0.019616201519966125 0
1727892605240 0.019399214535951614 0
1727892609646 0.019402984529733658 0
1727892614051 0.019999222829937935 0
1727892618449 0.019514605402946472 0
1727892622835 0.019615469500422478 0
1727892627231 0.01939556933939457 0
1727892631630 0.019272346049547195 0
1727892636027 0.019501429051160812 0
1727892640416 0.019686885178089142 0
1727892644819 0.019584113731980324 0
1727892649209 0.019480116665363312 0
1727892653823 0.019386399537324905 0
1727892658212 0.019380394369363785 0
1727892662625 0.019360635429620743 0
1727892667011 0.019561512395739555 0
1727892671414 0.019603274762630463 0
1727892675804 0.01946362480521202 0
1727892680203 0.019591987133026123 0
1727892684593 0.019447024911642075 0
1727892688991 0.0195295512676239 0
1727892693389 0.019482789561152458 0
1727892697790 0.01928093284368515 0
1727892702178 0.01949489489197731 0
1727892706573 0.0198630690574646 0
1727892710960 0.019374635070562363 0
1727892715357 0.019587483257055283 0
1727892719956 0.019627992063760757 0
1727892724379 0.019959809258580208 0
1727892728771 0.019540173932909966 0
1727892733178 0.019618412479758263 0
1727892737571 0.01928115263581276 0
1727892741974 0.01943211816251278 0
1727892746365 0.01982325129210949 0
1727892750788 0.019564850255846977 0
1727892755192 0.019649073481559753 0
1727892759597 0.019573574885725975 0
1727892763995 0.01952699013054371 0
1727892768400 0.019586684182286263 0
1727892772799 0.019757531583309174 0
1727892777207 0.020022673532366753 0
1727892781615 0.019515516236424446 0
