1727891797279 0.18078243732452393 0
1727891802284 0.09889312833547592 0
1727891807186 0.07738128304481506 0
1727891812101 0.06737995147705078 0
1727891816998 0.05863823741674423 0
1727891821921 0.05449088662862778 0
1727891826812 0.05035975202918053 0
1727891831715 0.04974951595067978 0
1727891836602 0.04491186887025833 0
1727891841499 0.04403261840343475 0
1727891846385 0.04251255840063095 0
1727891851302 0.04003879427909851 0
1727891856190 0.04027958959341049 0
1727891861090 0.03883156552910805 0
1727891866141 0.036536019295454025 0
1727891870789 0.03464975953102112 0
1727891875434 0.034342210739851 0
1727891880089 0.03493434935808182 0
1727891884742 0.0314209945499897 0
1727891889387 0.03151295706629753 0
1727891894030 0.031250663101673126 0
1727891898675 0.030401986092329025 0
1727891903231 0.029619017615914345 0
1727891907737 0.030759453773498535 0
1727891912269 0.029436346143484116 0
1727891916790 0.02995919995009899 0
1727891921312 0.028324244543910027 0
1727891925823 0.028427178040146828 0
1727891930341 0.028166193515062332 0
1727891935024 0.0287034772336483 0
1727891939465 0.025647081434726715 0
1727891943922 0.02668217197060585 0
1727891948365 0.025945443660020828 0
1727891952809 0.025983553379774094 0
1727891957256 0.026355158537626266 0
1727891961698 0.02566831186413765 0
1727891966143 0.025422880426049232 0
1727891970554 0.024405933916568756 0
1727891974956 0.025380132719874382 0
1727891979347 0.025158746168017387 0
1727891983748 0.02477727085351944 0
1727891988136 0.02424108237028122 0
1727891992532 0.024412380531430244 0
1727891996920 0.024574648588895798 0
1727892001564 0.023699931800365448 0
1727892005951 0.0248299278318882 0
1727892010360 0.023460492491722107 0
1727892014755 0.02253114990890026 0
1727892019154 0.022741105407476425 0
1727892023540 0.023073628544807434 0
1727892027933 0.022713512182235718 0
1727892032326 0.023335890844464302 0
1727892036723 0.022916555404663086 0
1727892041114 0.021207503974437714 0
1727892045513 0.02104858309030533 0
1727892049903 0.02197755128145218 0
1727892054303 0.022486934438347816 0
1727892058688 0.021553918719291687 0
1727892063107 0.020651891827583313 0
1727892067719 0.02122434414923191 0
1727892072124 0.021557684987783432 0
1727892076512 0.021479468792676926 0
1727892080914 0.01992560178041458 0
1727892085305 0.020872563123703003 0
1727892089704 0.020200947299599648 0
1727892094104 0.020677220076322556 0
1727892098505 0.019766472280025482 0
1727892102895 0.019844066351652145 0
1727892107298 0.01961675100028515 0
1727892111689 0.019429367035627365 0
1727892116092 0.019917622208595276 0
1727892120489 0.019783498719334602 0
1727892124891 0.018726155161857605 0
1727892129284 0.019419202581048012 0
1727892133894 0.019421743229031563 0
1727892138286 0.019175702705979347 0
1727892142691 0.019307926297187805 0
1727892147082 0.01888898015022278 0
1727892151501 0.018199659883975983 0
1727892155890 0.018138324841856956 0
1727892160298 0.01812870055437088 0
1727892164690 0.017605099827051163 0
1727892169094 0.01807171292603016 0
1727892173489 0.018097475171089172 0
1727892177890 0.01796257123351097 0
1727892182290 0.017247620970010757 0
1727892186676 0.018280865624547005 0
1727892191055 0.017588594928383827 0
1727892195648 0.01687728799879551 0
1727892200023 0.016216881573200226 0
1727892204410 0.015998046845197678 0
1727892208786 0.01631166972219944 0
1727892213191 0.016610002145171165 0
1727892217567 0.018100949004292488 0
1727892221958 0.01628171280026436 0
1727892226332 0.01657811738550663 0
1727892230715 0.016641467809677124 0
1727892235090 0.016434572637081146 0
1727892239476 0.016765177249908447 0
1727892243863 0.015372009947896004 0
1727892248250 0.015488957986235619 0
1727892252631 0.016242261976003647 0
1727892257018 0.01603998988866806 0
1727892261609 0.015416864305734634 0
1727892265998 0.015165543183684349 0
1727892270392 0.016132354736328125 0
1727892274791 0.015818316489458084 0
1727892279166 0.016036147251725197 0
1727892283553 0.015299889259040356 0
1727892287930 0.015052619390189648 0
1727892292320 0.016168493777513504 0
1727892296694 0.01546945609152317 0
1727892301099 0.014993208460509777 0
1727892305475 0.0152315404266119 0
1727892309867 0.014471916481852531 0
1727892314262 0.01522684097290039 0
1727892318652 0.015002589672803879 0
1727892323031 0.01513402909040451 0
1727892327631 0.0159711055457592 0
1727892332035 0.01414609793573618 0
1727892336426 0.013899204321205616 0
1727892340808 0.014727705158293247 0
1727892345201 0.014900912530720234 0
1727892349578 0.014483124017715454 0
1727892353974 0.014822417870163918 0
1727892358357 0.013712016865611076 0
1727892362773 0.01418254803866148 0
1727892367156 0.013955065980553627 0
1727892371553 0.01403774507343769 0
1727892375936 0.014416201040148735 0
1727892380333 0.014092005789279938 0
1727892384719 0.01371673308312893 0
1727892389117 0.014135323464870453 0
1727892393719 0.012985091656446457 0
1727892398121 0.013866700232028961 0
1727892402513 0.013741236180067062 0
1727892406909 0.013369625434279442 0
1727892411299 0.013322190381586552 0
1727892415701 0.013576364144682884 0
1727892420099 0.01390855573117733 0
1727892424507 0.012870892882347107 0
1727892428899 0.013358664698898792 0
1727892433308 0.013716468587517738 0
1727892437699 0.013073425740003586 0
1727892442109 0.01299839373677969 0
1727892446502 0.01274828054010868 0
1727892450918 0.013674505054950714 0
1727892455309 0.012686816975474358 0
1727892459923 0.013199539855122566 0
1727892464319 0.013463258743286133 0
1727892468721 0.012424074113368988 0
1727892473113 0.012485189363360405 0
1727892477515 0.012627601623535156 0
1727892481918 0.013212197460234165 0
1727892486305 0.012505768798291683 0
1727892490686 0.012378932908177376 0
1727892495074 0.012704594060778618 0
1727892499453 0.012756483629345894 0
1727892503844 0.012395336292684078 0
1727892508220 0.012370435521006584 0
1727892512620 0.0124339135363698 0
1727892516998 0.012480087578296661 0
1727892521652 0.012561358511447906 0
1727892526031 0.012508952990174294 0
1727892530422 0.012256069108843803 0
1727892534798 0.012211978435516357 0
1727892539188 0.013029775582253933 0
1727892543592 0.012961780652403831 0
1727892547982 0.01294572465121746 0
1727892552364 0.01222916692495346 0
1727892556753 0.01188560388982296 0
1727892561136 0.011964861303567886 0
1727892565526 0.012043192982673645 0
1727892569907 0.01204436644911766 0
1727892574314 0.011519603431224823 0
1727892578696 0.01168074645102024 0
1727892583088 0.01142172422260046 0
1727892587676 0.01151474192738533 0
1727892592072 0.012196404859423637 0
1727892596456 0.011873921379446983 0
1727892600857 0.012349409982562065 0
1727892605240 0.01220516674220562 0
1727892609646 0.012444473803043365 0
1727892614051 0.012107834219932556 0
1727892618449 0.01246101874858141 0
1727892622835 0.011667812243103981 0
1727892627231 0.01185813918709755 0
1727892631630 0.011720244772732258 0
1727892636027 0.01139778085052967 0
1727892640416 0.011942941695451736 0
1727892644819 0.011614006012678146 0
1727892649209 0.012412628158926964 0
1727892653823 0.011506740003824234 0
1727892658212 0.011356362141668797 0
1727892662625 0.01162627525627613 0
1727892667011 0.011145421303808689 0
1727892671414 0.011346152052283287 0
1727892675804 0.011328311637043953 0
1727892680203 0.01162936631590128 0
1727892684593 0.011674132198095322 0
1727892688991 0.011874725110828876 0
1727892693389 0.011144032701849937 0
1727892697790 0.010937636718153954 0
1727892702178 0.011734758503735065 0
1727892706573 0.011024242267012596 0
1727892710960 0.011247945949435234 0
1727892715357 0.01172294095158577 0
1727892719956 0.010536374524235725 0
1727892724379 0.011402474716305733 0
1727892728771 0.011696599423885345 0
1727892733178 0.011866243556141853 0
1727892737571 0.010671490803360939 0
1727892741974 0.011054560542106628 0
1727892746365 0.011407481506466866 0
1727892750788 0.010422192513942719 0
1727892755192 0.011185666546225548 0
1727892759597 0.010988484136760235 0
1727892763995 0.010624052956700325 0
1727892768400 0.011389435268938541 0
1727892772799 0.01139872707426548 0
1727892777207 0.011221805587410927 0
1727892781615 0.010732214897871017 0
