1731856313379 1.5460360050201416 0
1731856333617 1.4141581058502197 0
1731856353223 1.6679093837738037 0
1731856372943 1.8179889917373657 0
1731856392558 2.367827892303467 0
1731856412291 2.4859812259674072 0
1731856431888 2.4163970947265625 0
1731856451594 2.425869941711426 0
1731856471205 2.4926633834838867 0
1731856490921 2.4902918338775635 0
1731856510515 2.5956461429595947 0
1731856530188 2.487232208251953 0
1731856549782 2.638939380645752 0
1731856569479 2.5959396362304688 0
1731856589086 2.6613247394561768 0
1731856606461 2.594878673553467 0
1731856623815 2.5949013233184814 0
1731856641211 2.57900071144104 0
1731856658584 2.6594934463500977 0
1731856675951 2.589742660522461 0
1731856693357 2.5887653827667236 0
1731856710707 2.6118075847625732 0
1731856727241 2.580059766769409 0
1731856743393 2.6845285892486572 0
1731856759642 2.7363052368164062 0
1731856775911 2.59484601020813 0
1731856792154 2.666130542755127 0
1731856808306 2.7695717811584473 0
1731856824599 2.5369887351989746 0
1731856840902 2.722841262817383 0
1731856856434 2.638998508453369 0
1731856871993 2.660881757736206 0
1731856887523 2.630608320236206 0
1731856903061 2.568096876144409 0
1731856918576 2.570730209350586 0
1731856934110 2.724231481552124 0
1731856949645 2.6247613430023193 0
1731856964783 2.6721458435058594 0
1731856979934 2.737675428390503 0
1731856994956 2.5794239044189453 0
1731857010092 2.7046430110931396 0
1731857025106 2.6747283935546875 0
1731857040250 2.6683175563812256 0
1731857055263 2.6475610733032227 0
1731857070749 2.7833213806152344 0
1731857085782 2.610856056213379 0
1731857100912 2.7190375328063965 0
1731857115961 2.7165253162384033 0
1731857131105 2.7004432678222656 0
1731857146176 2.7422003746032715 0
1731857161339 2.7260820865631104 0
1731857176396 2.5718235969543457 0
1731857191578 2.745457410812378 0
1731857206598 2.7154104709625244 0
1731857221758 2.6888725757598877 0
1731857236817 2.6787517070770264 0
1731857251961 2.7662851810455322 0
1731857267021 2.7400577068328857 0
1731857282164 2.6838529109954834 0
1731857297550 2.676743507385254 0
1731857312671 2.7273499965667725 0
1731857327722 2.6578149795532227 0
1731857342863 2.6486728191375732 0
1731857357911 2.6901679039001465 0
1731857373058 2.7101712226867676 0
1731857388124 2.6984384059906006 0
1731857403275 2.828927993774414 0
1731857418323 2.6711623668670654 0
1731857433460 2.668605089187622 0
1731857448520 2.758147954940796 0
1731857463665 2.73287034034729 0
1731857478700 2.681273937225342 0
1731857493851 2.587372064590454 0
1731857508900 2.742154121398926 0
1731857524361 2.7121996879577637 0
1731857539430 2.6882195472717285 0
1731857554571 2.7309327125549316 0
1731857569644 2.834230899810791 0
1731857584775 2.7065274715423584 0
1731857599830 2.7312517166137695 0
1731857614968 2.7360188961029053 0
1731857630020 2.741084575653076 0
1731857645183 2.7309248447418213 0
1731857660230 2.770798444747925 0
1731857675378 2.7630727291107178 0
1731857690427 2.761162042617798 0
1731857705576 2.7578542232513428 0
1731857720646 2.7248263359069824 0
1731857736139 2.7442643642425537 0
1731857751189 2.7570137977600098 0
1731857766339 2.7981603145599365 0
1731857781399 2.74188494682312 0
1731857796516 2.7234504222869873 0
1731857811549 2.7600202560424805 0
1731857826718 2.8386454582214355 0
1731857841748 2.799248695373535 0
1731857856912 2.8101019859313965 0
1731857871986 2.7674975395202637 0
1731857887135 2.815413475036621 0
1731857902177 2.8785505294799805 0
1731857917327 2.7803595066070557 0
1731857932401 2.7884433269500732 0
1731857947551 2.792124032974243 0
1731857962947 2.7958030700683594 0
1731857978101 2.7395224571228027 0
1731857993202 2.7580771446228027 0
1731858008393 2.7990243434906006 0
1731858023460 2.724992513656616 0
1731858038610 2.781460762023926 0
1731858053663 2.8460934162139893 0
1731858068807 2.8766229152679443 0
1731858083872 2.786651134490967 0
1731858099019 2.7827577590942383 0
1731858114070 2.7616593837738037 0
1731858129230 2.7902612686157227 0
1731858144270 2.827627182006836 0
1731858159419 2.823169231414795 0
1731858174454 2.792732000350952 0
1731858189969 2.77303147315979 0
1731858205026 2.7730512619018555 0
1731858220155 2.9000513553619385 0
1731858235222 2.7709133625030518 0
1731858250411 2.817716360092163 0
1731858265488 2.745147228240967 0
1731858280619 2.72849702835083 0
1731858295681 2.8296375274658203 0
1731858310825 2.7678847312927246 0
1731858325877 2.757248878479004 0
1731858341042 2.7639713287353516 0
1731858356097 2.854252815246582 0
1731858371268 2.763324499130249 0
1731858386338 2.8569884300231934 0
1731858401477 2.8136541843414307 0
1731858416889 2.781956911087036 0
1731858432030 2.8237335681915283 0
1731858447080 2.815629005432129 0
1731858462248 2.806727647781372 0
1731858477297 2.805426597595215 0
1731858492433 2.7756783962249756 0
1731858507486 2.787309169769287 0
1731858522654 2.7969682216644287 0
1731858537753 2.8105456829071045 0
1731858552988 2.823629379272461 0
1731858568124 2.856926441192627 0
1731858583356 2.826223373413086 0
1731858598510 2.846646308898926 0
1731858613736 2.8240339756011963 0
1731858628810 2.798910617828369 0
1731858644331 2.7838096618652344 0
1731858659376 2.808529853820801 0
1731858674557 2.8025033473968506 0
1731858689618 2.826796293258667 0
1731858704771 2.789741039276123 0
1731858719840 2.852412223815918 0
1731858734985 2.7827353477478027 0
1731858750077 2.801022529602051 0
1731858765244 2.7965729236602783 0
1731858780293 2.757352828979492 0
1731858795464 2.826026439666748 0
1731858810507 2.8415310382843018 0
1731858825664 2.8121697902679443 0
1731858840731 2.800804615020752 0
1731858856272 2.8449649810791016 0
1731858871401 2.8398218154907227 0
1731858886586 2.8443353176116943 0
1731858901645 2.8127384185791016 0
1731858916809 2.835671901702881 0
1731858931884 2.8565385341644287 0
1731858947133 2.8629655838012695 0
1731858962247 2.807276725769043 0
1731858977388 2.8389058113098145 0
1731858992463 2.8351833820343018 0
1731859007634 2.8282930850982666 0
1731859022757 2.827709913253784 0
1731859037927 2.833590030670166 0
1731859052989 2.852977752685547 0
1731859068160 2.8408043384552 0
1731859083558 2.7960329055786133 0
1731859098705 2.837686777114868 0
1731859113798 2.770925760269165 0
1731859128965 2.8587334156036377 0
1731859144017 2.866537094116211 0
1731859159187 2.8321664333343506 0
1731859174239 2.8569462299346924 0
1731859189407 2.8498964309692383 0
1731859204467 2.849250555038452 0
1731859219654 2.8355050086975098 0
1731859234712 2.839456081390381 0
1731859249895 2.8498542308807373 0
1731859264953 2.8439738750457764 0
1731859280096 2.8802926540374756 0
1731859295164 2.83902645111084 0
1731859310692 2.8642475605010986 0
1731859325753 2.8980965614318848 0
1731859340899 2.848126173019409 0
1731859355947 2.8567936420440674 0
1731859371109 2.8364298343658447 0
1731859386174 2.869624376296997 0
1731859401338 2.8111438751220703 0
1731859416422 2.8262805938720703 0
1731859431591 2.827125072479248 0
1731859446646 2.8324756622314453 0
1731859461810 2.812474250793457 0
1731859476882 2.8139796257019043 0
1731859492030 2.827629566192627 0
1731859507097 2.814601421356201 0
1731859522273 2.833696126937866 0
1731859537667 2.831198215484619 0
1731859552839 2.8036677837371826 0
1731859567912 2.847041368484497 0
1731859583074 2.837153911590576 0
1731859598166 2.8267598152160645 0
1731859613325 2.84184193611145 0
1731859628402 2.8482089042663574 0
1731859643559 2.8463988304138184 0
1731859658626 2.8513123989105225 0
1731859673777 2.8520472049713135 0
1731859688844 2.846409797668457 0
1731859704022 2.8471322059631348 0
1731859719073 2.8730509281158447 0
1731859734236 2.8626348972320557 0
1731859749297 2.858621835708618 0
