1731856313379 0.5764714479446411 0
1731856333617 0.5445073843002319 0
1731856353223 0.547448456287384 0
1731856372943 0.5561645030975342 0
1731856392558 0.5570365190505981 0
1731856412291 0.5609372854232788 0
1731856431888 0.5890501737594604 0
1731856451594 0.5749213695526123 0
1731856471205 0.5840643048286438 0
1731856490921 0.5773819088935852 0
1731856510515 0.5717230439186096 0
1731856530188 0.558461606502533 0
1731856549782 0.587133526802063 0
1731856569479 0.5825263261795044 0
1731856589086 0.589667558670044 0
1731856606461 0.5828015804290771 0
1731856623815 0.5832539200782776 0
1731856641211 0.5938738584518433 0
1731856658584 0.6019108891487122 0
1731856675951 0.5746971368789673 0
1731856693357 0.584610104560852 0
1731856710707 0.5774013996124268 0
1731856727241 0.5846842527389526 0
1731856743393 0.5841532945632935 0
1731856759642 0.5780298709869385 0
1731856775911 0.5778690576553345 0
1731856792154 0.5975919365882874 0
1731856808306 0.5851565599441528 0
1731856824599 0.5960372686386108 0
1731856840902 0.5924073457717896 0
1731856856434 0.5861705541610718 0
1731856871993 0.5986401438713074 0
1731856887523 0.5839929580688477 0
1731856903061 0.5846953392028809 0
1731856918576 0.5872418284416199 0
1731856934110 0.6023989319801331 0
1731856949645 0.5805168747901917 0
1731856964783 0.5930428504943848 0
1731856979934 0.5851919054985046 0
1731856994956 0.5942779779434204 0
1731857010092 0.5930972695350647 0
1731857025106 0.5908017158508301 0
1731857040250 0.5790526270866394 0
1731857055263 0.5888994932174683 0
1731857070749 0.5942143201828003 0
1731857085782 0.5915393233299255 0
1731857100912 0.5920621752738953 0
1731857115961 0.5931383967399597 0
1731857131105 0.5955902338027954 0
1731857146176 0.5918850302696228 0
1731857161339 0.587820827960968 0
1731857176396 0.5863479375839233 0
1731857191578 0.5882092714309692 0
1731857206598 0.5925880670547485 0
1731857221758 0.5905866026878357 0
1731857236817 0.5895051956176758 0
1731857251961 0.5968899130821228 0
1731857267021 0.592781126499176 0
1731857282164 0.5877445936203003 0
1731857297550 0.5881307721138 0
1731857312671 0.5914673209190369 0
1731857327722 0.5900676846504211 0
1731857342863 0.585840106010437 0
1731857357911 0.5949428081512451 0
1731857373058 0.6008176207542419 0
1731857388124 0.5908859372138977 0
1731857403275 0.6077383756637573 0
1731857418323 0.5931677222251892 0
1731857433460 0.595025360584259 0
1731857448520 0.602499783039093 0
1731857463665 0.5964375138282776 0
1731857478700 0.5956941246986389 0
1731857493851 0.596779465675354 0
1731857508900 0.604924201965332 0
1731857524361 0.5936625599861145 0
1731857539430 0.5942662358283997 0
1731857554571 0.5923299789428711 0
1731857569644 0.5962008237838745 0
1731857584775 0.5874330401420593 0
1731857599830 0.6000156402587891 0
1731857614968 0.5997430682182312 0
1731857630020 0.5949704051017761 0
1731857645183 0.5974655151367188 0
1731857660230 0.5949426293373108 0
1731857675378 0.5955318212509155 0
1731857690427 0.5940191745758057 0
1731857705576 0.5892179608345032 0
1731857720646 0.5960819721221924 0
1731857736139 0.5986458659172058 0
1731857751189 0.5978963971138 0
1731857766339 0.5971150398254395 0
1731857781399 0.5939507484436035 0
1731857796516 0.5998088121414185 0
1731857811549 0.5947256684303284 0
1731857826718 0.5945407748222351 0
1731857841748 0.6032735109329224 0
1731857856912 0.5968654155731201 0
1731857871986 0.5986255407333374 0
1731857887135 0.5991809368133545 0
1731857902177 0.6000567674636841 0
1731857917327 0.593497633934021 0
1731857932401 0.5998357534408569 0
1731857947551 0.5946496725082397 0
1731857962947 0.5991512537002563 0
1731857978101 0.5991587042808533 0
1731857993202 0.5949332118034363 0
1731858008393 0.5957574844360352 0
1731858023460 0.5953951478004456 0
1731858038610 0.5972217917442322 0
1731858053663 0.5955294370651245 0
1731858068807 0.600153923034668 0
1731858083872 0.6002339124679565 0
1731858099019 0.5969464778900146 0
1731858114070 0.5961967706680298 0
1731858129230 0.599310040473938 0
1731858144270 0.5944831967353821 0
1731858159419 0.5991414785385132 0
1731858174454 0.5976303815841675 0
1731858189969 0.6004384160041809 0
1731858205026 0.6022849678993225 0
1731858220155 0.605309009552002 0
1731858235222 0.5954093337059021 0
1731858250411 0.6005239486694336 0
1731858265488 0.5924912095069885 0
1731858280619 0.5962865352630615 0
1731858295681 0.5997470617294312 0
1731858310825 0.5963223576545715 0
1731858325877 0.5973578095436096 0
1731858341042 0.5988633632659912 0
1731858356097 0.600303053855896 0
1731858371268 0.598292887210846 0
1731858386338 0.5977674126625061 0
1731858401477 0.6015960574150085 0
1731858416889 0.6012606024742126 0
1731858432030 0.6025295853614807 0
1731858447080 0.6007207036018372 0
1731858462248 0.5965297222137451 0
1731858477297 0.6011045575141907 0
1731858492433 0.5970607995986938 0
1731858507486 0.6030791401863098 0
1731858522654 0.5924506783485413 0
1731858537753 0.6020342111587524 0
1731858552988 0.5929954648017883 0
1731858568124 0.5994356274604797 0
1731858583356 0.5960447788238525 0
1731858598510 0.6003971099853516 0
1731858613736 0.5976739525794983 0
1731858628810 0.5954785346984863 0
1731858644331 0.6009763479232788 0
1731858659376 0.601077675819397 0
1731858674557 0.5992543697357178 0
1731858689618 0.6010686159133911 0
1731858704771 0.5973442196846008 0
1731858719840 0.5968160033226013 0
1731858734985 0.5952481031417847 0
1731858750077 0.6008709073066711 0
1731858765244 0.5998813509941101 0
1731858780293 0.5994853377342224 0
1731858795464 0.5998267531394958 0
1731858810507 0.5963003039360046 0
1731858825664 0.5981600880622864 0
1731858840731 0.5971199870109558 0
1731858856272 0.6010138988494873 0
1731858871401 0.6012079119682312 0
1731858886586 0.6007097959518433 0
1731858901645 0.597937822341919 0
1731858916809 0.5999884605407715 0
1731858931884 0.5977705717086792 0
1731858947133 0.599860668182373 0
1731858962247 0.5987338423728943 0
1731858977388 0.5981228947639465 0
1731858992463 0.5970188975334167 0
1731859007634 0.5999446511268616 0
1731859022757 0.5986584424972534 0
1731859037927 0.6013946533203125 0
1731859052989 0.6000818610191345 0
1731859068160 0.5993420481681824 0
1731859083558 0.5969578623771667 0
1731859098705 0.5979288816452026 0
1731859113798 0.6007354855537415 0
1731859128965 0.6018527746200562 0
1731859144017 0.5965120792388916 0
1731859159187 0.597926676273346 0
1731859174239 0.5991430282592773 0
1731859189407 0.5955195426940918 0
1731859204467 0.5995603799819946 0
1731859219654 0.6013285517692566 0
1731859234712 0.6011812090873718 0
1731859249895 0.5985924601554871 0
1731859264953 0.598954439163208 0
1731859280096 0.5987145304679871 0
1731859295164 0.597972571849823 0
1731859310692 0.6043422818183899 0
1731859325753 0.5988898873329163 0
1731859340899 0.5992680191993713 0
1731859355947 0.5984534025192261 0
1731859371109 0.6009052395820618 0
1731859386174 0.5973718166351318 0
1731859401338 0.5982213616371155 0
1731859416422 0.6016972661018372 0
1731859431591 0.5997670292854309 0
1731859446646 0.6010521650314331 0
1731859461810 0.594186544418335 0
1731859476882 0.5995541214942932 0
1731859492030 0.5999698638916016 0
1731859507097 0.600967288017273 0
1731859522273 0.5972912311553955 0
1731859537667 0.59840989112854 0
1731859552839 0.599396824836731 0
1731859567912 0.5955816507339478 0
1731859583074 0.5963671803474426 0
1731859598166 0.6024954915046692 0
1731859613325 0.5989084839820862 0
1731859628402 0.5989916920661926 0
1731859643559 0.5990411639213562 0
1731859658626 0.5990484356880188 0
1731859673777 0.6001294255256653 0
1731859688844 0.5987357497215271 0
1731859704022 0.597420871257782 0
1731859719073 0.5965754985809326 0
1731859734236 0.5987045168876648 0
1731859749297 0.5982837677001953 0
