1731856313379 0.016325227916240692 0
1731856333617 0.017672302201390266 0
1731856353223 0.01859336532652378 0
1731856372943 0.019051361829042435 0
1731856392558 0.019335435703396797 0
1731856412291 0.019533850252628326 0
1731856431888 0.019928066059947014 0
1731856451594 0.01988881267607212 0
1731856471205 0.019734088331460953 0
1731856490921 0.020072661340236664 0
1731856510515 0.020172879099845886 0
1731856530188 0.02047552354633808 0
1731856549782 0.020421102643013 0
1731856569479 0.02031729742884636 0
1731856589086 0.020155243575572968 0
1731856606461 0.020523224025964737 0
1731856623815 0.02050725370645523 0
1731856641211 0.02054573781788349 0
1731856658584 0.020727211609482765 0
1731856675951 0.020529838278889656 0
1731856693357 0.020349102094769478 0
1731856710707 0.02073747292160988 0
1731856727241 0.02081017941236496 0
1731856743393 0.02074199728667736 0
1731856759642 0.02085699513554573 0
1731856775911 0.02079904079437256 0
1731856792154 0.020646793767809868 0
1731856808306 0.020632488653063774 0
1731856824599 0.020914779976010323 0
1731856840902 0.021274667233228683 0
1731856856434 0.020943690091371536 0
1731856871993 0.021318379789590836 0
1731856887523 0.020858393982052803 0
1731856903061 0.021109528839588165 0
1731856918576 0.021203499287366867 0
1731856934110 0.02105592004954815 0
1731856949645 0.02088121697306633 0
1731856964783 0.021188827231526375 0
1731856979934 0.021206513047218323 0
1731856994956 0.02117283083498478 0
1731857010092 0.020910276100039482 0
1731857025106 0.020821331068873405 0
1731857040250 0.02108113095164299 0
1731857055263 0.021061990410089493 0
1731857070749 0.020930416882038116 0
1731857085782 0.021057263016700745 0
1731857100912 0.02109023928642273 0
1731857115961 0.02141427993774414 0
1731857131105 0.021327512338757515 0
1731857146176 0.021177351474761963 0
1731857161339 0.02112480066716671 0
1731857176396 0.02128245122730732 0
1731857191578 0.02110772579908371 0
1731857206598 0.02123311534523964 0
1731857221758 0.02139120362699032 0
1731857236817 0.021294504404067993 0
1731857251961 0.021370690315961838 0
1731857267021 0.02152077667415142 0
1731857282164 0.021316908299922943 0
1731857297550 0.02138679102063179 0
1731857312671 0.02141539379954338 0
1731857327722 0.021432889625430107 0
1731857342863 0.021165410056710243 0
1731857357911 0.021331725642085075 0
1731857373058 0.021186843514442444 0
1731857388124 0.0215053241699934 0
1731857403275 0.02126898802816868 0
1731857418323 0.02140324003994465 0
1731857433460 0.021611427888274193 0
1731857448520 0.021344829350709915 0
1731857463665 0.02141749858856201 0
1731857478700 0.021350331604480743 0
1731857493851 0.02131422609090805 0
1731857508900 0.02147899940609932 0
1731857524361 0.021554673090577126 0
1731857539430 0.021559355780482292 0
1731857554571 0.021475812420248985 0
1731857569644 0.02136971801519394 0
1731857584775 0.02152198925614357 0
1731857599830 0.02147938869893551 0
1731857614968 0.02151862345635891 0
1731857630020 0.0215293038636446 0
1731857645183 0.021413546055555344 0
1731857660230 0.021520322188735008 0
1731857675378 0.021591881290078163 0
1731857690427 0.02153867296874523 0
1731857705576 0.021506140008568764 0
1731857720646 0.02165038511157036 0
1731857736139 0.02172071859240532 0
1731857751189 0.02164945751428604 0
1731857766339 0.021431662142276764 0
1731857781399 0.021537328138947487 0
1731857796516 0.021557629108428955 0
1731857811549 0.021637775003910065 0
1731857826718 0.021785013377666473 0
1731857841748 0.021723324432969093 0
1731857856912 0.021533258259296417 0
1731857871986 0.02160283364355564 0
1731857887135 0.021635334938764572 0
1731857902177 0.021718012169003487 0
1731857917327 0.021730203181505203 0
1731857932401 0.021593118086457253 0
1731857947551 0.021569108590483665 0
1731857962947 0.021596956998109818 0
1731857978101 0.02137831598520279 0
1731857993202 0.021432064473628998 0
1731858008393 0.021581141278147697 0
1731858023460 0.021555399522185326 0
1731858038610 0.0215081125497818 0
1731858053663 0.02139398083090782 0
1731858068807 0.02157437615096569 0
1731858083872 0.021578555926680565 0
1731858099019 0.0216111708432436 0
1731858114070 0.02164951153099537 0
1731858129230 0.021720387041568756 0
1731858144270 0.021694105118513107 0
1731858159419 0.021605145186185837 0
1731858174454 0.021671868860721588 0
1731858189969 0.021600082516670227 0
1731858205026 0.021738724783062935 0
1731858220155 0.02171332761645317 0
1731858235222 0.02166980504989624 0
1731858250411 0.021674802526831627 0
1731858265488 0.021661633625626564 0
1731858280619 0.021702071651816368 0
1731858295681 0.02174871414899826 0
1731858310825 0.021717224270105362 0
1731858325877 0.02175065688788891 0
1731858341042 0.02161715179681778 0
1731858356097 0.02166384644806385 0
1731858371268 0.021730707958340645 0
1731858386338 0.02170962654054165 0
1731858401477 0.021678956225514412 0
1731858416889 0.02170366607606411 0
1731858432030 0.021601205691695213 0
1731858447080 0.021779343485832214 0
1731858462248 0.0218154639005661 0
1731858477297 0.021663660183548927 0
1731858492433 0.021639233455061913 0
1731858507486 0.021552512422204018 0
1731858522654 0.021656664088368416 0
1731858537753 0.02164667658507824 0
1731858552988 0.021711496636271477 0
1731858568124 0.021628448739647865 0
1731858583356 0.021738020703196526 0
1731858598510 0.02165348082780838 0
1731858613736 0.021729500964283943 0
1731858628810 0.021697763353586197 0
1731858644331 0.021807895973324776 0
1731858659376 0.021775325760245323 0
1731858674557 0.02184317074716091 0
1731858689618 0.021772032603621483 0
1731858704771 0.02182384766638279 0
1731858719840 0.0217601265758276 0
1731858734985 0.021794278174638748 0
1731858750077 0.02182752452790737 0
1731858765244 0.02174515649676323 0
1731858780293 0.021770549938082695 0
1731858795464 0.021778777241706848 0
1731858810507 0.02177736721932888 0
1731858825664 0.021677492186427116 0
1731858840731 0.021704696118831635 0
1731858856272 0.021715527400374413 0
1731858871401 0.021683942526578903 0
1731858886586 0.021720238029956818 0
1731858901645 0.02181064896285534 0
1731858916809 0.021731477230787277 0
1731858931884 0.021716153249144554 0
1731858947133 0.021749690175056458 0
1731858962247 0.021721582859754562 0
1731858977388 0.021765004843473434 0
1731858992463 0.021653538569808006 0
1731859007634 0.02176719158887863 0
1731859022757 0.021723132580518723 0
1731859037927 0.021792976185679436 0
1731859052989 0.02169872634112835 0
1731859068160 0.021748874336481094 0
1731859083558 0.02183525077998638 0
1731859098705 0.02184988558292389 0
1731859113798 0.0218623336404562 0
1731859128965 0.021867230534553528 0
1731859144017 0.021785784512758255 0
1731859159187 0.02178727276623249 0
1731859174239 0.021727485582232475 0
1731859189407 0.021842382848262787 0
1731859204467 0.021865973249077797 0
1731859219654 0.021725645288825035 0
1731859234712 0.021853132173419 0
1731859249895 0.02184031344950199 0
1731859264953 0.02187255583703518 0
1731859280096 0.021814273670315742 0
1731859295164 0.02186713181436062 0
1731859310692 0.021835990250110626 0
1731859325753 0.021813299506902695 0
1731859340899 0.021729234606027603 0
1731859355947 0.02179936319589615 0
1731859371109 0.02181345596909523 0
1731859386174 0.021789751946926117 0
1731859401338 0.021823950111865997 0
1731859416422 0.021828221157193184 0
1731859431591 0.02179173193871975 0
1731859446646 0.02176756039261818 0
1731859461810 0.021800680086016655 0
1731859476882 0.02183150127530098 0
1731859492030 0.021865786984562874 0
1731859507097 0.021791597828269005 0
1731859522273 0.02183961309492588 0
1731859537667 0.021801011636853218 0
1731859552839 0.021782882511615753 0
1731859567912 0.02173854410648346 0
1731859583074 0.0218402910977602 0
1731859598166 0.021839633584022522 0
1731859613325 0.02182796224951744 0
1731859628402 0.021839918568730354 0
1731859643559 0.021784882992506027 0
1731859658626 0.021822046488523483 0
1731859673777 0.021831797435879707 0
1731859688844 0.021818604320287704 0
1731859704022 0.021779334172606468 0
1731859719073 0.021834660321474075 0
1731859734236 0.021792177110910416 0
1731859749297 0.02178816869854927 0
