1731856313379 0.24607911705970764 0
1731856333617 0.21855923533439636 0
1731856353223 0.192240372300148 0
1731856372943 0.17258191108703613 0
1731856392558 0.1580067127943039 0
1731856412291 0.14323392510414124 0
1731856431888 0.13364407420158386 0
1731856451594 0.1267048716545105 0
1731856471205 0.12360324710607529 0
1731856490921 0.1166965514421463 0
1731856510515 0.11324906349182129 0
1731856530188 0.10993225872516632 0
1731856549782 0.1103685200214386 0
1731856569479 0.10771799087524414 0
1731856589086 0.10464861243963242 0
1731856606461 0.10225890576839447 0
1731856623815 0.10041414201259613 0
1731856641211 0.09883997589349747 0
1731856658584 0.09875909984111786 0
1731856675951 0.09281660616397858 0
1731856693357 0.09291328489780426 0
1731856710707 0.09591175615787506 0
1731856727241 0.09117495268583298 0
1731856743393 0.09285813570022583 0
1731856759642 0.08982492983341217 0
1731856775911 0.08743155002593994 0
1731856792154 0.08556077629327774 0
1731856808306 0.08815911412239075 0
1731856824599 0.08512434363365173 0
1731856840902 0.08642466366291046 0
1731856856434 0.08131144940853119 0
1731856871993 0.08496589958667755 0
1731856887523 0.08272174000740051 0
1731856903061 0.07985860109329224 0
1731856918576 0.0784577950835228 0
1731856934110 0.07973991334438324 0
1731856949645 0.07909955829381943 0
1731856964783 0.07314789295196533 0
1731856979934 0.07549722492694855 0
1731856994956 0.07737293839454651 0
1731857010092 0.07733266800642014 0
1731857025106 0.07634042203426361 0
1731857040250 0.07633070647716522 0
1731857055263 0.07374028116464615 0
1731857070749 0.07366873323917389 0
1731857085782 0.07261624187231064 0
1731857100912 0.07164786756038666 0
1731857115961 0.0744050145149231 0
1731857131105 0.07180184125900269 0
1731857146176 0.07151362299919128 0
1731857161339 0.06974466145038605 0
1731857176396 0.0714440569281578 0
1731857191578 0.0697094202041626 0
1731857206598 0.06955338269472122 0
1731857221758 0.06687921285629272 0
1731857236817 0.06741058826446533 0
1731857251961 0.06714522838592529 0
1731857267021 0.06721441447734833 0
1731857282164 0.06822395324707031 0
1731857297550 0.06794344633817673 0
1731857312671 0.06594030559062958 0
1731857327722 0.06398262083530426 0
1731857342863 0.06488317251205444 0
1731857357911 0.06374896317720413 0
1731857373058 0.0641227662563324 0
1731857388124 0.06308498978614807 0
1731857403275 0.06394130736589432 0
1731857418323 0.06229359656572342 0
1731857433460 0.06116016209125519 0
1731857448520 0.06054380536079407 0
1731857463665 0.062121517956256866 0
1731857478700 0.063455730676651 0
1731857493851 0.06056942418217659 0
1731857508900 0.05972687155008316 0
1731857524361 0.06160760670900345 0
1731857539430 0.05826866626739502 0
1731857554571 0.05915484577417374 0
1731857569644 0.06068187952041626 0
1731857584775 0.06010861322283745 0
1731857599830 0.059174515306949615 0
1731857614968 0.05694429576396942 0
1731857630020 0.057535260915756226 0
1731857645183 0.058033816516399384 0
1731857660230 0.057033471763134 0
1731857675378 0.0595453605055809 0
1731857690427 0.0565403550863266 0
1731857705576 0.05673986300826073 0
1731857720646 0.05708707869052887 0
1731857736139 0.05479691922664642 0
1731857751189 0.055274493992328644 0
1731857766339 0.055417146533727646 0
1731857781399 0.05695505440235138 0
1731857796516 0.05215960741043091 0
1731857811549 0.053957581520080566 0
1731857826718 0.05429195985198021 0
1731857841748 0.05432575196027756 0
1731857856912 0.05451955646276474 0
1731857871986 0.05320155620574951 0
1731857887135 0.05280276760458946 0
1731857902177 0.053948793560266495 0
1731857917327 0.05472622439265251 0
1731857932401 0.0537232980132103 0
1731857947551 0.05328996106982231 0
1731857962947 0.052447330206632614 0
1731857978101 0.05061890184879303 0
1731857993202 0.05203957110643387 0
1731858008393 0.050506871193647385 0
1731858023460 0.050179220736026764 0
1731858038610 0.0495619922876358 0
1731858053663 0.05252968519926071 0
1731858068807 0.05108611285686493 0
1731858083872 0.050009749829769135 0
1731858099019 0.04974743723869324 0
1731858114070 0.05144693702459335 0
1731858129230 0.05106445401906967 0
1731858144270 0.049186691641807556 0
1731858159419 0.049448054283857346 0
1731858174454 0.04949082434177399 0
1731858189969 0.049418337643146515 0
1731858205026 0.04740487039089203 0
1731858220155 0.04694308713078499 0
1731858235222 0.04870644584298134 0
1731858250411 0.04886917769908905 0
1731858265488 0.04777698218822479 0
1731858280619 0.047462765127420425 0
1731858295681 0.046614404767751694 0
1731858310825 0.04731915146112442 0
1731858325877 0.04642969369888306 0
1731858341042 0.04525444656610489 0
1731858356097 0.048108913004398346 0
1731858371268 0.04698440805077553 0
1731858386338 0.04761341214179993 0
1731858401477 0.04692168906331062 0
1731858416889 0.04496189206838608 0
1731858432030 0.046935513615608215 0
1731858447080 0.04537886753678322 0
1731858462248 0.047232892364263535 0
1731858477297 0.047347407788038254 0
1731858492433 0.045440673828125 0
1731858507486 0.04533799737691879 0
1731858522654 0.045060597360134125 0
1731858537753 0.04536677151918411 0
1731858552988 0.04574601724743843 0
1731858568124 0.04519284889101982 0
1731858583356 0.04551966115832329 0
1731858598510 0.0440557524561882 0
1731858613736 0.04469256475567818 0
1731858628810 0.04401766508817673 0
1731858644331 0.04486566036939621 0
1731858659376 0.043497394770383835 0
1731858674557 0.04469125345349312 0
1731858689618 0.04440995305776596 0
1731858704771 0.04403102397918701 0
1731858719840 0.04414437711238861 0
1731858734985 0.04363565891981125 0
1731858750077 0.043648891150951385 0
1731858765244 0.0441809743642807 0
1731858780293 0.04472524672746658 0
1731858795464 0.043728552758693695 0
1731858810507 0.044550731778144836 0
1731858825664 0.0436275377869606 0
1731858840731 0.04319259524345398 0
1731858856272 0.045284874737262726 0
1731858871401 0.04285941272974014 0
1731858886586 0.04231873154640198 0
1731858901645 0.04338902235031128 0
1731858916809 0.043756164610385895 0
1731858931884 0.04441126808524132 0
1731858947133 0.0427313894033432 0
1731858962247 0.04320928081870079 0
1731858977388 0.041301075369119644 0
1731858992463 0.04344041272997856 0
1731859007634 0.042261458933353424 0
1731859022757 0.0413481742143631 0
1731859037927 0.04148675128817558 0
1731859052989 0.04269970953464508 0
1731859068160 0.042069535702466965 0
1731859083558 0.04223662614822388 0
1731859098705 0.04152080789208412 0
1731859113798 0.04143929481506348 0
1731859128965 0.04382689297199249 0
1731859144017 0.04227564483880997 0
1731859159187 0.0413985475897789 0
1731859174239 0.04134219512343407 0
1731859189407 0.04188152775168419 0
1731859204467 0.04064837843179703 0
1731859219654 0.04106101766228676 0
1731859234712 0.04145442321896553 0
1731859249895 0.04044858366250992 0
1731859264953 0.04124915599822998 0
1731859280096 0.0409984327852726 0
1731859295164 0.04239083454012871 0
1731859310692 0.04270246624946594 0
1731859325753 0.04045576974749565 0
1731859340899 0.03964778035879135 0
1731859355947 0.041601911187171936 0
1731859371109 0.041103728115558624 0
1731859386174 0.04039858281612396 0
1731859401338 0.04081706702709198 0
1731859416422 0.04142918437719345 0
1731859431591 0.04155569151043892 0
1731859446646 0.04122183099389076 0
1731859461810 0.040940068662166595 0
1731859476882 0.04100155085325241 0
1731859492030 0.039396241307258606 0
1731859507097 0.03951987996697426 0
1731859522273 0.03946573659777641 0
1731859537667 0.03911474347114563 0
1731859552839 0.038870640099048615 0
1731859567912 0.04073314368724823 0
1731859583074 0.04141997918486595 0
1731859598166 0.03820692002773285 0
1731859613325 0.03952836990356445 0
1731859628402 0.038794390857219696 0
1731859643559 0.03999539464712143 0
1731859658626 0.040551282465457916 0
1731859673777 0.038329318165779114 0
1731859688844 0.0401032380759716 0
1731859704022 0.03967775031924248 0
1731859719073 0.040134601294994354 0
1731859734236 0.04023833945393562 0
1731859749297 0.03868160396814346 0
