1731856313708 0.001729797339066863 0
1731856333621 0.0003416987892705947 0
1731856353228 0.00032208857010118663 0
1731856372945 0.0002762275980785489 0
1731856392561 0.00025099157937802374 0
1731856412293 0.0002474368375260383 0
1731856431890 0.00026935554342344403 0
1731856451596 0.00023206928744912148 0
1731856471207 0.00028464963543228805 0
1731856490924 0.00025479914620518684 0
1731856510517 0.00026735151186585426 0
1731856530190 0.00025848642690107226 0
1731856549784 0.000268888717982918 0
1731856569481 0.00026769781834445894 0
1731856589088 0.00024535536067560315 0
1731856606463 0.0002770366845652461 0
1731856623817 0.00026553336647339165 0
1731856641213 0.00027816713554784656 0
1731856658586 0.00031523621873930097 0
1731856675954 0.0002781628572847694 0
1731856693359 0.0002883945999201387 0
1731856710709 0.0003119122120551765 0
1731856727244 0.0002819513902068138 0
1731856743396 0.0003234778414480388 0
1731856759644 0.0003112265549134463 0
1731856775913 0.00027577095897868276 0
1731856792156 0.0002640189486555755 0
1731856808308 0.00029473594622686505 0
1731856824601 0.00031505615334026515 0
1731856840904 0.0002832379250321537 0
1731856856436 0.00034086627420037985 0
1731856871995 0.000305727357044816 0
1731856887525 0.00030136172426864505 0
1731856903063 0.0002867581497412175 0
1731856918579 0.00029900437220931053 0
1731856934113 0.0003163162909913808 0
1731856949647 0.00029733291012234986 0
1731856964786 0.00027836370281875134 0
1731856979936 0.00029507005820050836 0
1731856994958 0.00027002207934856415 0
1731857010094 0.00031813501846045256 0
1731857025108 0.00028368737548589706 0
1731857040252 0.0002677164738997817 0
1731857055265 0.00029294186970219016 0
1731857070751 0.00028436328284442425 0
1731857085784 0.0002982231671921909 0
1731857100914 0.00029074924532324076 0
1731857115963 0.00026551797054708004 0
1731857131108 0.0002631085808388889 0
1731857146178 0.00027290487196296453 0
1731857161341 0.00027485156897455454 0
1731857176398 0.00029525821446441114 0
1731857191580 0.000273301440756768 0
1731857206600 0.00029571843333542347 0
1731857221760 0.00028071965789422393 0
1731857236820 0.00030039582634344697 0
1731857251964 0.0002777622430585325 0
1731857267023 0.00029085547430440784 0
1731857282166 0.00028817675774917006 0
1731857297552 0.0003094370476901531 0
1731857312673 0.00028106465470045805 0
1731857327724 0.000287218252196908 0
1731857342865 0.0002976739779114723 0
1731857357913 0.00028335576644167304 0
1731857373060 0.0002917632518801838 0
1731857388126 0.0003204453969374299 0
1731857403277 0.0002749688574112952 0
1731857418326 0.0002447433362249285 0
1731857433462 0.0002466551959514618 0
1731857448522 0.00024029896303545684 0
1731857463667 0.00029221505974419415 0
1731857478703 0.0002713571593631059 0
1731857493853 0.00027489184867590666 0
1731857508902 0.0002800746005959809 0
1731857524363 0.00030211464036256075 0
1731857539433 0.00026573450304567814 0
1731857554572 0.00026145920855924487 0
1731857569646 0.0002687183441594243 0
1731857584777 0.0002658424200490117 0
1731857599832 0.0002693096757866442 0
1731857614970 0.00026740034809336066 0
1731857630022 0.00031558246701024473 0
1731857645185 0.0003083657065872103 0
1731857660232 0.00026203604647889733 0
1731857675380 0.00027462077559903264 0
1731857690429 0.0002714499132707715 0
1731857705579 0.00026553080533631146 0
1731857720648 0.0002740169584285468 0
1731857736141 0.0002724800433497876 0
1731857751191 0.0002904422290157527 0
1731857766341 0.0002475514484103769 0
1731857781401 0.00028652779292315245 0
1731857796518 0.00024822610430419445 0
1731857811551 0.0002661160542629659 0
1731857826720 0.00029952189652249217 0
1731857841750 0.00025760341668501496 0
1731857856914 0.00029334198916330934 0
1731857871988 0.00024352494801860303 0
1731857887137 0.000247268850216642 0
1731857902179 0.00023557341773994267 0
1731857917329 0.000276748847682029 0
1731857932403 0.0002681967453099787 0
1731857947553 0.00024360617680940777 0
1731857962949 0.00027704820968210697 0
1731857978104 0.00026224864996038377 0
1731857993204 0.00023083426640368998 0
1731858008395 0.00025785143952816725 0
1731858023462 0.0002665015053935349 0
1731858038613 0.00022656816872768104 0
1731858053666 0.0002507314784452319 0
1731858068810 0.0002602397871669382 0
1731858083874 0.0002494474174454808 0
1731858099021 0.00023172397050075233 0
1731858114072 0.0002563999150879681 0
1731858129233 0.0002835966879501939 0
1731858144272 0.0002668770030140877 0
1731858159421 0.0002560887369327247 0
1731858174456 0.0002628485090099275 0
1731858189971 0.0002687697997316718 0
1731858205028 0.00026215609977953136 0
1731858220157 0.00023746254737488925 0
1731858235224 0.0002748226106632501 0
1731858250413 0.0002670147514436394 0
1731858265490 0.00024463527370244265 0
1731858280621 0.0002580036234576255 0
1731858295683 0.00023609843628946692 0
1731858310827 0.0002682830090634525 0
1731858325879 0.00023385677195619792 0
1731858341044 0.0002564378082752228 0
1731858356099 0.00023645194596610963 0
1731858371270 0.0002492216881364584 0
1731858386340 0.0002565568429417908 0
1731858401479 0.00026686443015933037 0
1731858416891 0.00022917201567906886 0
1731858432032 0.00026513836928643286 0
1731858447082 0.0002431035682093352 0
1731858462251 0.0002793051244225353 0
1731858477299 0.00021963260951451957 0
1731858492435 0.00025738522526808083 0
1731858507488 0.00025450007524341345 0
1731858522656 0.00025281670968979597 0
1731858537755 0.00024326839775312692 0
1731858552990 0.00025623536203056574 0
1731858568126 0.00027962191961705685 0
1731858583358 0.0002571570221334696 0
1731858598512 0.00024086273333523422 0
1731858613738 0.00025287101743742824 0
1731858628812 0.00025715993251651525 0
1731858644333 0.00024866516469046474 0
1731858659378 0.00026068181614391506 0
1731858674559 0.0002457578666508198 0
1731858689621 0.0002379439538344741 0
1731858704772 0.0002686146763153374 0
1731858719842 0.0002354125608690083 0
1731858734987 0.00024101293820422143 0
1731858750079 0.00025136396288871765 0
1731858765246 0.0002560096909292042 0
1731858780295 0.00024664809461683035 0
1731858795466 0.0002564811729826033 0
1731858810509 0.0002289870026288554 0
1731858825666 0.00029051752062514424 0
1731858840733 0.00025634650955908 0
1731858856274 0.0002942420251201838 0
1731858871403 0.00025241292314603925 0
1731858886587 0.0002485995355527848 0
1731858901650 0.0002588210627436638 0
1731858916811 0.0002450494794175029 0
1731858931886 0.0002760404022410512 0
1731858947135 0.0002800452057272196 0
1731858962249 0.0002721328637562692 0
1731858977390 0.00023063232947606593 0
1731858992465 0.00023877843341324478 0
1731859007636 0.000237106200074777 0
1731859022758 0.00024864665465429425 0
1731859037929 0.0002436208596918732 0
1731859052991 0.00024303363170474768 0
1731859068162 0.0002424908016109839 0
1731859083560 0.000254363811109215 0
1731859098707 0.0002569491625763476 0
1731859113800 0.0002652231778483838 0
1731859128967 0.00023986322048585862 0
1731859144019 0.00024783264962024987 0
1731859159189 0.0002579027786850929 0
1731859174241 0.00025905054644681513 0
1731859189409 0.0002562922309152782 0
1731859204470 0.0002582324668765068 0
1731859219656 0.00027784958365373313 0
1731859234714 0.00024169296375475824 0
1731859249897 0.00023559722467325628 0
1731859264955 0.0002622784813866019 0
1731859280098 0.0002814219333231449 0
1731859295166 0.0002580540021881461 0
1731859310694 0.0002848554286174476 0
1731859325755 0.0002362071827519685 0
1731859340901 0.0002360591315664351 0
1731859355949 0.00025150025612674654 0
1731859371112 0.0002513733634259552 0
1731859386176 0.0002388312277616933 0
1731859401340 0.0002539834240451455 0
1731859416424 0.00025672707124613225 0
1731859431593 0.00025744750746525824 0
1731859446648 0.00023487818543799222 0
1731859461812 0.0002706688828766346 0
1731859476884 0.0002731200074777007 0
1731859492032 0.00025456963339820504 0
1731859507099 0.00021107529755681753 0
1731859522275 0.00023301538021769375 0
1731859537669 0.0002642091712914407 0
1731859552842 0.00024131700047291815 0
1731859567914 0.0002537930849939585 0
1731859583076 0.00025183529942296445 0
1731859598168 0.000229179160669446 0
1731859613327 0.00025358510902151465 0
1731859628404 0.0002626235946081579 0
1731859643561 0.0002493764623068273 0
1731859658628 0.00024797028163447976 0
1731859673779 0.00023338128812611103 0
1731859688846 0.0002662601473275572 0
1731859704023 0.00024285259132739156 0
1731859719075 0.0002470470208209008 0
1731859734238 0.00026225546025671065 0
1731859749298 0.00024833602947182953 0
