1731856313708 0.005862783640623093 0
1731856333621 0.004457881208509207 0
1731856353228 0.0036949110217392445 0
1731856372945 0.0036682537756860256 0
1731856392561 0.0034917229786515236 0
1731856412293 0.0032965594436973333 0
1731856431890 0.0035392739810049534 0
1731856451596 0.003050111001357436 0
1731856471207 0.0031584948301315308 0
1731856490924 0.003263552440330386 0
1731856510517 0.002988466527312994 0
1731856530190 0.0024420851841568947 0
1731856549784 0.0025159670040011406 0
1731856569481 0.002769567770883441 0
1731856589088 0.002798626199364662 0
1731856606463 0.0027699260972440243 0
1731856623817 0.0026824898086488247 0
1731856641213 0.0026508960872888565 0
1731856658586 0.0024594382848590612 0
1731856675954 0.0025231384206563234 0
1731856693359 0.0024245630484074354 0
1731856710709 0.002283601788803935 0
1731856727244 0.0023223210591822863 0
1731856743396 0.0024704274255782366 0
1731856759644 0.0022691092453897 0
1731856775913 0.002175083849579096 0
1731856792156 0.0020375195890665054 0
1731856808308 0.002391457324847579 0
1731856824601 0.0023374794982373714 0
1731856840904 0.002288892399519682 0
1731856856436 0.0020326445810496807 0
1731856871995 0.0020186230540275574 0
1731856887525 0.0019789556972682476 0
1731856903063 0.0020841616205871105 0
1731856918579 0.00223213667050004 0
1731856934113 0.002117083640769124 0
1731856949647 0.0022188411094248295 0
1731856964786 0.0019900803454220295 0
1731856979936 0.0022567082196474075 0
1731856994958 0.0019637520890682936 0
1731857010094 0.002186254132539034 0
1731857025108 0.001955019775778055 0
1731857040252 0.0019525396637618542 0
1731857055265 0.0019620265811681747 0
1731857070751 0.0019446209771558642 0
1731857085784 0.0020505469292402267 0
1731857100914 0.00202890089713037 0
1731857115963 0.001946940552443266 0
1731857131108 0.0018232188886031508 0
1731857146178 0.001958345528692007 0
1731857161341 0.0016712627839297056 0
1731857176398 0.001957726664841175 0
1731857191580 0.0018728813156485558 0
1731857206600 0.001891238847747445 0
1731857221760 0.002019221195951104 0
1731857236820 0.0017433369066566229 0
1731857251964 0.0017912664916366339 0
1731857267023 0.0017585441237315536 0
1731857282166 0.0017661273013800383 0
1731857297552 0.0018482848536223173 0
1731857312673 0.0017182797892019153 0
1731857327724 0.0017469640588387847 0
1731857342865 0.0014853544998914003 0
1731857357913 0.0014783188235014677 0
1731857373060 0.0016467093955725431 0
1731857388126 0.0016722173895686865 0
1731857403277 0.0018226886168122292 0
1731857418326 0.0015592484269291162 0
1731857433462 0.0015546716749668121 0
1731857448522 0.0017277132719755173 0
1731857463667 0.001526129199191928 0
1731857478703 0.001927649136632681 0
1731857493853 0.0015887969639152288 0
1731857508902 0.001589748077094555 0
1731857524363 0.0015056675765663385 0
1731857539433 0.001389716169796884 0
1731857554572 0.0015087369829416275 0
1731857569646 0.0015972002875059843 0
1731857584777 0.0015454739332199097 0
1731857599832 0.0015728179132565856 0
1731857614970 0.0015129349194467068 0
1731857630022 0.0016551812877878547 0
1731857645185 0.001514992443844676 0
1731857660232 0.0015596766024827957 0
1731857675380 0.001546757761389017 0
1731857690429 0.0016112211160361767 0
1731857705579 0.0015437708934769034 0
1731857720648 0.0015380564145743847 0
1731857736141 0.0014987417962402105 0
1731857751191 0.0014299474423751235 0
1731857766341 0.0015317103825509548 0
1731857781401 0.0013954093446955085 0
1731857796518 0.00161464954726398 0
1731857811551 0.001413312740623951 0
1731857826720 0.0013246424496173859 0
1731857841750 0.0016303722513839602 0
1731857856914 0.0013846926158294082 0
1731857871988 0.0013646518345922232 0
1731857887137 0.0013453802093863487 0
1731857902179 0.0012965935748070478 0
1731857917329 0.0012258102651685476 0
1731857932403 0.0016001922776922584 0
1731857947553 0.0016046094242483377 0
1731857962949 0.0014457604847848415 0
1731857978104 0.0013337124837562442 0
1731857993204 0.0013977488270029426 0
1731858008395 0.0013323836028575897 0
1731858023462 0.0012216942850500345 0
1731858038613 0.001142258057370782 0
1731858053666 0.0012770071625709534 0
1731858068810 0.0012909530196338892 0
1731858083874 0.0012697989586740732 0
1731858099021 0.0011444243136793375 0
1731858114072 0.0011930199107155204 0
1731858129233 0.0014418959617614746 0
1731858144272 0.001388563308864832 0
1731858159421 0.0012210969580337405 0
1731858174456 0.0014034396735951304 0
1731858189971 0.0013824201887473464 0
1731858205028 0.0012028818018734455 0
1731858220157 0.001291094347834587 0
1731858235224 0.0011337350588291883 0
1731858250413 0.0011554309166967869 0
1731858265490 0.001131491968408227 0
1731858280621 0.001221922691911459 0
1731858295683 0.0011146030155941844 0
1731858310827 0.0010793957626447082 0
1731858325879 0.001146190334111452 0
1731858341044 0.0009699531365185976 0
1731858356099 0.0011610044166445732 0
1731858371270 0.0012128893285989761 0
1731858386340 0.0012236293405294418 0
1731858401479 0.001238659955561161 0
1731858416891 0.001133648445829749 0
1731858432032 0.0011847857385873795 0
1731858447082 0.0013569686561822891 0
1731858462251 0.0012446257751435041 0
1731858477299 0.0011386668775230646 0
1731858492435 0.0010879002511501312 0
1731858507488 0.001112661324441433 0
1731858522656 0.0010452901478856802 0
1731858537755 0.0012347967131063342 0
1731858552990 0.0012302191462367773 0
1731858568126 0.0012046380434185266 0
1731858583358 0.0010302879381924868 0
1731858598512 0.0011894076596945524 0
1731858613738 0.001247332664206624 0
1731858628812 0.0009702566894702613 0
1731858644333 0.0011212879326194525 0
1731858659378 0.0011185184121131897 0
1731858674559 0.0011945727746933699 0
1731858689621 0.001060354639776051 0
1731858704772 0.0011156107066199183 0
1731858719842 0.0011578758712857962 0
1731858734987 0.0010223666904494166 0
1731858750079 0.0011141531867906451 0
1731858765246 0.0010790165979415178 0
1731858780295 0.0009300915990024805 0
1731858795466 0.0010081708896905184 0
1731858810509 0.0009746618452481925 0
1731858825666 0.0011169344652444124 0
1731858840733 0.0010396288707852364 0
1731858856274 0.0011515008518472314 0
1731858871403 0.0010235044173896313 0
1731858886587 0.0009472029050812125 0
1731858901650 0.0010078714694827795 0
1731858916811 0.0010125776752829552 0
1731858931886 0.0009388169273734093 0
1731858947135 0.0009873606031760573 0
1731858962249 0.0011743399081751704 0
1731858977390 0.000999143230728805 0
1731858992465 0.0010938139166682959 0
1731859007636 0.0009837166871875525 0
1731859022758 0.0009827371686697006 0
1731859037929 0.0009735901840031147 0
1731859052991 0.0010470019187778234 0
1731859068162 0.0009286655113101006 0
1731859083560 0.0010294318199157715 0
1731859098707 0.0008549665799364448 0
1731859113800 0.0008201744640246034 0
1731859128967 0.001105430070310831 0
1731859144019 0.0008867733413353562 0
1731859159189 0.0010473753791302443 0
1731859174241 0.0010307198390364647 0
1731859189409 0.0010149291483685374 0
1731859204470 0.0009492611861787736 0
1731859219656 0.0010245247976854444 0
1731859234714 0.0009002275764942169 0
1731859249897 0.0008948800968937576 0
1731859264955 0.0010012383572757244 0
1731859280098 0.0009852723451331258 0
1731859295166 0.000987997162155807 0
1731859310694 0.0009908288484439254 0
1731859325755 0.0008566719479858875 0
1731859340901 0.0008114352240227163 0
1731859355949 0.000858432031236589 0
1731859371112 0.0008978910627774894 0
1731859386176 0.0008707669330760837 0
1731859401340 0.0010007875971496105 0
1731859416424 0.0010323976166546345 0
1731859431593 0.0009051680099219084 0
1731859446648 0.000877951446454972 0
1731859461812 0.0009070107480511069 0
1731859476884 0.0008867960423231125 0
1731859492032 0.0009228892158716917 0
1731859507099 0.0008360245265066624 0
1731859522275 0.0009740273235365748 0
1731859537669 0.0008472816552966833 0
1731859552842 0.0008349699201062322 0
1731859567914 0.0009615333983674645 0
1731859583076 0.0009698509238660336 0
1731859598168 0.0008911673212423921 0
1731859613327 0.0007756617851555347 0
1731859628404 0.0008101691491901875 0
1731859643561 0.0009541613981127739 0
1731859658628 0.0008904036949388683 0
1731859673779 0.0009628268890082836 0
1731859688846 0.0008674889686517417 0
1731859704023 0.0008596701081842184 0
1731859719075 0.0009480240987613797 0
1731859734238 0.0008209752268157899 0
1731859749298 0.0008816102053970098 0
