1731856313708 0.0008035722421482205 0
1731856333621 0.000509289966430515 0
1731856353228 0.0004158950468990952 0
1731856372945 0.00034352601505815983 0
1731856392561 0.00033364834962412715 0
1731856412293 0.00030682008946314454 0
1731856431890 0.0003212587325833738 0
1731856451596 0.0002632693503983319 0
1731856471207 0.00028982001822441816 0
1731856490924 0.0002563217421993613 0
1731856510517 0.0002916412486229092 0
1731856530190 0.00026070151943713427 0
1731856549784 0.00025924446526914835 0
1731856569481 0.00026527195586822927 0
1731856589088 0.0002942411811091006 0
1731856606463 0.0002503344730939716 0
1731856623817 0.00023576300009153783 0
1731856641213 0.00025912022101692855 0
1731856658586 0.00023685512132942677 0
1731856675954 0.00024666317040100694 0
1731856693359 0.00022950087441131473 0
1731856710709 0.00022990710567682981 0
1731856727244 0.0003265178529545665 0
1731856743396 0.0002304537338204682 0
1731856759644 0.0002280083135701716 0
1731856775913 0.0002538046974223107 0
1731856792156 0.0003595191810745746 0
1731856808308 0.00025368540082126856 0
1731856824601 0.0002481440606061369 0
1731856840904 0.00022549110872205347 0
1731856856436 0.00022756187536288053 0
1731856871995 0.00027868273900821805 0
1731856887525 0.0002404950064374134 0
1731856903063 0.00021534938423428684 0
1731856918579 0.00018946250202134252 0
1731856934113 0.00022211229952517897 0
1731856949647 0.00022528144472744316 0
1731856964786 0.00036726478720083833 0
1731856979936 0.00020538619719445705 0
1731856994958 0.00024542195023968816 0
1731857010094 0.00019221984257455915 0
1731857025108 0.00025033470592461526 0
1731857040252 0.00019681431876961142 0
1731857055265 0.0002231256221421063 0
1731857070751 0.00020325450168456882 0
1731857085784 0.0002228726225439459 0
1731857100914 0.00025957589969038963 0
1731857115963 0.00020808642148040235 0
1731857131108 0.0002076178352581337 0
1731857146178 0.00020221172599121928 0
1731857161341 0.00021345019922591746 0
1731857176398 0.00021565814677160233 0
1731857191580 0.0002568701165728271 0
1731857206600 0.0002330764546059072 0
1731857221760 0.0002033925848081708 0
1731857236820 0.0002162226301152259 0
1731857251964 0.00020191774819977582 0
1731857267023 0.00019898185564670712 0
1731857282166 0.00019473156135063618 0
1731857297552 0.00027499152929522097 0
1731857312673 0.0001998546940740198 0
1731857327724 0.00019800791051238775 0
1731857342865 0.00021499030117411166 0
1731857357913 0.00020612467778846622 0
1731857373060 0.00018031866056844592 0
1731857388126 0.00019789325597230345 0
1731857403277 0.0002167605416616425 0
1731857418326 0.00020661424787249416 0
1731857433462 0.0001979825465241447 0
1731857448522 0.00018624433141667396 0
1731857463667 0.0002913836215157062 0
1731857478703 0.00019288940529804677 0
1731857493853 0.0001963106042239815 0
1731857508902 0.0002034658973570913 0
1731857524363 0.0001917306217364967 0
1731857539433 0.00018482717860024422 0
1731857554572 0.0002090670313918963 0
1731857569646 0.00022055613226257265 0
1731857584777 0.00020550603221636266 0
1731857599832 0.0002044310822384432 0
1731857614970 0.0001916528563015163 0
1731857630022 0.00018886697944253683 0
1731857645185 0.0002002919209189713 0
1731857660232 0.00020148881594650447 0
1731857675380 0.00019361154409125447 0
1731857690429 0.00019057941972278059 0
1731857705579 0.00018632768478710204 0
1731857720648 0.0001896563480840996 0
1731857736141 0.00018948173965327442 0
1731857751191 0.0001850835105869919 0
1731857766341 0.00019508061814121902 0
1731857781401 0.00019864880596287549 0
1731857796518 0.00018228960107080638 0
1731857811551 0.00018685818940866739 0
1731857826720 0.00019810519006568938 0
1731857841750 0.00020478421356528997 0
1731857856914 0.00019102165242657065 0
1731857871988 0.00018847218598239124 0
1731857887137 0.00017811288125813007 0
1731857902179 0.00021474384993780404 0
1731857917329 0.00018787993758451194 0
1731857932403 0.00019209225138183683 0
1731857947553 0.00019265153969172388 0
1731857962949 0.00019138696370646358 0
1731857978104 0.00020887187565676868 0
1731857993204 0.00018999863823410124 0
1731858008395 0.00019686759333126247 0
1731858023462 0.00018060780712403357 0
1731858038613 0.00018092349637299776 0
1731858053666 0.00019526126561686397 0
1731858068810 0.00019106914987787604 0
1731858083874 0.00019967001571785659 0
1731858099021 0.00018622749485075474 0
1731858114072 0.00018679354980122298 0
1731858129233 0.00020573419169522822 0
1731858144272 0.00018106064817402512 0
1731858159421 0.00018186811939813197 0
1731858174456 0.00018010646454058588 0
1731858189971 0.00019086402608081698 0
1731858205028 0.0001939102658070624 0
1731858220157 0.0001725522306514904 0
1731858235224 0.00018673705926630646 0
1731858250413 0.0001738923165248707 0
1731858265490 0.00018536887364462018 0
1731858280621 0.0001909743732539937 0
1731858295683 0.00019699448603205383 0
1731858310827 0.00018660274508874863 0
1731858325879 0.00022053130669519305 0
1731858341044 0.00019515116582624614 0
1731858356099 0.0001903950615087524 0
1731858371270 0.00018929682846646756 0
1731858386340 0.00019952683942392468 0
1731858401479 0.00018730032024905086 0
1731858416891 0.00018108908261638135 0
1731858432032 0.00017486923024989665 0
1731858447082 0.00017636589473113418 0
1731858462251 0.00017126489547081292 0
1731858477299 0.00017798529006540775 0
1731858492435 0.00017872065654955804 0
1731858507488 0.00018973452097270638 0
1731858522656 0.0001875316520454362 0
1731858537755 0.00016817546566016972 0
1731858552990 0.00018824986182153225 0
1731858568126 0.00018609812832437456 0
1731858583358 0.00017775244486983865 0
1731858598512 0.0001745226327329874 0
1731858613738 0.00018497544806450605 0
1731858628812 0.00017875045887194574 0
1731858644333 0.00017894546908792108 0
1731858659378 0.00017263586050830781 0
1731858674559 0.0001766186614986509 0
1731858689621 0.0001797702570911497 0
1731858704772 0.00018182393978349864 0
1731858719842 0.00018654941231943667 0
1731858734987 0.00017162896983791143 0
1731858750079 0.00019337268895469606 0
1731858765246 0.00017829015268944204 0
1731858780295 0.00018152277334593236 0
1731858795466 0.00018274140893481672 0
1731858810509 0.0001719327556202188 0
1731858825666 0.00017865731206256896 0
1731858840733 0.0001628972531761974 0
1731858856274 0.0001825517974793911 0
1731858871403 0.0001815883006202057 0
1731858886587 0.00017300729814451188 0
1731858901650 0.00019202943076379597 0
1731858916811 0.0001756126875989139 0
1731858931886 0.0001821003097575158 0
1731858947135 0.0001670306082814932 0
1731858962249 0.0001739185827318579 0
1731858977390 0.0001890578423626721 0
1731858992465 0.0001817027514334768 0
1731859007636 0.0001706090843072161 0
1731859022758 0.00017210652003996074 0
1731859037929 0.00018154933059122413 0
1731859052991 0.00018145216745324433 0
1731859068162 0.00019153383618686348 0
1731859083560 0.00017732905689626932 0
1731859098707 0.00017230465891771019 0
1731859113800 0.00017162374570034444 0
1731859128967 0.00017796779866330326 0
1731859144019 0.00017489251331426203 0
1731859159189 0.00018096560961566865 0
1731859174241 0.00016702679567970335 0
1731859189409 0.00017288127855863422 0
1731859204470 0.00017277001461479813 0
1731859219656 0.00017830231809057295 0
1731859234714 0.00017357274191454053 0
1731859249897 0.00016544632671866566 0
1731859264955 0.00018385933071840554 0
1731859280098 0.00016868584498297423 0
1731859295166 0.00017426107660867274 0
1731859310694 0.0001859402982518077 0
1731859325755 0.00016038997273426503 0
1731859340901 0.0001652627543080598 0
1731859355949 0.00015518396685365587 0
1731859371112 0.00018288214050699025 0
1731859386176 0.00017767843382898718 0
1731859401340 0.00016602904361207038 0
1731859416424 0.00017073699564207345 0
1731859431593 0.00017457149806432426 0
1731859446648 0.00016795910778455436 0
1731859461812 0.00018662435468286276 0
1731859476884 0.00016111138393171132 0
1731859492032 0.00018334227206651121 0
1731859507099 0.00016434535791631788 0
1731859522275 0.00017653484246693552 0
1731859537669 0.0001654252700973302 0
1731859552842 0.0001763741602189839 0
1731859567914 0.00015909443027339876 0
1731859583076 0.00018452072981745005 0
1731859598168 0.0001650607882766053 0
1731859613327 0.0001637579407542944 0
1731859628404 0.00017199951980728656 0
1731859643561 0.00017261422181036323 0
1731859658628 0.00017620463040657341 0
1731859673779 0.00016380740271415561 0
1731859688846 0.00016434650751762092 0
1731859704023 0.00018523959442973137 0
1731859719075 0.00019094222807325423 0
1731859734238 0.00017873122124001384 0
1731859749298 0.00017140632553491741 0
