1731968624454 0.6056433320045471 0
1731968648275 0.5257169604301453 0
1731968671894 0.4912913739681244 0
1731968695588 0.4706036448478699 0
1731968719150 0.46150097250938416 0
1731968742911 0.4433266222476959 0
1731968766534 0.4471295177936554 0
1731968790312 0.44408053159713745 0
1731968814005 0.4336833357810974 0
1731968837895 0.43507319688796997 0
1731968861661 0.43214741349220276 0
1731968885550 0.42422381043434143 0
1731968909348 0.41886425018310547 0
1731968933277 0.4177963137626648 0
1731968956926 0.412636935710907 0
1731968977750 0.41084516048431396 0
1731968998580 0.41064807772636414 0
1731969019455 0.41409069299697876 0
1731969040293 0.4166604280471802 0
1731969061115 0.40666860342025757 0
1731969081955 0.4009823501110077 0
1731969102816 0.4050390124320984 0
1731969122562 0.41117537021636963 0
1731969141713 0.40254783630371094 0
1731969161081 0.39703941345214844 0
1731969180443 0.40264758467674255 0
1731969199759 0.3985569477081299 0
1731969218927 0.3992011547088623 0
1731969238245 0.4054003059864044 0
1731969257476 0.3997371792793274 0
1731969275869 0.39223241806030273 0
1731969294208 0.3857681453227997 0
1731969312586 0.4023633897304535 0
1731969330963 0.3962820768356323 0
1731969349324 0.39628610014915466 0
1731969367642 0.3899129331111908 0
1731969385972 0.39857766032218933 0
1731969403781 0.3946419656276703 0
1731969421593 0.3966003358364105 0
1731969439245 0.3960096538066864 0
1731969457041 0.39945897459983826 0
1731969474701 0.39046213030815125 0
1731969492504 0.38905906677246094 0
1731969510187 0.38879886269569397 0
1731969528274 0.39209064841270447 0
1731969545932 0.3880445063114166 0
1731969563724 0.39121583104133606 0
1731969581382 0.38083088397979736 0
1731969599167 0.38622158765792847 0
1731969616828 0.3949044346809387 0
1731969634611 0.3943224847316742 0
1731969652271 0.39011749625205994 0
1731969670062 0.3871708810329437 0
1731969687699 0.38616281747817993 0
1731969705486 0.3846261501312256 0
1731969723110 0.38607874512672424 0
1731969740898 0.3840652406215668 0
1731969758538 0.38725534081459045 0
1731969776312 0.3832892179489136 0
1731969794295 0.38140785694122314 0
1731969812093 0.38152438402175903 0
1731969829721 0.37562116980552673 0
1731969847488 0.3807826638221741 0
1731969865155 0.38529863953590393 0
1731969882945 0.37290745973587036 0
1731969900577 0.38799309730529785 0
1731969918352 0.3814621567726135 0
1731969935974 0.3860855996608734 0
1731969953734 0.3771902024745941 0
1731969971361 0.3803424835205078 0
1731969989126 0.38127103447914124 0
1731970006790 0.3814030587673187 0
1731970024538 0.3801088035106659 0
1731970042177 0.38207748532295227 0
1731970060276 0.38093623518943787 0
1731970077931 0.37541529536247253 0
1731970095705 0.38084012269973755 0
1731970113322 0.37896400690078735 0
1731970131100 0.3828059434890747 0
1731970148737 0.38087284564971924 0
1731970166525 0.3855843245983124 0
1731970184130 0.37927985191345215 0
1731970201878 0.38217484951019287 0
1731970219509 0.38168245553970337 0
1731970237245 0.38159194588661194 0
1731970254865 0.3811000883579254 0
1731970272650 0.3808645009994507 0
1731970290284 0.3838917315006256 0
1731970308360 0.38346195220947266 0
1731970325988 0.38045305013656616 0
1731970343726 0.38107922673225403 0
1731970361340 0.3845662772655487 0
1731970379095 0.3818337023258209 0
1731970396714 0.3817441463470459 0
1731970414481 0.38318321108818054 0
1731970432058 0.3785223662853241 0
1731970449826 0.37570786476135254 0
1731970467446 0.38166841864585876 0
1731970485215 0.38124534487724304 0
1731970502825 0.3826458752155304 0
1731970520604 0.38018617033958435 0
1731970538204 0.37869980931282043 0
1731970555989 0.3841995894908905 0
1731970573887 0.3797760605812073 0
1731970591618 0.37749579548835754 0
1731970609209 0.3724879026412964 0
1731970626976 0.376447468996048 0
1731970644574 0.37728559970855713 0
1731970662334 0.38457930088043213 0
1731970679975 0.3770733177661896 0
1731970697736 0.38473695516586304 0
1731970715375 0.3802137076854706 0
1731970733121 0.38234513998031616 0
1731970750728 0.3819630742073059 0
1731970768454 0.3804965913295746 0
1731970786056 0.37485265731811523 0
1731970803796 0.3739927113056183 0
1731970821394 0.3777077794075012 0
1731970839483 0.38162317872047424 0
1731970857108 0.381759375333786 0
1731970874872 0.374902606010437 0
1731970892483 0.3759600818157196 0
1731970910248 0.38269922137260437 0
1731970927840 0.38187339901924133 0
1731970945583 0.37835925817489624 0
1731970963179 0.3752308487892151 0
1731970980916 0.37766674160957336 0
1731970998519 0.3817441463470459 0
1731971016260 0.37997475266456604 0
1731971033874 0.3822430372238159 0
1731971051596 0.3771175742149353 0
1731971069197 0.38053375482559204 0
1731971086924 0.37911456823349 0
1731971104873 0.3803075850009918 0
1731971122611 0.3773849308490753 0
1731971140215 0.3795068860054016 0
1731971157943 0.37801384925842285 0
1731971175515 0.38194331526756287 0
1731971193231 0.37766599655151367 0
1731971210805 0.3814884424209595 0
1731971228506 0.37937653064727783 0
1731971246068 0.379997193813324 0
1731971263779 0.3778388798236847 0
1731971281338 0.37705373764038086 0
1731971299042 0.3798578679561615 0
1731971316610 0.38013169169425964 0
1731971334284 0.38063979148864746 0
1731971351845 0.3818737864494324 0
1731971369893 0.37906038761138916 0
1731971387430 0.3814324140548706 0
1731971405116 0.3820022642612457 0
1731971422667 0.37915506958961487 0
1731971440380 0.37820175290107727 0
1731971457958 0.3776586949825287 0
1731971475658 0.37919872999191284 0
1731971493230 0.37949734926223755 0
1731971510918 0.37866321206092834 0
1731971528477 0.38017556071281433 0
1731971546156 0.37642988562583923 0
1731971563704 0.37919798493385315 0
1731971581412 0.38068684935569763 0
1731971598983 0.37870708107948303 0
1731971617027 0.37832021713256836 0
1731971634591 0.381307989358902 0
1731971652273 0.37527063488960266 0
1731971669840 0.3788820505142212 0
1731971687496 0.377482533454895 0
1731971705043 0.3800358772277832 0
1731971722749 0.3790525197982788 0
1731971740276 0.380553275346756 0
1731971757940 0.37929800152778625 0
1731971775457 0.37826141715049744 0
1731971793133 0.37923285365104675 0
1731971810661 0.3808768689632416 0
1731971828348 0.3823690414428711 0
1731971845874 0.37940627336502075 0
1731971863531 0.3798908591270447 0
1731971881400 0.38245025277137756 0
1731971899083 0.3824363052845001 0
1731971916610 0.3825882375240326 0
1731971934273 0.38013967871665955 0
1731971951807 0.3820582628250122 0
1731971969488 0.37893423438072205 0
1731971987035 0.3807104527950287 0
1731972004716 0.3794321119785309 0
1731972022250 0.3824644386768341 0
1731972039892 0.3816610276699066 0
1731972057459 0.38050585985183716 0
1731972075119 0.381701797246933 0
1731972092643 0.37808969616889954 0
1731972110294 0.3817964494228363 0
1731972127830 0.3797278106212616 0
1731972145840 0.381570965051651 0
1731972163368 0.37807610630989075 0
1731972181027 0.37944382429122925 0
1731972198532 0.3802478313446045 0
1731972216181 0.37762290239334106 0
1731972233701 0.3790149986743927 0
1731972251361 0.3788898289203644 0
1731972268881 0.37893229722976685 0
1731972286562 0.381008118391037 0
1731972304085 0.37653306126594543 0
1731972321741 0.37848174571990967 0
1731972339232 0.38047492504119873 0
1731972356898 0.3802796006202698 0
1731972374414 0.37761494517326355 0
1731972392061 0.37951838970184326 0
1731972409929 0.38023442029953003 0
1731972427616 0.3776269853115082 0
1731972445127 0.37827885150909424 0
1731972462807 0.3793693482875824 0
1731972480321 0.37956586480140686 0
1731972497985 0.37828147411346436 0
1731972515506 0.3776855766773224 0
1731972533164 0.37900683283805847 0
1731972550692 0.38092756271362305 0
1731972568349 0.38027507066726685 0
1731972585857 0.37867993116378784 0
1731972603542 0.37872111797332764 0
1731972621080 0.3801422119140625 0
1731972638743 0.37776151299476624 0
1731972656242 0.379366010427475 0
