1731968624454 0.011316628195345402 0
1731968648275 0.010612684302031994 0
1731968671894 0.010485597886145115 0
1731968695588 0.010037440806627274 0
1731968719150 0.009945942088961601 0
1731968742911 0.009527367539703846 0
1731968766534 0.00936723593622446 0
1731968790312 0.009198090992867947 0
1731968814005 0.008847908116877079 0
1731968837895 0.008852542378008366 0
1731968861661 0.008548806421458721 0
1731968885550 0.008670663461089134 0
1731968909348 0.008500843308866024 0
1731968933277 0.008566820062696934 0
1731968956926 0.0085065932944417 0
1731968977750 0.008259790018200874 0
1731968998580 0.008150478824973106 0
1731969019455 0.008234883658587933 0
1731969040293 0.00805972795933485 0
1731969061115 0.008203068748116493 0
1731969081955 0.008046109229326248 0
1731969102816 0.007968240417540073 0
1731969122562 0.007784303277730942 0
1731969141713 0.00774796586483717 0
1731969161081 0.007628745399415493 0
1731969180443 0.0077578225173056126 0
1731969199759 0.007758275605738163 0
1731969218927 0.007659824099391699 0
1731969238245 0.007647635880857706 0
1731969257476 0.007813078351318836 0
1731969275869 0.007695530541241169 0
1731969294208 0.007608363404870033 0
1731969312586 0.0075717042200267315 0
1731969330963 0.007390399929136038 0
1731969349324 0.007596378214657307 0
1731969367642 0.007595048751682043 0
1731969385972 0.0075364732183516026 0
1731969403781 0.0075951432809233665 0
1731969421593 0.007534575182944536 0
1731969439245 0.00731310248374939 0
1731969457041 0.007535815704613924 0
1731969474701 0.0075146108865737915 0
1731969492504 0.007483495399355888 0
1731969510187 0.00746148219332099 0
1731969528274 0.007509158458560705 0
1731969545932 0.007342854514718056 0
1731969563724 0.0072990902699530125 0
1731969581382 0.007429758086800575 0
1731969599167 0.00743145914748311 0
1731969616828 0.007331179920583963 0
1731969634611 0.007350374478846788 0
1731969652271 0.0074825952760875225 0
1731969670062 0.007370659150183201 0
1731969687699 0.0073746442794799805 0
1731969705486 0.007394541520625353 0
1731969723110 0.007310448680073023 0
1731969740898 0.007374905049800873 0
1731969758538 0.00747991306707263 0
1731969776312 0.007443394046276808 0
1731969794295 0.007340278476476669 0
1731969812093 0.00731181725859642 0
1731969829721 0.007323158904910088 0
1731969847488 0.007277932018041611 0
1731969865155 0.007256872486323118 0
1731969882945 0.007294885348528624 0
1731969900577 0.007259748876094818 0
1731969918352 0.007398698013275862 0
1731969935974 0.007380937226116657 0
1731969953734 0.007275716867297888 0
1731969971361 0.007415922824293375 0
1731969989126 0.007285814266651869 0
1731970006790 0.007247136440128088 0
1731970024538 0.007317242678254843 0
1731970042177 0.007260068319737911 0
1731970060276 0.007368260994553566 0
1731970077931 0.00722791301086545 0
1731970095705 0.007340851239860058 0
1731970113322 0.00712765334174037 0
1731970131100 0.007124337367713451 0
1731970148737 0.007111820857971907 0
1731970166525 0.007229864597320557 0
1731970184130 0.007238760590553284 0
1731970201878 0.007270684000104666 0
1731970219509 0.00724216690286994 0
1731970237245 0.007236329838633537 0
1731970254865 0.007258102297782898 0
1731970272650 0.0071749393828213215 0
1731970290284 0.0072556412778794765 0
1731970308360 0.0071824644692242146 0
1731970325988 0.007212177850306034 0
1731970343726 0.007215389981865883 0
1731970361340 0.0072545986622571945 0
1731970379095 0.0072318860329687595 0
1731970396714 0.007238263264298439 0
1731970414481 0.00723245507106185 0
1731970432058 0.007137091364711523 0
1731970449826 0.007280342280864716 0
1731970467446 0.007216205820441246 0
1731970485215 0.0072010657750070095 0
1731970502825 0.007229180075228214 0
1731970520604 0.007215480785816908 0
1731970538204 0.007204805966466665 0
1731970555989 0.007137861102819443 0
1731970573887 0.007194658275693655 0
1731970591618 0.007234388496726751 0
1731970609209 0.007161208428442478 0
1731970626976 0.007088521495461464 0
1731970644574 0.007126352749764919 0
1731970662334 0.007175563834607601 0
1731970679975 0.007180760148912668 0
1731970697736 0.007142152637243271 0
1731970715375 0.007149332202970982 0
1731970733121 0.007106585428118706 0
1731970750728 0.007152117323130369 0
1731970768454 0.007077629212290049 0
1731970786056 0.007149200886487961 0
1731970803796 0.007222880609333515 0
1731970821394 0.007191693410277367 0
1731970839483 0.0071310377679765224 0
1731970857108 0.007126748561859131 0
1731970874872 0.007074134889990091 0
1731970892483 0.0070297978818416595 0
1731970910248 0.007120673544704914 0
1731970927840 0.007128393277525902 0
1731970945583 0.007156008388847113 0
1731970963179 0.007096503861248493 0
1731970980916 0.007091380190104246 0
1731970998519 0.007094070315361023 0
1731971016260 0.0070684244856238365 0
1731971033874 0.0070990645326673985 0
1731971051596 0.007081639487296343 0
1731971069197 0.007198292296379805 0
1731971086924 0.0071100955829024315 0
1731971104873 0.007082213182002306 0
1731971122611 0.007052036467939615 0
1731971140215 0.007060477510094643 0
1731971157943 0.0071047889068722725 0
1731971175515 0.007140012923628092 0
1731971193231 0.00706093292683363 0
1731971210805 0.0070765819400548935 0
1731971228506 0.007130491081625223 0
1731971246068 0.007108707912266254 0
1731971263779 0.00710782315582037 0
1731971281338 0.0071115633472800255 0
1731971299042 0.007101268507540226 0
1731971316610 0.007065296173095703 0
1731971334284 0.007097446825355291 0
1731971351845 0.007119370624423027 0
1731971369893 0.0070734163746237755 0
1731971387430 0.0070245214737951756 0
1731971405116 0.007073172368109226 0
1731971422667 0.007082352414727211 0
1731971440380 0.007092982530593872 0
1731971457958 0.007031802553683519 0
1731971475658 0.007055302616208792 0
1731971493230 0.0071112606674432755 0
1731971510918 0.0070884982123970985 0
1731971528477 0.007076098583638668 0
1731971546156 0.007113707717508078 0
1731971563704 0.007033171132206917 0
1731971581412 0.0070345173589885235 0
1731971598983 0.007043918594717979 0
1731971617027 0.007030553184449673 0
1731971634591 0.00708987470716238 0
1731971652273 0.0071013388223946095 0
1731971669840 0.007086051627993584 0
1731971687496 0.007025330327451229 0
1731971705043 0.007087993901222944 0
1731971722749 0.0070578414015471935 0
1731971740276 0.007024621590971947 0
1731971757940 0.007038578856736422 0
1731971775457 0.007013662718236446 0
1731971793133 0.007038282696157694 0
1731971810661 0.007006131112575531 0
1731971828348 0.006991191767156124 0
1731971845874 0.006983471568673849 0
1731971863531 0.00700161699205637 0
1731971881400 0.007013489957898855 0
1731971899083 0.006993161514401436 0
1731971916610 0.007049747742712498 0
1731971934273 0.007030472159385681 0
1731971951807 0.007038902025669813 0
1731971969488 0.0070326924324035645 0
1731971987035 0.007074711378663778 0
1731972004716 0.0070114461705088615 0
1731972022250 0.007043658290058374 0
1731972039892 0.007028188556432724 0
1731972057459 0.006972074508666992 0
1731972075119 0.007001981604844332 0
1731972092643 0.007056828588247299 0
1731972110294 0.007051436696201563 0
1731972127830 0.007044405210763216 0
1731972145840 0.007004193030297756 0
1731972163368 0.007041274569928646 0
1731972181027 0.007024007849395275 0
1731972198532 0.007037186995148659 0
1731972216181 0.007000101264566183 0
1731972233701 0.007038428448140621 0
1731972251361 0.006992625538259745 0
1731972268881 0.007037098053842783 0
1731972286562 0.007030630484223366 0
1731972304085 0.00704630371183157 0
1731972321741 0.007003819569945335 0
1731972339232 0.007006778381764889 0
1731972356898 0.006986522115767002 0
1731972374414 0.007000149227678776 0
1731972392061 0.00698372395709157 0
1731972409929 0.007008775137364864 0
1731972427616 0.007015081588178873 0
1731972445127 0.006985081825405359 0
1731972462807 0.006977520417422056 0
1731972480321 0.00696976576000452 0
1731972497985 0.007023699581623077 0
1731972515506 0.006992519833147526 0
1731972533164 0.00700468011200428 0
1731972550692 0.006971192080527544 0
1731972568349 0.006983667612075806 0
1731972585857 0.007021821569651365 0
1731972603542 0.0069980863481760025 0
1731972621080 0.007020373363047838 0
1731972638743 0.007012349087744951 0
1731972656242 0.007013564929366112 0
