1731968624454 1.7058799266815186 0
1731968648275 1.4816924333572388 0
1731968671894 1.5269979238510132 0
1731968695588 1.3337571620941162 0
1731968719150 1.2532992362976074 0
1731968742911 1.185006856918335 0
1731968766534 1.083405613899231 0
1731968790312 1.1148163080215454 0
1731968814005 1.1194289922714233 0
1731968837895 1.0864566564559937 0
1731968861661 1.0682305097579956 0
1731968885550 1.0590713024139404 0
1731968909348 1.0505282878875732 0
1731968933277 1.0321242809295654 0
1731968956926 1.0404096841812134 0
1731968977750 1.0225104093551636 0
1731968998580 1.0583182573318481 0
1731969019455 0.9840763211250305 0
1731969040293 0.9522258639335632 0
1731969061115 1.0802849531173706 0
1731969081955 0.9875475168228149 0
1731969102816 0.9270094633102417 0
1731969122562 0.9781721234321594 0
1731969141713 0.9918582439422607 0
1731969161081 0.9360207915306091 0
1731969180443 0.954474925994873 0
1731969199759 0.9901831150054932 0
1731969218927 0.9866862893104553 0
1731969238245 0.9918821454048157 0
1731969257476 0.93514484167099 0
1731969275869 0.8993799686431885 0
1731969294208 0.9003060460090637 0
1731969312586 0.9258356094360352 0
1731969330963 1.036144495010376 0
1731969349324 0.9528077244758606 0
1731969367642 0.9172089695930481 0
1731969385972 0.9711088538169861 0
1731969403781 0.961297333240509 0
1731969421593 1.016175627708435 0
1731969439245 0.9409214854240417 0
1731969457041 0.9301967024803162 0
1731969474701 0.8853916525840759 0
1731969492504 0.9501157402992249 0
1731969510187 0.9706712365150452 0
1731969528274 0.889865517616272 0
1731969545932 0.8733728528022766 0
1731969563724 0.893983006477356 0
1731969581382 0.8842539191246033 0
1731969599167 0.8840458393096924 0
1731969616828 0.9120339155197144 0
1731969634611 0.8744874596595764 0
1731969652271 0.8999561071395874 0
1731969670062 0.9002945423126221 0
1731969687699 0.9352807998657227 0
1731969705486 0.8949247598648071 0
1731969723110 0.863083004951477 0
1731969740898 0.900665819644928 0
1731969758538 0.8908004760742188 0
1731969776312 0.8950302600860596 0
1731969794295 0.8571356534957886 0
1731969812093 0.8686226010322571 0
1731969829721 0.8987661004066467 0
1731969847488 0.9154319763183594 0
1731969865155 0.8711394667625427 0
1731969882945 0.8325334191322327 0
1731969900577 0.8787622451782227 0
1731969918352 0.8711004853248596 0
1731969935974 0.9239739775657654 0
1731969953734 0.8611364364624023 0
1731969971361 0.9269290566444397 0
1731969989126 0.8672166466712952 0
1731970006790 0.9007449150085449 0
1731970024538 0.9219846725463867 0
1731970042177 0.8550662398338318 0
1731970060276 0.8794947266578674 0
1731970077931 0.8903632164001465 0
1731970095705 0.906105101108551 0
1731970113322 0.8682186603546143 0
1731970131100 0.8696275949478149 0
1731970148737 0.9023370742797852 0
1731970166525 0.9080667495727539 0
1731970184130 0.8443308472633362 0
1731970201878 0.8755170702934265 0
1731970219509 0.859272301197052 0
1731970237245 0.8962517380714417 0
1731970254865 0.8591256141662598 0
1731970272650 0.8889964818954468 0
1731970290284 0.878496527671814 0
1731970308360 0.8982219099998474 0
1731970325988 0.8663285970687866 0
1731970343726 0.8497607707977295 0
1731970361340 0.8786845207214355 0
1731970379095 0.8680209517478943 0
1731970396714 0.8774464130401611 0
1731970414481 0.8813103437423706 0
1731970432058 0.8547946810722351 0
1731970449826 0.8384602069854736 0
1731970467446 0.8750422596931458 0
1731970485215 0.8727995753288269 0
1731970502825 0.8509812355041504 0
1731970520604 0.8609351515769958 0
1731970538204 0.8649850487709045 0
1731970555989 0.8837260007858276 0
1731970573887 0.8947024941444397 0
1731970591618 0.9029078483581543 0
1731970609209 0.8284391164779663 0
1731970626976 0.8467527031898499 0
1731970644574 0.8560603857040405 0
1731970662334 0.8706973195075989 0
1731970679975 0.8269156217575073 0
1731970697736 0.8768236041069031 0
1731970715375 0.8679007291793823 0
1731970733121 0.8811019062995911 0
1731970750728 0.8323529958724976 0
1731970768454 0.9051418304443359 0
1731970786056 0.8511321544647217 0
1731970803796 0.8191447257995605 0
1731970821394 0.8495453596115112 0
1731970839483 0.8537572026252747 0
1731970857108 0.8342266082763672 0
1731970874872 0.8733619451522827 0
1731970892483 0.8567312359809875 0
1731970910248 0.8579597473144531 0
1731970927840 0.8302373290061951 0
1731970945583 0.8405495285987854 0
1731970963179 0.8624520897865295 0
1731970980916 0.8176236748695374 0
1731970998519 0.8694218397140503 0
1731971016260 0.8516847491264343 0
1731971033874 0.8540021777153015 0
1731971051596 0.857201099395752 0
1731971069197 0.8414833545684814 0
1731971086924 0.8543193340301514 0
1731971104873 0.8265255093574524 0
1731971122611 0.8481218814849854 0
1731971140215 0.8350265622138977 0
1731971157943 0.8429725766181946 0
1731971175515 0.8807146549224854 0
1731971193231 0.854404628276825 0
1731971210805 0.8893962502479553 0
1731971228506 0.8394997715950012 0
1731971246068 0.8247412443161011 0
1731971263779 0.8545789122581482 0
1731971281338 0.8520584106445312 0
1731971299042 0.8663361072540283 0
1731971316610 0.8258406519889832 0
1731971334284 0.840721070766449 0
1731971351845 0.8694503307342529 0
1731971369893 0.8351157903671265 0
1731971387430 0.8549546599388123 0
1731971405116 0.846505880355835 0
1731971422667 0.8549485206604004 0
1731971440380 0.8277069926261902 0
1731971457958 0.8517516851425171 0
1731971475658 0.8514252305030823 0
1731971493230 0.8556391000747681 0
1731971510918 0.8467432260513306 0
1731971528477 0.8418656587600708 0
1731971546156 0.8366891145706177 0
1731971563704 0.8768553733825684 0
1731971581412 0.8544101119041443 0
1731971598983 0.8483607172966003 0
1731971617027 0.8404173254966736 0
1731971634591 0.8510310053825378 0
1731971652273 0.8680633306503296 0
1731971669840 0.8508084416389465 0
1731971687496 0.8335770964622498 0
1731971705043 0.8507549166679382 0
1731971722749 0.8579725027084351 0
1731971740276 0.8317881226539612 0
1731971757940 0.8585099577903748 0
1731971775457 0.8691011667251587 0
1731971793133 0.8460667729377747 0
1731971810661 0.8456620573997498 0
1731971828348 0.8668490648269653 0
1731971845874 0.8555598855018616 0
1731971863531 0.8672164678573608 0
1731971881400 0.8499875068664551 0
1731971899083 0.8347638249397278 0
1731971916610 0.8449040651321411 0
1731971934273 0.8517658710479736 0
1731971951807 0.8450363278388977 0
1731971969488 0.8519696593284607 0
1731971987035 0.8511331081390381 0
1731972004716 0.8486600518226624 0
1731972022250 0.858343243598938 0
1731972039892 0.8394725918769836 0
1731972057459 0.8562434315681458 0
1731972075119 0.8472263813018799 0
1731972092643 0.8393521904945374 0
1731972110294 0.8458631038665771 0
1731972127830 0.8564186692237854 0
1731972145840 0.858350932598114 0
1731972163368 0.8490472435951233 0
1731972181027 0.8478679656982422 0
1731972198532 0.8355499505996704 0
1731972216181 0.8569375872612 0
1731972233701 0.8636897206306458 0
1731972251361 0.8469406366348267 0
1731972268881 0.8493662476539612 0
1731972286562 0.8659651875495911 0
1731972304085 0.8577073812484741 0
1731972321741 0.8538682460784912 0
1731972339232 0.8593970537185669 0
1731972356898 0.8560523986816406 0
1731972374414 0.84116131067276 0
1731972392061 0.8371044397354126 0
1731972409929 0.8472638130187988 0
1731972427616 0.8493328094482422 0
1731972445127 0.8490563035011292 0
1731972462807 0.8578367829322815 0
1731972480321 0.8520290851593018 0
1731972497985 0.849137008190155 0
1731972515506 0.8383147120475769 0
1731972533164 0.8565059900283813 0
1731972550692 0.8433422446250916 0
1731972568349 0.8488008975982666 0
1731972585857 0.8479815721511841 0
1731972603542 0.8383733034133911 0
1731972621080 0.8510093688964844 0
1731972638743 0.8550305962562561 0
1731972656242 0.8469088077545166 0
