1731968624454 0.21254998445510864 0
1731968648275 0.18709269165992737 0
1731968671894 0.17175230383872986 0
1731968695588 0.15603667497634888 0
1731968719150 0.14283578097820282 0
1731968742911 0.13076576590538025 0
1731968766534 0.12468071281909943 0
1731968790312 0.11766503751277924 0
1731968814005 0.11280446499586105 0
1731968837895 0.10750167816877365 0
1731968861661 0.10332474112510681 0
1731968885550 0.09958089888095856 0
1731968909348 0.0980331301689148 0
1731968933277 0.09438221156597137 0
1731968956926 0.09089209139347076 0
1731968977750 0.0880337506532669 0
1731968998580 0.08617213368415833 0
1731969019455 0.08565077185630798 0
1731969040293 0.0816689282655716 0
1731969061115 0.08275552093982697 0
1731969081955 0.07869799435138702 0
1731969102816 0.08014702796936035 0
1731969122562 0.07809768617153168 0
1731969141713 0.07784704864025116 0
1731969161081 0.07337385416030884 0
1731969180443 0.0726563110947609 0
1731969199759 0.07209113240242004 0
1731969218927 0.06985403597354889 0
1731969238245 0.07041718810796738 0
1731969257476 0.06823160499334335 0
1731969275869 0.06616871058940887 0
1731969294208 0.06726542115211487 0
1731969312586 0.06570146977901459 0
1731969330963 0.06745406985282898 0
1731969349324 0.06324318796396255 0
1731969367642 0.06235755607485771 0
1731969385972 0.06498666107654572 0
1731969403781 0.06266807019710541 0
1731969421593 0.0629902258515358 0
1731969439245 0.06093619391322136 0
1731969457041 0.05942714586853981 0
1731969474701 0.06020145118236542 0
1731969492504 0.056699398905038834 0
1731969510187 0.058611318469047546 0
1731969528274 0.058617983013391495 0
1731969545932 0.057135410606861115 0
1731969563724 0.055964402854442596 0
1731969581382 0.05494476854801178 0
1731969599167 0.055861085653305054 0
1731969616828 0.057096488773822784 0
1731969634611 0.05440247058868408 0
1731969652271 0.05550726503133774 0
1731969670062 0.052336834371089935 0
1731969687699 0.05386992171406746 0
1731969705486 0.05515733361244202 0
1731969723110 0.052373118698596954 0
1731969740898 0.0524674691259861 0
1731969758538 0.05198244750499725 0
1731969776312 0.05274316668510437 0
1731969794295 0.05136317387223244 0
1731969812093 0.05160117894411087 0
1731969829721 0.04974718019366264 0
1731969847488 0.05011313408613205 0
1731969865155 0.04973365738987923 0
1731969882945 0.05015968903899193 0
1731969900577 0.05074051022529602 0
1731969918352 0.048459313809871674 0
1731969935974 0.048535414040088654 0
1731969953734 0.04792960360646248 0
1731969971361 0.046709660440683365 0
1731969989126 0.04572827368974686 0
1731970006790 0.04603308439254761 0
1731970024538 0.046043407171964645 0
1731970042177 0.046035297214984894 0
1731970060276 0.04777666926383972 0
1731970077931 0.04463939368724823 0
1731970095705 0.04391013830900192 0
1731970113322 0.04544520378112793 0
1731970131100 0.04493005573749542 0
1731970148737 0.04350733757019043 0
1731970166525 0.04266246408224106 0
1731970184130 0.0427146852016449 0
1731970201878 0.043269287794828415 0
1731970219509 0.04292934387922287 0
1731970237245 0.04292561858892441 0
1731970254865 0.04295891150832176 0
1731970272650 0.04267529025673866 0
1731970290284 0.04380897432565689 0
1731970308360 0.04076119139790535 0
1731970325988 0.041501812636852264 0
1731970343726 0.0403713658452034 0
1731970361340 0.04156200587749481 0
1731970379095 0.04048503190279007 0
1731970396714 0.040081724524497986 0
1731970414481 0.040591880679130554 0
1731970432058 0.039788153022527695 0
1731970449826 0.038701947778463364 0
1731970467446 0.04020038992166519 0
1731970485215 0.0393042229115963 0
1731970502825 0.03855430334806442 0
1731970520604 0.03729711472988129 0
1731970538204 0.03828943520784378 0
1731970555989 0.0384599007666111 0
1731970573887 0.03659277409315109 0
1731970591618 0.0374421626329422 0
1731970609209 0.03771599382162094 0
1731970626976 0.03699466586112976 0
1731970644574 0.03702469915151596 0
1731970662334 0.03684312477707863 0
1731970679975 0.03590861335396767 0
1731970697736 0.0360509529709816 0
1731970715375 0.033973000943660736 0
1731970733121 0.03487342968583107 0
1731970750728 0.036034490913152695 0
1731970768454 0.03525126352906227 0
1731970786056 0.033997297286987305 0
1731970803796 0.03472542762756348 0
1731970821394 0.034498222172260284 0
1731970839483 0.03397756814956665 0
1731970857108 0.03342452645301819 0
1731970874872 0.0338965505361557 0
1731970892483 0.033170100301504135 0
1731970910248 0.03321521729230881 0
1731970927840 0.03323603793978691 0
1731970945583 0.03401428833603859 0
1731970963179 0.032628919929265976 0
1731970980916 0.03246763348579407 0
1731970998519 0.03456311300396919 0
1731971016260 0.0332198441028595 0
1731971033874 0.03182058036327362 0
1731971051596 0.032643675804138184 0
1731971069197 0.03160751238465309 0
1731971086924 0.03254716843366623 0
1731971104873 0.03132728487253189 0
1731971122611 0.030999239534139633 0
1731971140215 0.032156750559806824 0
1731971157943 0.03264204412698746 0
1731971175515 0.032297283411026 0
1731971193231 0.031590331345796585 0
1731971210805 0.03092450462281704 0
1731971228506 0.03145182877779007 0
1731971246068 0.030593808740377426 0
1731971263779 0.02970769628882408 0
1731971281338 0.028926962986588478 0
1731971299042 0.031391024589538574 0
1731971316610 0.029850389808416367 0
1731971334284 0.030086513608694077 0
1731971351845 0.02996772900223732 0
1731971369893 0.02989688701927662 0
1731971387430 0.030203605070710182 0
1731971405116 0.028578054159879684 0
1731971422667 0.03055058978497982 0
1731971440380 0.028940606862306595 0
1731971457958 0.028658876195549965 0
1731971475658 0.028798528015613556 0
1731971493230 0.028680309653282166 0
1731971510918 0.028936535120010376 0
1731971528477 0.027255138382315636 0
1731971546156 0.028188785538077354 0
1731971563704 0.028948603197932243 0
1731971581412 0.029538895934820175 0
1731971598983 0.0267152301967144 0
1731971617027 0.028358094394207 0
1731971634591 0.029236741364002228 0
1731971652273 0.027788126841187477 0
1731971669840 0.028599077835679054 0
1731971687496 0.027380013838410378 0
1731971705043 0.02783243916928768 0
1731971722749 0.026942593976855278 0
1731971740276 0.02752494439482689 0
1731971757940 0.027714170515537262 0
1731971775457 0.027409587055444717 0
1731971793133 0.027555039152503014 0
1731971810661 0.0272647924721241 0
1731971828348 0.026143692433834076 0
1731971845874 0.027772022411227226 0
1731971863531 0.027287133038043976 0
1731971881400 0.026916349306702614 0
1731971899083 0.026836035773158073 0
1731971916610 0.027913160622119904 0
1731971934273 0.02710777521133423 0
1731971951807 0.026775196194648743 0
1731971969488 0.027716802433133125 0
1731971987035 0.02579084224998951 0
1731972004716 0.027258694171905518 0
1731972022250 0.0266598891466856 0
1731972039892 0.02604626677930355 0
1731972057459 0.026270870119333267 0
1731972075119 0.027444666251540184 0
1731972092643 0.02730235457420349 0
1731972110294 0.02564002200961113 0
1731972127830 0.02519286796450615 0
1731972145840 0.02557278424501419 0
1731972163368 0.0265158973634243 0
1731972181027 0.025385025888681412 0
1731972198532 0.025171810761094093 0
1731972216181 0.024701068177819252 0
1731972233701 0.02532273530960083 0
1731972251361 0.024821966886520386 0
1731972268881 0.02599388174712658 0
1731972286562 0.02536086179316044 0
1731972304085 0.025421282276511192 0
1731972321741 0.024975154548883438 0
1731972339232 0.02481735683977604 0
1731972356898 0.02390274591743946 0
1731972374414 0.02551480196416378 0
1731972392061 0.024640914052724838 0
1731972409929 0.02464209869503975 0
1731972427616 0.02490738034248352 0
1731972445127 0.02429051138460636 0
1731972462807 0.023822978138923645 0
1731972480321 0.023172734305262566 0
1731972497985 0.024462053552269936 0
1731972515506 0.024468138813972473 0
1731972533164 0.02511284314095974 0
1731972550692 0.023446671664714813 0
1731972568349 0.02389403060078621 0
1731972585857 0.024489186704158783 0
1731972603542 0.025132544338703156 0
1731972621080 0.024561837315559387 0
1731972638743 0.025152668356895447 0
1731972656242 0.02242305502295494 0
