1731968624458 0.00042509997729212046 0
1731968648286 0.00037418538704514503 0
1731968671897 0.00034350462374277413 0
1731968695590 0.00031207335996441543 0
1731968719153 0.0002856715873349458 0
1731968742913 0.00026153153157792985 0
1731968766537 0.00024936144473031163 0
1731968790314 0.00023533008061349392 0
1731968814008 0.00022560893557965755 0
1731968837897 0.00021500336879398674 0
1731968861664 0.00020664949261117727 0
1731968885552 0.0001991618046304211 0
1731968909350 0.000196066263015382 0
1731968933280 0.00018876443209592253 0
1731968956929 0.00018178419850300997 0
1731968977753 0.00017606750770937651 0
1731968998582 0.0001723442692309618 0
1731969019457 0.00017130155174527317 0
1731969040295 0.00016333787061739713 0
1731969061117 0.00016551105363760144 0
1731969081958 0.0001573959889356047 0
1731969102818 0.00016029406106099486 0
1731969122564 0.00015619538316968828 0
1731969141716 0.0001556940987939015 0
1731969161083 0.00014674771227873862 0
1731969180446 0.00014531263150274754 0
1731969199762 0.00014418226783163846 0
1731969218929 0.00013970807776786387 0
1731969238247 0.00014083438145462424 0
1731969257479 0.0001364632189506665 0
1731969275871 0.00013233743084128946 0
1731969294210 0.00013453085557557642 0
1731969312589 0.00013140295050106943 0
1731969330966 0.0001349081430817023 0
1731969349326 0.0001264863822143525 0
1731969367644 0.00012471512309275568 0
1731969385974 0.00012997332669328898 0
1731969403784 0.00012533614062704146 0
1731969421596 0.00012598045577760786 0
1731969439247 0.00012187239190097898 0
1731969457043 0.00011885429557878524 0
1731969474704 0.00012040291039738804 0
1731969492507 0.00011339880438754335 0
1731969510189 0.00011722264025593176 0
1731969528277 0.00011723596981028095 0
1731969545935 0.00011427082790760323 0
1731969563726 0.00011192881356691942 0
1731969581385 0.00010988954454660416 0
1731969599170 0.00011172217637067661 0
1731969616830 0.00011419298243708909 0
1731969634613 0.00010880494664888829 0
1731969652274 0.00011101453856099397 0
1731969670064 0.00010467367246747017 0
1731969687701 0.00010773984831757843 0
1731969705489 0.00011031467147404328 0
1731969723112 0.00010474624286871403 0
1731969740900 0.00010493494482943788 0
1731969758541 0.00010396489960839972 0
1731969776315 0.00010548633872531354 0
1731969794297 0.00010272634972352535 0
1731969812096 0.00010320236469851807 0
1731969829724 9.949436207534745e-05 0
1731969847490 0.000100226272479631 0
1731969865157 9.946731734089553e-05 0
1731969882947 0.00010031938290921971 0
1731969900579 0.00010148102592211217 0
1731969918354 9.691862942418084e-05 0
1731969935977 9.707083518151194e-05 0
1731969953736 9.585921361576766e-05 0
1731969971363 9.341932309325784e-05 0
1731969989128 9.145655349129811e-05 0
1731970006792 9.206616960000247e-05 0
1731970024543 9.208681876771152e-05 0
1731970042179 9.20706006581895e-05 0
1731970060279 9.5553339633625e-05 0
1731970077933 8.927879389375448e-05 0
1731970095707 8.782027725828812e-05 0
1731970113324 9.08904112293385e-05 0
1731970131102 8.986011380329728e-05 0
1731970148739 8.701467595528811e-05 0
1731970166527 8.5324929386843e-05 0
1731970184132 8.54293757583946e-05 0
1731970201880 8.653858094476163e-05 0
1731970219512 8.585869363741949e-05 0
1731970237247 8.585124305682257e-05 0
1731970254867 8.591782534494996e-05 0
1731970272653 8.53505844133906e-05 0
1731970290287 8.761795470491052e-05 0
1731970308362 8.15223902463913e-05 0
1731970325991 8.300362969748676e-05 0
1731970343728 8.074273500824347e-05 0
1731970361343 8.312401769217104e-05 0
1731970379098 8.097006502794102e-05 0
1731970396716 8.016345236683264e-05 0
1731970414483 8.11837671790272e-05 0
1731970432060 7.95763116911985e-05 0
1731970449829 7.74038999225013e-05 0
1731970467448 8.040078682824969e-05 0
1731970485217 7.860844925744459e-05 0
1731970502827 7.710861245868728e-05 0
1731970520606 7.459423068212345e-05 0
1731970538206 7.657887181267142e-05 0
1731970555992 7.691980863455683e-05 0
1731970573889 7.318555435631424e-05 0
1731970591620 7.488433038815856e-05 0
1731970609212 7.543199171777815e-05 0
1731970626978 7.39893366699107e-05 0
1731970644577 7.404939970001578e-05 0
1731970662338 7.368625665549189e-05 0
1731970679978 7.181723049143329e-05 0
1731970697738 7.210190960904583e-05 0
1731970715378 6.79460063111037e-05 0
1731970733124 6.974686402827501e-05 0
1731970750731 7.206898590084165e-05 0
1731970768457 7.050253043416888e-05 0
1731970786059 6.799459515605122e-05 0
1731970803798 6.945085624465719e-05 0
1731970821397 6.899645086377859e-05 0
1731970839485 6.79551376379095e-05 0
1731970857110 6.684905383735895e-05 0
1731970874874 6.779310206184164e-05 0
1731970892485 6.634020246565342e-05 0
1731970910250 6.643043889198452e-05 0
1731970927842 6.64720791974105e-05 0
1731970945585 6.802858115406707e-05 0
1731970963181 6.525784556288272e-05 0
1731970980918 6.493527325801551e-05 0
1731970998521 6.912623211974278e-05 0
1731971016262 6.643969391006976e-05 0
1731971033876 6.364116416079924e-05 0
1731971051598 6.528735684696585e-05 0
1731971069200 6.321502587525174e-05 0
1731971086926 6.509434024337679e-05 0
1731971104875 6.265457341214642e-05 0
1731971122613 6.199847848620266e-05 0
1731971140221 6.431350630009547e-05 0
1731971157945 6.528408994199708e-05 0
1731971175517 6.459456926677376e-05 0
1731971193233 6.318066880339757e-05 0
1731971210807 6.18490157648921e-05 0
1731971228509 6.290365854511037e-05 0
1731971246070 6.118762394180521e-05 0
1731971263781 5.9415397117845714e-05 0
1731971281341 5.785392932011746e-05 0
1731971299044 6.278205546550453e-05 0
1731971316612 5.970078200334683e-05 0
1731971334286 6.017303167027421e-05 0
1731971351848 5.99354607402347e-05 0
1731971369895 5.979377601761371e-05 0
1731971387433 6.0407212004065514e-05 0
1731971405118 5.715611041523516e-05 0
1731971422669 6.110118556534871e-05 0
1731971440382 5.7881217799149454e-05 0
1731971457961 5.731775672757067e-05 0
1731971475660 5.759705891250633e-05 0
1731971493232 5.736062303185463e-05 0
1731971510920 5.7873072364600375e-05 0
1731971528479 5.4510277550434694e-05 0
1731971546158 5.6377572036581114e-05 0
1731971563707 5.789721035398543e-05 0
1731971581414 5.907779632252641e-05 0
1731971598985 5.343046359485015e-05 0
1731971617029 5.6716191465966403e-05 0
1731971634594 5.847348438692279e-05 0
1731971652275 5.5576256272615865e-05 0
1731971669842 5.719815817428753e-05 0
1731971687499 5.4760032071499154e-05 0
1731971705045 5.5664881074335426e-05 0
1731971722752 5.3885189117863774e-05 0
1731971740279 5.504989167093299e-05 0
1731971757942 5.542834333027713e-05 0
1731971775459 5.481917833094485e-05 0
1731971793135 5.5110082030296326e-05 0
1731971810664 5.4529587941942737e-05 0
1731971828350 5.2287388825789094e-05 0
1731971845876 5.554404924623668e-05 0
1731971863533 5.457426959765144e-05 0
1731971881402 5.3832700359635055e-05 0
1731971899085 5.3672072681365535e-05 0
1731971916612 5.5826323659857735e-05 0
1731971934275 5.421555397333577e-05 0
1731971951810 5.355039320420474e-05 0
1731971969491 5.543360748561099e-05 0
1731971987037 5.158168642083183e-05 0
1731972004719 5.451738979900256e-05 0
1731972022252 5.3319781727623194e-05 0
1731972039895 5.2092535042902455e-05 0
1731972057461 5.254174175206572e-05 0
1731972075121 5.4889336752239615e-05 0
1731972092645 5.460471220430918e-05 0
1731972110296 5.128004704602063e-05 0
1731972127832 5.03857372677885e-05 0
1731972145843 5.114556915941648e-05 0
1731972163370 5.303179568727501e-05 0
1731972181030 5.077005334896967e-05 0
1731972198535 5.0343624025117606e-05 0
1731972216183 4.940213693771511e-05 0
1731972233703 5.064547440269962e-05 0
1731972251363 4.9643935199128464e-05 0
1731972268883 5.198776489123702e-05 0
1731972286564 5.072172643849626e-05 0
1731972304088 5.084256554255262e-05 0
1731972321744 4.99503112223465e-05 0
1731972339234 4.9634716560831293e-05 0
1731972356900 4.780549352290109e-05 0
1731972374416 5.1029604946961626e-05 0
1731972392063 4.928182897856459e-05 0
1731972409931 4.9284200940746814e-05 0
1731972427618 4.981476376997307e-05 0
1731972445129 4.858102329308167e-05 0
1731972462809 4.7645957238273695e-05 0
1731972480324 4.6345470764208585e-05 0
1731972497987 4.892411016044207e-05 0
1731972515508 4.893627919955179e-05 0
1731972533166 5.022568802814931e-05 0
1731972550694 4.689334673457779e-05 0
1731972568351 4.778806396643631e-05 0
1731972585859 4.897837425232865e-05 0
1731972603544 5.026509097660892e-05 0
1731972621083 4.91236787638627e-05 0
1731972638745 5.030533793615177e-05 0
1731972656244 4.4846110540675e-05 0
