1731968624458 0.0010158495279029012 0
1731968648286 0.00046475621638819575 0
1731968671897 0.0003827553882729262 0
1731968695590 0.0003536177100613713 0
1731968719153 0.0003410098433960229 0
1731968742913 0.00029212917434051633 0
1731968766537 0.0002859043306671083 0
1731968790314 0.0002855525235645473 0
1731968814008 0.0002736199530772865 0
1731968837897 0.0002650200331117958 0
1731968861664 0.0002684681094251573 0
1731968885552 0.00024547489010728896 0
1731968909350 0.00024712353479117155 0
1731968933280 0.00028844320331700146 0
1731968956929 0.0002396812487859279 0
1731968977753 0.0002900867839343846 0
1731968998582 0.0002718947653193027 0
1731969019457 0.0002620038576424122 0
1731969040295 0.0002627832000143826 0
1731969061117 0.00027904711896553636 0
1731969081958 0.00025989284040406346 0
1731969102818 0.0002666920772753656 0
1731969122564 0.0002787593984976411 0
1731969141716 0.00026218462153337896 0
1731969161083 0.0002988274791277945 0
1731969180446 0.00029061402892693877 0
1731969199762 0.00029071210883557796 0
1731969218929 0.00030941772274672985 0
1731969238247 0.00030173201230354607 0
1731969257479 0.0003161137574352324 0
1731969275871 0.0003350346232764423 0
1731969294210 0.00029905798146501184 0
1731969312589 0.0003326353617012501 0
1731969330966 0.00032244372414425015 0
1731969349326 0.0003749739844352007 0
1731969367644 0.00031350384233519435 0
1731969385974 0.0003043368924409151 0
1731969403784 0.0003935176064260304 0
1731969421596 0.00029363512294366956 0
1731969439247 0.00033150194212794304 0
1731969457043 0.0003025186597369611 0
1731969474704 0.0003814283409155905 0
1731969492507 0.00030422795680351555 0
1731969510189 0.00037963499198667705 0
1731969528277 0.00033046200405806303 0
1731969545935 0.0003706234856508672 0
1731969563726 0.000376714626327157 0
1731969581385 0.0003680482041090727 0
1731969599170 0.0003744250861927867 0
1731969616830 0.00038201629649847746 0
1731969634613 0.0003607602557167411 0
1731969652274 0.00039686320815235376 0
1731969670064 0.0003619138733483851 0
1731969687701 0.00037832214729860425 0
1731969705489 0.0003953257401008159 0
1731969723112 0.0003735636710189283 0
1731969740900 0.0003594652807805687 0
1731969758541 0.00036734261084347963 0
1731969776315 0.00038462504744529724 0
1731969794297 0.000373236951418221 0
1731969812096 0.0003712241887114942 0
1731969829724 0.00037216124474070966 0
1731969847490 0.0004253248334862292 0
1731969865157 0.0003526491636876017 0
1731969882947 0.0003876365954056382 0
1731969900579 0.00036005378933623433 0
1731969918354 0.00036381467361934483 0
1731969935977 0.0003938780864700675 0
1731969953736 0.0003484712797217071 0
1731969971363 0.0004047237744089216 0
1731969989128 0.0004039877385366708 0
1731970006792 0.0004360852180980146 0
1731970024543 0.0004317224957048893 0
1731970042179 0.0004249982303008437 0
1731970060279 0.0004129973240196705 0
1731970077933 0.00040901557076722383 0
1731970095707 0.0004132991307415068 0
1731970113324 0.0004074724274687469 0
1731970131102 0.0004380709142424166 0
1731970148739 0.00040938815800473094 0
1731970166527 0.0004325391200836748 0
1731970184132 0.0003755810030270368 0
1731970201880 0.000395248644053936 0
1731970219512 0.00039952219231054187 0
1731970237247 0.0004030792915727943 0
1731970254867 0.0004453355504665524 0
1731970272653 0.00037528228131122887 0
1731970290287 0.0004257643304299563 0
1731970308362 0.0004138831573072821 0
1731970325991 0.00043136568274348974 0
1731970343728 0.0004402560298331082 0
1731970361343 0.00042730316636152565 0
1731970379098 0.00038626580499112606 0
1731970396716 0.000445136014604941 0
1731970414483 0.00042748317355290055 0
1731970432060 0.00041692767990753055 0
1731970449829 0.00042212283005937934 0
1731970467448 0.0004884515656158328 0
1731970485217 0.0004558698274195194 0
1731970502827 0.0004374514101073146 0
1731970520606 0.00044467474799603224 0
1731970538206 0.0004819973255507648 0
1731970555992 0.00042675354052335024 0
1731970573889 0.00047605199506506324 0
1731970591620 0.00044020917266607285 0
1731970609212 0.00043974537402391434 0
1731970626978 0.0003856740950141102 0
1731970644577 0.0004108910507056862 0
1731970662338 0.00042679710895754397 0
1731970679978 0.0004289385979063809 0
1731970697738 0.0004361407191026956 0
1731970715378 0.0005139535642229021 0
1731970733124 0.00048233315465040505 0
1731970750731 0.000403186451876536 0
1731970768457 0.0003951916005462408 0
1731970786059 0.00043233641190454364 0
1731970803798 0.0004552880418486893 0
1731970821397 0.00048666633665561676 0
1731970839485 0.0004487235564738512 0
1731970857110 0.00045918108662590384 0
1731970874874 0.00044620304834097624 0
1731970892485 0.0004399882454890758 0
1731970910250 0.0005237623117864132 0
1731970927842 0.00047512102173641324 0
1731970945585 0.0005177507409825921 0
1731970963181 0.0004987124120816588 0
1731970980918 0.00047464194358326495 0
1731970998521 0.0004908324917778373 0
1731971016262 0.00044515260378830135 0
1731971033876 0.00042981060687452555 0
1731971051598 0.0004926788387820125 0
1731971069200 0.000490054429974407 0
1731971086926 0.0004955870099365711 0
1731971104875 0.00048726360546424985 0
1731971122613 0.00046068246592767537 0
1731971140221 0.0004840747860725969 0
1731971157945 0.00045006407890468836 0
1731971175517 0.00049409712664783 0
1731971193233 0.000490684702526778 0
1731971210807 0.00048504414735361934 0
1731971228509 0.0004898626357316971 0
1731971246070 0.0004952145391143858 0
1731971263781 0.0004715311515610665 0
1731971281341 0.0005252869450487196 0
1731971299044 0.0004766695201396942 0
1731971316612 0.0004624981665983796 0
1731971334286 0.0004866392118856311 0
1731971351848 0.0004856182204093784 0
1731971369895 0.0004689632332883775 0
1731971387433 0.0005021875258535147 0
1731971405118 0.0005296415183693171 0
1731971422669 0.0005187978385947645 0
1731971440382 0.0004988188738934696 0
1731971457961 0.0004672631621360779 0
1731971475660 0.00048707862151786685 0
1731971493232 0.0005113009829074144 0
1731971510920 0.0005361790535971522 0
1731971528479 0.0005070503102615476 0
1731971546158 0.0004844997019972652 0
1731971563707 0.0004918373888358474 0
1731971581414 0.0005019119707867503 0
1731971598985 0.0004898683400824666 0
1731971617029 0.0005127983167767525 0
1731971634594 0.0004885013913735747 0
1731971652275 0.0005161439185030758 0
1731971669842 0.0004988440778106451 0
1731971687499 0.0005071692867204547 0
1731971705045 0.0004965526168234646 0
1731971722752 0.0004992004251107574 0
1731971740279 0.0005401968955993652 0
1731971757942 0.0005177239654585719 0
1731971775459 0.0004963245010003448 0
1731971793135 0.00049470120575279 0
1731971810664 0.0005323501536622643 0
1731971828350 0.0005852715694345534 0
1731971845876 0.0005227541550993919 0
1731971863533 0.0005176860140636563 0
1731971881402 0.0005072351777926087 0
1731971899085 0.0005109621561132371 0
1731971916612 0.0005040586111135781 0
1731971934275 0.0005129370838403702 0
1731971951810 0.0005417430656962097 0
1731971969491 0.0005217244615778327 0
1731971987037 0.0005110872443765402 0
1731972004719 0.00048600402078591287 0
1731972022252 0.0005227114306762815 0
1731972039895 0.0005035789217799902 0
1731972057461 0.0004869409021921456 0
1731972075121 0.000581025960855186 0
1731972092645 0.000536101870238781 0
1731972110296 0.0004982256796211004 0
1731972127832 0.0005274454597383738 0
1731972145843 0.0005396914202719927 0
1731972163370 0.0005361626390367746 0
1731972181030 0.0005484550492838025 0
1731972198535 0.0005546080647036433 0
1731972216183 0.0004945755936205387 0
1731972233703 0.0004912041476927698 0
1731972251363 0.0005099178524687886 0
1731972268883 0.0005111479549668729 0
1731972286564 0.0005703073111362755 0
1731972304088 0.0004961963277310133 0
1731972321744 0.0004962003440596163 0
1731972339234 0.0005584721220657229 0
1731972356900 0.0005200354498811066 0
1731972374416 0.0005323003279045224 0
1731972392063 0.0005646847421303391 0
1731972409931 0.0005352911539375782 0
1731972427618 0.0005798995262011886 0
1731972445129 0.0005475337384268641 0
1731972462809 0.0004925563116557896 0
1731972480324 0.0005214997217990458 0
1731972497987 0.0005700269248336554 0
1731972515508 0.00048307381803169847 0
1731972533166 0.0005273891729302704 0
1731972550694 0.0005204070475883782 0
1731972568351 0.000562937231734395 0
1731972585859 0.0005567664047703147 0
1731972603544 0.0005124606541357934 0
1731972621083 0.0005505541921593249 0
1731972638745 0.0005244030617177486 0
1731972656244 0.0005518848774954677 0
