1731968624458 0.0058343177661299706 0
1731968648286 0.003657086519524455 0
1731968671897 0.0035256827250123024 0
1731968695590 0.0027188740205019712 0
1731968719153 0.0024525760672986507 0
1731968742913 0.0028388258069753647 0
1731968766537 0.0029598423279821873 0
1731968790314 0.0021603014320135117 0
1731968814008 0.002386018168181181 0
1731968837897 0.002452904125675559 0
1731968861664 0.002027310198172927 0
1731968885552 0.0017861262895166874 0
1731968909350 0.002207209588959813 0
1731968933280 0.001969835488125682 0
1731968956929 0.0017465853597968817 0
1731968977753 0.001725062495097518 0
1731968998582 0.0020015654154121876 0
1731969019457 0.0017621319275349379 0
1731969040295 0.0017740260809659958 0
1731969061117 0.001598268048837781 0
1731969081958 0.0018716822378337383 0
1731969102818 0.0017865269910544157 0
1731969122564 0.0017679169541224837 0
1731969141716 0.001582637894898653 0
1731969161083 0.0018013862427324057 0
1731969180446 0.0013920462224632502 0
1731969199762 0.001970324432477355 0
1731969218929 0.0013371757231652737 0
1731969238247 0.0015070431400090456 0
1731969257479 0.0016590490704402328 0
1731969275871 0.0013443564530462027 0
1731969294210 0.0017647519707679749 0
1731969312589 0.0018283141544088721 0
1731969330966 0.0015389531617984176 0
1731969349326 0.0016420170431956649 0
1731969367644 0.0016365374904125929 0
1731969385974 0.001338089583441615 0
1731969403784 0.001293484354391694 0
1731969421596 0.0013686663005501032 0
1731969439247 0.001661699265241623 0
1731969457043 0.0012296815402805805 0
1731969474704 0.0014723732601851225 0
1731969492507 0.0012499243021011353 0
1731969510189 0.0015987057704478502 0
1731969528277 0.001210595015436411 0
1731969545935 0.0012303651310503483 0
1731969563726 0.0012369289761409163 0
1731969581385 0.0011854832991957664 0
1731969599170 0.001409571385011077 0
1731969616830 0.0014178715646266937 0
1731969634613 0.0015865529421716928 0
1731969652274 0.0011479405220597982 0
1731969670064 0.0013818021398037672 0
1731969687701 0.0011265790089964867 0
1731969705489 0.0013256561942398548 0
1731969723112 0.0011182134039700031 0
1731969740900 0.0011684645432978868 0
1731969758541 0.001076897606253624 0
1731969776315 0.001345160766504705 0
1731969794297 0.001260476652532816 0
1731969812096 0.0009747178992256522 0
1731969829724 0.0010082894004881382 0
1731969847490 0.0010174931958317757 0
1731969865157 0.0010284804739058018 0
1731969882947 0.0009778416715562344 0
1731969900579 0.0012187142856419086 0
1731969918354 0.0008569855126552284 0
1731969935977 0.0012645652750506997 0
1731969953736 0.0010412902338430285 0
1731969971363 0.0009443475282751024 0
1731969989128 0.001038205809891224 0
1731970006792 0.0008558649569749832 0
1731970024543 0.0011542956344783306 0
1731970042179 0.0010889284312725067 0
1731970060279 0.0011648352956399322 0
1731970077933 0.0012910631485283375 0
1731970095707 0.0011736832093447447 0
1731970113324 0.0009585925145074725 0
1731970131102 0.0007867919048294425 0
1731970148739 0.0008362381486222148 0
1731970166527 0.0008355583995580673 0
1731970184132 0.0008695445721969008 0
1731970201880 0.0009026845218613744 0
1731970219512 0.0010290544014424086 0
1731970237247 0.0009436876280233264 0
1731970254867 0.0011184057220816612 0
1731970272653 0.00081948924344033 0
1731970290287 0.0008573310915380716 0
1731970308362 0.0008883061236701906 0
1731970325991 0.0009694169275462627 0
1731970343728 0.0007832566043362021 0
1731970361343 0.0008474497590214014 0
1731970379098 0.0008048861054703593 0
1731970396716 0.001223424100317061 0
1731970414483 0.0009980348404496908 0
1731970432060 0.0007029589614830911 0
1731970449829 0.0015489102806895971 0
1731970467448 0.0009532934054732323 0
1731970485217 0.00083469896344468 0
1731970502827 0.0007063375669531524 0
1731970520606 0.0007056351751089096 0
1731970538206 0.0008923785062506795 0
1731970555992 0.0007186983712017536 0
1731970573889 0.0007797994185239077 0
1731970591620 0.000829826109111309 0
1731970609212 0.0006978553719818592 0
1731970626978 0.0008572944789193571 0
1731970644577 0.0008231238462030888 0
1731970662338 0.0008718948229216039 0
1731970679978 0.0008719339966773987 0
1731970697738 0.0008757653995417058 0
1731970715378 0.0007414926076307893 0
1731970733124 0.0006597180617973208 0
1731970750731 0.0008901905966922641 0
1731970768457 0.0006950676324777305 0
1731970786059 0.0008862282847985625 0
1731970803798 0.000707019295077771 0
1731970821397 0.0006900291191413999 0
1731970839485 0.0006841700524091721 0
1731970857110 0.0006626419490203261 0
1731970874874 0.0006333403289318085 0
1731970892485 0.0007428952376358211 0
1731970910250 0.0007838738965801895 0
1731970927842 0.0007284231833182275 0
1731970945585 0.0006232274463400245 0
1731970963181 0.000635799253359437 0
1731970980918 0.0006615815218538046 0
1731970998521 0.0006372372154146433 0
1731971016262 0.0006236032349988818 0
1731971033876 0.0006514120614156127 0
1731971051598 0.000753159576561302 0
1731971069200 0.000664707156829536 0
1731971086926 0.0006903678877279162 0
1731971104875 0.0007078046910464764 0
1731971122613 0.0005711499834433198 0
1731971140221 0.0006637283368036151 0
1731971157945 0.0005989400087855756 0
1731971175517 0.0006628655828535557 0
1731971193233 0.0006954753771424294 0
1731971210807 0.0007342005847021937 0
1731971228509 0.0006388568435795605 0
1731971246070 0.000549070187844336 0
1731971263781 0.0006323343841359019 0
1731971281341 0.000630602240562439 0
1731971299044 0.0006080923485569656 0
1731971316612 0.0005391179001890123 0
1731971334286 0.0006095870630815625 0
1731971351848 0.0005550584755837917 0
1731971369895 0.0006621491629630327 0
1731971387433 0.0006138436147011817 0
1731971405118 0.0006088699446991086 0
1731971422669 0.0005788607522845268 0
1731971440382 0.0005861006793566048 0
1731971457961 0.000559894775506109 0
1731971475660 0.0005794500466436148 0
1731971493232 0.00048604406765662134 0
1731971510920 0.0006081688916310668 0
1731971528479 0.0005648677470162511 0
1731971546158 0.0006860663997940719 0
1731971563707 0.0005912523483857512 0
1731971581414 0.0005925788427703083 0
1731971598985 0.0005496421363204718 0
1731971617029 0.0006482157041318715 0
1731971634594 0.0006468520732596517 0
1731971652275 0.0006314682541415095 0
1731971669842 0.0005672686966136098 0
1731971687499 0.0006353255594149232 0
1731971705045 0.0004945679102092981 0
1731971722752 0.0006006092298775911 0
1731971740279 0.0006737082148902118 0
1731971757942 0.0006147237727418542 0
1731971775459 0.0005186818307265639 0
1731971793135 0.0006033486570231616 0
1731971810664 0.0004894050071015954 0
1731971828350 0.0005360423238016665 0
1731971845876 0.0005115173989906907 0
1731971863533 0.0006171825225465 0
1731971881402 0.0004635046352632344 0
1731971899085 0.0004750378429889679 0
1731971916612 0.00044322837493382394 0
1731971934275 0.0004876247840002179 0
1731971951810 0.0005448271404020488 0
1731971969491 0.0005001873942092061 0
1731971987037 0.0005953999352641404 0
1731972004719 0.0004847208911087364 0
1731972022252 0.0004828353994525969 0
1731972039895 0.0005655289860442281 0
1731972057461 0.000513013917952776 0
1731972075121 0.0005252737319096923 0
1731972092645 0.0005253893323242664 0
1731972110296 0.0004446285020094365 0
1731972127832 0.0005583972670137882 0
1731972145843 0.0004678976256400347 0
1731972163370 0.00048344233073294163 0
1731972181030 0.0004885895759798586 0
1731972198535 0.0005682971095666289 0
1731972216183 0.00045567890629172325 0
1731972233703 0.00036375637864694 0
1731972251363 0.00043092083069495857 0
1731972268883 0.00043764564907178283 0
1731972286564 0.0004408498643897474 0
1731972304088 0.00046617104089818895 0
1731972321744 0.00038237075204961 0
1731972339234 0.0004819302703253925 0
1731972356900 0.0004305373877286911 0
1731972374416 0.00045588574721477926 0
1731972392063 0.0005420512752607465 0
1731972409931 0.00044940770021639764 0
1731972427618 0.0004900192143395543 0
1731972445129 0.0005160801811143756 0
1731972462809 0.00040888419607654214 0
1731972480324 0.0005390660371631384 0
1731972497987 0.00044831354171037674 0
1731972515508 0.0004617494414560497 0
1731972533166 0.0004193782224319875 0
1731972550694 0.00041018504998646677 0
1731972568351 0.0003632113221101463 0
1731972585859 0.00042786746053025126 0
1731972603544 0.0004426798550412059 0
1731972621083 0.0005346552934497595 0
1731972638745 0.00040646776324138045 0
1731972656244 0.0004239030822645873 0
