1731968624458 0.0008666749345138669 0
1731968648286 0.0003717449144460261 0
1731968671897 0.0002991221845149994 0
1731968695590 0.00025890892720781267 0
1731968719153 0.00021543505135923624 0
1731968742913 0.0001864846417447552 0
1731968766537 0.00022758098202757537 0
1731968790314 0.00017706550715956837 0
1731968814008 0.00025410891976207495 0
1731968837897 0.00018109205120708793 0
1731968861664 0.00016902689822018147 0
1731968885552 0.00017205439507961273 0
1731968909350 0.00016320700524374843 0
1731968933280 0.0001646588498260826 0
1731968956929 0.00025795245892368257 0
1731968977753 0.0006586131639778614 0
1731968998582 0.00015414739027619362 0
1731969019457 0.00020834989845752716 0
1731969040295 0.0001621842384338379 0
1731969061117 0.0001694896345725283 0
1731969081958 0.00014512032794300467 0
1731969102818 0.0002084553416352719 0
1731969122564 0.0001613925996934995 0
1731969141716 0.00010730920621426776 0
1731969161083 0.00016897876048460603 0
1731969180446 0.00012735158088617027 0
1731969199762 0.00012694651377387345 0
1731969218929 0.0001482517400290817 0
1731969238247 0.00012506396160461009 0
1731969257479 0.00013485687668435276 0
1731969275871 0.00010843678319361061 0
1731969294210 0.0001196748053189367 0
1731969312589 0.0001529782311990857 0
1731969330966 0.0001346199424006045 0
1731969349326 0.00020918174413964152 0
1731969367644 0.00014805627870373428 0
1731969385974 0.00013852414849679917 0
1731969403784 0.00040815846296027303 0
1731969421596 0.00010953978926409036 0
1731969439247 0.00010283547453582287 0
1731969457043 0.00012369133764877915 0
1731969474704 0.00017993066285271198 0
1731969492507 0.00010366832430008799 0
1731969510189 0.00013148511061444879 0
1731969528277 0.00010373814438935369 0
1731969545935 9.74982904153876e-05 0
1731969563726 0.00012225516547914594 0
1731969581385 0.00013887943350709975 0
1731969599170 0.00022876987350173295 0
1731969616830 0.00013280587154440582 0
1731969634613 0.0001672159123700112 0
1731969652274 0.00010095587640535086 0
1731969670064 8.821656956570223e-05 0
1731969687701 0.00010602112160995603 0
1731969705489 0.0001869651605375111 0
1731969723112 0.00010859011672437191 0
1731969740900 0.00010013072460424155 0
1731969758541 0.00011373172310413793 0
1731969776315 9.954004781320691e-05 0
1731969794297 0.00015652444562874734 0
1731969812096 0.0001184092034236528 0
1731969829724 0.00016382579633500427 0
1731969847490 0.00013078600750304759 0
1731969865157 0.00010021285561379045 0
1731969882947 9.642672375775874e-05 0
1731969900579 0.00016797678836155683 0
1731969918354 0.00012252057786099613 0
1731969935977 0.00010374108387622982 0
1731969953736 0.00012668037379626185 0
1731969971363 0.00011149013880640268 0
1731969989128 0.00011784520756918937 0
1731970006792 0.00011690317478496581 0
1731970024543 9.530569514026865e-05 0
1731970042179 0.0001225138985319063 0
1731970060279 9.035448601935059e-05 0
1731970077933 8.345845708390698e-05 0
1731970095707 0.00011102382995886728 0
1731970113324 8.714591967873275e-05 0
1731970131102 0.00010422272316645831 0
1731970148739 8.907655865186825e-05 0
1731970166527 0.00017756788292899728 0
1731970184132 8.847702702041715e-05 0
1731970201880 7.818923040758818e-05 0
1731970219512 9.40331956371665e-05 0
1731970237247 0.00010500923963263631 0
1731970254867 9.850982314674184e-05 0
1731970272653 0.00012025589967379346 0
1731970290287 8.652441465528682e-05 0
1731970308362 8.22373986011371e-05 0
1731970325991 8.201333548640832e-05 0
1731970343728 0.0001266484905499965 0
1731970361343 0.0001068227575160563 0
1731970379098 0.00010712848597904667 0
1731970396716 9.946463978849351e-05 0
1731970414483 8.665806672070175e-05 0
1731970432060 0.00010600316454656422 0
1731970449829 0.00011185040784766898 0
1731970467448 8.164402970578521e-05 0
1731970485217 0.00012403810978867114 0
1731970502827 7.90362391853705e-05 0
1731970520606 8.299652836285532e-05 0
1731970538206 0.00011286049266345799 0
1731970555992 7.860667392378673e-05 0
1731970573889 0.00011169179924763739 0
1731970591620 9.516153659205884e-05 0
1731970609212 8.44832684379071e-05 0
1731970626978 9.40337631618604e-05 0
1731970644577 7.859717879910022e-05 0
1731970662338 8.944542787503451e-05 0
1731970679978 0.00012334460916463286 0
1731970697738 9.406860772287473e-05 0
1731970715378 9.44396888371557e-05 0
1731970733124 7.707447366556153e-05 0
1731970750731 8.594182872911915e-05 0
1731970768457 8.18650150904432e-05 0
1731970786059 8.269269892480224e-05 0
1731970803798 7.731108780717477e-05 0
1731970821397 9.32559123612009e-05 0
1731970839485 7.55264118197374e-05 0
1731970857110 7.834364078007638e-05 0
1731970874874 9.802498971112072e-05 0
1731970892485 8.167012128978968e-05 0
1731970910250 8.304631046485156e-05 0
1731970927842 7.753827958367765e-05 0
1731970945585 6.841956928838044e-05 0
1731970963181 8.000067464308813e-05 0
1731970980918 8.707752567715943e-05 0
1731970998521 7.87606040830724e-05 0
1731971016262 8.319596236106008e-05 0
1731971033876 0.00012250970758032054 0
1731971051598 8.696770964888856e-05 0
1731971069200 7.218107930384576e-05 0
1731971086926 7.220648694783449e-05 0
1731971104875 9.999828762374818e-05 0
1731971122613 9.609306289348751e-05 0
1731971140221 7.539479702245444e-05 0
1731971157945 8.508311293553561e-05 0
1731971175517 8.057414379436523e-05 0
1731971193233 9.459837747272104e-05 0
1731971210807 7.401900802506134e-05 0
1731971228509 7.413706043735147e-05 0
1731971246070 7.155400817282498e-05 0
1731971263781 8.030720346141607e-05 0
1731971281341 7.249572809087113e-05 0
1731971299044 0.00010308821947546676 0
1731971316612 7.425884541589767e-05 0
1731971334286 8.122998406179249e-05 0
1731971351848 8.936867379816249e-05 0
1731971369895 7.526122499257326e-05 0
1731971387433 7.228956383187324e-05 0
1731971405118 8.30525386845693e-05 0
1731971422669 6.904204929014668e-05 0
1731971440382 8.118362893583253e-05 0
1731971457961 7.937727787066251e-05 0
1731971475660 7.705042662564665e-05 0
1731971493232 6.626039976254106e-05 0
1731971510920 8.111060014925897e-05 0
1731971528479 8.412094757659361e-05 0
1731971546158 6.957599543966353e-05 0
1731971563707 7.552368333563209e-05 0
1731971581414 7.712803198955953e-05 0
1731971598985 6.776140799047425e-05 0
1731971617029 7.403347990475595e-05 0
1731971634594 7.091320003382862e-05 0
1731971652275 8.478900417685509e-05 0
1731971669842 7.272847869899124e-05 0
1731971687499 7.26420694263652e-05 0
1731971705045 7.201483094831929e-05 0
1731971722752 0.00010991479211952537 0
1731971740279 8.120156417135149e-05 0
1731971757942 6.778802344342694e-05 0
1731971775459 8.318127947859466e-05 0
1731971793135 0.00010016013402491808 0
1731971810664 6.833212682977319e-05 0
1731971828350 6.84989063302055e-05 0
1731971845876 6.928327638888732e-05 0
1731971863533 6.789512553950772e-05 0
1731971881402 8.271614206023514e-05 0
1731971899085 6.859593850094825e-05 0
1731971916612 8.235039422288537e-05 0
1731971934275 7.160507084336132e-05 0
1731971951810 8.359296771232039e-05 0
1731971969491 7.74004656705074e-05 0
1731971987037 7.330226071644574e-05 0
1731972004719 6.919169391039759e-05 0
1731972022252 8.512646309100091e-05 0
1731972039895 7.400897447951138e-05 0
1731972057461 6.814142398070544e-05 0
1731972075121 7.813509728293866e-05 0
1731972092645 7.190954056568444e-05 0
1731972110296 6.616550672333688e-05 0
1731972127832 7.518568600062281e-05 0
1731972145843 7.269509660545737e-05 0
1731972163370 7.131267921067774e-05 0
1731972181030 7.383363845292479e-05 0
1731972198535 6.65737024974078e-05 0
1731972216183 7.110554724931717e-05 0
1731972233703 6.094224954722449e-05 0
1731972251363 6.368161120917648e-05 0
1731972268883 5.789718488813378e-05 0
1731972286564 6.305460556177422e-05 0
1731972304088 6.832358485553414e-05 0
1731972321744 6.54508185107261e-05 0
1731972339234 6.938230944797397e-05 0
1731972356900 9.152278653346002e-05 0
1731972374416 6.988758104853332e-05 0
1731972392063 7.202131382655352e-05 0
1731972409931 6.850984209449962e-05 0
1731972427618 7.107354031177238e-05 0
1731972445129 7.142314279917628e-05 0
1731972462809 6.964904605410993e-05 0
1731972480324 7.852271664887667e-05 0
1731972497987 6.660743383690715e-05 0
1731972515508 6.806805322412401e-05 0
1731972533166 6.167737592477351e-05 0
1731972550694 6.339914398267865e-05 0
1731972568351 6.217248301254585e-05 0
1731972585859 7.387917139567435e-05 0
1731972603544 6.103682972025126e-05 0
1731972621083 7.672303763683885e-05 0
1731972638745 6.696182390442118e-05 0
1731972656244 5.735940067097545e-05 0
