1731963703482 2.4481143951416016 0
1731963727332 2.490025043487549 0
1731963750773 2.418489694595337 0
1731963774422 2.542159080505371 0
1731963797900 2.6130948066711426 0
1731963821547 2.5682971477508545 0
1731963844986 2.4708423614501953 0
1731963868613 2.46553897857666 0
1731963892106 2.4970829486846924 0
1731963915779 2.454430103302002 0
1731963939300 2.4542434215545654 0
1731963962894 2.466377019882202 0
1731963986405 2.4835901260375977 0
1731964010085 2.520418167114258 0
1731964033603 2.486767292022705 0
1731964054136 2.4086475372314453 0
1731964074689 2.485491991043091 0
1731964095244 2.4565041065216064 0
1731964115816 2.5008063316345215 0
1731964136347 2.4726898670196533 0
1731964156921 2.5093488693237305 0
1731964177472 2.4721133708953857 0
1731964196984 2.446272134780884 0
1731964215919 2.429455041885376 0
1731964234964 2.460899591445923 0
1731964254048 2.454561948776245 0
1731964273154 2.433917760848999 0
1731964292076 2.444765329360962 0
1731964311111 2.465111017227173 0
1731964330078 2.4981915950775146 0
1731964348196 2.450269937515259 0
1731964366319 2.4767818450927734 0
1731964384426 2.448915719985962 0
1731964402521 2.4796366691589355 0
1731964420635 2.4201343059539795 0
1731964438742 2.3961422443389893 0
1731964456878 2.480487108230591 0
1731964474445 2.442089557647705 0
1731964491982 2.5185892581939697 0
1731964509430 2.4629971981048584 0
1731964527004 2.435380220413208 0
1731964544476 2.4466350078582764 0
1731964562035 2.4604263305664062 0
1731964579460 2.472628355026245 0
1731964597385 2.4329662322998047 0
1731964614814 2.4175243377685547 0
1731964632357 2.4724948406219482 0
1731964649810 2.4213919639587402 0
1731964667385 2.4639649391174316 0
1731964684798 2.441892147064209 0
1731964702346 2.4592907428741455 0
1731964719764 2.457322359085083 0
1731964737297 2.4242148399353027 0
1731964754725 2.4075887203216553 0
1731964772298 2.4590001106262207 0
1731964789744 2.4475059509277344 0
1731964807306 2.4365172386169434 0
1731964824703 2.466566562652588 0
1731964842275 2.4515576362609863 0
1731964860013 2.4571502208709717 0
1731964877558 2.455310821533203 0
1731964894965 2.4457194805145264 0
1731964912493 2.4795520305633545 0
1731964929925 2.4529237747192383 0
1731964947457 2.40103816986084 0
1731964964849 2.457857608795166 0
1731964982359 2.4724690914154053 0
1731964999750 2.4182841777801514 0
1731965017275 2.4446401596069336 0
1731965034695 2.439162015914917 0
1731965052241 2.473156690597534 0
1731965069630 2.489184617996216 0
1731965087158 2.4437055587768555 0
1731965104560 2.4654927253723145 0
1731965122383 2.442429304122925 0
1731965139777 2.430849552154541 0
1731965157301 2.5043845176696777 0
1731965174718 2.435453414916992 0
1731965192253 2.4245715141296387 0
1731965209638 2.444122076034546 0
1731965227173 2.4366164207458496 0
1731965244584 2.4543678760528564 0
1731965262078 2.413604259490967 0
1731965279473 2.4342713356018066 0
1731965297003 2.426328182220459 0
1731965314380 2.4793381690979004 0
1731965331912 2.4524378776550293 0
1731965349327 2.446066379547119 0
1731965367177 2.4422664642333984 0
1731965384616 2.439108371734619 0
1731965402164 2.4639389514923096 0
1731965419592 2.4474005699157715 0
1731965437124 2.453986167907715 0
1731965454516 2.4440054893493652 0
1731965472083 2.436889410018921 0
1731965489474 2.4604170322418213 0
1731965507022 2.447309732437134 0
1731965524434 2.4763801097869873 0
1731965541980 2.4489567279815674 0
1731965559404 2.437791109085083 0
1731965576910 2.4430501461029053 0
1731965594298 2.467759847640991 0
1731965611814 2.4684863090515137 0
1731965629526 2.4408440589904785 0
1731965647037 2.4473154544830322 0
1731965664438 2.47149395942688 0
1731965681960 2.452681303024292 0
1731965699375 2.4393506050109863 0
1731965716893 2.4566264152526855 0
1731965734301 2.456916570663452 0
1731965751832 2.4578988552093506 0
1731965769199 2.4551827907562256 0
1731965786727 2.4605607986450195 0
1731965804113 2.475529193878174 0
1731965821663 2.4875988960266113 0
1731965839082 2.4329302310943604 0
1731965856661 2.3877761363983154 0
1731965874061 2.436593532562256 0
1731965891887 2.446499824523926 0
1731965909300 2.44974422454834 0
1731965926840 2.4304535388946533 0
1731965944236 2.4559686183929443 0
1731965961776 2.4505205154418945 0
1731965979164 2.4723715782165527 0
1731965996663 2.4539878368377686 0
1731966014060 2.443256139755249 0
1731966031560 2.4484126567840576 0
1731966048954 2.4582326412200928 0
1731966066499 2.454366683959961 0
1731966083896 2.427574396133423 0
1731966101428 2.44274640083313 0
1731966118849 2.4443817138671875 0
1731966136390 2.478929281234741 0
1731966154100 2.4650990962982178 0
1731966171669 2.449434995651245 0
1731966189077 2.4337337017059326 0
1731966206623 2.4440488815307617 0
1731966224019 2.4524178504943848 0
1731966241566 2.4551236629486084 0
1731966258970 2.455385208129883 0
1731966276484 2.457103729248047 0
1731966293849 2.464580535888672 0
1731966311407 2.4601900577545166 0
1731966328830 2.4583089351654053 0
1731966346368 2.4407615661621094 0
1731966363812 2.4471330642700195 0
1731966381372 2.445023775100708 0
1731966398757 2.4456074237823486 0
1731966416645 2.4647083282470703 0
1731966434061 2.460554361343384 0
1731966451631 2.4514102935791016 0
1731966469079 2.440358877182007 0
1731966486632 2.4526114463806152 0
1731966504041 2.4578332901000977 0
1731966521606 2.4494121074676514 0
1731966539038 2.4373698234558105 0
1731966556595 2.4580399990081787 0
1731966574019 2.465242862701416 0
1731966591563 2.4465491771698 0
1731966608952 2.441200017929077 0
1731966626469 2.451146364212036 0
1731966643920 2.4481446743011475 0
1731966661765 2.447962999343872 0
1731966679185 2.4293839931488037 0
1731966696719 2.4400105476379395 0
1731966714103 2.4397382736206055 0
1731966731586 2.4416708946228027 0
1731966749017 2.459341049194336 0
1731966766548 2.4330339431762695 0
1731966783959 2.44728422164917 0
1731966801493 2.440979242324829 0
1731966818856 2.4361371994018555 0
1731966836376 2.4492859840393066 0
1731966853757 2.443326950073242 0
1731966871297 2.4414608478546143 0
1731966888744 2.448540687561035 0
1731966906259 2.4400455951690674 0
1731966924007 2.4615230560302734 0
1731966941554 2.4460222721099854 0
1731966958941 2.4432766437530518 0
1731966976471 2.4504427909851074 0
1731966993879 2.446143865585327 0
1731967011369 2.456599712371826 0
1731967028759 2.4491207599639893 0
1731967046237 2.4443130493164062 0
1731967063629 2.4574055671691895 0
1731967081097 2.4581844806671143 0
1731967098481 2.46579909324646 0
1731967116009 2.4426980018615723 0
1731967133398 2.439399242401123 0
1731967150887 2.4555838108062744 0
1731967168266 2.4483790397644043 0
1731967186102 2.4523258209228516 0
1731967203464 2.4467580318450928 0
1731967221025 2.4405953884124756 0
1731967238414 2.438138246536255 0
1731967255987 2.455730676651001 0
1731967273388 2.4712765216827393 0
1731967290892 2.4464616775512695 0
1731967308254 2.4374964237213135 0
1731967325765 2.4515838623046875 0
1731967343117 2.458833932876587 0
1731967360627 2.458664655685425 0
1731967377983 2.4491825103759766 0
1731967395457 2.4542977809906006 0
1731967412815 2.451808214187622 0
1731967430326 2.4492273330688477 0
1731967447971 2.441807985305786 0
1731967465506 2.455045700073242 0
1731967482856 2.4542806148529053 0
1731967500373 2.4475066661834717 0
1731967517780 2.460010051727295 0
1731967535282 2.4620728492736816 0
1731967552663 2.4440455436706543 0
1731967570182 2.4558889865875244 0
1731967587528 2.440711736679077 0
1731967605017 2.4457221031188965 0
1731967622383 2.4451189041137695 0
1731967639912 2.4378600120544434 0
1731967657279 2.4486985206604004 0
1731967674777 2.4455626010894775 0
1731967692178 2.4595749378204346 0
