1731963703482 0.011718162335455418 0
1731963727332 0.011839255690574646 0
1731963750773 0.011728853918612003 0
1731963774422 0.012131359428167343 0
1731963797900 0.012454387731850147 0
1731963821547 0.012106334790587425 0
1731963844986 0.012183308601379395 0
1731963868613 0.012296918779611588 0
1731963892106 0.012152068316936493 0
1731963915779 0.012154554948210716 0
1731963939300 0.012161445803940296 0
1731963962894 0.012208275496959686 0
1731963986405 0.01208775956183672 0
1731964010085 0.012311223894357681 0
1731964033603 0.012376637198030949 0
1731964054136 0.012174976989626884 0
1731964074689 0.012251724489033222 0
1731964095244 0.012334339320659637 0
1731964115816 0.012300437316298485 0
1731964136347 0.012327604927122593 0
1731964156921 0.012363996356725693 0
1731964177472 0.012405856512486935 0
1731964196984 0.012246550060808659 0
1731964215919 0.012319779023528099 0
1731964234964 0.012256352230906487 0
1731964254048 0.012356707826256752 0
1731964273154 0.01225602999329567 0
1731964292076 0.01209038682281971 0
1731964311111 0.012314902618527412 0
1731964330078 0.012425369583070278 0
1731964348196 0.012400882318615913 0
1731964366319 0.012354012578725815 0
1731964384426 0.012508847750723362 0
1731964402521 0.012293257750570774 0
1731964420635 0.012278499081730843 0
1731964438742 0.012121589854359627 0
1731964456878 0.012336249463260174 0
1731964474445 0.012355453334748745 0
1731964491982 0.012271080166101456 0
1731964509430 0.012281330302357674 0
1731964527004 0.0123790567740798 0
1731964544476 0.012362859211862087 0
1731964562035 0.012247482314705849 0
1731964579460 0.012442776001989841 0
1731964597385 0.012170989066362381 0
1731964614814 0.012458533979952335 0
1731964632357 0.012395428493618965 0
1731964649810 0.01233234815299511 0
1731964667385 0.012426220811903477 0
1731964684798 0.012360308319330215 0
1731964702346 0.01236356794834137 0
1731964719764 0.012435237877070904 0
1731964737297 0.012157232500612736 0
1731964754725 0.012397135607898235 0
1731964772298 0.012423038482666016 0
1731964789744 0.012257048860192299 0
1731964807306 0.01237708330154419 0
1731964824703 0.012363281100988388 0
1731964842275 0.012430546805262566 0
1731964860013 0.012389138340950012 0
1731964877558 0.0123619195073843 0
1731964894965 0.012390081770718098 0
1731964912493 0.012330712750554085 0
1731964929925 0.012526116333901882 0
1731964947457 0.01238753367215395 0
1731964964849 0.012366603128612041 0
1731964982359 0.01247746217995882 0
1731964999750 0.012298029847443104 0
1731965017275 0.012334472499787807 0
1731965034695 0.012430843897163868 0
1731965052241 0.012423340231180191 0
1731965069630 0.012261607684195042 0
1731965087158 0.012336152605712414 0
1731965104560 0.012226742692291737 0
1731965122383 0.01223647128790617 0
1731965139777 0.012355415150523186 0
1731965157301 0.01242276281118393 0
1731965174718 0.012310297228395939 0
1731965192253 0.012496464885771275 0
1731965209638 0.012348986230790615 0
1731965227173 0.012404830195009708 0
1731965244584 0.012366599403321743 0
1731965262078 0.012510794214904308 0
1731965279473 0.012462316080927849 0
1731965297003 0.012367143295705318 0
1731965314380 0.012239264324307442 0
1731965331912 0.012506925500929356 0
1731965349327 0.01240637619048357 0
1731965367177 0.012479336000978947 0
1731965384616 0.012437351979315281 0
1731965402164 0.012436643242835999 0
1731965419592 0.012503299862146378 0
1731965437124 0.012384091503918171 0
1731965454516 0.01241488941013813 0
1731965472083 0.01241816021502018 0
1731965489474 0.01249200664460659 0
1731965507022 0.01245134323835373 0
1731965524434 0.012454255484044552 0
1731965541980 0.012359747663140297 0
1731965559404 0.012330971658229828 0
1731965576910 0.01238073781132698 0
1731965594298 0.012343798764050007 0
1731965611814 0.012485003098845482 0
1731965629526 0.012353560887277126 0
1731965647037 0.012369321659207344 0
1731965664438 0.012302250601351261 0
1731965681960 0.012395021505653858 0
1731965699375 0.01238808874040842 0
1731965716893 0.012394671328365803 0
1731965734301 0.012333482503890991 0
1731965751832 0.012353670783340931 0
1731965769199 0.012394923716783524 0
1731965786727 0.012426641769707203 0
1731965804113 0.012429156340658665 0
1731965821663 0.012463347986340523 0
1731965839082 0.012377922423183918 0
1731965856661 0.012396736070513725 0
1731965874061 0.012376217171549797 0
1731965891887 0.012271410785615444 0
1731965909300 0.012446022592484951 0
1731965926840 0.012395375408232212 0
1731965944236 0.012384754605591297 0
1731965961776 0.012458733282983303 0
1731965979164 0.01239486038684845 0
1731965996663 0.012432017363607883 0
1731966014060 0.01244351826608181 0
1731966031560 0.012365970760583878 0
1731966048954 0.012504978105425835 0
1731966066499 0.012430361472070217 0
1731966083896 0.012364457361400127 0
1731966101428 0.012258615344762802 0
1731966118849 0.012497476302087307 0
1731966136390 0.012408794835209846 0
1731966154100 0.012371738441288471 0
1731966171669 0.012448171153664589 0
1731966189077 0.012389985844492912 0
1731966206623 0.01233996357768774 0
1731966224019 0.012472235597670078 0
1731966241566 0.012496310286223888 0
1731966258970 0.01237410120666027 0
1731966276484 0.01249438151717186 0
1731966293849 0.012368125841021538 0
1731966311407 0.012353867292404175 0
1731966328830 0.012413380667567253 0
1731966346368 0.012389831244945526 0
1731966363812 0.012383980676531792 0
1731966381372 0.012381560169160366 0
1731966398757 0.012355472892522812 0
1731966416645 0.012420081533491611 0
1731966434061 0.012433757074177265 0
1731966451631 0.012412438169121742 0
1731966469079 0.012394130229949951 0
1731966486632 0.012417447753250599 0
1731966504041 0.012444613501429558 0
1731966521606 0.012384491041302681 0
1731966539038 0.012390613555908203 0
1731966556595 0.012378421612083912 0
1731966574019 0.012422353960573673 0
1731966591563 0.012396834790706635 0
1731966608952 0.012418447062373161 0
1731966626469 0.012443913146853447 0
1731966643920 0.012414414435625076 0
1731966661765 0.01234922744333744 0
1731966679185 0.012395186349749565 0
1731966696719 0.012408849783241749 0
1731966714103 0.012394032441079617 0
1731966731586 0.01239668671041727 0
1731966749017 0.012427651323378086 0
1731966766548 0.012404931709170341 0
1731966783959 0.012401468120515347 0
1731966801493 0.012470228597521782 0
1731966818856 0.012531306594610214 0
1731966836376 0.012409010902047157 0
1731966853757 0.01241307333111763 0
1731966871297 0.012417023070156574 0
1731966888744 0.012407856062054634 0
1731966906259 0.012383605353534222 0
1731966924007 0.012376568280160427 0
1731966941554 0.01239106897264719 0
1731966958941 0.01238931156694889 0
1731966976471 0.012493450194597244 0
1731966993879 0.012423734180629253 0
1731967011369 0.01240202784538269 0
1731967028759 0.012441975064575672 0
1731967046237 0.012415811419487 0
1731967063629 0.01242303941398859 0
1731967081097 0.012398440390825272 0
1731967098481 0.012407801114022732 0
1731967116009 0.012432077899575233 0
1731967133398 0.012386302463710308 0
1731967150887 0.012441491708159447 0
1731967168266 0.012439928017556667 0
1731967186102 0.012420255690813065 0
1731967203464 0.012401964515447617 0
1731967221025 0.012457181699573994 0
1731967238414 0.012421895749866962 0
1731967255987 0.012437953613698483 0
1731967273388 0.012438294477760792 0
1731967290892 0.012363993562757969 0
1731967308254 0.012464499101042747 0
1731967325765 0.012440440244972706 0
1731967343117 0.0123981898650527 0
1731967360627 0.012413499876856804 0
1731967377983 0.012474513612687588 0
1731967395457 0.012450559064745903 0
1731967412815 0.012475681491196156 0
1731967430326 0.012441886588931084 0
1731967447971 0.01242049690335989 0
1731967465506 0.012442522682249546 0
1731967482856 0.012425601482391357 0
1731967500373 0.01238679513335228 0
1731967517780 0.012414908967912197 0
1731967535282 0.012425393797457218 0
1731967552663 0.012399216182529926 0
1731967570182 0.012387399561703205 0
1731967587528 0.012400317005813122 0
1731967605017 0.012396861799061298 0
1731967622383 0.012388959527015686 0
1731967639912 0.012438230216503143 0
1731967657279 0.012437194585800171 0
1731967674777 0.012428668327629566 0
1731967692178 0.012448732741177082 0
