1731963703482 0.02999638207256794 0
1731963727332 0.0303108561784029 0
1731963750773 0.02958671934902668 0
1731963774422 0.029624518007040024 0
1731963797900 0.029663175344467163 0
1731963821547 0.03068951517343521 0
1731963844986 0.02931259013712406 0
1731963868613 0.029648691415786743 0
1731963892106 0.0294537041336298 0
1731963915779 0.02948300912976265 0
1731963939300 0.028818707913160324 0
1731963962894 0.030520455911755562 0
1731963986405 0.029925325885415077 0
1731964010085 0.029315141960978508 0
1731964033603 0.029180800542235374 0
1731964054136 0.030154898762702942 0
1731964074689 0.02941742166876793 0
1731964095244 0.028672177344560623 0
1731964115816 0.029261764138936996 0
1731964136347 0.028707221150398254 0
1731964156921 0.03012877330183983 0
1731964177472 0.02962435409426689 0
1731964196984 0.02991950698196888 0
1731964215919 0.029247088357806206 0
1731964234964 0.02954721823334694 0
1731964254048 0.029844248667359352 0
1731964273154 0.029395435005426407 0
1731964292076 0.028895732015371323 0
1731964311111 0.02954215183854103 0
1731964330078 0.02910471148788929 0
1731964348196 0.02960982359945774 0
1731964366319 0.028479913249611855 0
1731964384426 0.029778752475976944 0
1731964402521 0.029081862419843674 0
1731964420635 0.028570301830768585 0
1731964438742 0.028171546757221222 0
1731964456878 0.029411792755126953 0
1731964474445 0.0298994779586792 0
1731964491982 0.02887006103992462 0
1731964509430 0.029687875881791115 0
1731964527004 0.029056131839752197 0
1731964544476 0.02976158820092678 0
1731964562035 0.029889263212680817 0
1731964579460 0.02810485102236271 0
1731964597385 0.028880832716822624 0
1731964614814 0.029202502220869064 0
1731964632357 0.029337674379348755 0
1731964649810 0.029817400500178337 0
1731964667385 0.0291128046810627 0
1731964684798 0.029727814719080925 0
1731964702346 0.02923247031867504 0
1731964719764 0.029509739950299263 0
1731964737297 0.029525717720389366 0
1731964754725 0.028515083715319633 0
1731964772298 0.029353151097893715 0
1731964789744 0.029264286160469055 0
1731964807306 0.02913658693432808 0
1731964824703 0.029448503628373146 0
1731964842275 0.029070137068629265 0
1731964860013 0.029476013034582138 0
1731964877558 0.029518090188503265 0
1731964894965 0.02946837805211544 0
1731964912493 0.02941998653113842 0
1731964929925 0.02943556010723114 0
1731964947457 0.02907498925924301 0
1731964964849 0.029444659128785133 0
1731964982359 0.029284261167049408 0
1731964999750 0.029584717005491257 0
1731965017275 0.02958587370812893 0
1731965034695 0.02968461997807026 0
1731965052241 0.02926461584866047 0
1731965069630 0.029043130576610565 0
1731965087158 0.029194045811891556 0
1731965104560 0.029302893206477165 0
1731965122383 0.029106153175234795 0
1731965139777 0.028231529518961906 0
1731965157301 0.029245885089039803 0
1731965174718 0.02874678000807762 0
1731965192253 0.028959613293409348 0
1731965209638 0.029329676181077957 0
1731965227173 0.0293450728058815 0
1731965244584 0.028869453817605972 0
1731965262078 0.028106732293963432 0
1731965279473 0.029368985444307327 0
1731965297003 0.028928987681865692 0
1731965314380 0.029198985546827316 0
1731965331912 0.029568618163466454 0
1731965349327 0.029184961691498756 0
1731965367177 0.02914183773100376 0
1731965384616 0.02883007936179638 0
1731965402164 0.028732631355524063 0
1731965419592 0.02833413891494274 0
1731965437124 0.029052436351776123 0
1731965454516 0.028758438304066658 0
1731965472083 0.029268037527799606 0
1731965489474 0.02883434109389782 0
1731965507022 0.028863266110420227 0
1731965524434 0.02882130816578865 0
1731965541980 0.029257722198963165 0
1731965559404 0.028898654505610466 0
1731965576910 0.02862422727048397 0
1731965594298 0.029122285544872284 0
1731965611814 0.028782224282622337 0
1731965629526 0.028877809643745422 0
1731965647037 0.028828639537096024 0
1731965664438 0.028558259829878807 0
1731965681960 0.028673376888036728 0
1731965699375 0.028888912871479988 0
1731965716893 0.028674375265836716 0
1731965734301 0.028463246300816536 0
1731965751832 0.028338834643363953 0
1731965769199 0.0286246445029974 0
1731965786727 0.028718555346131325 0
1731965804113 0.02871660888195038 0
1731965821663 0.02832772396504879 0
1731965839082 0.028830265626311302 0
1731965856661 0.028763925656676292 0
1731965874061 0.028026729822158813 0
1731965891887 0.02850862592458725 0
1731965909300 0.028428947553038597 0
1731965926840 0.028491174802184105 0
1731965944236 0.02852991595864296 0
1731965961776 0.028683552518486977 0
1731965979164 0.028615090996026993 0
1731965996663 0.028576018288731575 0
1731966014060 0.028769295662641525 0
1731966031560 0.028610680252313614 0
1731966048954 0.028611905872821808 0
1731966066499 0.028848187997937202 0
1731966083896 0.028872422873973846 0
1731966101428 0.028542721644043922 0
1731966118849 0.02901143953204155 0
1731966136390 0.028474679216742516 0
1731966154100 0.02865152433514595 0
1731966171669 0.028545407578349113 0
1731966189077 0.028610965237021446 0
1731966206623 0.028578585013747215 0
1731966224019 0.028254728764295578 0
1731966241566 0.028643500059843063 0
1731966258970 0.028699325397610664 0
1731966276484 0.028952669352293015 0
1731966293849 0.028788549825549126 0
1731966311407 0.028441132977604866 0
1731966328830 0.02859429456293583 0
1731966346368 0.028514528647065163 0
1731966363812 0.028713343665003777 0
1731966381372 0.02863391861319542 0
1731966398757 0.028535932302474976 0
1731966416645 0.028765540570020676 0
1731966434061 0.0287698432803154 0
1731966451631 0.028664853423833847 0
1731966469079 0.02856992371380329 0
1731966486632 0.028495971113443375 0
1731966504041 0.028695322573184967 0
1731966521606 0.028492208570241928 0
1731966539038 0.028667662292718887 0
1731966556595 0.02835647016763687 0
1731966574019 0.028570128604769707 0
1731966591563 0.0285401102155447 0
1731966608952 0.028892269358038902 0
1731966626469 0.02897271141409874 0
1731966643920 0.028533345088362694 0
1731966661765 0.028807099908590317 0
1731966679185 0.028580665588378906 0
1731966696719 0.028614865615963936 0
1731966714103 0.028615746647119522 0
1731966731586 0.02843271568417549 0
1731966749017 0.02839978039264679 0
1731966766548 0.028784720227122307 0
1731966783959 0.028353950008749962 0
1731966801493 0.028635865077376366 0
1731966818856 0.028518071398139 0
1731966836376 0.028823846951127052 0
1731966853757 0.028386563062667847 0
1731966871297 0.028563475236296654 0
1731966888744 0.028558196499943733 0
1731966906259 0.02867845445871353 0
1731966924007 0.028277503326535225 0
1731966941554 0.028548941016197205 0
1731966958941 0.02855856530368328 0
1731966976471 0.028686709702014923 0
1731966993879 0.02894154004752636 0
1731967011369 0.02838793583214283 0
1731967028759 0.028630713000893593 0
1731967046237 0.02866053767502308 0
1731967063629 0.02871381677687168 0
1731967081097 0.028523080050945282 0
1731967098481 0.02859874628484249 0
1731967116009 0.02864302694797516 0
1731967133398 0.028615502640604973 0
1731967150887 0.02867991104722023 0
1731967168266 0.028588920831680298 0
1731967186102 0.02876904234290123 0
1731967203464 0.028374485671520233 0
1731967221025 0.02849913202226162 0
1731967238414 0.02867807075381279 0
1731967255987 0.028543729335069656 0
1731967273388 0.02861548773944378 0
1731967290892 0.028543321415781975 0
1731967308254 0.028420465067029 0
1731967325765 0.028731299564242363 0
1731967343117 0.028484446927905083 0
1731967360627 0.028442807495594025 0
1731967377983 0.028588535264134407 0
1731967395457 0.02852257713675499 0
1731967412815 0.028593260794878006 0
1731967430326 0.028738858178257942 0
1731967447971 0.028204098343849182 0
1731967465506 0.02854110114276409 0
1731967482856 0.028700372204184532 0
1731967500373 0.02848493866622448 0
1731967517780 0.02858950011432171 0
1731967535282 0.028572821989655495 0
1731967552663 0.02839290164411068 0
1731967570182 0.028441552072763443 0
1731967587528 0.02859322726726532 0
1731967605017 0.02862837351858616 0
1731967622383 0.028444837778806686 0
1731967639912 0.028593460097908974 0
1731967657279 0.02865389548242092 0
1731967674777 0.02842378430068493 0
1731967692178 0.028527548536658287 0
