1731963703485 0.00037014210829511285 0
1731963727335 0.0003243143728468567 0
1731963750776 0.00028244551504030824 0
1731963774424 0.00024007254978641868 0
1731963797902 0.0002170813677366823 0
1731963821549 0.00020064560521859676 0
1731963844988 0.00019047192472498864 0
1731963868616 0.00018136054859496653 0
1731963892108 0.00017303356435149908 0
1731963915781 0.00016330645303241909 0
1731963939302 0.00016324648458976299 0
1731963962896 0.00015496033302042633 0
1731963986408 0.00014606323384214193 0
1731964010087 0.00014653454127255827 0
1731964033606 0.00014123327855486423 0
1731964054138 0.00013445175136439502 0
1731964074691 0.0001307883212575689 0
1731964095246 0.0001323608885286376 0
1731964115818 0.0001250204659299925 0
1731964136349 0.00012668529234360904 0
1731964156924 0.00012163315841462463 0
1731964177474 0.00011828140122815967 0
1731964196987 0.00011537606042111292 0
1731964215922 0.00011196238483535126 0
1731964234969 0.00011420352529967204 0
1731964254051 0.00010602917609503493 0
1731964273156 0.00010763522732304409 0
1731964292079 0.00010624335118336603 0
1731964311114 0.00010476195166120306 0
1731964330080 9.93460780591704e-05 0
1731964348198 0.00010122903040610254 0
1731964366322 0.00010135921183973551 0
1731964384428 9.800802945392206e-05 0
1731964402523 9.757655061548576e-05 0
1731964420637 9.539370512356982e-05 0
1731964438744 9.500953456154093e-05 0
1731964456880 9.518908336758614e-05 0
1731964474447 9.107217920245603e-05 0
1731964491985 9.438241249881685e-05 0
1731964509432 8.951617928687483e-05 0
1731964527007 8.510956104146317e-05 0
1731964544479 8.713809074833989e-05 0
1731964562037 8.59421124914661e-05 0
1731964579462 8.516813977621496e-05 0
1731964597387 8.203153993235901e-05 0
1731964614816 8.1842859799508e-05 0
1731964632359 8.126665488816798e-05 0
1731964649812 7.772658864269033e-05 0
1731964667388 7.81710259616375e-05 0
1731964684800 8.109016926027834e-05 0
1731964702348 7.556383934570476e-05 0
1731964719766 7.785404159221798e-05 0
1731964737300 7.9339872172568e-05 0
1731964754727 7.522183295805007e-05 0
1731964772300 7.331935194088146e-05 0
1731964789746 7.167047442635521e-05 0
1731964807309 7.145494600990787e-05 0
1731964824705 6.948815280338749e-05 0
1731964842277 6.977660086704418e-05 0
1731964860015 6.749988824594766e-05 0
1731964877560 6.812572974013165e-05 0
1731964894968 6.888022471684963e-05 0
1731964912495 7.044617814244702e-05 0
1731964929928 6.664232932962477e-05 0
1731964947459 6.780778494430706e-05 0
1731964964851 6.229402060853317e-05 0
1731964982361 6.515505810966715e-05 0
1731964999752 6.632036820519716e-05 0
1731965017277 6.606713577639312e-05 0
1731965034697 6.238327478058636e-05 0
1731965052244 6.419089186238125e-05 0
1731965069632 6.153433787403628e-05 0
1731965087161 6.138825847301632e-05 0
1731965104562 6.354021024890244e-05 0
1731965122385 6.20556966168806e-05 0
1731965139779 6.147825479274616e-05 0
1731965157303 5.94620723859407e-05 0
1731965174720 5.639505252474919e-05 0
1731965192255 5.984191011521034e-05 0
1731965209640 5.870022141607478e-05 0
1731965227175 5.887115185032599e-05 0
1731965244587 5.859695011167787e-05 0
1731965262081 5.6023865909082815e-05 0
1731965279476 5.5927645007614046e-05 0
1731965297005 5.581564983003773e-05 0
1731965314383 5.843305552843958e-05 0
1731965331915 5.689129466190934e-05 0
1731965349329 5.582168523687869e-05 0
1731965367180 5.565572064369917e-05 0
1731965384618 5.259919271338731e-05 0
1731965402166 5.2602190407924354e-05 0
1731965419594 5.3033712902106345e-05 0
1731965437126 5.2738712838618085e-05 0
1731965454518 5.261220212560147e-05 0
1731965472085 5.208823495195247e-05 0
1731965489476 5.132955629960634e-05 0
1731965507024 5.0957867642864585e-05 0
1731965524437 5.0712504162220284e-05 0
1731965541982 5.114161467645317e-05 0
1731965559406 5.14386483700946e-05 0
1731965576912 5.080112168798223e-05 0
1731965594300 5.071314808446914e-05 0
1731965611816 4.885509770247154e-05 0
1731965629528 4.951248411089182e-05 0
1731965647040 5.1275110308779404e-05 0
1731965664440 4.6674496843479574e-05 0
1731965681962 4.9652102461550385e-05 0
1731965699379 4.7389810788445175e-05 0
1731965716896 4.81274000776466e-05 0
1731965734304 4.7652836656197906e-05 0
1731965751834 4.701343641499989e-05 0
1731965769201 4.647464447771199e-05 0
1731965786730 4.583769623422995e-05 0
1731965804115 4.672012073569931e-05 0
1731965821666 4.682163125835359e-05 0
1731965839084 4.7507783165201545e-05 0
1731965856663 4.717722549685277e-05 0
1731965874063 4.5762288209516555e-05 0
1731965891889 4.438327596290037e-05 0
1731965909302 4.469232590054162e-05 0
1731965926842 4.564184564515017e-05 0
1731965944239 4.551324309431948e-05 0
1731965961778 4.291864752303809e-05 0
1731965979167 4.39180621469859e-05 0
1731965996665 4.342752799857408e-05 0
1731966014062 4.298668500268832e-05 0
1731966031562 4.187432205071673e-05 0
1731966048956 4.223829819238745e-05 0
1731966066501 4.115835326956585e-05 0
1731966083898 4.1254967072745785e-05 0
1731966101430 4.346948480815627e-05 0
1731966118851 4.155866918154061e-05 0
1731966136392 4.1218841943191364e-05 0
1731966154102 4.220897244522348e-05 0
1731966171671 4.2307674448238686e-05 0
1731966189079 3.9846352592576295e-05 0
1731966206625 4.1120158130070195e-05 0
1731966224021 4.054762393934652e-05 0
1731966241568 4.280223947716877e-05 0
1731966258973 3.8637619582004845e-05 0
1731966276487 3.8199690607143566e-05 0
1731966293851 3.7606539990520105e-05 0
1731966311409 4.1617327951826155e-05 0
1731966328832 3.90887726098299e-05 0
1731966346371 4.210800034343265e-05 0
1731966363814 3.70103916793596e-05 0
1731966381374 3.835213283309713e-05 0
1731966398759 3.711435419972986e-05 0
1731966416647 3.803777872235514e-05 0
1731966434063 4.071044531883672e-05 0
1731966451633 3.736517101060599e-05 0
1731966469081 3.8052461604820564e-05 0
1731966486635 3.719432061188854e-05 0
1731966504043 3.768708847928792e-05 0
1731966521608 3.9390175516018644e-05 0
1731966539040 3.93720947613474e-05 0
1731966556597 3.626032412284985e-05 0
1731966574021 3.733250923687592e-05 0
1731966591566 3.618738264776766e-05 0
1731966608954 3.797208046307787e-05 0
1731966626471 3.811955684795976e-05 0
1731966643923 3.618284972617403e-05 0
1731966661768 3.767365706153214e-05 0
1731966679187 3.7979381886543706e-05 0
1731966696722 3.5710781958187e-05 0
1731966714105 3.3982090826611966e-05 0
1731966731588 3.4829176001949236e-05 0
1731966749019 3.739007661351934e-05 0
1731966766551 3.589811240090057e-05 0
1731966783961 3.444973481236957e-05 0
1731966801495 3.579441909096204e-05 0
1731966818858 3.428931813687086e-05 0
1731966836378 3.478879079921171e-05 0
1731966853759 3.521817416185513e-05 0
1731966871299 3.5608700272860005e-05 0
1731966888746 3.378918336238712e-05 0
1731966906261 3.5259297874290496e-05 0
1731966924009 3.622529038693756e-05 0
1731966941556 3.4783770388457924e-05 0
1731966958943 3.442643355811015e-05 0
1731966976473 3.3555708796484396e-05 0
1731966993881 3.514158743200824e-05 0
1731967011371 3.354746149852872e-05 0
1731967028762 3.4151376894442365e-05 0
1731967046239 3.252024907851592e-05 0
1731967063632 3.3055850508389995e-05 0
1731967081099 3.2841970096342266e-05 0
1731967098484 3.272461981396191e-05 0
1731967116011 3.36234261339996e-05 0
1731967133401 3.212356023141183e-05 0
1731967150889 3.258215292589739e-05 0
1731967168269 3.200137143721804e-05 0
1731967186105 3.380701309652068e-05 0
1731967203466 3.3820277167251334e-05 0
1731967221027 3.245564948883839e-05 0
1731967238416 3.313607885502279e-05 0
1731967255989 3.267016654717736e-05 0
1731967273390 3.212213414371945e-05 0
1731967290894 3.349771213834174e-05 0
1731967308256 3.253133763791993e-05 0
1731967325768 3.0878883990226313e-05 0
1731967343119 3.261369784013368e-05 0
1731967360629 3.1233914342010394e-05 0
1731967377986 2.9354436264839023e-05 0
1731967395459 3.189345443388447e-05 0
1731967412817 3.224209285690449e-05 0
1731967430328 3.082956391153857e-05 0
1731967447973 3.0260034691309556e-05 0
1731967465508 3.101789116044529e-05 0
1731967482859 2.9496161005226895e-05 0
1731967500375 3.148610994685441e-05 0
1731967517782 2.9607414035126567e-05 0
1731967535284 3.0443608920904808e-05 0
1731967552665 2.953492548840586e-05 0
1731967570184 3.224809552193619e-05 0
1731967587530 3.0332083042594604e-05 0
1731967605020 3.009691135957837e-05 0
1731967622386 3.0045392122701742e-05 0
1731967639914 3.0350956876645796e-05 0
1731967657281 2.9805218218825758e-05 0
1731967674779 2.918939026130829e-05 0
1731967692180 2.9930375603726134e-05 0
