1731963703485 0.0025999611243605614 0
1731963727335 0.0019715961534529924 0
1731963750776 0.0018100356683135033 0
1731963774424 0.0016698233084753156 0
1731963797902 0.0016448518726974726 0
1731963821549 0.0014406326226890087 0
1731963844988 0.0014142983127385378 0
1731963868616 0.0013529343996196985 0
1731963892108 0.0012285697739571333 0
1731963915781 0.00115237757563591 0
1731963939302 0.001150001771748066 0
1731963962896 0.0010748571949079633 0
1731963986408 0.0011073651257902384 0
1731964010087 0.0010672437492758036 0
1731964033606 0.0009880890138447285 0
1731964054138 0.001054194988682866 0
1731964074691 0.000942045880947262 0
1731964095246 0.0010043014772236347 0
1731964115818 0.0010224924189969897 0
1731964136349 0.0009745722636580467 0
1731964156924 0.00093390530673787 0
1731964177474 0.0010125943226739764 0
1731964196987 0.0009131190599873662 0
1731964215922 0.0009675832116045058 0
1731964234969 0.0009480988373979926 0
1731964254051 0.000989271909929812 0
1731964273156 0.0009469394572079182 0
1731964292079 0.0009176527382805943 0
1731964311114 0.0009389338665641844 0
1731964330080 0.0008803328964859247 0
1731964348198 0.0009415566455572844 0
1731964366322 0.0009453107486478984 0
1731964384428 0.0009931090753525496 0
1731964402523 0.0009741022367961705 0
1731964420637 0.0009344856953248382 0
1731964438744 0.0009606874082237482 0
1731964456880 0.0009747808799147606 0
1731964474447 0.0009429292986169457 0
1731964491985 0.0009018547716550529 0
1731964509432 0.0009513493278063834 0
1731964527007 0.000942175043746829 0
1731964544479 0.0009779379470273852 0
1731964562037 0.0010092717129737139 0
1731964579462 0.0009371805936098099 0
1731964597387 0.0009865122847259045 0
1731964614816 0.0009587551467120647 0
1731964632359 0.0009223491651937366 0
1731964649812 0.0009149443358182907 0
1731964667388 0.000994780333712697 0
1731964684800 0.0008904850692488253 0
1731964702348 0.0009568743989802897 0
1731964719766 0.0010591787286102772 0
1731964737300 0.000994485686533153 0
1731964754727 0.0009259460493922234 0
1731964772300 0.0009185223607346416 0
1731964789746 0.0009546166402287781 0
1731964807309 0.0010261745192110538 0
1731964824705 0.0010161177488043904 0
1731964842277 0.0009353942004963756 0
1731964860015 0.00090246886247769 0
1731964877560 0.0009175752056762576 0
1731964894968 0.001015975489281118 0
1731964912495 0.0009756771614775062 0
1731964929928 0.0009846456814557314 0
1731964947459 0.0009985683718696237 0
1731964964851 0.0009561406914144754 0
1731964982361 0.0010014252038672566 0
1731964999752 0.0009704241529107094 0
1731965017277 0.0009344228310510516 0
1731965034697 0.0009695284534245729 0
1731965052244 0.0008929318282753229 0
1731965069632 0.0010060644708573818 0
1731965087161 0.0009832547511905432 0
1731965104562 0.0009995786240324378 0
1731965122385 0.0009360446711070836 0
1731965139779 0.0009626169921830297 0
1731965157303 0.0009951284155249596 0
1731965174720 0.0009265037951990962 0
1731965192255 0.000916752964258194 0
1731965209640 0.0009735549101606011 0
1731965227175 0.0009122045012190938 0
1731965244587 0.0009753196500241756 0
1731965262081 0.0010148186702281237 0
1731965279476 0.0009597921743988991 0
1731965297005 0.001023824093863368 0
1731965314383 0.0010006253141909838 0
1731965331915 0.0009382112184539437 0
1731965349329 0.0009229947463609278 0
1731965367180 0.0009776079095900059 0
1731965384618 0.0009082816541194916 0
1731965402166 0.0009652043227106333 0
1731965419594 0.0009764418937265873 0
1731965437126 0.0009323567501269281 0
1731965454518 0.000979065429419279 0
1731965472085 0.0010290973586961627 0
1731965489476 0.0009446552721783519 0
1731965507024 0.0010282533476129174 0
1731965524437 0.000861861277371645 0
1731965541982 0.0010005510412156582 0
1731965559406 0.0008720984915271401 0
1731965576912 0.0009990122634917498 0
1731965594300 0.0009348469320684671 0
1731965611816 0.000981033081188798 0
1731965629528 0.0011702819028869271 0
1731965647040 0.0009724497213028371 0
1731965664440 0.000999892596155405 0
1731965681962 0.0009964867495000362 0
1731965699379 0.0009571777191013098 0
1731965716896 0.0009506663773208857 0
1731965734304 0.0009528672089800239 0
1731965751834 0.0010764844482764602 0
1731965769201 0.0009444874594919384 0
1731965786730 0.0010389708913862705 0
1731965804115 0.0009573608986102045 0
1731965821666 0.0010357014834880829 0
1731965839084 0.001099994988180697 0
1731965856663 0.0009915279224514961 0
1731965874063 0.0010314804967492819 0
1731965891889 0.000970725086517632 0
1731965909302 0.0010616189101710916 0
1731965926842 0.0010797888971865177 0
1731965944239 0.001037599053233862 0
1731965961778 0.0010267689358443022 0
1731965979167 0.0009926676284521818 0
1731965996665 0.0009716770146042109 0
1731966014062 0.0010417355224490166 0
1731966031562 0.0010461185593158007 0
1731966048956 0.0010317452251911163 0
1731966066501 0.001017556875012815 0
1731966083898 0.0010725634638220072 0
1731966101430 0.0010382403852418065 0
1731966118851 0.0010053813457489014 0
1731966136392 0.000996158691123128 0
1731966154102 0.0010440933983772993 0
1731966171671 0.0011192705715075135 0
1731966189079 0.0010115441400557756 0
1731966206625 0.0010879948968067765 0
1731966224021 0.0010987920686602592 0
1731966241568 0.0010614325292408466 0
1731966258973 0.0010232594795525074 0
1731966276487 0.0011289576068520546 0
1731966293851 0.0010673718061298132 0
1731966311409 0.0010873940773308277 0
1731966328832 0.0010908154072239995 0
1731966346371 0.0010519514326006174 0
1731966363814 0.0010843655327335 0
1731966381374 0.0010536052286624908 0
1731966398759 0.0011013399343937635 0
1731966416647 0.0010505197569727898 0
1731966434063 0.0011583066079765558 0
1731966451633 0.0010380919557064772 0
1731966469081 0.0010833092965185642 0
1731966486635 0.0011773406295105815 0
1731966504043 0.0010832299012690783 0
1731966521608 0.00112014333717525 0
1731966539040 0.0011178759159520268 0
1731966556597 0.0010494261514395475 0
1731966574021 0.0011077674571424723 0
1731966591566 0.0011337213218212128 0
1731966608954 0.0011066675651818514 0
1731966626471 0.0011117986869066954 0
1731966643923 0.0011144161690026522 0
1731966661768 0.0011268304660916328 0
1731966679187 0.0011756301391869783 0
1731966696722 0.0010632957564666867 0
1731966714105 0.0011204968905076385 0
1731966731588 0.0011778853368014097 0
1731966749019 0.0011532355565577745 0
1731966766551 0.0012072890531271696 0
1731966783961 0.0011659631272777915 0
1731966801495 0.0011735460720956326 0
1731966818858 0.0010750656947493553 0
1731966836378 0.0011061201803386211 0
1731966853759 0.0011255145072937012 0
1731966871299 0.0011454237392172217 0
1731966888746 0.0011786285322159529 0
1731966906261 0.0011067962041124701 0
1731966924009 0.0010956358164548874 0
1731966941556 0.0011256260331720114 0
1731966958943 0.0010908569674938917 0
1731966976473 0.0010900188935920596 0
1731966993881 0.0011433258187025785 0
1731967011371 0.0011930293403565884 0
1731967028762 0.0011751663405448198 0
1731967046239 0.0012248670682311058 0
1731967063632 0.0011946429731324315 0
1731967081099 0.001164513872936368 0
1731967098484 0.0011320384219288826 0
1731967116011 0.0012159597827121615 0
1731967133401 0.0012544894125312567 0
1731967150889 0.0012287236750125885 0
1731967168269 0.0012099447194486856 0
1731967186105 0.0011515436926856637 0
1731967203466 0.0011189000215381384 0
1731967221027 0.0011782246874645352 0
1731967238416 0.0011352738365530968 0
1731967255989 0.0011162742739543319 0
1731967273390 0.0011307939421385527 0
1731967290894 0.001163629931397736 0
1731967308256 0.0013165714917704463 0
1731967325768 0.0012255143374204636 0
1731967343119 0.001153259538114071 0
1731967360629 0.0011136741377413273 0
1731967377986 0.001137500861659646 0
1731967395459 0.0012188015971332788 0
1731967412817 0.0011970717459917068 0
1731967430328 0.0011639527510851622 0
1731967447973 0.0011987650068476796 0
1731967465508 0.0012101773172616959 0
1731967482859 0.0012523239711299539 0
1731967500375 0.00120041542686522 0
1731967517782 0.001163942040875554 0
1731967535284 0.0012098849983885884 0
1731967552665 0.0012226863764226437 0
1731967570184 0.0011828012065961957 0
1731967587530 0.0012392341159284115 0
1731967605020 0.001185591914691031 0
1731967622386 0.0011431332677602768 0
1731967639914 0.0012210083659738302 0
1731967657281 0.0011798595078289509 0
1731967674779 0.001246677478775382 0
1731967692180 0.0012212396832183003 0
