1731963703485 0.0005266270600259304 0
1731963727335 0.00034648526343517005 0
1731963750776 0.0002317178004886955 0
1731963774424 0.0001844215003075078 0
1731963797902 0.0001568367297295481 0
1731963821549 0.00016818592848721892 0
1731963844988 0.0001589508610777557 0
1731963868616 0.00015691909356974065 0
1731963892108 0.00013843047781847417 0
1731963915781 0.00014519112301059067 0
1731963939302 0.000133401234052144 0
1731963962896 0.00014272055705077946 0
1731963986408 0.00040415016701444983 0
1731964010087 0.00018510798690840602 0
1731964033606 0.0004770090745296329 0
1731964054138 0.0001210128320963122 0
1731964074691 0.00011317328608129174 0
1731964095246 0.00014995309174992144 0
1731964115818 0.00011537907994352281 0
1731964136349 7.328998617595062e-05 0
1731964156924 8.369107672479004e-05 0
1731964177474 0.00011827279377030209 0
1731964196987 0.00010606905561871827 0
1731964215922 8.862100366968662e-05 0
1731964234969 8.731537673156708e-05 0
1731964254051 7.667865429539233e-05 0
1731964273156 0.00021135072165634483 0
1731964292079 0.0001427945971954614 0
1731964311114 7.686455501243472e-05 0
1731964330080 0.00010810341336764395 0
1731964348198 0.00011087523307651281 0
1731964366322 8.146683103404939e-05 0
1731964384428 7.499090861529112e-05 0
1731964402523 7.987068238435313e-05 0
1731964420637 7.438499596901238e-05 0
1731964438744 6.161184865050018e-05 0
1731964456880 5.7827252021525055e-05 0
1731964474447 7.518046186305583e-05 0
1731964491985 6.794556975364685e-05 0
1731964509432 7.270464266184717e-05 0
1731964527007 6.140919867902994e-05 0
1731964544479 0.00011803583765868098 0
1731964562037 7.649844337720424e-05 0
1731964579462 6.8263390858192e-05 0
1731964597387 5.7035693316720426e-05 0
1731964614816 8.516505477018654e-05 0
1731964632359 6.531942926812917e-05 0
1731964649812 7.228321192087606e-05 0
1731964667388 7.38147646188736e-05 0
1731964684800 6.488044164143503e-05 0
1731964702348 6.456287519540638e-05 0
1731964719766 5.7647059293230996e-05 0
1731964737300 6.648521957686171e-05 0
1731964754727 5.7189979997929186e-05 0
1731964772300 4.454600275494158e-05 0
1731964789746 5.4213247494772077e-05 0
1731964807309 4.3993426515953615e-05 0
1731964824705 5.029508247389458e-05 0
1731964842277 6.151761044748127e-05 0
1731964860015 4.7699919377919286e-05 0
1731964877560 6.908593059051782e-05 0
1731964894968 7.721803558524698e-05 0
1731964912495 5.545939347939566e-05 0
1731964929928 8.336306200362742e-05 0
1731964947459 5.815805707243271e-05 0
1731964964851 6.0511985793709755e-05 0
1731964982361 5.496664743986912e-05 0
1731964999752 5.824303661938757e-05 0
1731965017277 5.331846477929503e-05 0
1731965034697 5.1965569582534954e-05 0
1731965052244 5.516636883839965e-05 0
1731965069632 5.3007304813945666e-05 0
1731965087161 5.894420246477239e-05 0
1731965104562 5.874702037544921e-05 0
1731965122385 6.447441410273314e-05 0
1731965139779 4.770073064719327e-05 0
1731965157303 5.327365215634927e-05 0
1731965174720 4.892604556516744e-05 0
1731965192255 7.450666453223675e-05 0
1731965209640 5.627349310088903e-05 0
1731965227175 4.83037656522356e-05 0
1731965244587 6.039841173333116e-05 0
1731965262081 6.395811215043068e-05 0
1731965279476 4.251489008311182e-05 0
1731965297005 5.15519677719567e-05 0
1731965314383 5.6420787586830556e-05 0
1731965331915 5.575695831794292e-05 0
1731965349329 6.15652825217694e-05 0
1731965367180 5.183963003219105e-05 0
1731965384618 4.5414137275656685e-05 0
1731965402166 4.615217767423019e-05 0
1731965419594 4.345774505054578e-05 0
1731965437126 4.583257396006957e-05 0
1731965454518 4.3556749005801976e-05 0
1731965472085 6.91186505719088e-05 0
1731965489476 6.838857370894402e-05 0
1731965507024 3.106969234067947e-05 0
1731965524437 3.713645855896175e-05 0
1731965541982 5.5597833124920726e-05 0
1731965559406 3.206348264939152e-05 0
1731965576912 4.331564559834078e-05 0
1731965594300 4.480132338358089e-05 0
1731965611816 3.390569327166304e-05 0
1731965629528 4.752251334139146e-05 0
1731965647040 6.712980393785983e-05 0
1731965664440 5.717347812606022e-05 0
1731965681962 7.03663972672075e-05 0
1731965699379 4.2603423935361207e-05 0
1731965716896 3.935314452974126e-05 0
1731965734304 5.0140464736614376e-05 0
1731965751834 5.09324308950454e-05 0
1731965769201 4.336829806561582e-05 0
1731965786730 4.320584048400633e-05 0
1731965804115 4.1241255530621856e-05 0
1731965821666 3.242475577280857e-05 0
1731965839084 5.356327528716065e-05 0
1731965856663 3.641518560471013e-05 0
1731965874063 5.542805592995137e-05 0
1731965891889 4.403796265251003e-05 0
1731965909302 3.1375202524941415e-05 0
1731965926842 3.797554018092342e-05 0
1731965944239 4.108319626539014e-05 0
1731965961778 4.8853478801902384e-05 0
1731965979167 3.3205658837687224e-05 0
1731965996665 5.479012543219142e-05 0
1731966014062 4.714029637398198e-05 0
1731966031562 3.759433457162231e-05 0
1731966048956 6.600240885745734e-05 0
1731966066501 4.814034764422104e-05 0
1731966083898 4.256924512446858e-05 0
1731966101430 3.917862704838626e-05 0
1731966118851 4.3697727960534394e-05 0
1731966136392 3.6749483115272596e-05 0
1731966154102 3.7639249057974666e-05 0
1731966171671 3.3436474041081965e-05 0
1731966189079 3.42191597155761e-05 0
1731966206625 3.6117016861680895e-05 0
1731966224021 3.0850424082018435e-05 0
1731966241568 3.8198792026378214e-05 0
1731966258973 3.4505406802054495e-05 0
1731966276487 3.937956353183836e-05 0
1731966293851 4.198602255200967e-05 0
1731966311409 4.913901284453459e-05 0
1731966328832 3.0204206268535927e-05 0
1731966346371 4.9100905016530305e-05 0
1731966363814 4.48555510956794e-05 0
1731966381374 3.956531509174965e-05 0
1731966398759 3.0335319024743512e-05 0
1731966416647 3.729184027179144e-05 0
1731966434063 3.346439189044759e-05 0
1731966451633 3.1100804335437715e-05 0
1731966469081 3.017509516212158e-05 0
1731966486635 4.175997673883103e-05 0
1731966504043 3.3766911656130105e-05 0
1731966521608 2.9589344194391742e-05 0
1731966539040 3.194604505551979e-05 0
1731966556597 3.108500095549971e-05 0
1731966574021 5.763351509813219e-05 0
1731966591566 3.704232949530706e-05 0
1731966608954 3.228350396966562e-05 0
1731966626471 3.010621730936691e-05 0
1731966643923 3.701457171700895e-05 0
1731966661768 3.806840322795324e-05 0
1731966679187 3.7297515518730506e-05 0
1731966696722 3.9928898331709206e-05 0
1731966714105 3.4018215956166387e-05 0
1731966731588 3.42636885761749e-05 0
1731966749019 3.870719228871167e-05 0
1731966766551 4.0942315536085516e-05 0
1731966783961 4.206825542496517e-05 0
1731966801495 3.5853503504768014e-05 0
1731966818858 2.792808663798496e-05 0
1731966836378 3.2890267902985215e-05 0
1731966853759 3.688063588924706e-05 0
1731966871299 3.16493897116743e-05 0
1731966888746 2.9039487344562076e-05 0
1731966906261 3.648907659226097e-05 0
1731966924009 3.758973252843134e-05 0
1731966941556 3.8450547435786575e-05 0
1731966958943 4.534194522420876e-05 0
1731966976473 3.2648542401148006e-05 0
1731966993881 3.297165676485747e-05 0
1731967011371 4.100433216081001e-05 0
1731967028762 3.443699097260833e-05 0
1731967046239 3.260043013142422e-05 0
1731967063632 3.082885450567119e-05 0
1731967081099 3.848582855425775e-05 0
1731967098484 3.783868669415824e-05 0
1731967116011 3.183428634656593e-05 0
1731967133401 3.487605135887861e-05 0
1731967150889 3.064456541324034e-05 0
1731967168269 3.222992745577358e-05 0
1731967186105 3.299133095424622e-05 0
1731967203466 3.129782999167219e-05 0
1731967221027 2.9493643523892388e-05 0
1731967238416 3.2229141652351245e-05 0
1731967255989 3.0355895432876423e-05 0
1731967273390 2.634081829455681e-05 0
1731967290894 3.3695308957248926e-05 0
1731967308256 5.6984157708939165e-05 0
1731967325768 4.416397132445127e-05 0
1731967343119 3.8245023461058736e-05 0
1731967360629 2.6797088139574043e-05 0
1731967377986 2.500362097634934e-05 0
1731967395459 2.909345130319707e-05 0
1731967412817 2.8146667318651453e-05 0
1731967430328 3.1091436540009454e-05 0
1731967447973 2.767630576272495e-05 0
1731967465508 3.311408363515511e-05 0
1731967482859 2.8076450689695776e-05 0
1731967500375 3.316220681881532e-05 0
1731967517782 3.148050745949149e-05 0
1731967535284 3.0015056836418808e-05 0
1731967552665 2.5989858841057867e-05 0
1731967570184 2.8427726647350937e-05 0
1731967587530 2.431806751701515e-05 0
1731967605020 2.767661862890236e-05 0
1731967622386 2.6847070330404676e-05 0
1731967639914 2.67145260295365e-05 0
1731967657281 2.2789965441916138e-05 0
1731967674779 2.1270272554829717e-05 0
1731967692180 2.8632044632104225e-05 0
