1732098540736 0.7175460457801819 0
1732098560023 0.8208191394805908 0
1732098579250 0.8516563773155212 0
1732098598865 0.8520339131355286 0
1732098618570 0.8188469409942627 0
1732098638380 0.7857593894004822 0
1732098658148 0.7481276988983154 0
1732098678064 0.7137673497200012 0
1732098697915 0.6758687496185303 0
1732098717876 0.6403459310531616 0
1732098737754 0.6014372706413269 0
1732098757709 0.5757630467414856 0
1732098777573 0.5365329384803772 0
1732098797596 0.5196921825408936 0
1732098817460 0.49933838844299316 0
1732098835252 0.4778019189834595 0
1732098853054 0.45982110500335693 0
1732098870838 0.4475071430206299 0
1732098888651 0.4250362813472748 0
1732098906450 0.41702431440353394 0
1732098924265 0.4008379578590393 0
1732098942076 0.403289258480072 0
1732098959114 0.38125351071357727 0
1732098975781 0.37269580364227295 0
1732098992516 0.36533138155937195 0
1732099009232 0.3689715564250946 0
1732099025995 0.35922059416770935 0
1732099042645 0.358841210603714 0
1732099059382 0.34496229887008667 0
1732099076178 0.3426777720451355 0
1732099092276 0.3378259241580963 0
1732099108361 0.33444204926490784 0
1732099124480 0.3311747610569 0
1732099140567 0.32302576303482056 0
1732099156689 0.3196694850921631 0
1732099172783 0.31692519783973694 0
1732099188874 0.3126145601272583 0
1732099204593 0.3124433159828186 0
1732099220317 0.3119699954986572 0
1732099235922 0.31305256485939026 0
1732099251643 0.30720195174217224 0
1732099267267 0.3075796961784363 0
1732099282968 0.3021177351474762 0
1732099298583 0.2973189055919647 0
1732099314576 0.29638317227363586 0
1732099330213 0.3035169541835785 0
1732099345916 0.2994549870491028 0
1732099361547 0.2953161597251892 0
1732099377262 0.2933430075645447 0
1732099392905 0.29711639881134033 0
1732099408613 0.2979477047920227 0
1732099424265 0.2923852205276489 0
1732099439980 0.28805163502693176 0
1732099455624 0.2919815480709076 0
1732099471340 0.29111579060554504 0
1732099486975 0.2884204685688019 0
1732099502714 0.28651005029678345 0
1732099518371 0.28884777426719666 0
1732099534120 0.2843443751335144 0
1732099550062 0.28211671113967896 0
1732099565789 0.2794969379901886 0
1732099581442 0.2829850912094116 0
1732099597188 0.28497621417045593 0
1732099612838 0.2813248336315155 0
1732099628580 0.2847861349582672 0
1732099644225 0.2843554615974426 0
1732099659969 0.2823655903339386 0
1732099675611 0.27352213859558105 0
1732099691379 0.2781331539154053 0
1732099707049 0.2749003767967224 0
1732099722816 0.2792631685733795 0
1732099738482 0.2781621217727661 0
1732099754228 0.27101606130599976 0
1732099769882 0.27261993288993835 0
1732099785948 0.2720523774623871 0
1732099801632 0.27606400847435 0
1732099817418 0.27667611837387085 0
1732099833103 0.27578094601631165 0
1732099848874 0.271827757358551 0
1732099864562 0.2751123607158661 0
1732099880330 0.276841938495636 0
1732099896016 0.2749852240085602 0
1732099911779 0.2717674672603607 0
1732099927464 0.27078354358673096 0
1732099943242 0.27075374126434326 0
1732099958940 0.2723531424999237 0
1732099974726 0.2750351130962372 0
1732099990406 0.26885324716567993 0
1732100006491 0.2717001736164093 0
1732100022181 0.2703932225704193 0
1732100037960 0.2690414488315582 0
1732100053657 0.27263179421424866 0
1732100069432 0.27221372723579407 0
1732100085097 0.2749469578266144 0
1732100100882 0.27217721939086914 0
1732100116568 0.26858779788017273 0
1732100132334 0.2713738679885864 0
1732100148008 0.2687036693096161 0
1732100163771 0.27151620388031006 0
1732100179439 0.269996702671051 0
1732100195201 0.266269713640213 0
1732100210876 0.27050384879112244 0
1732100226650 0.2622097432613373 0
1732100242593 0.26449424028396606 0
1732100258384 0.2666412591934204 0
1732100274051 0.2639349400997162 0
1732100289810 0.2661084532737732 0
1732100305466 0.262425035238266 0
1732100321247 0.2623758018016815 0
1732100336926 0.26242002844810486 0
1732100352709 0.2630690336227417 0
1732100368391 0.26267868280410767 0
1732100384172 0.26370179653167725 0
1732100399859 0.2612728774547577 0
1732100415683 0.26276668906211853 0
1732100431377 0.2653326392173767 0
1732100447171 0.26142871379852295 0
1732100462852 0.2623710632324219 0
1732100478913 0.2635447084903717 0
1732100494601 0.2636692523956299 0
1732100510384 0.26133641600608826 0
1732100526060 0.2618408501148224 0
1732100541855 0.2599698305130005 0
1732100557537 0.2605302929878235 0
1732100573303 0.2585598826408386 0
1732100588980 0.25749728083610535 0
1732100604750 0.25809499621391296 0
1732100620424 0.2608329951763153 0
1732100636165 0.2579968571662903 0
1732100651815 0.2607167363166809 0
1732100667576 0.25874218344688416 0
1732100683235 0.2609947621822357 0
1732100699001 0.25765788555145264 0
1732100715010 0.25735530257225037 0
1732100730758 0.2604062855243683 0
1732100746431 0.25900962948799133 0
1732100762205 0.2606605887413025 0
1732100777851 0.25528326630592346 0
1732100793638 0.2576879560947418 0
1732100809304 0.2586517333984375 0
1732100825061 0.2577227056026459 0
1732100840709 0.2572929263114929 0
1732100856482 0.257838636636734 0
1732100872161 0.2560170888900757 0
1732100887931 0.25468045473098755 0
1732100903603 0.2542392909526825 0
1732100919384 0.2568415403366089 0
1732100935070 0.2554261088371277 0
1732100951181 0.2542508840560913 0
1732100966839 0.25611746311187744 0
1732100982626 0.2562248110771179 0
1732100998288 0.2561489939689636 0
1732101014068 0.2530260980129242 0
1732101029735 0.25648555159568787 0
1732101045520 0.2546743154525757 0
1732101061180 0.25541892647743225 0
1732101076961 0.25702619552612305 0
1732101092627 0.2546212673187256 0
1732101108373 0.2574806213378906 0
1732101124040 0.2552299201488495 0
1732101139825 0.2532522678375244 0
1732101155484 0.2549004852771759 0
1732101171557 0.2541060447692871 0
1732101187228 0.25563564896583557 0
1732101202963 0.2553410232067108 0
1732101218613 0.2563975155353546 0
1732101234365 0.2536289095878601 0
1732101250055 0.2565344274044037 0
1732101265815 0.2542533874511719 0
1732101281486 0.2554837167263031 0
1732101297240 0.25226500630378723 0
1732101312927 0.2530214190483093 0
1732101328697 0.2541409730911255 0
1732101344359 0.2524143159389496 0
1732101360118 0.2522743046283722 0
1732101375792 0.252870112657547 0
1732101391546 0.2530958354473114 0
1732101407559 0.2529279887676239 0
1732101423323 0.25165653228759766 0
1732101438995 0.252054363489151 0
1732101454907 0.25381407141685486 0
1732101470736 0.2536211311817169 0
1732101486658 0.25267472863197327 0
1732101502490 0.2517763078212738 0
1732101518335 0.25289568305015564 0
1732101534017 0.2527199685573578 0
1732101549816 0.25210481882095337 0
1732101565473 0.2532253563404083 0
1732101581349 0.25182780623435974 0
1732101597126 0.2518264651298523 0
1732101612893 0.25072598457336426 0
1732101628627 0.25074928998947144 0
1732101644791 0.24999552965164185 0
1732101660530 0.2511869966983795 0
1732101676367 0.2525130808353424 0
1732101692114 0.25186434388160706 0
1732101707964 0.25221893191337585 0
1732101723679 0.249653622508049 0
1732101739455 0.25103119015693665 0
1732101755198 0.2501227557659149 0
1732101771036 0.25193724036216736 0
1732101786736 0.2519838213920593 0
1732101802501 0.249907985329628 0
1732101818153 0.25146180391311646 0
1732101833979 0.24979160726070404 0
1732101849700 0.24930943548679352 0
1732101865510 0.25070083141326904 0
1732101881496 0.2508300840854645 0
1732101897251 0.2515184283256531 0
1732101912939 0.24941277503967285 0
1732101928771 0.25033149123191833 0
1732101944505 0.2506508231163025 0
1732101960309 0.25069355964660645 0
1732101975955 0.2503493130207062 0
1732101991706 0.25101545453071594 0
1732102007414 0.25134238600730896 0
1732102023258 0.2517257332801819 0
1732102038987 0.24984340369701385 0
1732102054794 0.250713050365448 0
1732102070450 0.25077584385871887 0
1732102086211 0.2505367398262024 0
1732102101897 0.25179049372673035 0
