1732098540736 0.045789722353219986 0
1732098560023 0.05600732937455177 0
1732098579250 0.06012111157178879 0
1732098598865 0.06114550307393074 0
1732098618570 0.06747330725193024 0
1732098638380 0.06714609265327454 0
1732098658148 0.06842923909425735 0
1732098678064 0.07049132883548737 0
1732098697915 0.06746210157871246 0
1732098717876 0.06607410311698914 0
1732098737754 0.06311590224504471 0
1732098757709 0.060758404433727264 0
1732098777573 0.058736652135849 0
1732098797596 0.0561017170548439 0
1732098817460 0.053684741258621216 0
1732098835252 0.049484096467494965 0
1732098853054 0.04862113296985626 0
1732098870838 0.046044956892728806 0
1732098888651 0.044114530086517334 0
1732098906450 0.04195352643728256 0
1732098924265 0.040308043360710144 0
1732098942076 0.04034842178225517 0
1732098959114 0.0395822711288929 0
1732098975781 0.03657739609479904 0
1732098992516 0.0355520024895668 0
1732099009232 0.033409006893634796 0
1732099025995 0.03231266140937805 0
1732099042645 0.03170998767018318 0
1732099059382 0.030093908309936523 0
1732099076178 0.03272157534956932 0
1732099092276 0.03016781248152256 0
1732099108361 0.029506389051675797 0
1732099124480 0.02937730774283409 0
1732099140567 0.029271142557263374 0
1732099156689 0.02958420105278492 0
1732099172783 0.029040245339274406 0
1732099188874 0.029640257358551025 0
1732099204593 0.02967189997434616 0
1732099220317 0.028901655226945877 0
1732099235922 0.028825517743825912 0
1732099251643 0.02921799197793007 0
1732099267267 0.02985365502536297 0
1732099282968 0.029488617554306984 0
1732099298583 0.02997637167572975 0
1732099314576 0.029282428324222565 0
1732099330213 0.029359620064496994 0
1732099345916 0.031060030683875084 0
1732099361547 0.030663657933473587 0
1732099377262 0.03144725412130356 0
1732099392905 0.032347992062568665 0
1732099408613 0.0314643420279026 0
1732099424265 0.0314335897564888 0
1732099439980 0.03054523468017578 0
1732099455624 0.031191229820251465 0
1732099471340 0.03245096653699875 0
1732099486975 0.03201347216963768 0
1732099502714 0.03158681094646454 0
1732099518371 0.032081831246614456 0
1732099534120 0.031603068113327026 0
1732099550062 0.032364699989557266 0
1732099565789 0.03225572407245636 0
1732099581442 0.03196503594517708 0
1732099597188 0.03214374557137489 0
1732099612838 0.03232260048389435 0
1732099628580 0.03259938582777977 0
1732099644225 0.03248252347111702 0
1732099659969 0.03217342868447304 0
1732099675611 0.03259474039077759 0
1732099691379 0.03242887184023857 0
1732099707049 0.032427072525024414 0
1732099722816 0.0321064367890358 0
1732099738482 0.032297052443027496 0
1732099754228 0.03302610665559769 0
1732099769882 0.03316771611571312 0
1732099785948 0.032884981483221054 0
1732099801632 0.033571794629096985 0
1732099817418 0.03285832703113556 0
1732099833103 0.03335997462272644 0
1732099848874 0.03296467289328575 0
1732099864562 0.03306347131729126 0
1732099880330 0.03199148550629616 0
1732099896016 0.03311500698328018 0
1732099911779 0.03287963941693306 0
1732099927464 0.033452991396188736 0
1732099943242 0.03316314518451691 0
1732099958940 0.03332365304231644 0
1732099974726 0.03298712149262428 0
1732099990406 0.033788785338401794 0
1732100006491 0.033330537378787994 0
1732100022181 0.03351215273141861 0
1732100037960 0.03371934965252876 0
1732100053657 0.03394444286823273 0
1732100069432 0.03393582999706268 0
1732100085097 0.03345524147152901 0
1732100100882 0.033311862498521805 0
1732100116568 0.033798571676015854 0
1732100132334 0.03389504551887512 0
1732100148008 0.03368791565299034 0
1732100163771 0.03404689207673073 0
1732100179439 0.034382082521915436 0
1732100195201 0.034357231110334396 0
1732100210876 0.03357025608420372 0
1732100226650 0.03403500095009804 0
1732100242593 0.033835381269454956 0
1732100258384 0.033717162907123566 0
1732100274051 0.03438711166381836 0
1732100289810 0.03285428509116173 0
1732100305466 0.03341229632496834 0
1732100321247 0.034162990748882294 0
1732100336926 0.03375361114740372 0
1732100352709 0.03386934474110603 0
1732100368391 0.03370557352900505 0
1732100384172 0.03409527242183685 0
1732100399859 0.03415565937757492 0
1732100415683 0.03390704467892647 0
1732100431377 0.03381667658686638 0
1732100447171 0.03436437249183655 0
1732100462852 0.03410961478948593 0
1732100478913 0.0342886820435524 0
1732100494601 0.03445317596197128 0
1732100510384 0.033912885934114456 0
1732100526060 0.034058231860399246 0
1732100541855 0.03452568128705025 0
1732100557537 0.03376099839806557 0
1732100573303 0.03429955244064331 0
1732100588980 0.034326210618019104 0
1732100604750 0.0346936397254467 0
1732100620424 0.034332308918237686 0
1732100636165 0.03431259095668793 0
1732100651815 0.03434961661696434 0
1732100667576 0.03423652425408363 0
1732100683235 0.034283801913261414 0
1732100699001 0.03452738747000694 0
1732100715010 0.03430378809571266 0
1732100730758 0.03433685749769211 0
1732100746431 0.03402601182460785 0
1732100762205 0.03416471183300018 0
1732100777851 0.03459249436855316 0
1732100793638 0.03444269299507141 0
1732100809304 0.03445306420326233 0
1732100825061 0.03426196798682213 0
1732100840709 0.03398098796606064 0
1732100856482 0.03412717208266258 0
1732100872161 0.033874839544296265 0
1732100887931 0.034768737852573395 0
1732100903603 0.03455536440014839 0
1732100919384 0.0341380350291729 0
1732100935070 0.034074585884809494 0
1732100951181 0.03388753533363342 0
1732100966839 0.03389769047498703 0
1732100982626 0.0335344597697258 0
1732100998288 0.03377741947770119 0
1732101014068 0.03453126549720764 0
1732101029735 0.034167610108852386 0
1732101045520 0.03429644927382469 0
1732101061180 0.034354306757450104 0
1732101076961 0.034433942288160324 0
1732101092627 0.03449457511305809 0
1732101108373 0.034774888306856155 0
1732101124040 0.03484005108475685 0
1732101139825 0.03476777672767639 0
1732101155484 0.03438391163945198 0
1732101171557 0.03446498140692711 0
1732101187228 0.034328266978263855 0
1732101202963 0.03444656729698181 0
1732101218613 0.03415457531809807 0
1732101234365 0.034264855086803436 0
1732101250055 0.03431345149874687 0
1732101265815 0.03414386510848999 0
1732101281486 0.03389749303460121 0
1732101297240 0.034513264894485474 0
1732101312927 0.03434866666793823 0
1732101328697 0.03427759185433388 0
1732101344359 0.034273941069841385 0
1732101360118 0.03431078791618347 0
1732101375792 0.0344226136803627 0
1732101391546 0.03431099280714989 0
1732101407559 0.034380681812763214 0
1732101423323 0.03421143442392349 0
1732101438995 0.03444432094693184 0
1732101454907 0.03460019826889038 0
1732101470736 0.0348312184214592 0
1732101486658 0.03499472886323929 0
1732101502490 0.03478536754846573 0
1732101518335 0.03479753062129021 0
1732101534017 0.03477867692708969 0
1732101549816 0.0344909243285656 0
1732101565473 0.03459957614541054 0
1732101581349 0.0347256138920784 0
1732101597126 0.034714579582214355 0
1732101612893 0.03472771495580673 0
1732101628627 0.03479790315032005 0
1732101644791 0.0347248837351799 0
1732101660530 0.034668803215026855 0
1732101676367 0.03456750884652138 0
1732101692114 0.03448866680264473 0
1732101707964 0.034487273544073105 0
1732101723679 0.034628357738256454 0
1732101739455 0.034745972603559494 0
1732101755198 0.03429286926984787 0
1732101771036 0.03428464010357857 0
1732101786736 0.03451712429523468 0
1732101802501 0.034412115812301636 0
1732101818153 0.03468325734138489 0
1732101833979 0.034542519599199295 0
1732101849700 0.03452875837683678 0
1732101865510 0.03468014672398567 0
1732101881496 0.03474421426653862 0
1732101897251 0.03465268388390541 0
1732101912939 0.03495984897017479 0
1732101928771 0.0345643013715744 0
1732101944505 0.03494156524538994 0
1732101960309 0.03487233445048332 0
1732101975955 0.03477877750992775 0
1732101991706 0.03482406213879585 0
1732102007414 0.03477667272090912 0
1732102023258 0.03460073843598366 0
1732102038987 0.0344214141368866 0
1732102054794 0.034603022038936615 0
1732102070450 0.034704457968473434 0
1732102086211 0.034703709185123444 0
1732102101897 0.034608278423547745 0
