1732098540736 0.022372672334313393 0
1732098560023 0.025731174275279045 0
1732098579250 0.026333758607506752 0
1732098598865 0.025775909423828125 0
1732098618570 0.024806665256619453 0
1732098638380 0.02379177324473858 0
1732098658148 0.0228858832269907 0
1732098678064 0.02206769399344921 0
1732098697915 0.021002570167183876 0
1732098717876 0.02014147862792015 0
1732098737754 0.019435478374361992 0
1732098757709 0.018662020564079285 0
1732098777573 0.018130406737327576 0
1732098797596 0.01733269728720188 0
1732098817460 0.016905687749385834 0
1732098835252 0.016360143199563026 0
1732098853054 0.016062431037425995 0
1732098870838 0.015499248169362545 0
1732098888651 0.015557782724499702 0
1732098906450 0.015028339810669422 0
1732098924265 0.014785896986722946 0
1732098942076 0.014488885179162025 0
1732098959114 0.014391058124601841 0
1732098975781 0.014198191463947296 0
1732098992516 0.014073721133172512 0
1732099009232 0.013947087340056896 0
1732099025995 0.0137590691447258 0
1732099042645 0.013523535802960396 0
1732099059382 0.013365504331886768 0
1732099076178 0.013497496955096722 0
1732099092276 0.013226858340203762 0
1732099108361 0.013210742734372616 0
1732099124480 0.013179099187254906 0
1732099140567 0.013152075000107288 0
1732099156689 0.013046643696725368 0
1732099172783 0.01279540080577135 0
1732099188874 0.012715151533484459 0
1732099204593 0.012742441147565842 0
1732099220317 0.012682484462857246 0
1732099235922 0.012605996802449226 0
1732099251643 0.012498841620981693 0
1732099267267 0.012519595213234425 0
1732099282968 0.012463790364563465 0
1732099298583 0.01248729694634676 0
1732099314576 0.012612623162567616 0
1732099330213 0.01242472417652607 0
1732099345916 0.012281473726034164 0
1732099361547 0.01227311510592699 0
1732099377262 0.012348707765340805 0
1732099392905 0.012156597338616848 0
1732099408613 0.012133978307247162 0
1732099424265 0.012203640304505825 0
1732099439980 0.012181938625872135 0
1732099455624 0.012053619138896465 0
1732099471340 0.01206221617758274 0
1732099486975 0.012113465927541256 0
1732099502714 0.012070353142917156 0
1732099518371 0.012118485756218433 0
1732099534120 0.012005333788692951 0
1732099550062 0.01210196502506733 0
1732099565789 0.012152274139225483 0
1732099581442 0.012093114666640759 0
1732099597188 0.01196952722966671 0
1732099612838 0.01203328650444746 0
1732099628580 0.012027513235807419 0
1732099644225 0.012016662396490574 0
1732099659969 0.011934234760701656 0
1732099675611 0.011979138478636742 0
1732099691379 0.011819473467767239 0
1732099707049 0.011995403096079826 0
1732099722816 0.011750859208405018 0
1732099738482 0.011870810762047768 0
1732099754228 0.011897572316229343 0
1732099769882 0.011804075911641121 0
1732099785948 0.011916943825781345 0
1732099801632 0.011972466483712196 0
1732099817418 0.011882939375936985 0
1732099833103 0.011968817561864853 0
1732099848874 0.011823927983641624 0
1732099864562 0.011846601031720638 0
1732099880330 0.011833162978291512 0
1732099896016 0.011788737028837204 0
1732099911779 0.011840680614113808 0
1732099927464 0.011838716454803944 0
1732099943242 0.01192249171435833 0
1732099958940 0.011819389648735523 0
1732099974726 0.011807684786617756 0
1732099990406 0.01188587211072445 0
1732100006491 0.011762712150812149 0
1732100022181 0.011795250698924065 0
1732100037960 0.011785374023020267 0
1732100053657 0.011872404254972935 0
1732100069432 0.01181939896196127 0
1732100085097 0.011762489564716816 0
1732100100882 0.011821530759334564 0
1732100116568 0.011773236095905304 0
1732100132334 0.011838852427899837 0
1732100148008 0.011857536621391773 0
1732100163771 0.011841168627142906 0
1732100179439 0.011757259257137775 0
1732100195201 0.011754498817026615 0
1732100210876 0.011778204701840878 0
1732100226650 0.01176429819315672 0
1732100242593 0.011664297431707382 0
1732100258384 0.011744961142539978 0
1732100274051 0.011685543693602085 0
1732100289810 0.01169601920992136 0
1732100305466 0.011741213500499725 0
1732100321247 0.011741120368242264 0
1732100336926 0.011774586513638496 0
1732100352709 0.011667490936815739 0
1732100368391 0.011699526570737362 0
1732100384172 0.011618237011134624 0
1732100399859 0.011634989641606808 0
1732100415683 0.011698784306645393 0
1732100431377 0.01168809924274683 0
1732100447171 0.011668560095131397 0
1732100462852 0.011678783223032951 0
1732100478913 0.011688568629324436 0
1732100494601 0.011682400479912758 0
1732100510384 0.011644318699836731 0
1732100526060 0.011608998291194439 0
1732100541855 0.011587322689592838 0
1732100557537 0.011616536416113377 0
1732100573303 0.011641987599432468 0
1732100588980 0.01160489022731781 0
1732100604750 0.011681262403726578 0
1732100620424 0.01154816709458828 0
1732100636165 0.011599071323871613 0
1732100651815 0.011619070544838905 0
1732100667576 0.011598971672356129 0
1732100683235 0.011567523702979088 0
1732100699001 0.011710785329341888 0
1732100715010 0.011598702520132065 0
1732100730758 0.0115977106615901 0
1732100746431 0.011643577367067337 0
1732100762205 0.011552909389138222 0
1732100777851 0.011578530073165894 0
1732100793638 0.011563305743038654 0
1732100809304 0.01152481883764267 0
1732100825061 0.011474478989839554 0
1732100840709 0.011546706780791283 0
1732100856482 0.011594275943934917 0
1732100872161 0.011593295261263847 0
1732100887931 0.011589856818318367 0
1732100903603 0.011560564860701561 0
1732100919384 0.011515826918184757 0
1732100935070 0.01155220065265894 0
1732100951181 0.011608285829424858 0
1732100966839 0.011534849181771278 0
1732100982626 0.01153385080397129 0
1732100998288 0.011515369638800621 0
1732101014068 0.0114747891202569 0
1732101029735 0.011475307866930962 0
1732101045520 0.011514941230416298 0
1732101061180 0.011516071856021881 0
1732101076961 0.011479652486741543 0
1732101092627 0.011462680995464325 0
1732101108373 0.011481883004307747 0
1732101124040 0.011553578078746796 0
1732101139825 0.011563314124941826 0
1732101155484 0.011492258869111538 0
1732101171557 0.011611965484917164 0
1732101187228 0.011559857055544853 0
1732101202963 0.011470544151961803 0
1732101218613 0.011498766019940376 0
1732101234365 0.011575374752283096 0
1732101250055 0.011535459198057652 0
1732101265815 0.011552339419722557 0
1732101281486 0.011510372161865234 0
1732101297240 0.011530008167028427 0
1732101312927 0.011516564525663853 0
1732101328697 0.011484336107969284 0
1732101344359 0.011429795995354652 0
1732101360118 0.011483341455459595 0
1732101375792 0.011499905958771706 0
1732101391546 0.011499913409352303 0
1732101407559 0.01139685045927763 0
1732101423323 0.01145382784307003 0
1732101438995 0.011444920673966408 0
1732101454907 0.01144392415881157 0
1732101470736 0.011450274847447872 0
1732101486658 0.011496859602630138 0
1732101502490 0.011472094804048538 0
1732101518335 0.011455802246928215 0
1732101534017 0.011463883332908154 0
1732101549816 0.011492526158690453 0
1732101565473 0.01144455000758171 0
1732101581349 0.01145949773490429 0
1732101597126 0.011465407907962799 0
1732101612893 0.011408096179366112 0
1732101628627 0.011425299569964409 0
1732101644791 0.011424824595451355 0
1732101660530 0.011440323665738106 0
1732101676367 0.011440576985478401 0
1732101692114 0.011426476761698723 0
1732101707964 0.011393710039556026 0
1732101723679 0.011416196823120117 0
1732101739455 0.011420917697250843 0
1732101755198 0.011435973457992077 0
1732101771036 0.011399408802390099 0
1732101786736 0.011424604803323746 0
1732101802501 0.011436334811151028 0
1732101818153 0.011378145776689053 0
1732101833979 0.011407303623855114 0
1732101849700 0.011441466398537159 0
1732101865510 0.011400810442864895 0
1732101881496 0.011387491598725319 0
1732101897251 0.011434653773903847 0
1732101912939 0.011435606516897678 0
1732101928771 0.011409920640289783 0
1732101944505 0.011427159421145916 0
1732101960309 0.011439884081482887 0
1732101975955 0.011402003467082977 0
1732101991706 0.011463681235909462 0
1732102007414 0.011434943415224552 0
1732102023258 0.011436927132308483 0
1732102038987 0.011423222720623016 0
1732102054794 0.011397324502468109 0
1732102070450 0.011482492089271545 0
1732102086211 0.011465534567832947 0
1732102101897 0.01141186524182558 0
