1732098540736 0.2084069401025772 0
1732098560023 0.18814529478549957 0
1732098579250 0.168939009308815 0
1732098598865 0.1460627019405365 0
1732098618570 0.13347765803337097 0
1732098638380 0.11959303915500641 0
1732098658148 0.1095217913389206 0
1732098678064 0.10145227611064911 0
1732098697915 0.09618580341339111 0
1732098717876 0.09275919944047928 0
1732098737754 0.08771519362926483 0
1732098757709 0.08395692706108093 0
1732098777573 0.08067232370376587 0
1732098797596 0.08105357736349106 0
1732098817460 0.07826545834541321 0
1732098835252 0.07563869655132294 0
1732098853054 0.07267062366008759 0
1732098870838 0.07095705717802048 0
1732098888651 0.07021569460630417 0
1732098906450 0.06883504986763 0
1732098924265 0.06872545927762985 0
1732098942076 0.06740158796310425 0
1732098959114 0.06646209955215454 0
1732098975781 0.06333577632904053 0
1732098992516 0.06500925123691559 0
1732099009232 0.06315961480140686 0
1732099025995 0.0639156624674797 0
1732099042645 0.0625111311674118 0
1732099059382 0.060308970510959625 0
1732099076178 0.05955611169338226 0
1732099092276 0.058879364281892776 0
1732099108361 0.058576859533786774 0
1732099124480 0.05832409858703613 0
1732099140567 0.057621169835329056 0
1732099156689 0.05623243749141693 0
1732099172783 0.055782221257686615 0
1732099188874 0.054051078855991364 0
1732099204593 0.05350141599774361 0
1732099220317 0.053752243518829346 0
1732099235922 0.05411630496382713 0
1732099251643 0.053725529462099075 0
1732099267267 0.052460677921772 0
1732099282968 0.05223718285560608 0
1732099298583 0.05029796063899994 0
1732099314576 0.049768686294555664 0
1732099330213 0.04846256971359253 0
1732099345916 0.04902033507823944 0
1732099361547 0.04943349212408066 0
1732099377262 0.04881542548537254 0
1732099392905 0.04868067428469658 0
1732099408613 0.048329517245292664 0
1732099424265 0.048002634197473526 0
1732099439980 0.0470241978764534 0
1732099455624 0.047155316919088364 0
1732099471340 0.045979633927345276 0
1732099486975 0.04593389108777046 0
1732099502714 0.04546283558011055 0
1732099518371 0.04498474672436714 0
1732099534120 0.045133113861083984 0
1732099550062 0.04389411583542824 0
1732099565789 0.043565522879362106 0
1732099581442 0.04247228801250458 0
1732099597188 0.04172481223940849 0
1732099612838 0.040889352560043335 0
1732099628580 0.04126769304275513 0
1732099644225 0.042086441069841385 0
1732099659969 0.04071421176195145 0
1732099675611 0.04105880483984947 0
1732099691379 0.041997894644737244 0
1732099707049 0.039240166544914246 0
1732099722816 0.03970293700695038 0
1732099738482 0.039593666791915894 0
1732099754228 0.03843465447425842 0
1732099769882 0.03752540051937103 0
1732099785948 0.03762663155794144 0
1732099801632 0.03724745288491249 0
1732099817418 0.03655096888542175 0
1732099833103 0.037432961165905 0
1732099848874 0.03646305203437805 0
1732099864562 0.03642074763774872 0
1732099880330 0.036104340106248856 0
1732099896016 0.03562409430742264 0
1732099911779 0.03538542613387108 0
1732099927464 0.03471255302429199 0
1732099943242 0.035037875175476074 0
1732099958940 0.03545176237821579 0
1732099974726 0.03440912440419197 0
1732099990406 0.0341322086751461 0
1732100006491 0.03303851932287216 0
1732100022181 0.033492155373096466 0
1732100037960 0.03278201073408127 0
1732100053657 0.03379911929368973 0
1732100069432 0.033370211720466614 0
1732100085097 0.03205523267388344 0
1732100100882 0.03189372271299362 0
1732100116568 0.031206421554088593 0
1732100132334 0.03239577263593674 0
1732100148008 0.032057732343673706 0
1732100163771 0.03248477727174759 0
1732100179439 0.031253933906555176 0
1732100195201 0.03151028975844383 0
1732100210876 0.030878407880663872 0
1732100226650 0.030780646950006485 0
1732100242593 0.030253462493419647 0
1732100258384 0.029317643493413925 0
1732100274051 0.029974764212965965 0
1732100289810 0.02999025397002697 0
1732100305466 0.029856786131858826 0
1732100321247 0.02932940609753132 0
1732100336926 0.029480669647455215 0
1732100352709 0.029396764934062958 0
1732100368391 0.02915905974805355 0
1732100384172 0.028052041307091713 0
1732100399859 0.02789461985230446 0
1732100415683 0.028853561729192734 0
1732100431377 0.028910048305988312 0
1732100447171 0.02817685715854168 0
1732100462852 0.028597448021173477 0
1732100478913 0.02760518528521061 0
1732100494601 0.027450870722532272 0
1732100510384 0.027073264122009277 0
1732100526060 0.02706427499651909 0
1732100541855 0.026726529002189636 0
1732100557537 0.027990087866783142 0
1732100573303 0.027002234011888504 0
1732100588980 0.027645550668239594 0
1732100604750 0.02660084329545498 0
1732100620424 0.026966817677021027 0
1732100636165 0.026453420519828796 0
1732100651815 0.0257229246199131 0
1732100667576 0.026532594114542007 0
1732100683235 0.02528287097811699 0
1732100699001 0.026474252343177795 0
1732100715010 0.025411490350961685 0
1732100730758 0.025027267634868622 0
1732100746431 0.02674020826816559 0
1732100762205 0.025157365947961807 0
1732100777851 0.025395633652806282 0
1732100793638 0.026095032691955566 0
1732100809304 0.025397345423698425 0
1732100825061 0.026534458622336388 0
1732100840709 0.025083746761083603 0
1732100856482 0.024596113711595535 0
1732100872161 0.025215337052941322 0
1732100887931 0.02507435530424118 0
1732100903603 0.024899685755372047 0
1732100919384 0.025468377396464348 0
1732100935070 0.02532472461462021 0
1732100951181 0.02531682699918747 0
1732100966839 0.02498900145292282 0
1732100982626 0.024101432412862778 0
1732100998288 0.02461153268814087 0
1732101014068 0.024486729875206947 0
1732101029735 0.023665696382522583 0
1732101045520 0.023171886801719666 0
1732101061180 0.023963697254657745 0
1732101076961 0.024229753762483597 0
1732101092627 0.02410416305065155 0
1732101108373 0.02385139837861061 0
1732101124040 0.023883236572146416 0
1732101139825 0.023539923131465912 0
1732101155484 0.023732738569378853 0
1732101171557 0.023686837404966354 0
1732101187228 0.02329254522919655 0
1732101202963 0.024815671145915985 0
1732101218613 0.023975323885679245 0
1732101234365 0.022783052176237106 0
1732101250055 0.023190617561340332 0
1732101265815 0.0229483749717474 0
1732101281486 0.02321193739771843 0
1732101297240 0.022537048906087875 0
1732101312927 0.02300054021179676 0
1732101328697 0.022890590131282806 0
1732101344359 0.02299411967396736 0
1732101360118 0.02288871258497238 0
1732101375792 0.023113448172807693 0
1732101391546 0.0223772581666708 0
1732101407559 0.022113541141152382 0
1732101423323 0.02249908447265625 0
1732101438995 0.021884256973862648 0
1732101454907 0.02317548729479313 0
1732101470736 0.022361285984516144 0
1732101486658 0.02259531244635582 0
1732101502490 0.022386200726032257 0
1732101518335 0.022584063932299614 0
1732101534017 0.021789874881505966 0
1732101549816 0.022015683352947235 0
1732101565473 0.022696658968925476 0
1732101581349 0.021546579897403717 0
1732101597126 0.02295476570725441 0
1732101612893 0.02190139889717102 0
1732101628627 0.02220386639237404 0
1732101644791 0.02243763580918312 0
1732101660530 0.02156822755932808 0
1732101676367 0.02203560620546341 0
1732101692114 0.021645694971084595 0
1732101707964 0.021729663014411926 0
1732101723679 0.021503781899809837 0
1732101739455 0.021525759249925613 0
1732101755198 0.0208725742995739 0
1732101771036 0.022049633786082268 0
1732101786736 0.021860264241695404 0
1732101802501 0.021099181845784187 0
1732101818153 0.0211481936275959 0
1732101833979 0.0210733562707901 0
1732101849700 0.02142104133963585 0
1732101865510 0.02165604569017887 0
1732101881496 0.02096037194132805 0
1732101897251 0.020961865782737732 0
1732101912939 0.02136220596730709 0
1732101928771 0.02052886411547661 0
1732101944505 0.022054515779018402 0
1732101960309 0.021193716675043106 0
1732101975955 0.021215004846453667 0
1732101991706 0.02116408944129944 0
1732102007414 0.021126799285411835 0
1732102023258 0.0208083838224411 0
1732102038987 0.02087547443807125 0
1732102054794 0.020284609869122505 0
1732102070450 0.021347027271986008 0
1732102086211 0.02061394415795803 0
1732102101897 0.020816346630454063 0
