1732098540738 0.0004168139130342752 0
1732098560028 0.00037629061262123287 0
1732098579255 0.0003378780384082347 0
1732098598869 0.0002921254199463874 0
1732098618573 0.00026695532142184675 0
1732098638382 0.00023918609076645225 0
1732098658151 0.00021904359164182097 0
1732098678066 0.00020290455722715706 0
1732098697917 0.00019237161905039102 0
1732098717879 0.00018551840912550688 0
1732098737756 0.00017543039575684816 0
1732098757711 0.00016791386588010937 0
1732098777576 0.00016134465113282204 0
1732098797598 0.00016210715693887323 0
1732098817462 0.00015653092123102397 0
1732098835254 0.0001512774033471942 0
1732098853057 0.00014534125512000173 0
1732098870840 0.00014191411901265383 0
1732098888653 0.00014043139526620507 0
1732098906452 0.00013767011114396155 0
1732098924267 0.0001374509301967919 0
1732098942078 0.00013480318011716008 0
1732098959116 0.0001329242077190429 0
1732098975784 0.00012667155533563346 0
1732098992518 0.00013001851039007306 0
1732099009234 0.00012631923891603947 0
1732099025998 0.00012783132842741907 0
1732099042647 0.00012502227036748081 0
1732099059384 0.00012061794404871762 0
1732099076180 0.00011911222827620804 0
1732099092278 0.0001177587328129448 0
1732099108363 0.00011715372238541022 0
1732099124482 0.00011664820340229198 0
1732099140569 0.00011524234287207946 0
1732099156692 0.000112464877020102 0
1732099172785 0.00011156444816151634 0
1732099188876 0.00010810216190293431 0
1732099204595 0.00010700283746700734 0
1732099220320 0.00010750449291663244 0
1732099235924 0.00010823261254699901 0
1732099251645 0.0001074510655598715 0
1732099267269 0.0001049213606165722 0
1732099282970 0.00010447436943650246 0
1732099298586 0.0001005959275062196 0
1732099314578 9.95373775367625e-05 0
1732099330215 9.692514140624553e-05 0
1732099345918 9.80406766757369e-05 0
1732099361549 9.886698535410687e-05 0
1732099377264 9.763085836311802e-05 0
1732099392907 9.736134961713105e-05 0
1732099408615 9.6659037808422e-05 0
1732099424268 9.600527118891478e-05 0
1732099439982 9.404840238858014e-05 0
1732099455626 9.431063517695293e-05 0
1732099471342 9.195927123073488e-05 0
1732099486978 9.186778333969414e-05 0
1732099502716 9.092567779589444e-05 0
1732099518373 8.996950055006891e-05 0
1732099534122 9.026622865349054e-05 0
1732099550065 8.778823394095525e-05 0
1732099565792 8.713104762136936e-05 0
1732099581444 8.494457870256156e-05 0
1732099597190 8.344963134732097e-05 0
1732099612841 8.177870768122375e-05 0
1732099628582 8.25353927211836e-05 0
1732099644227 8.417288336204365e-05 0
1732099659972 8.142842852976173e-05 0
1732099675614 8.21176145109348e-05 0
1732099691381 8.399579382967204e-05 0
1732099707051 7.848033419577405e-05 0
1732099722818 7.940587966004387e-05 0
1732099738484 7.918733899714425e-05 0
1732099754230 7.68693134887144e-05 0
1732099769884 7.505080429837108e-05 0
1732099785950 7.525326509494334e-05 0
1732099801635 7.449490658473223e-05 0
1732099817420 7.310193905141205e-05 0
1732099833105 7.486592949135229e-05 0
1732099848876 7.292610825970769e-05 0
1732099864564 7.284149614861235e-05 0
1732099880332 7.220868428703398e-05 0
1732099896018 7.124819239834324e-05 0
1732099911781 7.077085319906473e-05 0
1732099927467 6.94251066306606e-05 0
1732099943244 7.007575186435133e-05 0
1732099958942 7.090353028615937e-05 0
1732099974729 6.881825538584962e-05 0
1732099990409 6.826442404417321e-05 0
1732100006493 6.607703835470602e-05 0
1732100022183 6.698431388940662e-05 0
1732100037962 6.556402513524517e-05 0
1732100053660 6.759824464097619e-05 0
1732100069434 6.674042379017919e-05 0
1732100085099 6.411047070287168e-05 0
1732100100885 6.378744728863239e-05 0
1732100116570 6.24128442723304e-05 0
1732100132336 6.479155126726255e-05 0
1732100148010 6.411546928575262e-05 0
1732100163773 6.496955757029355e-05 0
1732100179441 6.250786827877164e-05 0
1732100195203 6.30205831839703e-05 0
1732100210878 6.175682210596278e-05 0
1732100226652 6.156129529699683e-05 0
1732100242596 6.05069290031679e-05 0
1732100258387 5.863529077032581e-05 0
1732100274053 5.9949532442260534e-05 0
1732100289812 5.998050983180292e-05 0
1732100305469 5.971357677481137e-05 0
1732100321250 5.8658813941292465e-05 0
1732100336930 5.89613409829326e-05 0
1732100352711 5.879353193449788e-05 0
1732100368394 5.831812086398713e-05 0
1732100384175 5.6104086979757994e-05 0
1732100399861 5.578924174187705e-05 0
1732100415686 5.770712596131489e-05 0
1732100431383 5.782009975519031e-05 0
1732100447173 5.6353717809543014e-05 0
1732100462854 5.7194898545276374e-05 0
1732100478916 5.521037383005023e-05 0
1732100494604 5.49017422599718e-05 0
1732100510386 5.414653060142882e-05 0
1732100526062 5.4128551710164174e-05 0
1732100541857 5.3453059081221e-05 0
1732100557540 5.598017742158845e-05 0
1732100573305 5.40044711669907e-05 0
1732100588982 5.52911042177584e-05 0
1732100604753 5.320168929756619e-05 0
1732100620426 5.393363971961662e-05 0
1732100636167 5.290684202918783e-05 0
1732100651818 5.144585156813264e-05 0
1732100667579 5.306519233272411e-05 0
1732100683238 5.05657444591634e-05 0
1732100699003 5.294850780046545e-05 0
1732100715012 5.0822982302634045e-05 0
1732100730760 5.005453931516968e-05 0
1732100746434 5.3480420319829136e-05 0
1732100762207 5.031473483541049e-05 0
1732100777854 5.079127004137263e-05 0
1732100793640 5.2190069254720584e-05 0
1732100809306 5.07946933794301e-05 0
1732100825063 5.306892126100138e-05 0
1732100840711 5.016749491915107e-05 0
1732100856484 4.919222919852473e-05 0
1732100872163 5.0430677219992504e-05 0
1732100887934 5.014871203457005e-05 0
1732100903606 4.979937511961907e-05 0
1732100919386 5.093675645184703e-05 0
1732100935072 5.064945071353577e-05 0
1732100951184 5.063365460955538e-05 0
1732100966841 4.997800351702608e-05 0
1732100982629 4.820286631002091e-05 0
1732100998291 4.9223068344872445e-05 0
1732101014070 4.8973462980939075e-05 0
1732101029738 4.73313957627397e-05 0
1732101045522 4.634377546608448e-05 0
1732101061183 4.7927398554747924e-05 0
1732101076964 4.8459511162946e-05 0
1732101092630 4.820832691621035e-05 0
1732101108376 4.77028006571345e-05 0
1732101124043 4.776647620019503e-05 0
1732101139827 4.7079847718123347e-05 0
1732101155486 4.746548074763268e-05 0
1732101171560 4.737367635243572e-05 0
1732101187230 4.6585093514295295e-05 0
1732101202965 4.963134415447712e-05 0
1732101218616 4.795064887730405e-05 0
1732101234368 4.556610656436533e-05 0
1732101250057 4.6381235733861104e-05 0
1732101265818 4.589675154420547e-05 0
1732101281488 4.6423876483459026e-05 0
1732101297242 4.507409903453663e-05 0
1732101312929 4.600108150043525e-05 0
1732101328699 4.578118387144059e-05 0
1732101344362 4.598824307322502e-05 0
1732101360121 4.5777425839332864e-05 0
1732101375794 4.6226898120949045e-05 0
1732101391548 4.475451714824885e-05 0
1732101407562 4.4227082980796695e-05 0
1732101423326 4.499817077885382e-05 0
1732101438997 4.3768515752162784e-05 0
1732101454910 4.6350975026143715e-05 0
1732101470738 4.4722575694322586e-05 0
1732101486661 4.5190627133706585e-05 0
1732101502492 4.477240509004332e-05 0
1732101518337 4.516812987276353e-05 0
1732101534020 4.357975194579922e-05 0
1732101549818 4.4031366996932775e-05 0
1732101565475 4.5393320760922506e-05 0
1732101581352 4.309316136641428e-05 0
1732101597128 4.590953540173359e-05 0
1732101612895 4.380280006444082e-05 0
1732101628630 4.440773409442045e-05 0
1732101644794 4.4875272578792647e-05 0
1732101660533 4.313645695219748e-05 0
1732101676369 4.407121377880685e-05 0
1732101692117 4.32913911936339e-05 0
1732101707966 4.345932757132687e-05 0
1732101723681 4.3007567001041025e-05 0
1732101739457 4.305152106098831e-05 0
1732101755201 4.174515197519213e-05 0
1732101771038 4.409926987136714e-05 0
1732101786738 4.3720530811697245e-05 0
1732101802504 4.2198364099022e-05 0
1732101818155 4.229638943797909e-05 0
1732101833982 4.214671571389772e-05 0
1732101849703 4.2842086259042844e-05 0
1732101865512 4.331209493102506e-05 0
1732101881498 4.1920746298274025e-05 0
1732101897253 4.192373307887465e-05 0
1732101912941 4.2724412196548656e-05 0
1732101928773 4.10577304137405e-05 0
1732101944507 4.4109034206485376e-05 0
1732101960311 4.238743713358417e-05 0
1732101975957 4.2430012399563566e-05 0
1732101991709 4.232818173477426e-05 0
1732102007416 4.2253599531250075e-05 0
1732102023260 4.161677134106867e-05 0
1732102038989 4.1750950913410634e-05 0
1732102054797 4.0569222619524226e-05 0
1732102070453 4.269405690138228e-05 0
1732102086213 4.12278895964846e-05 0
1732102101899 4.163269477430731e-05 0
