1732098540738 0.02022530883550644 0
1732098560028 0.010418429039418697 0
1732098579255 0.008024802431464195 0
1732098598869 0.007028921507298946 0
1732098618573 0.005808165296912193 0
1732098638382 0.005548903718590736 0
1732098658151 0.005687577184289694 0
1732098678066 0.005040445830672979 0
1732098697917 0.004355759359896183 0
1732098717879 0.004669472575187683 0
1732098737756 0.005028695799410343 0
1732098757711 0.004394677467644215 0
1732098777576 0.0037200383376330137 0
1732098797598 0.003666332922875881 0
1732098817462 0.003931816667318344 0
1732098835254 0.0038103479892015457 0
1732098853057 0.003967970609664917 0
1732098870840 0.003915817942470312 0
1732098888653 0.004142136313021183 0
1732098906452 0.0029331455007195473 0
1732098924267 0.003657205728814006 0
1732098942078 0.003606812795624137 0
1732098959116 0.0028014786075800657 0
1732098975784 0.003470157738775015 0
1732098992518 0.003636082634329796 0
1732099009234 0.0031316156964749098 0
1732099025998 0.0034014154225587845 0
1732099042647 0.003120848909020424 0
1732099059384 0.0027512384112924337 0
1732099076180 0.003198071848601103 0
1732099092278 0.002876445185393095 0
1732099108363 0.0033402955159544945 0
1732099124482 0.0031993079464882612 0
1732099140569 0.003106251824647188 0
1732099156692 0.0030067558400332928 0
1732099172785 0.0029153316281735897 0
1732099188876 0.00288759870454669 0
1732099204595 0.003277730895206332 0
1732099220320 0.002581643406301737 0
1732099235924 0.0033516157418489456 0
1732099251645 0.0029585864394903183 0
1732099267269 0.0029189528431743383 0
1732099282970 0.0029063455294817686 0
1732099298586 0.002978899283334613 0
1732099314578 0.002663838444277644 0
1732099330215 0.0027794972993433475 0
1732099345918 0.002741101896390319 0
1732099361549 0.002779706148430705 0
1732099377264 0.00251487223431468 0
1732099392907 0.002604858949780464 0
1732099408615 0.002434898167848587 0
1732099424268 0.002374139381572604 0
1732099439982 0.0026534078642725945 0
1732099455626 0.0026431912556290627 0
1732099471342 0.0026861364021897316 0
1732099486978 0.002367787528783083 0
1732099502716 0.002244196832180023 0
1732099518373 0.0024389768950641155 0
1732099534122 0.002283047419041395 0
1732099550065 0.0023742844350636005 0
1732099565792 0.0019797147251665592 0
1732099581444 0.0025563775561749935 0
1732099597190 0.0019500735215842724 0
1732099612841 0.0021969699300825596 0
1732099628582 0.002334491116926074 0
1732099644227 0.00263363029807806 0
1732099659972 0.0019725151360034943 0
1732099675614 0.0022968328557908535 0
1732099691381 0.001969698816537857 0
1732099707051 0.0023470097221434116 0
1732099722818 0.0021713566966354847 0
1732099738484 0.0024863192811608315 0
1732099754230 0.0021717355120927095 0
1732099769884 0.002135179005563259 0
1732099785950 0.002135633025318384 0
1732099801635 0.0020902499090880156 0
1732099817420 0.0019489198457449675 0
1732099833105 0.0018198639154434204 0
1732099848876 0.002496091416105628 0
1732099864564 0.0020340788178145885 0
1732099880332 0.0018135569989681244 0
1732099896018 0.0021880592685192823 0
1732099911781 0.0019997814670205116 0
1732099927467 0.0020891022868454456 0
1732099943244 0.0018717532511800528 0
1732099958942 0.0019874642603099346 0
1732099974729 0.0018599277827888727 0
1732099990409 0.0023130031768232584 0
1732100006493 0.001783190993592143 0
1732100022183 0.0016054932493716478 0
1732100037962 0.001690795412287116 0
1732100053660 0.0017674164846539497 0
1732100069434 0.0020318597089499235 0
1732100085099 0.0018372340127825737 0
1732100100885 0.0016715179663151503 0
1732100116570 0.0018602083437144756 0
1732100132336 0.0016439673490822315 0
1732100148010 0.001545082195661962 0
1732100163773 0.0017875987105071545 0
1732100179441 0.0019292912911623716 0
1732100195203 0.0017899812664836645 0
1732100210878 0.0017381457146257162 0
1732100226652 0.0015076461713761091 0
1732100242596 0.0016219853423535824 0
1732100258387 0.0016743764281272888 0
1732100274053 0.001711078337393701 0
1732100289812 0.0018813321366906166 0
1732100305469 0.001508888672105968 0
1732100321250 0.0018418444087728858 0
1732100336930 0.0017302469350397587 0
1732100352711 0.0014098489191383123 0
1732100368394 0.0014418339123949409 0
1732100384175 0.0016113556921482086 0
1732100399861 0.0015418942784890532 0
1732100415686 0.001587510108947754 0
1732100431383 0.0015094848349690437 0
1732100447173 0.001633901963941753 0
1732100462854 0.001837285584770143 0
1732100478916 0.0015094215050339699 0
1732100494604 0.0015986900543794036 0
1732100510386 0.0013321524020284414 0
1732100526062 0.0015201382339000702 0
1732100541857 0.0015355770010501146 0
1732100557540 0.0013750086072832346 0
1732100573305 0.0015741110546514392 0
1732100588982 0.001347809098660946 0
1732100604753 0.0013688517501577735 0
1732100620426 0.0013362027239054441 0
1732100636167 0.0016275303205475211 0
1732100651818 0.0014353685546666384 0
1732100667579 0.0015838840045034885 0
1732100683238 0.0014745267108082771 0
1732100699003 0.0015570393297821283 0
1732100715012 0.0012589716352522373 0
1732100730760 0.0013288031332194805 0
1732100746434 0.001482341205701232 0
1732100762207 0.0014615459367632866 0
1732100777854 0.0014546399470418692 0
1732100793640 0.0013814776903018355 0
1732100809306 0.0014034834457561374 0
1732100825063 0.0013157851062715054 0
1732100840711 0.001249710563570261 0
1732100856484 0.001196887344121933 0
1732100872163 0.0014811826404184103 0
1732100887934 0.0012341539841145277 0
1732100903606 0.0016207735752686858 0
1732100919386 0.0012311002938076854 0
1732100935072 0.001288226805627346 0
1732100951184 0.001192367053590715 0
1732100966841 0.0013368770014494658 0
1732100982629 0.0014651869423687458 0
1732100998291 0.001483806292526424 0
1732101014070 0.001214647782035172 0
1732101029738 0.0011574761010706425 0
1732101045522 0.0012242773082107306 0
1732101061183 0.0013389396481215954 0
1732101076964 0.0012259286595508456 0
1732101092630 0.0012355102226138115 0
1732101108376 0.0013766171177849174 0
1732101124043 0.0012313140323385596 0
1732101139827 0.0011572804069146514 0
1732101155486 0.0012271323939785361 0
1732101171560 0.0013474675361067057 0
1732101187230 0.001134919235482812 0
1732101202965 0.0014476310461759567 0
1732101218616 0.0012025805190205574 0
1732101234368 0.0011223722249269485 0
1732101250057 0.0011732520069926977 0
1732101265818 0.0011128634214401245 0
1732101281488 0.0013101780787110329 0
1732101297242 0.0012814002111554146 0
1732101312929 0.0011859615333378315 0
1732101328699 0.0011601150035858154 0
1732101344362 0.0010599102824926376 0
1732101360121 0.0011201114393770695 0
1732101375794 0.0011331726564094424 0
1732101391548 0.00113650131970644 0
1732101407562 0.0011155176907777786 0
1732101423326 0.0010898233158513904 0
1732101438997 0.0010710255010053515 0
1732101454910 0.001164386747404933 0
1732101470738 0.0011066602310165763 0
1732101486661 0.0011229155352339149 0
1732101502492 0.0011490446049720049 0
1732101518337 0.0011023341212421656 0
1732101534020 0.0011549685150384903 0
1732101549818 0.001211126334965229 0
1732101565475 0.0011469409801065922 0
1732101581352 0.0011974142398685217 0
1732101597128 0.0010889041004702449 0
1732101612895 0.0010819656308740377 0
1732101628630 0.0010920604690909386 0
1732101644794 0.001178689650259912 0
1732101660533 0.0009588521788828075 0
1732101676369 0.0009975393768399954 0
1732101692117 0.0012200464261695743 0
1732101707966 0.0010201679542660713 0
1732101723681 0.0009790275944396853 0
1732101739457 0.0011412876192480326 0
1732101755201 0.0010503750527277589 0
1732101771038 0.0010194673668593168 0
1732101786738 0.0009858007542788982 0
1732101802504 0.0010889593977481127 0
1732101818155 0.0011627082712948322 0
1732101833982 0.0010407973313704133 0
1732101849703 0.0009833895601332188 0
1732101865512 0.001008979044854641 0
1732101881498 0.000994950532913208 0
1732101897253 0.0010354862315580249 0
1732101912941 0.001010748092085123 0
1732101928773 0.0010507138213142753 0
1732101944507 0.0009555848082527518 0
1732101960311 0.0009300793753936887 0
1732101975957 0.0010185305727645755 0
1732101991709 0.001086738659068942 0
1732102007416 0.0010473381262272596 0
1732102023260 0.0011630135122686625 0
1732102038989 0.0011415672488510609 0
1732102054797 0.0010437469463795424 0
1732102070453 0.00104432029183954 0
1732102086213 0.000890713999979198 0
1732102101899 0.0009585525840520859 0
