1731879798463 1.5786303281784058 0
1731879820878 1.4994028806686401 0
1731879842824 1.5051848888397217 0
1731879864782 1.5254148244857788 0
1731879886504 1.5395598411560059 0
1731879908437 1.523705005645752 0
1731879930150 1.5443928241729736 0
1731879952038 1.5020344257354736 0
1731879973786 1.5547475814819336 0
1731879995650 1.4819146394729614 0
1731880017441 1.5248286724090576 0
1731880039315 1.5596386194229126 0
1731880061135 1.4789094924926758 0
1731880083050 1.5072660446166992 0
1731880104721 1.449463129043579 0
1731880124072 1.484935998916626 0
1731880143425 1.4930704832077026 0
1731880162761 1.5801841020584106 0
1731880182078 1.4820876121520996 0
1731880201383 1.519460678100586 0
1731880220677 1.4765067100524902 0
1731880240054 1.4422101974487305 0
1731880258458 1.4470819234848022 0
1731880276391 1.481325387954712 0
1731880294460 1.4384580850601196 0
1731880312475 1.490332007408142 0
1731880330491 1.4606000185012817 0
1731880348485 1.517317295074463 0
1731880366548 1.4766552448272705 0
1731880384571 1.5113613605499268 0
1731880401828 1.4289590120315552 0
1731880419098 1.516955852508545 0
1731880436348 1.4314548969268799 0
1731880453598 1.5008410215377808 0
1731880470821 1.5197044610977173 0
1731880488055 1.4825880527496338 0
1731880505325 1.4912476539611816 0
1731880522133 1.4508229494094849 0
1731880538927 1.4844809770584106 0
1731880555576 1.4850096702575684 0
1731880572323 1.4642469882965088 0
1731880588927 1.4598506689071655 0
1731880605671 1.492660641670227 0
1731880622272 1.4872602224349976 0
1731880639288 1.4780079126358032 0
1731880655894 1.4663794040679932 0
1731880672598 1.5014559030532837 0
1731880689216 1.5004006624221802 0
1731880705944 1.485280156135559 0
1731880722590 1.4812469482421875 0
1731880739296 1.4876575469970703 0
1731880755932 1.500881314277649 0
1731880772663 1.4682868719100952 0
1731880789255 1.497165560722351 0
1731880806007 1.4649853706359863 0
1731880822606 1.4605226516723633 0
1731880839358 1.5362423658370972 0
1731880855970 1.4605270624160767 0
1731880872694 1.4949904680252075 0
1731880889624 1.522720456123352 0
1731880906355 1.456322193145752 0
1731880922937 1.4955660104751587 0
1731880939673 1.479527473449707 0
1731880956255 1.506657600402832 0
1731880972961 1.4750092029571533 0
1731880989530 1.4924895763397217 0
1731881006237 1.4704581499099731 0
1731881022821 1.4593684673309326 0
1731881039508 1.4678431749343872 0
1731881056108 1.457024097442627 0
1731881072816 1.4948397874832153 0
1731881089381 1.4920061826705933 0
1731881106043 1.4903063774108887 0
1731881122629 1.4987387657165527 0
1731881139648 1.4703885316848755 0
1731881156283 1.4840950965881348 0
1731881172983 1.4661685228347778 0
1731881189568 1.4874975681304932 0
1731881206273 1.4682139158248901 0
1731881222843 1.4876307249069214 0
1731881239572 1.474758267402649 0
1731881256158 1.504074215888977 0
1731881272854 1.4520246982574463 0
1731881289425 1.4486225843429565 0
1731881306144 1.4657503366470337 0
1731881322734 1.4889904260635376 0
1731881339407 1.4525063037872314 0
1731881355987 1.4867029190063477 0
1731881372998 1.4927586317062378 0
1731881389567 1.4587805271148682 0
1731881406270 1.4651381969451904 0
1731881422885 1.466112494468689 0
1731881439576 1.4752326011657715 0
1731881456176 1.4696396589279175 0
1731881472880 1.5015966892242432 0
1731881489505 1.4574952125549316 0
1731881506175 1.4882155656814575 0
1731881522764 1.4938627481460571 0
1731881539461 1.4646583795547485 0
1731881556065 1.4599443674087524 0
1731881572778 1.454787254333496 0
1731881589361 1.4925925731658936 0
1731881606089 1.471156120300293 0
1731881622978 1.4958139657974243 0
1731881639721 1.4809396266937256 0
1731881656307 1.476332664489746 0
1731881673023 1.4994244575500488 0
1731881689608 1.472861886024475 0
1731881706318 1.4849299192428589 0
1731881723873 1.4866509437561035 0
1731881740572 1.4878429174423218 0
1731881757143 1.4736900329589844 0
1731881773850 1.4748362302780151 0
1731881790451 1.4864745140075684 0
1731881807153 1.473799467086792 0
1731881823750 1.47489333152771 0
1731881840422 1.484519124031067 0
1731881857022 1.4644547700881958 0
1731881874116 1.4647713899612427 0
1731881890737 1.475799322128296 0
1731881907460 1.4843674898147583 0
1731881924080 1.4608241319656372 0
1731881940797 1.4851045608520508 0
1731881957393 1.4882458448410034 0
1731881974117 1.4780669212341309 0
1731881990719 1.4785250425338745 0
1731882007433 1.4620559215545654 0
1731882024051 1.493703842163086 0
1731882040741 1.5016988515853882 0
1731882057366 1.496519684791565 0
1731882074077 1.4845101833343506 0
1731882090684 1.4839816093444824 0
1731882107365 1.4891749620437622 0
1731882124276 1.4599425792694092 0
1731882140981 1.4741624593734741 0
1731882157603 1.4971803426742554 0
1731882174289 1.4737941026687622 0
1731882190900 1.4734656810760498 0
1731882207586 1.4794529676437378 0
1731882224167 1.4964303970336914 0
1731882240873 1.4844166040420532 0
1731882257446 1.481784462928772 0
1731882274132 1.4764916896820068 0
1731882290701 1.524978756904602 0
1731882307387 1.4958949089050293 0
1731882323952 1.470808744430542 0
1731882340680 1.4783523082733154 0
1731882357261 1.4778863191604614 0
1731882374419 1.4854060411453247 0
1731882391023 1.4863309860229492 0
1731882407689 1.4692673683166504 0
1731882424271 1.4684462547302246 0
1731882440951 1.4700108766555786 0
1731882457593 1.4783921241760254 0
1731882474292 1.5044975280761719 0
1731882490862 1.4795303344726562 0
1731882507511 1.4802796840667725 0
1731882524075 1.4759989976882935 0
1731882540779 1.4793949127197266 0
1731882557366 1.4743674993515015 0
1731882574085 1.4812939167022705 0
1731882590655 1.4643536806106567 0
1731882607660 1.4827218055725098 0
1731882624244 1.4954472780227661 0
1731882640920 1.489096999168396 0
1731882657491 1.4542410373687744 0
1731882674164 1.4784047603607178 0
1731882690738 1.4737545251846313 0
1731882707421 1.4767186641693115 0
1731882723990 1.477915644645691 0
1731882740649 1.4814521074295044 0
1731882757210 1.481127142906189 0
1731882773906 1.473982334136963 0
1731882790443 1.4730989933013916 0
1731882807107 1.4808998107910156 0
1731882823664 1.4762157201766968 0
1731882840302 1.4787617921829224 0
1731882857241 1.4769723415374756 0
1731882873934 1.4719074964523315 0
1731882890481 1.4751888513565063 0
1731882907152 1.4804580211639404 0
1731882923744 1.479051947593689 0
1731882940453 1.4783209562301636 0
1731882957020 1.4689433574676514 0
1731882973714 1.4861938953399658 0
1731882990276 1.4615153074264526 0
1731883006942 1.4832350015640259 0
1731883023520 1.4766606092453003 0
1731883040223 1.4956278800964355 0
1731883056824 1.4777307510375977 0
1731883073483 1.4802879095077515 0
1731883090058 1.4615554809570312 0
1731883107031 1.483487606048584 0
1731883123616 1.4849333763122559 0
1731883140482 1.491836667060852 0
1731883157054 1.4810631275177002 0
1731883173745 1.488694667816162 0
1731883190299 1.480177879333496 0
1731883206967 1.4843599796295166 0
1731883223569 1.4880645275115967 0
1731883240233 1.4823156595230103 0
1731883256794 1.4745409488677979 0
1731883273493 1.4835600852966309 0
1731883290044 1.4737787246704102 0
1731883306724 1.4873390197753906 0
1731883323284 1.486540675163269 0
1731883339954 1.4715933799743652 0
1731883356842 1.4731378555297852 0
1731883373559 1.472055196762085 0
1731883390118 1.4893302917480469 0
1731883406806 1.4832309484481812 0
1731883423384 1.4771523475646973 0
1731883440025 1.480437994003296 0
1731883456590 1.4920530319213867 0
1731883473270 1.4782406091690063 0
1731883489850 1.4917387962341309 0
1731883506543 1.4866905212402344 0
1731883523125 1.483970284461975 0
1731883539815 1.480796217918396 0
1731883556348 1.470737338066101 0
1731883573009 1.4808377027511597 0
1731883589561 1.4796127080917358 0
