1731879798463 0.8469497561454773 0
1731879820878 0.8161144852638245 0
1731879842824 0.8343105316162109 0
1731879864782 0.8349303603172302 0
1731879886504 0.8276209235191345 0
1731879908437 0.8373934626579285 0
1731879930150 0.8500031232833862 0
1731879952038 0.8362759351730347 0
1731879973786 0.8397907614707947 0
1731879995650 0.8302375078201294 0
1731880017441 0.8446323275566101 0
1731880039315 0.8270383477210999 0
1731880061135 0.8395856618881226 0
1731880083050 0.8325551748275757 0
1731880104721 0.8285383582115173 0
1731880124072 0.8470398187637329 0
1731880143425 0.8450144529342651 0
1731880162761 0.838379979133606 0
1731880182078 0.8442020416259766 0
1731880201383 0.8440535664558411 0
1731880220677 0.8518959283828735 0
1731880240054 0.8404721617698669 0
1731880258458 0.8289257287979126 0
1731880276391 0.8362041711807251 0
1731880294460 0.8380862474441528 0
1731880312475 0.8447415232658386 0
1731880330491 0.8565333485603333 0
1731880348485 0.845099151134491 0
1731880366548 0.8411283493041992 0
1731880384571 0.8463882207870483 0
1731880401828 0.8472486138343811 0
1731880419098 0.844643235206604 0
1731880436348 0.8421662449836731 0
1731880453598 0.8367704749107361 0
1731880470821 0.8494996428489685 0
1731880488055 0.8532299995422363 0
1731880505325 0.8528173565864563 0
1731880522133 0.846543550491333 0
1731880538927 0.8346086740493774 0
1731880555576 0.8408780097961426 0
1731880572323 0.8483877182006836 0
1731880588927 0.8361185193061829 0
1731880605671 0.8439248204231262 0
1731880622272 0.8456079363822937 0
1731880639288 0.8469524383544922 0
1731880655894 0.8553985357284546 0
1731880672598 0.8425409197807312 0
1731880689216 0.8467906713485718 0
1731880705944 0.8486766219139099 0
1731880722590 0.8481163382530212 0
1731880739296 0.8463212847709656 0
1731880755932 0.8388986587524414 0
1731880772663 0.8473088145256042 0
1731880789255 0.8582074642181396 0
1731880806007 0.8467689752578735 0
1731880822606 0.8418077230453491 0
1731880839358 0.8464490175247192 0
1731880855970 0.8420435786247253 0
1731880872694 0.8496653437614441 0
1731880889624 0.8447134494781494 0
1731880906355 0.834549069404602 0
1731880922937 0.8497768044471741 0
1731880939673 0.8478360772132874 0
1731880956255 0.8389589190483093 0
1731880972961 0.8409865498542786 0
1731880989530 0.8504045009613037 0
1731881006237 0.8341414332389832 0
1731881022821 0.8462437987327576 0
1731881039508 0.8465482592582703 0
1731881056108 0.8482677936553955 0
1731881072816 0.8414990305900574 0
1731881089381 0.8436993956565857 0
1731881106043 0.8479860424995422 0
1731881122629 0.8446370959281921 0
1731881139648 0.8471379280090332 0
1731881156283 0.8409661650657654 0
1731881172983 0.8381551504135132 0
1731881189568 0.8461304903030396 0
1731881206273 0.8467753529548645 0
1731881222843 0.8491184115409851 0
1731881239572 0.8376418948173523 0
1731881256158 0.8389900326728821 0
1731881272854 0.8499638438224792 0
1731881289425 0.8432992100715637 0
1731881306144 0.8495727777481079 0
1731881322734 0.8383498191833496 0
1731881339407 0.8442197442054749 0
1731881355987 0.8421842455863953 0
1731881372998 0.847867488861084 0
1731881389567 0.8404030799865723 0
1731881406270 0.8376429677009583 0
1731881422885 0.8493648171424866 0
1731881439576 0.8379839658737183 0
1731881456176 0.8487330079078674 0
1731881472880 0.8460190296173096 0
1731881489505 0.8429710865020752 0
1731881506175 0.8409482836723328 0
1731881522764 0.8456860780715942 0
1731881539461 0.8421276211738586 0
1731881556065 0.8475940227508545 0
1731881572778 0.8400554656982422 0
1731881589361 0.8443602323532104 0
1731881606089 0.8418183922767639 0
1731881622978 0.8441702127456665 0
1731881639721 0.8457872271537781 0
1731881656307 0.8437198400497437 0
1731881673023 0.8486371636390686 0
1731881689608 0.8383810520172119 0
1731881706318 0.8491044044494629 0
1731881723873 0.8455666303634644 0
1731881740572 0.8427760601043701 0
1731881757143 0.8423639535903931 0
1731881773850 0.8457105755805969 0
1731881790451 0.8466849327087402 0
1731881807153 0.8471471071243286 0
1731881823750 0.8448089957237244 0
1731881840422 0.8483818173408508 0
1731881857022 0.8456445336341858 0
1731881874116 0.8418070077896118 0
1731881890737 0.8508206009864807 0
1731881907460 0.8440470099449158 0
1731881924080 0.8377470970153809 0
1731881940797 0.8459304571151733 0
1731881957393 0.8434373736381531 0
1731881974117 0.8523492813110352 0
1731881990719 0.8431983590126038 0
1731882007433 0.849589467048645 0
1731882024051 0.8498820066452026 0
1731882040741 0.8490579128265381 0
1731882057366 0.8482539057731628 0
1731882074077 0.8494052886962891 0
1731882090684 0.8424252271652222 0
1731882107365 0.8465583324432373 0
1731882124276 0.8401684761047363 0
1731882140981 0.845964252948761 0
1731882157603 0.8462833166122437 0
1731882174289 0.8492979407310486 0
1731882190900 0.8422342538833618 0
1731882207586 0.8496348857879639 0
1731882224167 0.8374910950660706 0
1731882240873 0.843207597732544 0
1731882257446 0.846001386642456 0
1731882274132 0.8476244807243347 0
1731882290701 0.8430544137954712 0
1731882307387 0.8410263061523438 0
1731882323952 0.8464112877845764 0
1731882340680 0.8426814675331116 0
1731882357261 0.8495275974273682 0
1731882374419 0.8460453748703003 0
1731882391023 0.8444764614105225 0
1731882407689 0.8453899025917053 0
1731882424271 0.8438289165496826 0
1731882440951 0.8483368158340454 0
1731882457593 0.8473345041275024 0
1731882474292 0.8458927869796753 0
1731882490862 0.8488048911094666 0
1731882507511 0.8413446545600891 0
1731882524075 0.8472945690155029 0
1731882540779 0.8438801765441895 0
1731882557366 0.8458818793296814 0
1731882574085 0.8454086780548096 0
1731882590655 0.8442798852920532 0
1731882607660 0.8502461314201355 0
1731882624244 0.8419263958930969 0
1731882640920 0.8479754328727722 0
1731882657491 0.8447197675704956 0
1731882674164 0.8484607934951782 0
1731882690738 0.8463441133499146 0
1731882707421 0.8428783416748047 0
1731882723990 0.8456700444221497 0
1731882740649 0.8451032042503357 0
1731882757210 0.8477602005004883 0
1731882773906 0.8400846719741821 0
1731882790443 0.8480278849601746 0
1731882807107 0.8428722023963928 0
1731882823664 0.8416646122932434 0
1731882840302 0.8470554351806641 0
1731882857241 0.846200168132782 0
1731882873934 0.848667323589325 0
1731882890481 0.8431008458137512 0
1731882907152 0.8444254994392395 0
1731882923744 0.8454924821853638 0
1731882940453 0.8487504720687866 0
1731882957020 0.8443781137466431 0
1731882973714 0.8457794189453125 0
1731882990276 0.8454315662384033 0
1731883006942 0.8499400019645691 0
1731883023520 0.8462818264961243 0
1731883040223 0.8459897637367249 0
1731883056824 0.8427192568778992 0
1731883073483 0.8451029658317566 0
1731883090058 0.8444353342056274 0
1731883107031 0.8449435234069824 0
1731883123616 0.8462677597999573 0
1731883140482 0.8440536260604858 0
1731883157054 0.8442875146865845 0
1731883173745 0.8437049984931946 0
1731883190299 0.8452054858207703 0
1731883206967 0.8465193510055542 0
1731883223569 0.8455864787101746 0
1731883240233 0.8463824987411499 0
1731883256794 0.8437568545341492 0
1731883273493 0.8449170589447021 0
1731883290044 0.8436998724937439 0
1731883306724 0.8480282425880432 0
1731883323284 0.8443387746810913 0
1731883339954 0.8416903018951416 0
1731883356842 0.8450818061828613 0
1731883373559 0.8446438312530518 0
1731883390118 0.8456221222877502 0
1731883406806 0.8469637632369995 0
1731883423384 0.8420825004577637 0
1731883440025 0.8448528051376343 0
1731883456590 0.8468437790870667 0
1731883473270 0.8437332510948181 0
1731883489850 0.846574604511261 0
1731883506543 0.845183253288269 0
1731883523125 0.8453739881515503 0
1731883539815 0.8459042906761169 0
1731883556348 0.8452630043029785 0
1731883573009 0.8430997729301453 0
1731883589561 0.8454035520553589 0
