1731879798463 0.1476052701473236 0
1731879820878 0.13575167953968048 0
1731879842824 0.12022818624973297 0
1731879864782 0.11038931459188461 0
1731879886504 0.10076083242893219 0
1731879908437 0.09384970366954803 0
1731879930150 0.08928397297859192 0
1731879952038 0.08498038351535797 0
1731879973786 0.08255146443843842 0
1731879995650 0.07906743139028549 0
1731880017441 0.07697367668151855 0
1731880039315 0.07318864017724991 0
1731880061135 0.07070183008909225 0
1731880083050 0.06975974142551422 0
1731880104721 0.06547854095697403 0
1731880124072 0.06681431829929352 0
1731880143425 0.06326448917388916 0
1731880162761 0.06385182589292526 0
1731880182078 0.059864483773708344 0
1731880201383 0.05916012451052666 0
1731880220677 0.05768786743283272 0
1731880240054 0.05748838931322098 0
1731880258458 0.05580691993236542 0
1731880276391 0.05442157760262489 0
1731880294460 0.054721198976039886 0
1731880312475 0.052826493978500366 0
1731880330491 0.052590787410736084 0
1731880348485 0.05025292932987213 0
1731880366548 0.051938727498054504 0
1731880384571 0.052264124155044556 0
1731880401828 0.047736577689647675 0
1731880419098 0.04926071688532829 0
1731880436348 0.047312550246715546 0
1731880453598 0.046029433608055115 0
1731880470821 0.04597009718418121 0
1731880488055 0.04499860852956772 0
1731880505325 0.04509476199746132 0
1731880522133 0.043936293572187424 0
1731880538927 0.043266914784908295 0
1731880555576 0.04135504737496376 0
1731880572323 0.04301878809928894 0
1731880588927 0.04178422689437866 0
1731880605671 0.042527936398983 0
1731880622272 0.03977712616324425 0
1731880639288 0.0406520813703537 0
1731880655894 0.03935164585709572 0
1731880672598 0.038476161658763885 0
1731880689216 0.038964513689279556 0
1731880705944 0.038035325706005096 0
1731880722590 0.03648205101490021 0
1731880739296 0.036904770880937576 0
1731880755932 0.03545521944761276 0
1731880772663 0.036072298884391785 0
1731880789255 0.036951154470443726 0
1731880806007 0.03661143779754639 0
1731880822606 0.03513665124773979 0
1731880839358 0.034446317702531815 0
1731880855970 0.034223660826683044 0
1731880872694 0.034749940037727356 0
1731880889624 0.032711803913116455 0
1731880906355 0.032264210283756256 0
1731880922937 0.033238060772418976 0
1731880939673 0.033135149627923965 0
1731880956255 0.03302055597305298 0
1731880972961 0.03278087079524994 0
1731880989530 0.02983708307147026 0
1731881006237 0.030726872384548187 0
1731881022821 0.031781166791915894 0
1731881039508 0.02998638153076172 0
1731881056108 0.029675332829356194 0
1731881072816 0.030100340023636818 0
1731881089381 0.029518000781536102 0
1731881106043 0.030381029471755028 0
1731881122629 0.029598673805594444 0
1731881139648 0.029844187200069427 0
1731881156283 0.02886413037776947 0
1731881172983 0.028871625661849976 0
1731881189568 0.027508236467838287 0
1731881206273 0.027959484606981277 0
1731881222843 0.027865111827850342 0
1731881239572 0.02920941449701786 0
1731881256158 0.026606671512126923 0
1731881272854 0.025951262563467026 0
1731881289425 0.02801172435283661 0
1731881306144 0.02709796093404293 0
1731881322734 0.026325754821300507 0
1731881339407 0.02679300867021084 0
1731881355987 0.028076253831386566 0
1731881372998 0.025470465421676636 0
1731881389567 0.0254216231405735 0
1731881406270 0.02530355378985405 0
1731881422885 0.024477394297719002 0
1731881439576 0.02556273341178894 0
1731881456176 0.025193404406309128 0
1731881472880 0.025819038972258568 0
1731881489505 0.02551276981830597 0
1731881506175 0.024577172473073006 0
1731881522764 0.02477274090051651 0
1731881539461 0.02489454299211502 0
1731881556065 0.02414289116859436 0
1731881572778 0.023438511416316032 0
1731881589361 0.024579521268606186 0
1731881606089 0.0241624154150486 0
1731881622978 0.02318122610449791 0
1731881639721 0.023940948769450188 0
1731881656307 0.023025590926408768 0
1731881673023 0.02252049371600151 0
1731881689608 0.022855980321764946 0
1731881706318 0.022351887077093124 0
1731881723873 0.02308192104101181 0
1731881740572 0.023800641298294067 0
1731881757143 0.023359373211860657 0
1731881773850 0.022099506109952927 0
1731881790451 0.022033531218767166 0
1731881807153 0.021664617583155632 0
1731881823750 0.022295787930488586 0
1731881840422 0.02107037790119648 0
1731881857022 0.02147020772099495 0
1731881874116 0.022552888840436935 0
1731881890737 0.02237086370587349 0
1731881907460 0.022148340940475464 0
1731881924080 0.021121229976415634 0
1731881940797 0.021841395646333694 0
1731881957393 0.021552227437496185 0
1731881974117 0.021139811724424362 0
1731881990719 0.020333306863904 0
1731882007433 0.020448289811611176 0
1731882024051 0.020335543900728226 0
1731882040741 0.020952824503183365 0
1731882057366 0.020209822803735733 0
1731882074077 0.021230703219771385 0
1731882090684 0.021433556452393532 0
1731882107365 0.020446468144655228 0
1731882124276 0.019982382655143738 0
1731882140981 0.020077776163816452 0
1731882157603 0.020912721753120422 0
1731882174289 0.019530856981873512 0
1731882190900 0.01887425035238266 0
1731882207586 0.019310880452394485 0
1731882224167 0.019140731543302536 0
1731882240873 0.0186002254486084 0
1731882257446 0.019882071763277054 0
1731882274132 0.019870538264513016 0
1731882290701 0.018860768526792526 0
1731882307387 0.018592245876789093 0
1731882323952 0.0188423004001379 0
1731882340680 0.018807269632816315 0
1731882357261 0.019602809101343155 0
1731882374419 0.019008271396160126 0
1731882391023 0.0182118508964777 0
1731882407689 0.01765117421746254 0
1731882424271 0.01797226443886757 0
1731882440951 0.018773963674902916 0
1731882457593 0.01870853453874588 0
1731882474292 0.018207870423793793 0
1731882490862 0.018225472420454025 0
1731882507511 0.0175178125500679 0
1731882524075 0.0180441215634346 0
1731882540779 0.01772782765328884 0
1731882557366 0.01871144026517868 0
1731882574085 0.017694029957056046 0
1731882590655 0.017368875443935394 0
1731882607660 0.018815811723470688 0
1731882624244 0.017397472634911537 0
1731882640920 0.01815328374505043 0
1731882657491 0.016875039786100388 0
1731882674164 0.01812693476676941 0
1731882690738 0.017354313284158707 0
1731882707421 0.017459657043218613 0
1731882723990 0.01689125783741474 0
1731882740649 0.017094288021326065 0
1731882757210 0.016871903091669083 0
1731882773906 0.017029553651809692 0
1731882790443 0.01720605045557022 0
1731882807107 0.017590723931789398 0
1731882823664 0.016452336683869362 0
1731882840302 0.017085254192352295 0
1731882857241 0.01665244996547699 0
1731882873934 0.016596056520938873 0
1731882890481 0.016079183667898178 0
1731882907152 0.01637917570769787 0
1731882923744 0.016312014311552048 0
1731882940453 0.016674714162945747 0
1731882957020 0.01591257005929947 0
1731882973714 0.0165841244161129 0
1731882990276 0.01597783714532852 0
1731883006942 0.014643571339547634 0
1731883023520 0.015950914472341537 0
1731883040223 0.016265973448753357 0
1731883056824 0.015693750232458115 0
1731883073483 0.016007935628294945 0
1731883090058 0.015844417735934258 0
1731883107031 0.016335858032107353 0
1731883123616 0.015464109368622303 0
1731883140482 0.015507498756051064 0
1731883157054 0.016892194747924805 0
1731883173745 0.015588585287332535 0
1731883190299 0.015315776690840721 0
1731883206967 0.015710942447185516 0
1731883223569 0.015378397889435291 0
1731883240233 0.015542158856987953 0
1731883256794 0.015774961560964584 0
1731883273493 0.016179686412215233 0
1731883290044 0.01454799622297287 0
1731883306724 0.015616731718182564 0
1731883323284 0.01563240960240364 0
1731883339954 0.01608070358633995 0
1731883356842 0.014482760801911354 0
1731883373559 0.015590528026223183 0
1731883390118 0.014695696532726288 0
1731883406806 0.014777923002839088 0
1731883423384 0.015275126323103905 0
1731883440025 0.01504935696721077 0
1731883456590 0.014320692978799343 0
1731883473270 0.014925362542271614 0
1731883489850 0.01419169083237648 0
1731883506543 0.01457224227488041 0
1731883523125 0.014876923523843288 0
1731883539815 0.014555992558598518 0
1731883556348 0.013880360871553421 0
1731883573009 0.014084383845329285 0
1731883589561 0.014011798426508904 0
