1731879798467 0.000295210542390123 0
1731879820883 0.0002715033770073205 0
1731879842828 0.0002404563856543973 0
1731879864785 0.0002207786455983296 0
1731879886507 0.00020152167417109013 0
1731879908440 0.00018769942107610404 0
1731879930152 0.00017856794875115156 0
1731879952041 0.00016996078193187714 0
1731879973789 0.00016510293062310666 0
1731879995652 0.00015813487698324025 0
1731880017443 0.0001539473596494645 0
1731880039319 0.00014637729327660054 0
1731880061138 0.00014140366693027318 0
1731880083052 0.00013951948494650424 0
1731880104724 0.0001309570943703875 0
1731880124075 0.00013362863683141768 0
1731880143427 0.00012652899022214115 0
1731880162764 0.0001277036644751206 0
1731880182081 0.0001197289748233743 0
1731880201386 0.0001183202548418194 0
1731880220679 0.0001153757402789779 0
1731880240057 0.000114976784971077 0
1731880258461 0.00011161384463775903 0
1731880276393 0.00010884315997827798 0
1731880294463 0.00010944240057142451 0
1731880312478 0.00010565299453446642 0
1731880330493 0.00010518157796468586 0
1731880348488 0.00010050586570287123 0
1731880366551 0.00010387745714979246 0
1731880384574 0.0001045282551785931 0
1731880401830 9.54731585807167e-05 0
1731880419101 9.852143557509407e-05 0
1731880436350 9.462510206503794e-05 0
1731880453601 9.205887181451544e-05 0
1731880470824 9.194020094582811e-05 0
1731880488057 8.999722194857895e-05 0
1731880505327 9.018952550832182e-05 0
1731880522136 8.78725913935341e-05 0
1731880538930 8.653383702039719e-05 0
1731880555578 8.271009573945776e-05 0
1731880572325 8.60375803313218e-05 0
1731880588930 8.35684550111182e-05 0
1731880605673 8.505587902618572e-05 0
1731880622274 7.955425826366991e-05 0
1731880639291 8.130416972562671e-05 0
1731880655896 7.870329864090309e-05 0
1731880672600 7.695232488913462e-05 0
1731880689219 7.792902761138976e-05 0
1731880705946 7.607065344927832e-05 0
1731880722592 7.296410331036896e-05 0
1731880739299 7.380954775726423e-05 0
1731880755934 7.091044244589284e-05 0
1731880772665 7.214459765236825e-05 0
1731880789257 7.390230894088745e-05 0
1731880806010 7.3222880018875e-05 0
1731880822609 7.027330866549164e-05 0
1731880839360 6.889263750053942e-05 0
1731880855973 6.844732706667855e-05 0
1731880872696 6.949988164706156e-05 0
1731880889626 6.542361370520666e-05 0
1731880906358 6.452842353610322e-05 0
1731880922939 6.647612462984398e-05 0
1731880939675 6.627030234085396e-05 0
1731880956257 6.60411169519648e-05 0
1731880972963 6.556174776051193e-05 0
1731880989532 5.9674170188372955e-05 0
1731881006239 6.145374936750159e-05 0
1731881022824 6.356233643600717e-05 0
1731881039510 5.997276457492262e-05 0
1731881056110 5.935067019890994e-05 0
1731881072819 6.020068394718692e-05 0
1731881089383 5.903600322199054e-05 0
1731881106045 6.076206045690924e-05 0
1731881122631 5.9197351220063865e-05 0
1731881139651 5.968837649561465e-05 0
1731881156285 5.772826261818409e-05 0
1731881172985 5.7743254728848115e-05 0
1731881189570 5.5016476835589856e-05 0
1731881206276 5.591897206613794e-05 0
1731881222845 5.573022644966841e-05 0
1731881239575 5.841883103130385e-05 0
1731881256161 5.321334538166411e-05 0
1731881272856 5.190252704778686e-05 0
1731881289428 5.6023451179498807e-05 0
1731881306147 5.4195923439692706e-05 0
1731881322736 5.2651510486612096e-05 0
1731881339409 5.358601993066259e-05 0
1731881355989 5.615251211565919e-05 0
1731881373001 5.094093285151757e-05 0
1731881389570 5.0843249482568353e-05 0
1731881406273 5.060710827820003e-05 0
1731881422888 4.8954789235722274e-05 0
1731881439578 5.11254693265073e-05 0
1731881456178 5.038681047153659e-05 0
1731881472882 5.163807873032056e-05 0
1731881489507 5.1025541324634105e-05 0
1731881506178 4.915434692520648e-05 0
1731881522766 4.954548421665095e-05 0
1731881539464 4.9789086915552616e-05 0
1731881556067 4.828578312299214e-05 0
1731881572780 4.6877026761649176e-05 0
1731881589364 4.915904355584644e-05 0
1731881606091 4.8324833187507465e-05 0
1731881622980 4.636245284928009e-05 0
1731881639724 4.788189835380763e-05 0
1731881656310 4.6051183744566515e-05 0
1731881673025 4.504098978941329e-05 0
1731881689611 4.5711964048678055e-05 0
1731881707274 4.4703774619847536e-05 0
1731881723875 4.616384467226453e-05 0
1731881740574 4.7601286496501416e-05 0
1731881757146 4.671874921768904e-05 0
1731881773852 4.419901597429998e-05 0
1731881790454 4.406706284498796e-05 0
1731881807157 4.3329237087164074e-05 0
1731881823752 4.459157935343683e-05 0
1731881840424 4.2140756704611704e-05 0
1731881857024 4.2940417188219726e-05 0
1731881874119 4.5105778553988785e-05 0
1731881890740 4.4741729652741924e-05 0
1731881907462 4.4296684791333973e-05 0
1731881924082 4.224246367812157e-05 0
1731881940799 4.368279405753128e-05 0
1731881957395 4.31044572906103e-05 0
1731881974120 4.227962563163601e-05 0
1731881990722 4.066661495016888e-05 0
1731882007435 4.0896582504501566e-05 0
1731882024053 4.06710896641016e-05 0
1731882040743 4.19056523242034e-05 0
1731882057368 4.041964712087065e-05 0
1731882074079 4.246140815666877e-05 0
1731882090687 4.2867115553235635e-05 0
1731882107367 4.089293724973686e-05 0
1731882124278 3.996476880274713e-05 0
1731882140984 4.015555532532744e-05 0
1731882157606 4.182544580544345e-05 0
1731882174291 3.906171696144156e-05 0
1731882190902 3.774850119953044e-05 0
1731882207588 3.862176163238473e-05 0
1731882224169 3.8281465094769374e-05 0
1731882240875 3.72004542441573e-05 0
1731882257449 3.9764145185472444e-05 0
1731882274135 3.9741076761856675e-05 0
1731882290703 3.772154013859108e-05 0
1731882307390 3.718449443113059e-05 0
1731882323954 3.768460373976268e-05 0
1731882340682 3.76145399059169e-05 0
1731882357264 3.920562085113488e-05 0
1731882374422 3.801654384005815e-05 0
1731882391026 3.6423702113097534e-05 0
1731882407691 3.530234971549362e-05 0
1731882424273 3.5944529372500256e-05 0
1731882440953 3.754792851395905e-05 0
1731882457595 3.741707041626796e-05 0
1731882474295 3.641574221546762e-05 0
1731882490864 3.6450946936383843e-05 0
1731882507513 3.5035627661272883e-05 0
1731882524078 3.608824408729561e-05 0
1731882540781 3.545565778040327e-05 0
1731882557368 3.7422883906401694e-05 0
1731882574087 3.53880604961887e-05 0
1731882590658 3.473775359452702e-05 0
1731882607662 3.7631623854395e-05 0
1731882624246 3.479494625935331e-05 0
1731882640922 3.63065701094456e-05 0
1731882657493 3.37500823661685e-05 0
1731882674166 3.625387034844607e-05 0
1731882690740 3.4708627936197445e-05 0
1731882707423 3.491931420285255e-05 0
1731882723992 3.378251858521253e-05 0
1731882740651 3.4188578865723684e-05 0
1731882757212 3.3743806852726266e-05 0
1731882773908 3.4059110475936905e-05 0
1731882790445 3.4412103559589013e-05 0
1731882807109 3.518144876579754e-05 0
1731882823666 3.29046742990613e-05 0
1731882840304 3.417050902498886e-05 0
1731882857243 3.3304902899544686e-05 0
1731882873936 3.319211464258842e-05 0
1731882890483 3.215836841263808e-05 0
1731882907154 3.275835115346126e-05 0
1731882923746 3.262402969994582e-05 0
1731882940456 3.334942812216468e-05 0
1731882957022 3.1825140467844903e-05 0
1731882973716 3.31682495016139e-05 0
1731882990279 3.195567478542216e-05 0
1731883006944 2.9287144570844248e-05 0
1731883023522 3.19018290610984e-05 0
1731883040226 3.2531948818359524e-05 0
1731883056827 3.138750253128819e-05 0
1731883073485 3.201587242074311e-05 0
1731883090060 3.16888363158796e-05 0
1731883107033 3.267171632614918e-05 0
1731883123619 3.0928218620829284e-05 0
1731883140484 3.101499896729365e-05 0
1731883157056 3.378439214429818e-05 0
1731883173747 3.1177172786556184e-05 0
1731883190302 3.063155600102618e-05 0
1731883206969 3.1421885068994015e-05 0
1731883223571 3.075679705943912e-05 0
1731883240235 3.108432065346278e-05 0
1731883256796 3.154992373310961e-05 0
1731883273495 3.2359374017687514e-05 0
1731883290047 2.9095994250383228e-05 0
1731883306726 3.1233463232638314e-05 0
1731883323286 3.126481897197664e-05 0
1731883339956 3.216140976292081e-05 0
1731883356844 2.8965523597435094e-05 0
1731883373561 3.118105814792216e-05 0
1731883390120 2.9391394491540268e-05 0
1731883406808 2.9555847504525445e-05 0
1731883423386 3.05502544506453e-05 0
1731883440028 3.009871579706669e-05 0
1731883456592 2.8641386961680837e-05 0
1731883473273 2.9850725695723668e-05 0
1731883489852 2.8383383323671296e-05 0
1731883506545 2.9144486688892357e-05 0
1731883523127 2.975384813908022e-05 0
1731883539818 2.9111986805219203e-05 0
1731883556350 2.776072324195411e-05 0
1731883573012 2.816876985889394e-05 0
1731883589563 2.8023598133586347e-05 0
