1731879798467 0.0020553357899188995 0
1731879820883 0.0016542322700843215 0
1731879842828 0.0012784540886059403 0
1731879864785 0.0013211665209382772 0
1731879886507 0.0012891999213024974 0
1731879908440 0.0012356761144474149 0
1731879930152 0.001179056242108345 0
1731879952041 0.0012207997497171164 0
1731879973789 0.0012117038713768125 0
1731879995652 0.0012355040526017547 0
1731880017443 0.0012965677306056023 0
1731880039319 0.001128945965319872 0
1731880061138 0.0010817733127623796 0
1731880083052 0.001076909014955163 0
1731880104724 0.001070947851985693 0
1731880124075 0.0011079104151576757 0
1731880143427 0.001149524818174541 0
1731880162764 0.0011357060866430402 0
1731880182081 0.0011113097425550222 0
1731880201386 0.0011545848101377487 0
1731880220679 0.0011524162255227566 0
1731880240057 0.001063843839801848 0
1731880258461 0.0010593649931252003 0
1731880276393 0.00111686484888196 0
1731880294463 0.0011189193464815617 0
1731880312478 0.0010787306819111109 0
1731880330493 0.0011758647160604596 0
1731880348488 0.001061448361724615 0
1731880366551 0.0011345221428200603 0
1731880384574 0.0010393037227913737 0
1731880401830 0.001043924130499363 0
1731880419101 0.0010760622099041939 0
1731880436350 0.0010956386104226112 0
1731880453601 0.001059655100107193 0
1731880470824 0.0011466455180197954 0
1731880488057 0.0010841602925211191 0
1731880505327 0.001173566561192274 0
1731880522136 0.0011510513722896576 0
1731880538930 0.0011612214148044586 0
1731880555578 0.0011611597146838903 0
1731880572325 0.0011548693291842937 0
1731880588930 0.0011673076078295708 0
1731880605673 0.0010941452346742153 0
1731880622274 0.0011654146946966648 0
1731880639291 0.0011607564520090818 0
1731880655896 0.0011055557988584042 0
1731880672600 0.001137508894316852 0
1731880689219 0.0011495917569845915 0
1731880705946 0.0011149179190397263 0
1731880722592 0.001235766801983118 0
1731880739299 0.001200748491100967 0
1731880755934 0.0011376594193279743 0
1731880772665 0.0011448693694546819 0
1731880789257 0.0011586446780711412 0
1731880806010 0.0011706964578479528 0
1731880822609 0.0010888355318456888 0
1731880839360 0.0011811142321676016 0
1731880855973 0.001184329274110496 0
1731880872696 0.0011629799846559763 0
1731880889626 0.0011714206775650382 0
1731880906358 0.0011577385012060404 0
1731880922939 0.0010887619573622942 0
1731880939675 0.0011339897755533457 0
1731880956257 0.001182885025627911 0
1731880972963 0.0011426170822232962 0
1731880989532 0.0012034501414746046 0
1731881006239 0.001175756799057126 0
1731881022824 0.001183756161481142 0
1731881039510 0.0011567841283977032 0
1731881056110 0.0012489407090470195 0
1731881072819 0.001195030054077506 0
1731881089383 0.0011543649015948176 0
1731881106045 0.0012130655813962221 0
1731881122631 0.0011897539952769876 0
1731881139651 0.0011622392339631915 0
1731881156285 0.001234671100974083 0
1731881172985 0.0012358548119664192 0
1731881189570 0.0012061713496223092 0
1731881206276 0.0012237385381013155 0
1731881222845 0.0010860274778679013 0
1731881239575 0.001203477499075234 0
1731881256161 0.0013214640785008669 0
1731881272856 0.0012211251305416226 0
1731881289428 0.0012631135759875178 0
1731881306147 0.001210242509841919 0
1731881322736 0.0012157835299149156 0
1731881339409 0.001174584380351007 0
1731881355989 0.001127035589888692 0
1731881373001 0.001249863998964429 0
1731881389570 0.0011257464066147804 0
1731881406273 0.001192820374853909 0
1731881422888 0.0012500537559390068 0
1731881439578 0.0013771650847047567 0
1731881456178 0.0012039280263707042 0
1731881472882 0.0011802272638306022 0
1731881489507 0.0012153370771557093 0
1731881506178 0.0011980056297034025 0
1731881522766 0.0011807741830125451 0
1731881539464 0.0011827191337943077 0
1731881556067 0.0012443504529073834 0
1731881572780 0.0012686445843428373 0
1731881589364 0.0012501373421400785 0
1731881606091 0.0012006948236376047 0
1731881622980 0.0013183815171942115 0
1731881639724 0.0012245357502251863 0
1731881656310 0.0011716487351804972 0
1731881673025 0.0012536610011011362 0
1731881689611 0.001255396637134254 0
1731881707274 0.0012532208347693086 0
1731881723875 0.001180142629891634 0
1731881740574 0.0012126383371651173 0
1731881757146 0.00132085382938385 0
1731881773852 0.0012721273815259337 0
1731881790454 0.001280285301618278 0
1731881807157 0.0012099344749003649 0
1731881823752 0.001195423654280603 0
1731881840424 0.001273391768336296 0
1731881857024 0.0011751276906579733 0
1731881874119 0.0012256298214197159 0
1731881890740 0.0012183551443740726 0
1731881907462 0.0012431645300239325 0
1731881924082 0.0012672008015215397 0
1731881940799 0.001240164041519165 0
1731881957395 0.001232026843354106 0
1731881974120 0.0011977594112977386 0
1731881990722 0.0012379569234326482 0
1731882007435 0.0012741242535412312 0
1731882024053 0.0011898204684257507 0
1731882040743 0.0011798252817243338 0
1731882057368 0.0012221329379826784 0
1731882074079 0.0013001784682273865 0
1731882090687 0.0012787473388016224 0
1731882107367 0.001233239658176899 0
1731882124278 0.0012591249542310834 0
1731882140984 0.0012436301913112402 0
1731882157606 0.0012840970885008574 0
1731882174291 0.0012894182000309229 0
1731882190902 0.0013521125074476004 0
1731882207588 0.0012578972382470965 0
1731882224169 0.0012778397649526596 0
1731882240875 0.0012856221292167902 0
1731882257449 0.0012935064733028412 0
1731882274135 0.0013165476266294718 0
1731882290703 0.001217490527778864 0
1731882307390 0.0012647034600377083 0
1731882323954 0.0012531678657978773 0
1731882340682 0.0012082185130566359 0
1731882357264 0.0011559734120965004 0
1731882374422 0.0012447979534044862 0
1731882391026 0.0012627835385501385 0
1731882407691 0.0012562319170683622 0
1731882424273 0.0012192546855658293 0
1731882440953 0.0013245709706097841 0
1731882457595 0.0013412712141871452 0
1731882474295 0.0012559883762151003 0
1731882490864 0.0012205820530653 0
1731882507513 0.0012061323504894972 0
1731882524078 0.0013761965092271566 0
1731882540781 0.0012444949243217707 0
1731882557368 0.001377992331981659 0
1731882574087 0.0012484283652156591 0
1731882590658 0.0013061155332252383 0
1731882607662 0.0012402543798089027 0
1731882624246 0.0013498442713171244 0
1731882640922 0.0013360594166442752 0
1731882657493 0.0012410646304488182 0
1731882674166 0.0012674694880843163 0
1731882690740 0.0012818388640880585 0
1731882707423 0.0013242388376966119 0
1731882723992 0.0013141775270923972 0
1731882740651 0.0012370988260954618 0
1731882757212 0.00124649447388947 0
1731882773908 0.001230904832482338 0
1731882790445 0.0012230717111378908 0
1731882807109 0.0013423571363091469 0
1731882823666 0.0013297339901328087 0
1731882840304 0.0013346427585929632 0
1731882857243 0.001389931421726942 0
1731882873936 0.001243047066964209 0
1731882890483 0.0012458544224500656 0
1731882907154 0.0013279959093779325 0
1731882923746 0.0013345414772629738 0
1731882940456 0.0013538793427869678 0
1731882957022 0.0012835476081818342 0
1731882973716 0.001314437948167324 0
1731882990279 0.0012792125344276428 0
1731883006944 0.001312643988057971 0
1731883023522 0.001314148074015975 0
1731883040226 0.0012855196837335825 0
1731883056827 0.0012200011406093836 0
1731883073485 0.0013108865823596716 0
1731883090060 0.0013268315233290195 0
1731883107033 0.0012365655275061727 0
1731883123619 0.001284391968511045 0
1731883140484 0.0012919347500428557 0
1731883157056 0.0013353718677535653 0
1731883173747 0.001301280688494444 0
1731883190302 0.0013773251557722688 0
1731883206969 0.0013037368189543486 0
1731883223571 0.0012863839510828257 0
1731883240235 0.0013633976923301816 0
1731883256796 0.0012483969330787659 0
1731883273495 0.001300485571846366 0
1731883290047 0.0012339979875832796 0
1731883306726 0.0012871299404650927 0
1731883323286 0.0013785265618935227 0
1731883339956 0.0013252784265205264 0
1731883356844 0.0012314596679061651 0
1731883373561 0.0012769250897690654 0
1731883390120 0.0013240805128589272 0
1731883406808 0.0012849161867052317 0
1731883423386 0.0013086614198982716 0
1731883440028 0.0013309968635439873 0
1731883456592 0.0013035307638347149 0
1731883473273 0.001311896718107164 0
1731883489852 0.0012961763422936201 0
1731883506545 0.0013517362531274557 0
1731883523127 0.0013128422433510423 0
1731883539818 0.0012880258727818727 0
1731883556350 0.0013096635229885578 0
1731883573012 0.001348584541119635 0
1731883589563 0.0013337892014533281 0
