1731879798463 20.836721420288086 0
1731879820878 22.046171188354492 0
1731879842824 23.644418716430664 0
1731879864782 24.639785766601562 0
1731879886504 24.617435455322266 0
1731879908437 24.7459716796875 0
1731879930150 24.800172805786133 0
1731879952038 25.785181045532227 0
1731879973786 24.978622436523438 0
1731879995650 25.759401321411133 0
1731880017441 25.263214111328125 0
1731880039315 26.250625610351562 0
1731880061135 26.62261390686035 0
1731880083050 25.536718368530273 0
1731880104721 25.93677520751953 0
1731880124072 26.29063606262207 0
1731880143425 26.6334228515625 0
1731880162761 26.6329288482666 0
1731880182078 26.8446102142334 0
1731880201383 26.741554260253906 0
1731880220677 27.757190704345703 0
1731880240054 27.392391204833984 0
1731880258458 27.16486930847168 0
1731880276391 27.59878158569336 0
1731880294460 27.080589294433594 0
1731880312475 26.577978134155273 0
1731880330491 27.05898094177246 0
1731880348485 26.83411407470703 0
1731880366548 26.963144302368164 0
1731880384571 27.368684768676758 0
1731880401828 28.283039093017578 0
1731880419098 27.720230102539062 0
1731880436348 27.60717010498047 0
1731880453598 27.90953826904297 0
1731880470821 27.59812355041504 0
1731880488055 27.469552993774414 0
1731880505325 27.47525978088379 0
1731880522133 28.35581398010254 0
1731880538927 27.24652099609375 0
1731880555576 27.957538604736328 0
1731880572323 27.7034854888916 0
1731880588927 28.358308792114258 0
1731880605671 29.262989044189453 0
1731880622272 28.204986572265625 0
1731880639288 28.97438621520996 0
1731880655894 28.5029239654541 0
1731880672598 28.880443572998047 0
1731880689216 28.012704849243164 0
1731880705944 28.20470428466797 0
1731880722590 29.225831985473633 0
1731880739296 28.384296417236328 0
1731880755932 28.515748977661133 0
1731880772663 28.63283920288086 0
1731880789255 28.915773391723633 0
1731880806007 29.255189895629883 0
1731880822606 29.498615264892578 0
1731880839358 28.532255172729492 0
1731880855970 29.470726013183594 0
1731880872694 27.807462692260742 0
1731880889624 29.033740997314453 0
1731880906355 29.224409103393555 0
1731880922937 29.08086585998535 0
1731880939673 28.423460006713867 0
1731880956255 29.590593338012695 0
1731880972961 28.639976501464844 0
1731880989530 27.581531524658203 0
1731881006237 29.01232147216797 0
1731881022821 29.737083435058594 0
1731881039508 29.82339859008789 0
1731881056108 30.049175262451172 0
1731881072816 29.750402450561523 0
1731881089381 28.92295265197754 0
1731881106043 29.703824996948242 0
1731881122629 29.768028259277344 0
1731881139648 29.47279167175293 0
1731881156283 29.729753494262695 0
1731881172983 28.424341201782227 0
1731881189568 30.220802307128906 0
1731881206273 29.58161735534668 0
1731881222843 29.708757400512695 0
1731881239572 29.398998260498047 0
1731881256158 30.2492618560791 0
1731881272854 30.377025604248047 0
1731881289425 29.74810791015625 0
1731881306144 30.131465911865234 0
1731881322734 30.546300888061523 0
1731881339407 29.883508682250977 0
1731881355987 29.280719757080078 0
1731881372998 29.86705780029297 0
1731881389567 31.08850860595703 0
1731881406270 30.409624099731445 0
1731881422885 31.135141372680664 0
1731881439576 30.403308868408203 0
1731881456176 29.876937866210938 0
1731881472880 31.324203491210938 0
1731881489505 29.248027801513672 0
1731881506175 31.130428314208984 0
1731881522764 29.70000648498535 0
1731881539461 30.273113250732422 0
1731881556065 30.639537811279297 0
1731881572778 30.200971603393555 0
1731881589361 30.73956298828125 0
1731881606089 29.35987091064453 0
1731881622978 30.711957931518555 0
1731881639721 30.176820755004883 0
1731881656307 31.421123504638672 0
1731881673023 29.462890625 0
1731881689608 31.89024543762207 0
1731881706318 32.032569885253906 0
1731881723873 30.994176864624023 0
1731881740572 31.19537353515625 0
1731881757143 31.61551284790039 0
1731881773850 30.873239517211914 0
1731881790451 30.352115631103516 0
1731881807153 30.596467971801758 0
1731881823750 31.679723739624023 0
1731881840422 31.062671661376953 0
1731881857022 31.2785587310791 0
1731881874116 31.717588424682617 0
1731881890737 31.24149513244629 0
1731881907460 30.531518936157227 0
1731881924080 30.834531784057617 0
1731881940797 31.193111419677734 0
1731881957393 29.581619262695312 0
1731881974117 31.17060661315918 0
1731881990719 30.75516128540039 0
1731882007433 30.981433868408203 0
1731882024051 32.42222595214844 0
1731882040741 31.64332389831543 0
1731882057366 31.9262752532959 0
1731882074077 31.748374938964844 0
1731882090684 31.98829460144043 0
1731882107365 31.50785255432129 0
1731882124276 31.61753273010254 0
1731882140981 32.742549896240234 0
1731882157603 32.90361022949219 0
1731882174289 31.664640426635742 0
1731882190900 32.32570266723633 0
1731882207586 32.84217071533203 0
1731882224167 32.160091400146484 0
1731882240873 32.58390808105469 0
1731882257446 30.749814987182617 0
1731882274132 31.65711784362793 0
1731882290701 32.03273010253906 0
1731882307387 32.1670036315918 0
1731882323952 31.55752182006836 0
1731882340680 32.50602340698242 0
1731882357261 33.20866012573242 0
1731882374419 33.865325927734375 0
1731882391023 32.62754440307617 0
1731882407689 32.68760681152344 0
1731882424271 33.04934310913086 0
1731882440951 33.25822830200195 0
1731882457593 32.589202880859375 0
1731882474292 32.227928161621094 0
1731882490862 33.06843185424805 0
1731882507511 32.37321472167969 0
1731882524075 32.78068161010742 0
1731882540779 32.795814514160156 0
1731882557366 32.645687103271484 0
1731882574085 33.41082763671875 0
1731882590655 32.19926452636719 0
1731882607660 31.878803253173828 0
1731882624244 33.613136291503906 0
1731882640920 32.1800651550293 0
1731882657491 32.42194366455078 0
1731882674164 33.56768035888672 0
1731882690738 33.66262435913086 0
1731882707421 32.63718032836914 0
1731882723990 33.14558410644531 0
1731882740649 32.97785186767578 0
1731882757210 32.819801330566406 0
1731882773906 33.103057861328125 0
1731882790443 33.33156204223633 0
1731882807107 33.609683990478516 0
1731882823664 32.99967575073242 0
1731882840302 32.743263244628906 0
1731882857241 33.31153106689453 0
1731882873934 34.05642318725586 0
1731882890481 33.81578826904297 0
1731882907152 33.62547302246094 0
1731882923744 33.8873405456543 0
1731882940453 33.566707611083984 0
1731882957020 33.70541000366211 0
1731882973714 33.36421203613281 0
1731882990276 33.821868896484375 0
1731883006942 33.93405532836914 0
1731883023520 34.15254211425781 0
1731883040223 34.58926773071289 0
1731883056824 34.21657180786133 0
1731883073483 33.70122146606445 0
1731883090058 34.32676696777344 0
1731883107031 33.33160400390625 0
1731883123616 33.317874908447266 0
1731883140482 33.438446044921875 0
1731883157054 34.38066101074219 0
1731883173745 33.943904876708984 0
1731883190299 33.61641311645508 0
1731883206967 34.823001861572266 0
1731883223569 34.230438232421875 0
1731883240233 34.35368347167969 0
1731883256794 34.2994384765625 0
1731883273493 34.222084045410156 0
1731883290044 35.11806869506836 0
1731883306724 34.146400451660156 0
1731883323284 34.067718505859375 0
1731883339954 34.74501419067383 0
1731883356842 35.27534103393555 0
1731883373559 34.86276626586914 0
1731883390118 34.624542236328125 0
1731883406806 34.519832611083984 0
1731883423384 34.22427749633789 0
1731883440025 34.6878547668457 0
1731883456590 35.56509780883789 0
1731883473270 34.11979675292969 0
1731883489850 34.89216995239258 0
1731883506543 34.38646697998047 0
1731883523125 35.12020492553711 0
1731883539815 33.838775634765625 0
1731883556348 35.74589538574219 0
1731883573009 34.43571853637695 0
1731883589561 34.318519592285156 0
