1731879798467 0.0003567917156033218 0
1731879820883 0.00028499882319010794 0
1731879842828 0.00026508973678573966 0
1731879864785 0.0001914870663313195 0
1731879886507 0.000191135099157691 0
1731879908440 0.00017583418230060488 0
1731879930152 0.00017778773326426744 0
1731879952041 0.00017601036233827472 0
1731879973789 0.00012897908163722605 0
1731879995652 0.00016373820835724473 0
1731880017443 0.0001728517236188054 0
1731880039319 0.00011123860895168036 0
1731880061138 9.446986950933933e-05 0
1731880083052 0.0001069255595211871 0
1731880104724 0.00012151293049100786 0
1731880124075 9.247817797586322e-05 0
1731880143427 0.00011829934373963624 0
1731880162764 0.00014885191922076046 0
1731880182081 0.00011936234659515321 0
1731880201386 9.735481580719352e-05 0
1731880220679 7.516751065850258e-05 0
1731880240057 0.00012793872156180441 0
1731880258461 9.938036237144843e-05 0
1731880276393 7.612902845721692e-05 0
1731880294463 8.53332385304384e-05 0
1731880312478 7.161856046877801e-05 0
1731880330493 9.732501348480582e-05 0
1731880348488 9.737936488818377e-05 0
1731880366551 0.00010035018203780055 0
1731880384574 8.530761260772124e-05 0
1731880401830 6.171390850795433e-05 0
1731880419101 5.77366809011437e-05 0
1731880436350 5.959779809927568e-05 0
1731880453601 7.599848322570324e-05 0
1731880470824 6.814497464802116e-05 0
1731880488057 9.111196413869038e-05 0
1731880505327 6.678450154140592e-05 0
1731880522136 5.722497735405341e-05 0
1731880538930 7.26520229363814e-05 0
1731880555578 9.608086111256853e-05 0
1731880572325 7.242268475238234e-05 0
1731880588930 7.734158862149343e-05 0
1731880605673 5.01093891216442e-05 0
1731880622274 5.9318852436263114e-05 0
1731880639291 5.900247924728319e-05 0
1731880655896 7.188093150034547e-05 0
1731880672600 4.643683132599108e-05 0
1731880689219 5.0898299377877265e-05 0
1731880705946 7.377781730610877e-05 0
1731880722592 4.677059769164771e-05 0
1731880739299 5.410698940977454e-05 0
1731880755934 5.898217932553962e-05 0
1731880772665 5.1930717745563015e-05 0
1731880789257 8.328219701070338e-05 0
1731880806010 4.745127080241218e-05 0
1731880822609 5.077366586192511e-05 0
1731880839360 6.366349407471716e-05 0
1731880855973 5.452420373330824e-05 0
1731880872696 4.768978396896273e-05 0
1731880889626 4.759158764500171e-05 0
1731880906358 5.9837373555637896e-05 0
1731880922939 4.9093312554759905e-05 0
1731880939675 5.910230538574979e-05 0
1731880956257 6.512089021271095e-05 0
1731880972963 4.975718547939323e-05 0
1731880989532 4.795573477167636e-05 0
1731881006239 4.752750464831479e-05 0
1731881022824 4.518729474511929e-05 0
1731881039510 3.947400546167046e-05 0
1731881056110 4.648105823434889e-05 0
1731881072819 5.510813934961334e-05 0
1731881089383 4.2587002099025995e-05 0
1731881106045 3.846639083349146e-05 0
1731881122631 4.803804768016562e-05 0
1731881139651 4.541806993074715e-05 0
1731881156285 5.1202045142417774e-05 0
1731881172985 5.2513874834403396e-05 0
1731881189570 4.279948916519061e-05 0
1731881206276 5.0309557991568e-05 0
1731881222845 4.057789919897914e-05 0
1731881239575 4.988542787032202e-05 0
1731881256161 4.455523594515398e-05 0
1731881272856 5.0885602831840515e-05 0
1731881289428 3.6679448385257274e-05 0
1731881306147 5.2583149226848036e-05 0
1731881322736 3.357353853061795e-05 0
1731881339409 4.236348831909709e-05 0
1731881355989 5.726013841922395e-05 0
1731881373001 4.2576604755595326e-05 0
1731881389570 4.1704843170009553e-05 0
1731881406273 3.874786489177495e-05 0
1731881422888 3.095832289545797e-05 0
1731881439578 5.5838769185356796e-05 0
1731881456178 3.391360951354727e-05 0
1731881472882 3.101462425547652e-05 0
1731881489507 4.317639104556292e-05 0
1731881506178 3.538012606441043e-05 0
1731881522766 4.797290966962464e-05 0
1731881539464 3.27686284435913e-05 0
1731881556067 4.069808346685022e-05 0
1731881572780 3.617287802626379e-05 0
1731881589364 3.543296406860463e-05 0
1731881606091 4.183597047813237e-05 0
1731881622980 3.662712697405368e-05 0
1731881639724 4.033616278320551e-05 0
1731881656310 3.7588077248074114e-05 0
1731881673025 3.450381336733699e-05 0
1731881689611 4.3136071326443925e-05 0
1731881707274 3.656108310678974e-05 0
1731881723875 3.8179226976353675e-05 0
1731881740574 3.52093848050572e-05 0
1731881757146 2.6808107577380724e-05 0
1731881773852 3.4327717003179714e-05 0
1731881790454 3.011996523127891e-05 0
1731881807157 3.994445796706714e-05 0
1731881823752 3.372170976945199e-05 0
1731881840424 2.8080052288714796e-05 0
1731881857024 3.029648905794602e-05 0
1731881874119 3.1611321901436895e-05 0
1731881890740 2.8103855584049597e-05 0
1731881907462 3.832528454950079e-05 0
1731881924082 3.305644349893555e-05 0
1731881940799 3.490627568680793e-05 0
1731881957395 3.545371873769909e-05 0
1731881974120 4.989680019207299e-05 0
1731881990722 3.3334126783302054e-05 0
1731882007435 3.123694841633551e-05 0
1731882024053 3.0503479138133116e-05 0
1731882040743 3.136317172902636e-05 0
1731882057368 3.121785630355589e-05 0
1731882074079 2.558077721914742e-05 0
1731882090687 3.4775301173795015e-05 0
1731882107367 3.70361958630383e-05 0
1731882124278 3.128900789306499e-05 0
1731882140984 2.6616145987645723e-05 0
1731882157606 2.971606227220036e-05 0
1731882174291 3.259175718994811e-05 0
1731882190902 3.062799441977404e-05 0
1731882207588 2.6318746677134186e-05 0
1731882224169 3.456390186329372e-05 0
1731882240875 2.6504829293116927e-05 0
1731882257449 4.061110666953027e-05 0
1731882274135 3.239576835767366e-05 0
1731882290703 2.491042141627986e-05 0
1731882307390 2.2483576685772277e-05 0
1731882323954 2.9500690288841724e-05 0
1731882340682 2.272914571221918e-05 0
1731882357264 2.74396879831329e-05 0
1731882374422 2.9244980396470055e-05 0
1731882391026 2.6401379727758467e-05 0
1731882407691 2.7919701096834615e-05 0
1731882424273 2.7652587959892116e-05 0
1731882440953 1.972399331862107e-05 0
1731882457595 3.0270082788774744e-05 0
1731882474295 3.172466313117184e-05 0
1731882490864 3.6022735002916306e-05 0
1731882507513 2.300316555192694e-05 0
1731882524078 2.185182529501617e-05 0
1731882540781 2.7769969165092334e-05 0
1731882557368 2.5241537514375523e-05 0
1731882574087 2.246571602881886e-05 0
1731882590658 2.974171184177976e-05 0
1731882607662 2.8273814677959308e-05 0
1731882624246 2.443900848447811e-05 0
1731882640922 2.109129127347842e-05 0
1731882657493 3.6798919609282166e-05 0
1731882674166 2.974187555082608e-05 0
1731882690740 2.388234861427918e-05 0
1731882707423 2.188640610256698e-05 0
1731882723992 2.189325459767133e-05 0
1731882740651 2.2272637579590082e-05 0
1731882757212 2.1914875105721876e-05 0
1731882773908 2.291877353854943e-05 0
1731882790445 2.518622022762429e-05 0
1731882807109 2.849936754500959e-05 0
1731882823666 2.4426468371530063e-05 0
1731882840304 3.5034849133808166e-05 0
1731882857243 2.468856837367639e-05 0
1731882873936 2.169774415961001e-05 0
1731882890483 2.030960240517743e-05 0
1731882907154 2.5919282052200288e-05 0
1731882923746 2.9226801416371018e-05 0
1731882940456 2.4079723516479135e-05 0
1731882957022 2.4829540052451193e-05 0
1731882973716 2.122073419741355e-05 0
1731882990279 2.095411400659941e-05 0
1731883006944 1.6589252481935546e-05 0
1731883023522 2.113203299813904e-05 0
1731883040226 1.958451684913598e-05 0
1731883056827 2.1826208467246033e-05 0
1731883073485 2.829539153026417e-05 0
1731883090060 2.0124098227825016e-05 0
1731883107033 3.103746712440625e-05 0
1731883123619 2.003905137826223e-05 0
1731883140484 2.1498988644452766e-05 0
1731883157056 2.4006883904803544e-05 0
1731883173747 2.0729565221699886e-05 0
1731883190302 2.1443946025101468e-05 0
1731883206969 2.6540845283307135e-05 0
1731883223571 2.0835614122916013e-05 0
1731883240235 1.9103345039184205e-05 0
1731883256796 1.85849148692796e-05 0
1731883273495 2.0887871869490482e-05 0
1731883290047 1.9540391804184765e-05 0
1731883306726 2.280376065755263e-05 0
1731883323286 1.9624552805908024e-05 0
1731883339956 2.0744517314597033e-05 0
1731883356844 1.6180219972738996e-05 0
1731883373561 2.6802070351550356e-05 0
1731883390120 1.7868038412416354e-05 0
1731883406808 1.930133657879196e-05 0
1731883423386 2.1812487830175087e-05 0
1731883440028 1.8650627680472098e-05 0
1731883456592 1.735343539621681e-05 0
1731883473273 2.0191175281070173e-05 0
1731883489852 1.992926627281122e-05 0
1731883506545 2.476365443726536e-05 0
1731883523127 2.337523255846463e-05 0
1731883539818 1.825960134738125e-05 0
1731883556350 1.8873242879635654e-05 0
1731883573012 1.593335036886856e-05 0
1731883589563 1.9572860765038058e-05 0
