1732098600002 0.0417291633784771 0
1732098624921 0.05277717486023903 0
1732098644525 0.06997103989124298 0
1732098664232 0.0912916511297226 0
1732098683837 0.10067462176084518 0
1732098703567 0.09699244797229767 0
1732098723160 0.10359032452106476 0
1732098742885 0.10183661431074142 0
1732098762515 0.10453519970178604 0
1732098782216 0.10229755192995071 0
1732098801802 0.10588636994361877 0
1732098821498 0.10921403765678406 0
1732098841102 0.10606440901756287 0
1732098860811 0.11044279485940933 0
1732098880379 0.10231263935565948 0
1732098897725 0.1040332093834877 0
1732098915083 0.10507899522781372 0
1732098932487 0.10849316418170929 0
1732098949848 0.10847136378288269 0
1732098967207 0.10835447907447815 0
1732098984590 0.10535367578268051 0
1732099001943 0.11105131357908249 0
1732099018473 0.10919643193483353 0
1732099034623 0.11188066750764847 0
1732099050886 0.10954001545906067 0
1732099067173 0.11154208332300186 0
1732099083424 0.10875705629587173 0
1732099099592 0.11229686439037323 0
1732099115882 0.11363369226455688 0
1732099132162 0.1159176304936409 0
1732099147722 0.11157684028148651 0
1732099163287 0.1158214658498764 0
1732099178847 0.11554106324911118 0
1732099194401 0.1129482313990593 0
1732099209950 0.1149141937494278 0
1732099225518 0.11598818749189377 0
1732099241083 0.11313067376613617 0
1732099256229 0.11443924903869629 0
1732099271402 0.1145322397351265 0
1732099286442 0.1127508282661438 0
1732099301577 0.11211954057216644 0
1732099316594 0.1108119785785675 0
1732099331740 0.11074858903884888 0
1732099346761 0.11387000977993011 0
1732099362245 0.11483553051948547 0
1732099377283 0.1144883781671524 0
1732099392428 0.11510909348726273 0
1732099407473 0.11407681554555893 0
1732099422620 0.11312218755483627 0
1732099437674 0.11486989259719849 0
1732099452841 0.11354093998670578 0
1732099467882 0.11661162227392197 0
1732099483054 0.11117755621671677 0
1732099498098 0.11400336772203445 0
1732099513270 0.11559552699327469 0
1732099528333 0.11448146402835846 0
1732099543495 0.11689292639493942 0
1732099558554 0.11225081980228424 0
1732099573700 0.11403057724237442 0
1732099589069 0.1175146996974945 0
1732099604207 0.11478238552808762 0
1732099619266 0.11485748738050461 0
1732099634426 0.11620639264583588 0
1732099649479 0.11422892659902573 0
1732099664652 0.11580102890729904 0
1732099679723 0.11591994762420654 0
1732099694884 0.11499900370836258 0
1732099709928 0.11762475222349167 0
1732099725089 0.11821826547384262 0
1732099740168 0.1167341023683548 0
1732099755321 0.11545451730489731 0
1732099770378 0.11689651012420654 0
1732099785529 0.1156976968050003 0
1732099800587 0.11689874529838562 0
1732099816046 0.11601411551237106 0
1732099831122 0.1148630678653717 0
1732099846264 0.11731751263141632 0
1732099861334 0.11715644598007202 0
1732099876479 0.11449586600065231 0
1732099891531 0.11644495278596878 0
1732099906682 0.11802119016647339 0
1732099921750 0.11987585574388504 0
1732099936915 0.11716049909591675 0
1732099951962 0.11510638147592545 0
1732099967115 0.11712993681430817 0
1732099982177 0.11560440808534622 0
1732099997328 0.11617341637611389 0
1732100012401 0.1174229234457016 0
1732100027872 0.11776673048734665 0
1732100042924 0.11968377977609634 0
1732100058078 0.11737251281738281 0
1732100073145 0.1158255860209465 0
1732100088284 0.11646299809217453 0
1732100103332 0.11757556349039078 0
1732100118519 0.11803457140922546 0
1732100133571 0.11726444959640503 0
1732100148732 0.11989479511976242 0
1732100163813 0.11655325442552567 0
1732100178967 0.11778973042964935 0
1732100194024 0.11933812499046326 0
1732100209197 0.11919327080249786 0
1732100224288 0.11886338144540787 0
1732100239455 0.11883747577667236 0
1732100254847 0.11918529123067856 0
1732100270009 0.11743596941232681 0
1732100285079 0.11728687584400177 0
1732100300240 0.11819689720869064 0
1732100315282 0.11936532706022263 0
1732100330450 0.12037374079227448 0
1732100345508 0.11924871802330017 0
1732100360662 0.11967885494232178 0
1732100375739 0.1184297427535057 0
1732100390898 0.12025627493858337 0
1732100405964 0.1184961125254631 0
1732100421130 0.11896670609712601 0
1732100436197 0.11950618773698807 0
1732100451346 0.120206817984581 0
1732100466404 0.11956916749477386 0
1732100481835 0.12130635976791382 0
1732100496910 0.12047290056943893 0
1732100512047 0.1213083565235138 0
1732100527117 0.12047097086906433 0
1732100542298 0.11829197406768799 0
1732100557371 0.12046023458242416 0
1732100572497 0.12025762349367142 0
1732100587549 0.12085418403148651 0
1732100602694 0.11942433565855026 0
1732100617765 0.12064790725708008 0
1732100632927 0.12074072659015656 0
1732100647982 0.12111902236938477 0
1732100663141 0.1213110089302063 0
1732100678219 0.11838144063949585 0
1732100693359 0.12045090645551682 0
1732100708742 0.120356485247612 0
1732100723898 0.11919204890727997 0
1732100738944 0.12053818255662918 0
1732100754084 0.12049411982297897 0
1732100769131 0.12035436928272247 0
1732100784291 0.12066607922315598 0
1732100799336 0.11967429518699646 0
1732100814462 0.12011444568634033 0
1732100829512 0.12073498964309692 0
1732100844644 0.1204306036233902 0
1732100859711 0.12006404250860214 0
1732100874864 0.11965909600257874 0
1732100889922 0.12087457627058029 0
1732100905048 0.12162748724222183 0
1732100920127 0.11972272396087646 0
1732100935586 0.12087126076221466 0
1732100950637 0.12006470561027527 0
1732100965796 0.1216142475605011 0
1732100980864 0.12055722624063492 0
1732100996026 0.12079007178544998 0
1732101011106 0.12119856476783752 0
1732101026256 0.12262726575136185 0
1732101041323 0.12152867764234543 0
1732101056461 0.12153805792331696 0
1732101071507 0.1218908503651619 0
1732101086676 0.12120670825242996 0
1732101101733 0.12059666961431503 0
1732101116897 0.12048005312681198 0
1732101131974 0.12122494727373123 0
1732101147429 0.12193329632282257 0
1732101162477 0.1216689944267273 0
1732101177655 0.1222354918718338 0
1732101192708 0.12060187011957169 0
1732101207871 0.12060431391000748 0
1732101222926 0.12103026360273361 0
1732101238073 0.12073337286710739 0
1732101253114 0.12186560779809952 0
1732101268248 0.12134294211864471 0
1732101283317 0.12120614945888519 0
1732101298464 0.12180200964212418 0
1732101313507 0.12110888957977295 0
1732101328655 0.12138953804969788 0
1732101343706 0.12186950445175171 0
1732101358883 0.11995366960763931 0
1732101374283 0.12110446393489838 0
1732101389426 0.12047930061817169 0
1732101404487 0.1208873838186264 0
1732101419653 0.12052442133426666 0
1732101434702 0.12112418562173843 0
1732101449873 0.12150674313306808 0
1732101464933 0.12170618772506714 0
1732101480108 0.12136653810739517 0
1732101495166 0.12016556411981583 0
1732101510356 0.11959109455347061 0
1732101525431 0.12050256133079529 0
1732101540615 0.121346116065979 0
1732101555684 0.12153855711221695 0
1732101570826 0.12108209729194641 0
1732101585890 0.12109974026679993 0
1732101601368 0.12116560339927673 0
1732101616446 0.12054381519556046 0
1732101631592 0.1211249902844429 0
1732101646628 0.12216855585575104 0
1732101661776 0.12134022265672684 0
1732101676838 0.12021859735250473 0
1732101691996 0.1209266409277916 0
1732101707072 0.12157934904098511 0
1732101722232 0.1215137392282486 0
1732101737289 0.12160474807024002 0
1732101752434 0.12150710821151733 0
1732101767492 0.12144188582897186 0
1732101782638 0.1210344061255455 0
1732101797690 0.12077392637729645 0
1732101812860 0.12121250480413437 0
1732101828247 0.12186473608016968 0
1732101843426 0.12169337272644043 0
1732101858505 0.12037263065576553 0
1732101873654 0.1211249828338623 0
1732101888715 0.12120110541582108 0
1732101903874 0.12096169590950012 0
1732101918947 0.12102089822292328 0
1732101934098 0.12155111134052277 0
1732101949165 0.1220424547791481 0
1732101964313 0.12113411724567413 0
1732101979365 0.12169612944126129 0
1732101994534 0.12190466374158859 0
1732102009587 0.1209469884634018 0
1732102024748 0.12121635675430298 0
1732102039805 0.12139017879962921 0
