1732098605128 0.0004921582294628024 0
1732098624924 0.000437224778579548 0
1732098644528 0.00038325448986142874 0
1732098664234 0.0003439541033003479 0
1732098683840 0.00031321949791163206 0
1732098703569 0.00028191335150040686 0
1732098723162 0.0002677133306860924 0
1732098742888 0.000251666089752689 0
1732098762517 0.00024336586648132652 0
1732098782218 0.00023008734569884837 0
1732098801804 0.00022631803585682064 0
1732098821500 0.00022059259936213493 0
1732098841104 0.00021914370881859213 0
1732098860813 0.00021638156613335013 0
1732098880381 0.00020862891688011587 0
1732098897728 0.00020484677224885672 0
1732098915085 0.00019913831783924252 0
1732098932490 0.0001965284754987806 0
1732098949850 0.00019937986508011818 0
1732098967209 0.00018521855236031115 0
1732098984592 0.00018452659423928708 0
1732099001945 0.00019072847499046475 0
1732099018475 0.00018338955123908818 0
1732099034625 0.0001854073634603992 0
1732099050888 0.00018035511311609298 0
1732099067176 0.00017689383821561933 0
1732099083426 0.00017054195632226765 0
1732099099594 0.0001759856240823865 0
1732099115884 0.00017141261196229607 0
1732099132164 0.00017168547492474318 0
1732099147724 0.00016440273611806333 0
1732099163289 0.00016649662575218827 0
1732099178849 0.0001640873379074037 0
1732099194403 0.00015786098083481193 0
1732099209952 0.00015782038099132478 0
1732099225520 0.00015894784883130342 0
1732099241085 0.00015739274385850877 0
1732099256232 0.00014958105748519301 0
1732099271404 0.00015134725254029036 0
1732099286444 0.00015319455997087061 0
1732099301580 0.00015190780686680228 0
1732099316596 0.00015070120571181178 0
1732099331742 0.0001502694794908166 0
1732099346763 0.00014651987294200808 0
1732099362247 0.00014788836415391415 0
1732099377285 0.00014515210932586342 0
1732099392430 0.00014104072761256248 0
1732099407475 0.00014806786202825606 0
1732099422622 0.00014448458387050778 0
1732099437676 0.00013889104593545198 0
1732099452844 0.00013896265591029078 0
1732099467884 0.00014267624646890908 0
1732099483056 0.0001352074759779498 0
1732099498100 0.00013885342923458666 0
1732099513273 0.00013325207692105323 0
1732099528335 0.00013892895367462188 0
1732099543497 0.00013421697076410055 0
1732099558556 0.00013310121721588075 0
1732099573702 0.0001332061947323382 0
1732099589072 0.00013364745245780796 0
1732099604209 0.00013185215357225388 0
1732099619268 0.00012653126032091677 0
1732099634429 0.00012882394366897643 0
1732099649481 0.00012404123845044523 0
1732099664654 0.00012756316573359072 0
1732099679725 0.00012353004422038794 0
1732099694886 0.00012596158194355667 0
1732099709930 0.00012311359751038253 0
1732099725091 0.0001215789670823142 0
1732099740170 0.00012073656398570165 0
1732099755323 0.0001246596802957356 0
1732099770380 0.00012715146294794977 0
1732099785531 0.00012139615137130022 0
1732099800589 0.00011927165178349242 0
1732099816048 0.0001216517630382441 0
1732099831125 0.00011587490735109895 0
1732099846266 0.0001177967424155213 0
1732099861336 0.00012071252422174439 0
1732099876481 0.00011794349120464176 0
1732099891533 0.0001144321431638673 0
1732099906684 0.00011446401913417503 0
1732099921753 0.00011343831283738837 0
1732099936917 0.00011649863881757483 0
1732099951964 0.0001124447226175107 0
1732099967117 0.00011627918865997344 0
1732099982180 0.00011259682651143521 0
1732099997330 0.00011191711382707581 0
1732100012403 0.00011306464875815436 0
1732100027874 0.00010922923684120178 0
1732100042927 0.00010880223999265581 0
1732100058080 0.00010896538879023865 0
1732100073147 0.00011225240450585261 0
1732100088287 0.00010397850564913824 0
1732100103334 0.00010743971506599337 0
1732100118521 0.00010933065641438589 0
1732100133573 0.00010695101809687912 0
1732100148734 0.00010599756933515891 0
1732100163815 0.00010374716657679528 0
1732100178969 0.00010587318683974445 0
1732100194026 0.00010593904880806804 0
1732100209199 0.00010644739086274058 0
1732100224291 0.00010795122943818569 0
1732100239457 0.00010281292634317651 0
1732100254850 0.00010236287926090881 0
1732100270012 0.00010003746137954295 0
1732100285081 0.00010228099563391879 0
1732100300242 0.00010114463657373562 0
1732100315285 9.892030357150361e-05 0
1732100330452 9.85139558906667e-05 0
1732100345511 0.00010214356007054448 0
1732100360665 9.972347470466048e-05 0
1732100375741 9.931544627761468e-05 0
1732100390901 9.702148236101493e-05 0
1732100405967 0.00010025149094872177 0
1732100421136 9.940005838871002e-05 0
1732100436200 9.597367170499638e-05 0
1732100451349 9.789094474399462e-05 0
1732100466406 9.731652971822768e-05 0
1732100481837 9.537854930385947e-05 0
1732100496912 9.615227463655174e-05 0
1732100512050 9.311736357631162e-05 0
1732100527120 9.678483183961362e-05 0
1732100542300 9.75900620687753e-05 0
1732100557374 9.389260230818763e-05 0
1732100572499 9.456522820983082e-05 0
1732100587551 9.34927084017545e-05 0
1732100602696 9.237006452167407e-05 0
1732100617767 9.09412992768921e-05 0
1732100632929 8.901701949071139e-05 0
1732100647984 9.380149276694283e-05 0
1732100663143 9.36896467464976e-05 0
1732100678221 9.405634045833722e-05 0
1732100693361 9.425837197341025e-05 0
1732100708744 8.913189958548173e-05 0
1732100723900 9.403487638337538e-05 0
1732100738947 9.082347241928801e-05 0
1732100754086 9.223580127581954e-05 0
1732100769134 9.329056047135964e-05 0
1732100784294 9.054732072399929e-05 0
1732100799338 9.045753540704027e-05 0
1732100814464 9.011616202769801e-05 0
1732100829514 8.930547483032569e-05 0
1732100844646 9.182153735309839e-05 0
1732100859714 9.178756590699777e-05 0
1732100874866 9.071091335499659e-05 0
1732100889924 8.854231418808922e-05 0
1732100905050 8.907585288397968e-05 0
1732100920129 8.613978570792824e-05 0
1732100935588 8.78951177583076e-05 0
1732100950639 8.743657235754654e-05 0
1732100965799 8.963907021097839e-05 0
1732100980866 8.797371992841363e-05 0
1732100996028 8.727257227292284e-05 0
1732101011108 8.698990131961182e-05 0
1732101026259 8.77849233802408e-05 0
1732101041325 8.697167504578829e-05 0
1732101056463 8.815315959509462e-05 0
1732101071509 8.893803897080943e-05 0
1732101086678 8.731983689358458e-05 0
1732101101735 8.836166671244428e-05 0
1732101116899 8.500603871652856e-05 0
1732101131976 8.742170757614076e-05 0
1732101147431 8.860025263857096e-05 0
1732101162479 8.519724360667169e-05 0
1732101177657 8.44598762341775e-05 0
1732101192710 8.559962589060888e-05 0
1732101207873 8.631478704046458e-05 0
1732101222928 8.797454211162403e-05 0
1732101238075 8.60987784108147e-05 0
1732101253116 8.409933798247948e-05 0
1732101268250 8.20458953967318e-05 0
1732101283319 8.735244773561135e-05 0
1732101298466 8.328555122716352e-05 0
1732101313510 8.272290870081633e-05 0
1732101328657 8.196195994969457e-05 0
1732101343708 8.470757165923715e-05 0
1732101358885 8.322242501890287e-05 0
1732101374286 8.398493810091168e-05 0
1732101389428 8.089432958513498e-05 0
1732101404489 8.379400242120028e-05 0
1732101419655 8.740771590964869e-05 0
1732101434704 8.247145160567015e-05 0
1732101449875 8.26641044113785e-05 0
1732101464935 8.337830513482913e-05 0
1732101480111 8.35067403386347e-05 0
1732101495168 8.276235894300044e-05 0
1732101510358 8.114340016618371e-05 0
1732101525433 8.141719445120543e-05 0
1732101540618 8.05588933872059e-05 0
1732101555686 8.274357969639823e-05 0
1732101570828 8.218636503443122e-05 0
1732101585892 8.402563980780542e-05 0
1732101601370 8.377520862268284e-05 0
1732101616448 7.897737668827176e-05 0
1732101631594 7.823323539923877e-05 0
1732101646630 8.195752161554992e-05 0
1732101661778 7.997933425940573e-05 0
1732101676840 7.936092879390344e-05 0
1732101691998 8.192441600840539e-05 0
1732101707074 8.30922945169732e-05 0
1732101722234 8.321640052599832e-05 0
1732101737291 8.059551328187808e-05 0
1732101752436 8.345558308064938e-05 0
1732101767494 8.094491204246879e-05 0
1732101782640 7.728703349130228e-05 0
1732101797692 7.962384552229196e-05 0
1732101812862 7.945064135128632e-05 0
1732101828250 7.803089829394594e-05 0
1732101843428 7.711895159445703e-05 0
1732101858507 8.165041072061285e-05 0
1732101873656 8.18178741610609e-05 0
1732101888717 7.548939174739644e-05 0
1732101903876 7.691961218370125e-05 0
1732101918949 7.788105722283944e-05 0
1732101934100 8.099956903606653e-05 0
1732101949167 7.9105026088655e-05 0
1732101964315 7.50724138924852e-05 0
1732101979367 8.019830420380458e-05 0
1732101994536 7.961893425090238e-05 0
1732102009589 7.908037514425814e-05 0
1732102024750 8.062762208282948e-05 0
1732102039807 7.567777356598526e-05 0
