1732098605128 0.001729797339066863 0
1732098624924 0.00035407624091021717 0
1732098644528 0.0003112041740678251 0
1732098664234 0.0002950571943074465 0
1732098683840 0.00024378873058594763 0
1732098703569 0.0002556165854912251 0
1732098723162 0.0002642131003085524 0
1732098742888 0.00024566351203247905 0
1732098762517 0.00026886642444878817 0
1732098782218 0.00024328575818799436 0
1732098801804 0.000265180307906121 0
1732098821500 0.0002469608443789184 0
1732098841104 0.00027197375311516225 0
1732098860813 0.0002623571490403265 0
1732098880381 0.00025707282475195825 0
1732098897728 0.00026184023590758443 0
1732098915085 0.0002632915275171399 0
1732098932490 0.00025183986872434616 0
1732098949850 0.0003062005271203816 0
1732098967209 0.00025881631881929934 0
1732098984592 0.0002635435666888952 0
1732099001945 0.00030303237144835293 0
1732099018475 0.0003028560313396156 0
1732099034625 0.00031549803679808974 0
1732099050888 0.0003104687493760139 0
1732099067176 0.00029577771783806384 0
1732099083426 0.0002827574498951435 0
1732099099594 0.00032074085902422667 0
1732099115884 0.00032982538687065244 0
1732099132164 0.00030631638946942985 0
1732099147724 0.00031241029500961304 0
1732099163289 0.0002921400300692767 0
1732099178849 0.00029630240169353783 0
1732099194403 0.0002916657249443233 0
1732099209952 0.00027985466294921935 0
1732099225520 0.00030441259150393307 0
1732099241085 0.00032070072484202683 0
1732099256232 0.00028177397325634956 0
1732099271404 0.00028908465174026787 0
1732099286444 0.0002710208063945174 0
1732099301580 0.00030574173433706164 0
1732099316596 0.0002972724614664912 0
1732099331742 0.0002755683963187039 0
1732099346763 0.00028956285677850246 0
1732099362247 0.00027213021530769765 0
1732099377285 0.0002983485464937985 0
1732099392430 0.0002808686112985015 0
1732099407475 0.0002909948234446347 0
1732099422622 0.0002929818583652377 0
1732099437676 0.00028462460613809526 0
1732099452844 0.0002852562174666673 0
1732099467884 0.00030631537083536386 0
1732099483056 0.00026535248616710305 0
1732099498100 0.00031862338073551655 0
1732099513273 0.0002721804194152355 0
1732099528335 0.0002834105398505926 0
1732099543497 0.0002954538504127413 0
1732099558556 0.00030319654615595937 0
1732099573702 0.0003182506770826876 0
1732099589072 0.00030762929236516356 0
1732099604209 0.00030129600781947374 0
1732099619268 0.00028897234005853534 0
1732099634429 0.0002927027235273272 0
1732099649481 0.00026607641484588385 0
1732099664654 0.00028437093715183437 0
1732099679725 0.000288158655166626 0
1732099694886 0.00027162086917087436 0
1732099709930 0.0002654068812262267 0
1732099725091 0.00024830602342262864 0
1732099740170 0.0002403931866865605 0
1732099755323 0.00031555694295093417 0
1732099770380 0.0002943723520729691 0
1732099785531 0.00028984900563955307 0
1732099800589 0.00030215393053367734 0
1732099816048 0.0002901313127949834 0
1732099831125 0.0002769035054370761 0
1732099846266 0.00029789196560159326 0
1732099861336 0.00026227900525555015 0
1732099876481 0.00028180968365632 0
1732099891533 0.00027205614605918527 0
1732099906684 0.0002471600309945643 0
1732099921753 0.0002965952444355935 0
1732099936917 0.00032154563814401627 0
1732099951964 0.00024105118063744158 0
1732099967117 0.00028817704878747463 0
1732099982180 0.00027390095056034625 0
1732099997330 0.0002924924483522773 0
1732100012403 0.00028067344101145864 0
1732100027874 0.0002743657096289098 0
1732100042927 0.00032435363391414285 0
1732100058080 0.0002561624569352716 0
1732100073147 0.00027976310229860246 0
1732100088287 0.00023731640249025077 0
1732100103334 0.00028681615367531776 0
1732100118521 0.00028570430004037917 0
1732100133573 0.00028236123034730554 0
1732100148734 0.0002844494010787457 0
1732100163815 0.00027846661396324635 0
1732100178969 0.00025691662449389696 0
1732100194026 0.000244648166699335 0
1732100209199 0.0003106230578850955 0
1732100224291 0.00026820512721315026 0
1732100239457 0.00025422091130167246 0
1732100254850 0.0002560866705607623 0
1732100270012 0.000261960580246523 0
1732100285081 0.00026458833599463105 0
1732100300242 0.00028276146622374654 0
1732100315285 0.0002429702435620129 0
1732100330452 0.0002509728365112096 0
1732100345511 0.0002763130469247699 0
1732100360665 0.000284025096334517 0
1732100375741 0.0002744091034401208 0
1732100390901 0.0002621538005769253 0
1732100405967 0.0002586966729722917 0
1732100421136 0.00030839681858196855 0
1732100436200 0.00028726481832563877 0
1732100451349 0.00028707028832286596 0
1732100466406 0.00026306582731194794 0
1732100481837 0.0002770859864540398 0
1732100496912 0.0002731134882196784 0
1732100512050 0.00024446158204227686 0
1732100527120 0.0002943203435279429 0
1732100542300 0.0002864401612896472 0
1732100557374 0.0002674185670912266 0
1732100572499 0.00027069810312241316 0
1732100587551 0.00026848469860851765 0
1732100602696 0.00026101063122041523 0
1732100617767 0.0002671301190275699 0
1732100632929 0.0002618652069941163 0
1732100647984 0.00028795350226573646 0
1732100663143 0.00028351618675515056 0
1732100678221 0.0003009010397363454 0
1732100693361 0.00028302730061113834 0
1732100708744 0.00024086289340630174 0
1732100723900 0.0002567952324170619 0
1732100738947 0.00027283024974167347 0
1732100754086 0.0002751830033957958 0
1732100769134 0.00025746008032001555 0
1732100784294 0.00023315128055401146 0
1732100799338 0.0002856885548681021 0
1732100814464 0.0002655447169672698 0
1732100829514 0.00025725894374772906 0
1732100844646 0.00026059045922011137 0
1732100859714 0.00031146020046435297 0
1732100874866 0.00026627571787685156 0
1732100889924 0.00025844553601928055 0
1732100905050 0.0002536493702791631 0
1732100920129 0.00025335190002806485 0
1732100935588 0.00027875369414687157 0
1732100950639 0.0002618547005113214 0
1732100965799 0.0002797235792968422 0
1732100980866 0.00024316787312272936 0
1732100996028 0.0002720781194511801 0
1732101011108 0.0002533938968554139 0
1732101026259 0.0002777207992039621 0
1732101041325 0.0002534711384214461 0
1732101056463 0.000262597284745425 0
1732101071509 0.00025707142776809633 0
1732101086678 0.00030126902856864035 0
1732101101735 0.0002468753373250365 0
1732101116899 0.00026728276861831546 0
1732101131976 0.0002677416196092963 0
1732101147431 0.0003052912070415914 0
1732101162479 0.0002758926711976528 0
1732101177657 0.00025378132704645395 0
1732101192710 0.000277026672847569 0
1732101207873 0.00026678890571929514 0
1732101222928 0.0002973362570628524 0
1732101238075 0.0002537689870223403 0
1732101253116 0.00024845293955877423 0
1732101268250 0.00024092810053844005 0
1732101283319 0.00026059121591970325 0
1732101298466 0.0002581923909019679 0
1732101313510 0.00025379733415320516 0
1732101328657 0.0002505325246602297 0
1732101343708 0.0002319759369129315 0
1732101358885 0.00030756599153392017 0
1732101374286 0.0002855175407603383 0
1732101389428 0.00024584366474300623 0
1732101404489 0.0002818805805873126 0
1732101419655 0.0002816488267853856 0
1732101434704 0.0002653557457961142 0
1732101449875 0.0002495779190212488 0
1732101464935 0.0002750498824752867 0
1732101480111 0.00026317904121242464 0
1732101495168 0.00028683216078206897 0
1732101510358 0.00026818757760338485 0
1732101525433 0.00025165354600176215 0
1732101540618 0.00025412405375391245 0
1732101555686 0.00024650394334457815 0
1732101570828 0.00024700965150259435 0
1732101585892 0.0002811275771819055 0
1732101601370 0.0002822608803398907 0
1732101616448 0.0002605809713713825 0
1732101631594 0.00025125796673819423 0
1732101646630 0.0002531505306251347 0
1732101661778 0.0002628696965985 0
1732101676840 0.0002654290001373738 0
1732101691998 0.0002527486067265272 0
1732101707074 0.0002790621656458825 0
1732101722234 0.00027728191344067454 0
1732101737291 0.0002585540642030537 0
1732101752436 0.00026928732404485345 0
1732101767494 0.0002981480211019516 0
1732101782640 0.00027698013582266867 0
1732101797692 0.00023400899954140186 0
1732101812862 0.00023641536245122552 0
1732101828250 0.0002680967445485294 0
1732101843428 0.000245943694608286 0
1732101858507 0.00029503414407372475 0
1732101873656 0.00027481085271574557 0
1732101888717 0.0002472303167451173 0
1732101903876 0.0002446734579280019 0
1732101918949 0.0002595683035906404 0
1732101934100 0.00025802355958148837 0
1732101949167 0.000271556549705565 0
1732101964315 0.0002399953082203865 0
1732101979367 0.00028672622283920646 0
1732101994536 0.0002663539198692888 0
1732102009589 0.00026399624766781926 0
1732102024750 0.00028534253942780197 0
1732102039807 0.00027886388124898076 0
