1732098600002 22.318960189819336 0
1732098624921 23.488222122192383 0
1732098644525 24.354705810546875 0
1732098664232 24.52857780456543 0
1732098683837 24.55466651916504 0
1732098703567 24.90565299987793 0
1732098723160 24.565378189086914 0
1732098742885 25.2496337890625 0
1732098762515 24.734365463256836 0
1732098782216 24.803991317749023 0
1732098801802 25.357105255126953 0
1732098821498 26.23828125 0
1732098841102 26.014741897583008 0
1732098860811 25.69597053527832 0
1732098880379 25.735231399536133 0
1732098897725 25.617015838623047 0
1732098915083 25.79051971435547 0
1732098932487 25.77295684814453 0
1732098949848 26.144975662231445 0
1732098967207 26.024385452270508 0
1732098984590 26.072101593017578 0
1732099001943 26.25059700012207 0
1732099018473 26.269079208374023 0
1732099034623 26.16535758972168 0
1732099050886 26.462976455688477 0
1732099067173 26.40950584411621 0
1732099083424 26.800779342651367 0
1732099099592 26.2980899810791 0
1732099115882 26.073671340942383 0
1732099132162 26.393667221069336 0
1732099147722 26.699766159057617 0
1732099163287 26.631410598754883 0
1732099178847 26.872549057006836 0
1732099194401 26.54523277282715 0
1732099209950 26.389629364013672 0
1732099225518 26.597625732421875 0
1732099241083 26.340208053588867 0
1732099256229 26.93343162536621 0
1732099271402 26.332353591918945 0
1732099286442 26.845592498779297 0
1732099301577 26.649765014648438 0
1732099316594 27.14251708984375 0
1732099331740 27.174055099487305 0
1732099346761 26.871070861816406 0
1732099362245 27.096656799316406 0
1732099377283 26.91118621826172 0
1732099392428 26.675365447998047 0
1732099407473 27.14849281311035 0
1732099422620 27.500864028930664 0
1732099437674 27.046001434326172 0
1732099452841 27.68026351928711 0
1732099467882 26.84718894958496 0
1732099483054 27.399803161621094 0
1732099498098 27.2291316986084 0
1732099513270 27.231184005737305 0
1732099528333 27.542240142822266 0
1732099543495 27.333847045898438 0
1732099558554 27.554611206054688 0
1732099573700 27.29955291748047 0
1732099589069 27.344562530517578 0
1732099604207 27.425371170043945 0
1732099619266 27.42136001586914 0
1732099634426 28.37227439880371 0
1732099649479 27.9959659576416 0
1732099664652 27.84737205505371 0
1732099679723 27.71653938293457 0
1732099694884 27.349775314331055 0
1732099709928 27.775257110595703 0
1732099725089 27.889501571655273 0
1732099740168 27.536033630371094 0
1732099755321 28.016921997070312 0
1732099770378 27.298145294189453 0
1732099785529 27.759798049926758 0
1732099800587 27.91642189025879 0
1732099816046 27.916610717773438 0
1732099831122 28.284526824951172 0
1732099846264 28.200485229492188 0
1732099861334 28.04485511779785 0
1732099876479 28.458293914794922 0
1732099891531 28.21494483947754 0
1732099906682 28.103891372680664 0
1732099921750 27.637767791748047 0
1732099936915 28.00937271118164 0
1732099951962 28.17853546142578 0
1732099967115 28.06073760986328 0
1732099982177 27.897319793701172 0
1732099997328 27.729103088378906 0
1732100012401 27.985143661499023 0
1732100027872 28.17128562927246 0
1732100042924 28.254064559936523 0
1732100058078 28.13758087158203 0
1732100073145 28.434547424316406 0
1732100088284 27.8989315032959 0
1732100103332 28.27315330505371 0
1732100118519 28.761770248413086 0
1732100133571 27.85687828063965 0
1732100148732 28.421199798583984 0
1732100163813 28.927671432495117 0
1732100178967 28.643461227416992 0
1732100194024 28.53867530822754 0
1732100209197 29.254262924194336 0
1732100224288 27.688074111938477 0
1732100239455 27.723583221435547 0
1732100254847 28.427745819091797 0
1732100270009 28.59273910522461 0
1732100285079 28.76387596130371 0
1732100300240 28.631181716918945 0
1732100315282 28.981536865234375 0
1732100330450 28.977937698364258 0
1732100345508 28.895267486572266 0
1732100360662 28.4860897064209 0
1732100375739 28.98316764831543 0
1732100390898 29.379253387451172 0
1732100405964 29.093875885009766 0
1732100421130 28.478302001953125 0
1732100436197 28.634878158569336 0
1732100451346 29.41134262084961 0
1732100466404 28.665592193603516 0
1732100481835 28.62082290649414 0
1732100496910 29.177324295043945 0
1732100512047 29.026641845703125 0
1732100527117 29.453184127807617 0
1732100542298 29.74677848815918 0
1732100557371 28.924795150756836 0
1732100572497 28.573564529418945 0
1732100587549 29.690563201904297 0
1732100602694 29.36885643005371 0
1732100617765 29.331396102905273 0
1732100632927 29.857614517211914 0
1732100647982 29.19249153137207 0
1732100663141 29.202320098876953 0
1732100678219 28.960969924926758 0
1732100693359 29.128589630126953 0
1732100708742 29.717737197875977 0
1732100723898 29.63835334777832 0
1732100738944 28.986814498901367 0
1732100754084 28.730125427246094 0
1732100769131 29.2357120513916 0
1732100784291 29.5151424407959 0
1732100799336 29.595115661621094 0
1732100814462 29.633989334106445 0
1732100829512 29.281530380249023 0
1732100844644 29.189531326293945 0
1732100859711 29.183557510375977 0
1732100874864 29.707393646240234 0
1732100889922 29.407991409301758 0
1732100905048 28.961963653564453 0
1732100920127 29.859790802001953 0
1732100935586 29.86324119567871 0
1732100950637 29.680444717407227 0
1732100965796 29.395360946655273 0
1732100980864 29.764381408691406 0
1732100996026 29.768173217773438 0
1732101011106 29.747234344482422 0
1732101026256 29.78239631652832 0
1732101041323 29.443267822265625 0
1732101056461 29.598127365112305 0
1732101071507 30.412181854248047 0
1732101086676 30.005247116088867 0
1732101101733 30.116596221923828 0
1732101116897 29.82377815246582 0
1732101131974 29.922351837158203 0
1732101147429 29.83660888671875 0
1732101162477 29.80008888244629 0
1732101177655 30.619779586791992 0
1732101192708 30.113101959228516 0
1732101207871 29.47243309020996 0
1732101222926 30.371051788330078 0
1732101238073 29.74332046508789 0
1732101253114 29.254348754882812 0
1732101268248 29.897632598876953 0
1732101283317 29.7940731048584 0
1732101298464 29.6108341217041 0
1732101313507 29.774795532226562 0
1732101328655 29.83698081970215 0
1732101343706 29.523771286010742 0
1732101358883 30.336252212524414 0
1732101374283 29.66621208190918 0
1732101389426 30.814937591552734 0
1732101404487 30.61884117126465 0
1732101419653 29.60453224182129 0
1732101434702 30.406991958618164 0
1732101449873 29.472299575805664 0
1732101464933 29.881759643554688 0
1732101480108 29.84042739868164 0
1732101495166 29.836509704589844 0
1732101510356 29.948135375976562 0
1732101525431 30.240032196044922 0
1732101540615 30.42579460144043 0
1732101555684 29.897777557373047 0
1732101570826 29.859582901000977 0
1732101585890 30.26192283630371 0
1732101601368 30.177249908447266 0
1732101616446 30.666101455688477 0
1732101631592 30.926321029663086 0
1732101646628 30.74537467956543 0
1732101661776 30.562746047973633 0
1732101676838 30.55122184753418 0
1732101691996 29.691925048828125 0
1732101707072 30.133913040161133 0
1732101722232 30.56894302368164 0
1732101737289 30.227249145507812 0
1732101752434 30.439584732055664 0
1732101767492 30.35588264465332 0
1732101782638 30.38504409790039 0
1732101797690 30.639080047607422 0
1732101812860 30.571123123168945 0
1732101828247 30.920625686645508 0
1732101843426 30.439069747924805 0
1732101858505 29.825763702392578 0
1732101873654 30.04498863220215 0
1732101888715 30.226179122924805 0
1732101903874 30.588193893432617 0
1732101918947 30.38933563232422 0
1732101934098 30.032258987426758 0
1732101949165 30.709922790527344 0
1732101964313 30.271291732788086 0
1732101979365 30.691701889038086 0
1732101994534 30.798755645751953 0
1732102009587 30.3558349609375 0
1732102024748 31.179401397705078 0
1732102039805 30.384166717529297 0
