1732098605128 0.005862783640623093 0
1732098624924 0.004478964023292065 0
1732098644528 0.003668843535706401 0
1732098664234 0.0035248619969934225 0
1732098683840 0.0035037510097026825 0
1732098703569 0.0032317256554961205 0
1732098723162 0.0034951192792505026 0
1732098742888 0.0029856334440410137 0
1732098762517 0.0033617340959608555 0
1732098782218 0.003308268263936043 0
1732098801804 0.0029126573354005814 0
1732098821500 0.002377780620008707 0
1732098841104 0.00250337366014719 0
1732098860813 0.002694032620638609 0
1732098880381 0.002669787732884288 0
1732098897728 0.0027434572111815214 0
1732098915085 0.0026360144838690758 0
1732098932490 0.002646696288138628 0
1732098949850 0.0024294182658195496 0
1732098967209 0.0024978225119411945 0
1732098984592 0.0024705282412469387 0
1732099001945 0.0023710476234555244 0
1732099018475 0.0023609776981174946 0
1732099034625 0.0024180440232157707 0
1732099050888 0.0022578875068575144 0
1732099067176 0.0022858581505715847 0
1732099083426 0.002088920446112752 0
1732099099594 0.0023452595341950655 0
1732099115884 0.0024696351028978825 0
1732099132164 0.002294209785759449 0
1732099147724 0.002138076350092888 0
1732099163289 0.0021719946525990963 0
1732099178849 0.0020546831656247377 0
1732099194403 0.0022155242040753365 0
1732099209952 0.0022963443771004677 0
1732099225520 0.0021889572963118553 0
1732099241085 0.002322625136002898 0
1732099256232 0.002026081085205078 0
1732099271404 0.0023268298245966434 0
1732099286444 0.002067476511001587 0
1732099301580 0.0021628346294164658 0
1732099316596 0.0019308481132611632 0
1732099331742 0.0019168773433193564 0
1732099346763 0.002055383287370205 0
1732099362247 0.0019513455918058753 0
1732099377285 0.0020364848896861076 0
1732099392430 0.0021501234732568264 0
1732099407475 0.0019281937275081873 0
1732099422622 0.0017779252957552671 0
1732099437676 0.00197423854842782 0
1732099452844 0.0017059784149751067 0
1732099467884 0.0020667160861194134 0
1732099483056 0.0018197831232100725 0
1732099498100 0.0018927212804555893 0
1732099513273 0.0018918267451226711 0
1732099528335 0.001761066960170865 0
1732099543497 0.0018476307159289718 0
1732099558556 0.0017560578417032957 0
1732099573702 0.001862278557382524 0
1732099589072 0.0018430774798616767 0
1732099604209 0.001809101551771164 0
1732099619268 0.0018107725773006678 0
1732099634429 0.0014546967577189207 0
1732099649481 0.0015863655135035515 0
1732099664654 0.0016415821155533195 0
1732099679725 0.0016917882021516562 0
1732099694886 0.001840866869315505 0
1732099709930 0.001669068238697946 0
1732099725091 0.0016257348470389843 0
1732099740170 0.0017635850235819817 0
1732099755323 0.00157872901763767 0
1732099770380 0.0018628815887495875 0
1732099785531 0.0016750203212723136 0
1732099800589 0.0016156886704266071 0
1732099816048 0.00161561812274158 0
1732099831125 0.0014843866229057312 0
1732099846266 0.001513391500338912 0
1732099861336 0.0015686079859733582 0
1732099876481 0.0014261676697060466 0
1732099891533 0.0015083618927747011 0
1732099906684 0.0015474287793040276 0
1732099921753 0.0017227537464350462 0
1732099936917 0.0015814760699868202 0
1732099951964 0.0015210596611723304 0
1732099967117 0.001562881632708013 0
1732099982180 0.0016228113090619445 0
1732099997330 0.0016869006212800741 0
1732100012403 0.0015903235180303454 0
1732100027874 0.0015236008912324905 0
1732100042927 0.0014948354801163077 0
1732100058080 0.001535471878014505 0
1732100073147 0.0014339867047965527 0
1732100088287 0.0016222087433561683 0
1732100103334 0.0014882797840982676 0
1732100118521 0.0013299122219905257 0
1732100133573 0.0016379927983507514 0
1732100148734 0.0014384010573849082 0
1732100163815 0.001280066673643887 0
1732100178969 0.0013666392769664526 0
1732100194026 0.0014000136870890856 0
1732100209199 0.0011873359326273203 0
1732100224291 0.001702913548797369 0
1732100239457 0.0016890463884919882 0
1732100254850 0.0014362342189997435 0
1732100270012 0.0013826939975842834 0
1732100285081 0.0013292673975229263 0
1732100300242 0.0013705084566026926 0
1732100315285 0.0012642880901694298 0
1732100330452 0.0012653367593884468 0
1732100345511 0.0012896538246423006 0
1732100360665 0.0014170685317367315 0
1732100375741 0.0012638139305636287 0
1732100390901 0.0011536513920873404 0
1732100405967 0.001232004608027637 0
1732100421136 0.0014196119736880064 0
1732100436200 0.0013693422079086304 0
1732100451349 0.0011451587779447436 0
1732100466406 0.0013596921926364303 0
1732100481837 0.0013737812405452132 0
1732100496912 0.0012085576308891177 0
1732100512050 0.001251226058229804 0
1732100527120 0.0011341789504513144 0
1732100542300 0.0010600395034998655 0
1732100557374 0.001280914875678718 0
1732100572499 0.0013888123212382197 0
1732100587551 0.0010738502023741603 0
1732100602696 0.0011564168380573392 0
1732100617767 0.0011664347257465124 0
1732100632929 0.0010333287063986063 0
1732100647984 0.0012043446768075228 0
1732100663143 0.0012016223045066 0
1732100678221 0.0012702902313321829 0
1732100693361 0.0012221960350871086 0
1732100708744 0.0010671521304175258 0
1732100723900 0.0010868374956771731 0
1732100738947 0.0012627530377358198 0
1732100754086 0.0013396376743912697 0
1732100769134 0.001192418159916997 0
1732100784294 0.0011181128211319447 0
1732100799338 0.001097711967304349 0
1732100814464 0.0010879297042265534 0
1732100829514 0.0011799040948972106 0
1732100844646 0.0012051652884110808 0
1732100859714 0.0012068243231624365 0
1732100874866 0.0010696961544454098 0
1732100889924 0.0011460429523140192 0
1732100905050 0.0012699993094429374 0
1732100920129 0.00103281089104712 0
1732100935588 0.0010319908615201712 0
1732100950639 0.0010763549944385886 0
1732100965799 0.0011493805795907974 0
1732100980866 0.0010557519271969795 0
1732100996028 0.0010548301506787539 0
1732101011108 0.0010599284432828426 0
1732101026259 0.001051381346769631 0
1732101041325 0.0011367711704224348 0
1732101056463 0.00109695119317621 0
1732101071509 0.0009094559354707599 0
1732101086678 0.0009987924713641405 0
1732101101735 0.0009735099738463759 0
1732101116899 0.001041411072947085 0
1732101131976 0.001018039882183075 0
1732101147431 0.0010383387561887503 0
1732101162479 0.0010471066925674677 0
1732101177657 0.0008670056122355163 0
1732101192710 0.0009742933325469494 0
1732101207873 0.0011291629634797573 0
1732101222928 0.0009181100176647305 0
1732101238075 0.0010608839802443981 0
1732101253116 0.0011873123003169894 0
1732101268250 0.001023850403726101 0
1732101283319 0.0010485586244612932 0
1732101298466 0.0010937461629509926 0
1732101313510 0.0010532229207456112 0
1732101328657 0.001038249465636909 0
1732101343708 0.0011158933630213141 0
1732101358885 0.0009254963370040059 0
1732101374286 0.001079887617379427 0
1732101389428 0.00082890794146806 0
1732101404489 0.0008671930409036577 0
1732101419655 0.0010953345336019993 0
1732101434704 0.0009105431381613016 0
1732101449875 0.001129197422415018 0
1732101464935 0.0010275996755808592 0
1732101480111 0.0010374258272349834 0
1732101495168 0.001038362504914403 0
1732101510358 0.0010120136430487037 0
1732101525433 0.0009462297311984003 0
1732101540618 0.000906609813682735 0
1732101555686 0.0010238162940368056 0
1732101570828 0.001032860018312931 0
1732101585892 0.0009414723026566207 0
1732101601370 0.0009600079501979053 0
1732101616448 0.0008578073466196656 0
1732101631594 0.0008079188410192728 0
1732101646630 0.0008422913961112499 0
1732101661778 0.0008784666424617171 0
1732101676840 0.0008808010024949908 0
1732101691998 0.0010735132964327931 0
1732101707074 0.0009696357883512974 0
1732101722234 0.0008772138971835375 0
1732101737291 0.0009490193333476782 0
1732101752436 0.0009037355775944889 0
1732101767494 0.000921322382055223 0
1732101782640 0.000915156677365303 0
1732101797692 0.0008631611126475036 0
1732101812862 0.0008767740800976753 0
1732101828250 0.0008089791517704725 0
1732101843428 0.0009038427378982306 0
1732101858507 0.0010409350506961346 0
1732101873656 0.0009896940318867564 0
1732101888717 0.0009492530953139067 0
1732101903876 0.0008733339491300285 0
1732101918949 0.0009142528288066387 0
1732101934100 0.0009925994090735912 0
1732101949167 0.0008491954649798572 0
1732101964315 0.0009394432418048382 0
1732101979367 0.0008527658646926284 0
1732101994536 0.0008320020278915763 0
1732102009589 0.0009213321609422565 0
1732102024750 0.0007621839176863432 0
1732102039807 0.0009153412538580596 0
