1732098605128 0.0008035722421482205 0
1732098624924 0.0005107156466692686 0
1732098644528 0.00042018864769488573 0
1732098664234 0.0003464549081400037 0
1732098683840 0.0003405228490009904 0
1732098703569 0.0003058240981772542 0
1732098723162 0.0002803836832754314 0
1732098742888 0.0003350217011757195 0
1732098762517 0.00029112951597198844 0
1732098782218 0.0002508897741790861 0
1732098801804 0.000270213553449139 0
1732098821500 0.00026073845219798386 0
1732098841104 0.0002625589841045439 0
1732098860813 0.0002609447401482612 0
1732098880381 0.00028613070026040077 0
1732098897728 0.0002511664933990687 0
1732098915085 0.0002382882812526077 0
1732098932490 0.00025497819297015667 0
1732098949850 0.00023343194334302098 0
1732098967209 0.00023551667982246727 0
1732098984592 0.0002396618074271828 0
1732099001945 0.00023415905889123678 0
1732099018475 0.0003052877727895975 0
1732099034625 0.0002362935192650184 0
1732099050888 0.0002215523854829371 0
1732099067176 0.0003482309402897954 0
1732099083426 0.0002475088112987578 0
1732099099594 0.0002568956697359681 0
1732099115884 0.0002407147694611922 0
1732099132164 0.0002217884175479412 0
1732099147724 0.00023277263971976936 0
1732099163289 0.00034158528433181345 0
1732099178849 0.00020968474564142525 0
1732099194403 0.00021241795911919326 0
1732099209952 0.0003736960352398455 0
1732099225520 0.00021227156685199589 0
1732099241085 0.0002244730421807617 0
1732099256232 0.00021287045092321932 0
1732099271404 0.00021112707327120006 0
1732099286444 0.0002515094820410013 0
1732099301580 0.00019323469314258546 0
1732099316596 0.00024567567743360996 0
1732099331742 0.000205605014343746 0
1732099346763 0.0002533469523768872 0
1732099362247 0.0002028152230195701 0
1732099377285 0.0002268706011818722 0
1732099392430 0.0002031765616266057 0
1732099407475 0.0002029009920079261 0
1732099422622 0.00021990311506669968 0
1732099437676 0.0002355436736252159 0
1732099452844 0.00021000838023610413 0
1732099467884 0.0002032127376878634 0
1732099483056 0.00025911617558449507 0
1732099498100 0.00029178542899899185 0
1732099513273 0.00020415562903508544 0
1732099528335 0.00021405008737929165 0
1732099543497 0.00018759860540740192 0
1732099558556 0.00019278217223472893 0
1732099573702 0.00020035900524817407 0
1732099589072 0.00021224608644843102 0
1732099604209 0.00020226227934472263 0
1732099619268 0.00019470775441732258 0
1732099634429 0.0002075147203868255 0
1732099649481 0.00022970317513681948 0
1732099664654 0.000180794857442379 0
1732099679725 0.0002038547972915694 0
1732099694886 0.00023569361655972898 0
1732099709930 0.0002027721784543246 0
1732099725091 0.00020762874919455498 0
1732099740170 0.0001813330309232697 0
1732099755323 0.0002364895772188902 0
1732099770380 0.00018982248730026186 0
1732099785531 0.0002031815383816138 0
1732099800589 0.00022221278049983084 0
1732099816048 0.00022513963631354272 0
1732099831125 0.0001892752479761839 0
1732099846266 0.00018789077876135707 0
1732099861336 0.0002162522723665461 0
1732099876481 0.00020141057029832155 0
1732099891533 0.0002109011256834492 0
1732099906684 0.0001874442386906594 0
1732099921753 0.000193783052964136 0
1732099936917 0.00021086394554004073 0
1732099951964 0.00019853214325848967 0
1732099967117 0.00018447160255163908 0
1732099982180 0.0001833865826483816 0
1732099997330 0.00018530510715208948 0
1732100012403 0.00018549137166701257 0
1732100027874 0.00018954335246235132 0
1732100042927 0.0002036571386270225 0
1732100058080 0.00019632821204140782 0
1732100073147 0.00019893955322913826 0
1732100088287 0.00018590810941532254 0
1732100103334 0.00018376848311163485 0
1732100118521 0.00020613023662008345 0
1732100133573 0.00019925089145544916 0
1732100148734 0.00019194332708138973 0
1732100163815 0.00017627955821808428 0
1732100178969 0.00018901530711445957 0
1732100194026 0.0002048370661213994 0
1732100209199 0.00020702354959212244 0
1732100224291 0.00019541391520760953 0
1732100239457 0.00020138331456109881 0
1732100254850 0.00021308890427462757 0
1732100270012 0.00020293582929298282 0
1732100285081 0.00021744069817941636 0
1732100300242 0.0001975551713258028 0
1732100315285 0.00017991967615671456 0
1732100330452 0.0001723236491670832 0
1732100345511 0.0001857417228166014 0
1732100360665 0.0001932745799422264 0
1732100375741 0.0001934538158820942 0
1732100390901 0.00018117405124939978 0
1732100405967 0.0001890533894766122 0
1732100421136 0.0002108026237692684 0
1732100436200 0.000182742573088035 0
1732100451349 0.00017353746807202697 0
1732100466406 0.00017294002464041114 0
1732100481837 0.00019317625265102834 0
1732100496912 0.00018595109577290714 0
1732100512050 0.00016398302977904677 0
1732100527120 0.0001782476610969752 0
1732100542300 0.00018222916696686298 0
1732100557374 0.0002140653959941119 0
1732100572499 0.00018049514619633555 0
1732100587551 0.00019847566727548838 0
1732100602696 0.00018139812164008617 0
1732100617767 0.00021225970704108477 0
1732100632929 0.00017492787446826696 0
1732100647984 0.0001981591194635257 0
1732100663143 0.0001788791996659711 0
1732100678221 0.00018984779308084399 0
1732100693361 0.0001838466414483264 0
1732100708744 0.00019720113778021187 0
1732100723900 0.0001689446798991412 0
1732100738947 0.0001758626603987068 0
1732100754086 0.00018054209067486227 0
1732100769134 0.00018709825235418975 0
1732100784294 0.00017694542475510389 0
1732100799338 0.00017462142568547279 0
1732100814464 0.00019008504750672728 0
1732100829514 0.00018624478252604604 0
1732100844646 0.0001839454926084727 0
1732100859714 0.000193103333003819 0
1732100874866 0.00016841533943079412 0
1732100889924 0.00018419636762700975 0
1732100905050 0.00018401801935397089 0
1732100920129 0.0001720087748253718 0
1732100935588 0.00017840266809798777 0
1732100950639 0.00017432814638596028 0
1732100965799 0.00017069537716452032 0
1732100980866 0.00018897303380072117 0
1732100996028 0.0001834961585700512 0
1732101011108 0.00017636943084653467 0
1732101026259 0.00016045666416175663 0
1732101041325 0.00018249409913551062 0
1732101056463 0.00018164220091421157 0
1732101071509 0.00018605025252327323 0
1732101086678 0.00018935200932901353 0
1732101101735 0.00017084712453652173 0
1732101116899 0.00017455049965064973 0
1732101131976 0.00019520564819686115 0
1732101147431 0.00017778204346541315 0
1732101162479 0.00017543879221193492 0
1732101177657 0.00017523007409181446 0
1732101192710 0.0001915831962833181 0
1732101207873 0.00016730713832657784 0
1732101222928 0.00017709293751977384 0
1732101238075 0.0001691854849923402 0
1732101253116 0.00017875860794447362 0
1732101268250 0.00018777867080643773 0
1732101283319 0.00017432091408409178 0
1732101298466 0.0001825037761591375 0
1732101313510 0.0001739648578222841 0
1732101328657 0.000192277628229931 0
1732101343708 0.00017489868332631886 0
1732101358885 0.00017650669906288385 0
1732101374286 0.00017508576274849474 0
1732101389428 0.00016812290414236486 0
1732101404489 0.00017749980906955898 0
1732101419655 0.000176924659172073 0
1732101434704 0.00017149970517493784 0
1732101449875 0.00017714050773065537 0
1732101464935 0.00017527317686472088 0
1732101480111 0.00016004242934286594 0
1732101495168 0.0001706323237158358 0
1732101510358 0.00017613114323467016 0
1732101525433 0.0001630837214179337 0
1732101540618 0.00016076670726761222 0
1732101555686 0.00019345305918250233 0
1732101570828 0.0001736016129143536 0
1732101585892 0.00016698769468348473 0
1732101601370 0.00018210781854577363 0
1732101616448 0.00017205877520609647 0
1732101631594 0.00016795464034657925 0
1732101646630 0.0001611355401109904 0
1732101661778 0.0001856446615420282 0
1732101676840 0.00017291695985477418 0
1732101691998 0.00017078142263926566 0
1732101707074 0.00016913065337575972 0
1732101722234 0.00016791699454188347 0
1732101737291 0.00016308216436300427 0
1732101752436 0.0001738553401082754 0
1732101767494 0.00016033806605264544 0
1732101782640 0.00017171798390336335 0
1732101797692 0.00016641146794427186 0
1732101812862 0.00018213072326034307 0
1732101828250 0.00015848859038669616 0
1732101843428 0.00018131027172785252 0
1732101858507 0.00016022654017433524 0
1732101873656 0.00018665945390239358 0
1732101888717 0.00015629266272298992 0
1732101903876 0.00016030366532504559 0
1732101918949 0.00017382329679094255 0
1732101934100 0.00016646424774080515 0
1732101949167 0.00018222295329906046 0
1732101964315 0.00016644832794554532 0
1732101979367 0.000164840865181759 0
1732101994536 0.00019111282017547637 0
1732102009589 0.00019281255663372576 0
1732102024750 0.00017650134395807981 0
1732102039807 0.000169612088939175 0
