1732098563871 0.038691964000463486 0
1732098583985 0.03796055167913437 0
1732098603688 0.03340424597263336 0
1732098623511 0.03471595421433449 0
1732098643255 0.03636747598648071 0
1732098663139 0.036813683807849884 0
1732098682890 0.03964856639504433 0
1732098702758 0.03911612927913666 0
1732098722559 0.04586054012179375 0
1732098742441 0.04248392954468727 0
1732098762201 0.047098372131586075 0
1732098782101 0.05229206010699272 0
1732098801902 0.05045735836029053 0
1732098821806 0.05287444591522217 0
1732098841532 0.05009287968277931 0
1732098859037 0.051486968994140625 0
1732098876535 0.044659052044153214 0
1732098894031 0.04940999299287796 0
1732098911516 0.049119073897600174 0
1732098929003 0.048745568841695786 0
1732098946508 0.04932111129164696 0
1732098964003 0.05306331068277359 0
1732098980642 0.04887409508228302 0
1732098996866 0.0510263666510582 0
1732099013186 0.05223517119884491 0
1732099029528 0.052700240164995193 0
1732099045871 0.04762856662273407 0
1732099062086 0.049108367413282394 0
1732099078406 0.05317266657948494 0
1732099094755 0.0559757724404335 0
1732099110458 0.05382411926984787 0
1732099126067 0.05036276951432228 0
1732099141678 0.05140932276844978 0
1732099157369 0.050953567028045654 0
1732099173025 0.054125212132930756 0
1732099188628 0.05452479422092438 0
1732099204239 0.05540883168578148 0
1732099219435 0.051751960068941116 0
1732099234594 0.051801495254039764 0
1732099249675 0.05485861748456955 0
1732099264866 0.052101656794548035 0
1732099279930 0.0494428314268589 0
1732099295105 0.050258029252290726 0
1732099310204 0.05130024254322052 0
1732099325698 0.052088432013988495 0
1732099340777 0.0499689020216465 0
1732099355952 0.05182689428329468 0
1732099371035 0.05217433348298073 0
1732099386214 0.05040203779935837 0
1732099401294 0.05011441558599472 0
1732099416452 0.04885227605700493 0
1732099431531 0.0512397326529026 0
1732099446707 0.048567309975624084 0
1732099461789 0.05032986029982567 0
1732099476983 0.05464950576424599 0
1732099492051 0.053308043628931046 0
1732099507252 0.05379125848412514 0
1732099522345 0.05437575653195381 0
1732099537523 0.04921617731451988 0
1732099552909 0.050740715116262436 0
1732099568096 0.05188010260462761 0
1732099583162 0.052872736006975174 0
1732099598359 0.052820835262537 0
1732099613427 0.0527707003057003 0
1732099628594 0.0580708310008049 0
1732099643655 0.054348986595869064 0
1732099658833 0.054437797516584396 0
1732099673892 0.05766400694847107 0
1732099689083 0.0559832863509655 0
1732099704161 0.05463944748044014 0
1732099719361 0.05467643961310387 0
1732099734442 0.05095510557293892 0
1732099749618 0.05347779393196106 0
1732099764713 0.05249220132827759 0
1732099780216 0.05267949029803276 0
1732099795293 0.05119818449020386 0
1732099810475 0.05274856090545654 0
1732099825571 0.054309774190187454 0
1732099840742 0.05428557097911835 0
1732099855821 0.05348459258675575 0
1732099870993 0.05165274441242218 0
1732099886080 0.05205095559358597 0
1732099901257 0.051163896918296814 0
1732099916358 0.05464493855834007 0
1732099931541 0.05503826215863228 0
1732099946617 0.05500750616192818 0
1732099961811 0.05390810966491699 0
1732099976896 0.05333402007818222 0
1732099992429 0.05318455398082733 0
1732100007519 0.05530868470668793 0
1732100022723 0.056895021349191666 0
1732100037809 0.05585741996765137 0
1732100052982 0.05513575300574303 0
1732100068054 0.054889000952243805 0
1732100083250 0.054146263748407364 0
1732100098342 0.05300109088420868 0
1732100113527 0.055028967559337616 0
1732100128630 0.05330917239189148 0
1732100143816 0.05566408485174179 0
1732100158895 0.053673092275857925 0
1732100174071 0.0575517937541008 0
1732100189132 0.05578901618719101 0
1732100204329 0.052067141979932785 0
1732100219723 0.05246710032224655 0
1732100234940 0.05357036739587784 0
1732100250020 0.05352433770895004 0
1732100265216 0.05557624623179436 0
1732100280302 0.05408399552106857 0
1732100295501 0.05500738322734833 0
1732100310552 0.055405765771865845 0
1732100325754 0.05403050407767296 0
1732100340871 0.052522845566272736 0
1732100356015 0.05215201899409294 0
1732100371083 0.05429350584745407 0
1732100386232 0.054675277322530746 0
1732100401269 0.05405625328421593 0
1732100416426 0.05288667976856232 0
1732100431485 0.05443829670548439 0
1732100446948 0.054186075925827026 0
1732100461987 0.05412430316209793 0
1732100477160 0.05485433340072632 0
1732100492242 0.054006896913051605 0
1732100507426 0.053239405155181885 0
1732100522536 0.0533209964632988 0
1732100537750 0.05352267622947693 0
1732100552817 0.05430082231760025 0
1732100567964 0.05423106998205185 0
1732100583021 0.05443665012717247 0
1732100598183 0.05587845668196678 0
1732100613219 0.05425253137946129 0
1732100628388 0.05546854808926582 0
1732100643458 0.05368879809975624 0
1732100658643 0.05337224900722504 0
1732100673992 0.053726017475128174 0
1732100689117 0.05292127653956413 0
1732100704171 0.05332892760634422 0
1732100719334 0.05432124435901642 0
1732100734367 0.0544416606426239 0
1732100749531 0.053624432533979416 0
1732100764586 0.0542612187564373 0
1732100779723 0.05422314256429672 0
1732100794747 0.05457247793674469 0
1732100809900 0.05421479418873787 0
1732100824934 0.05330325663089752 0
1732100840085 0.05362561345100403 0
1732100855181 0.054946865886449814 0
1732100870382 0.054908543825149536 0
1732100885424 0.05403866618871689 0
1732100900916 0.054634932428598404 0
1732100915962 0.053811654448509216 0
1732100931133 0.05528058111667633 0
1732100946227 0.055094439536333084 0
1732100961367 0.0540669783949852 0
1732100976456 0.05196696147322655 0
1732100991613 0.05379457026720047 0
1732101006633 0.053447384387254715 0
1732101021790 0.052900537848472595 0
1732101036850 0.05325525999069214 0
1732101051999 0.05349521338939667 0
1732101067042 0.05263855680823326 0
1732101082190 0.05360117927193642 0
1732101097211 0.05458349362015724 0
1732101112691 0.05385104939341545 0
1732101127765 0.05393196642398834 0
1732101142932 0.0527782216668129 0
1732101157982 0.053317077457904816 0
1732101173126 0.052830517292022705 0
1732101188154 0.052695512771606445 0
1732101203294 0.05390438809990883 0
1732101218348 0.05321746692061424 0
1732101233483 0.054050639271736145 0
1732101248544 0.05463036149740219 0
1732101263672 0.05422578006982803 0
1732101278706 0.05294886603951454 0
1732101293850 0.05399632453918457 0
1732101308885 0.05431809276342392 0
1732101324033 0.053914040327072144 0
1732101339907 0.053728945553302765 0
1732101355041 0.05425066128373146 0
1732101370082 0.053553417325019836 0
1732101385228 0.05404576659202576 0
1732101400246 0.053895723074674606 0
1732101415371 0.054406315088272095 0
1732101430390 0.054004594683647156 0
1732101445529 0.053756069391965866 0
1732101460570 0.05372554063796997 0
1732101475708 0.05407658591866493 0
1732101490767 0.053778067231178284 0
1732101505909 0.053255703300237656 0
1732101520953 0.05377683416008949 0
1732101536099 0.05473499372601509 0
1732101551122 0.054230064153671265 0
1732101572434 0.0538102388381958 0
1732101587506 0.05413105711340904 0
1732101602650 0.05501100793480873 0
1732101617702 0.054706647992134094 0
1732101632842 0.05377867445349693 0
1732101647858 0.05441931635141373 0
1732101662990 0.053540438413619995 0
1732101678019 0.05353422835469246 0
1732101693161 0.0535295344889164 0
1732101708171 0.05392957851290703 0
1732101723306 0.05401047691702843 0
1732101738340 0.053899358958005905 0
1732101753476 0.054779961705207825 0
1732101768501 0.05470254272222519 0
1732101783631 0.054789744317531586 0
1732101799849 0.053933411836624146 0
1732101815002 0.05464353784918785 0
1732101830068 0.05441312491893768 0
1732101845183 0.053870007395744324 0
1732101860202 0.05386202409863472 0
1732101875363 0.05376862734556198 0
1732101890418 0.05361676961183548 0
1732101905548 0.053625620901584625 0
1732101920611 0.05434621870517731 0
1732101935775 0.05444978550076485 0
1732101950799 0.05372167378664017 0
1732101965944 0.05365079268813133 0
1732101980988 0.05424167215824127 0
1732101996186 0.05413204804062843 0
1732102011248 0.05396450683474541 0
