1732098563871 1.167630910873413 0
1732098583985 0.8100249171257019 0
1732098603688 0.9147001504898071 0
1732098623511 1.013939380645752 0
1732098643255 0.8426627516746521 0
1732098663139 0.8861467838287354 0
1732098682890 0.9191011786460876 0
1732098702758 0.9703773856163025 0
1732098722559 0.9751984477043152 0
1732098742441 1.0584396123886108 0
1732098762201 0.8933452367782593 0
1732098782101 0.9804989099502563 0
1732098801902 0.8173863887786865 0
1732098821806 0.8141411542892456 0
1732098841532 0.9178251028060913 0
1732098859037 0.9187562465667725 0
1732098876535 0.9145390391349792 0
1732098894031 0.9471613764762878 0
1732098911516 1.0026215314865112 0
1732098929003 0.9607073664665222 0
1732098946508 0.9228874444961548 0
1732098964003 0.8120400905609131 0
1732098980642 0.993843674659729 0
1732098996866 0.9767482876777649 0
1732099013186 0.9860296249389648 0
1732099029528 0.9631291031837463 0
1732099045871 0.9593550562858582 0
1732099062086 0.960655927658081 0
1732099078406 0.9454761147499084 0
1732099094755 0.9179494380950928 0
1732099110458 0.992365837097168 0
1732099126067 1.0481090545654297 0
1732099141678 0.8916438221931458 0
1732099157369 0.8912322521209717 0
1732099173025 0.9618245959281921 0
1732099188628 0.9115816354751587 0
1732099204239 0.9284521341323853 0
1732099219435 1.0998774766921997 0
1732099234594 1.073933482170105 0
1732099249675 0.9233375787734985 0
1732099264866 0.9890182614326477 0
1732099279930 1.0402196645736694 0
1732099295105 0.8560689687728882 0
1732099310204 0.8239638805389404 0
1732099325698 0.9875381588935852 0
1732099340777 0.875616192817688 0
1732099355952 0.858164370059967 0
1732099371035 0.873435378074646 0
1732099386214 0.9571476578712463 0
1732099401294 1.0600591897964478 0
1732099416452 0.8604311943054199 0
1732099431531 0.9207047820091248 0
1732099446707 0.9038333296775818 0
1732099461789 0.8946478962898254 0
1732099476983 1.0701740980148315 0
1732099492051 0.8796445727348328 0
1732099507252 0.8534687757492065 0
1732099522345 0.9606165289878845 0
1732099537523 0.8361942768096924 0
1732099552909 0.7972702980041504 0
1732099568096 0.9523345232009888 0
1732099583162 1.0442711114883423 0
1732099598359 0.9508087038993835 0
1732099613427 0.8692370653152466 0
1732099628594 0.8444845080375671 0
1732099643655 0.7883495688438416 0
1732099658833 0.8805882930755615 0
1732099673892 0.9339809417724609 0
1732099689083 0.8976994156837463 0
1732099704161 0.8795719146728516 0
1732099719361 0.9019404053688049 0
1732099734442 0.8856075406074524 0
1732099749618 0.9055061936378479 0
1732099764713 0.9609043598175049 0
1732099780216 0.9254826903343201 0
1732099795293 0.8696297407150269 0
1732099810475 0.9471893310546875 0
1732099825571 0.920660674571991 0
1732099840742 0.896864116191864 0
1732099855821 0.854005753993988 0
1732099870993 0.8924348950386047 0
1732099886080 0.9731040596961975 0
1732099901257 0.8690240979194641 0
1732099916358 0.8826333284378052 0
1732099931541 0.9594976902008057 0
1732099946617 0.8988780379295349 0
1732099961811 0.9595372676849365 0
1732099976896 0.9037808179855347 0
1732099992429 0.9072263240814209 0
1732100007519 0.884881854057312 0
1732100022723 0.9024289846420288 0
1732100037809 0.8829343318939209 0
1732100052982 0.8829849362373352 0
1732100068054 0.8388922214508057 0
1732100083250 0.9215163588523865 0
1732100098342 0.9245033264160156 0
1732100113527 0.9469667077064514 0
1732100128630 0.9011397957801819 0
1732100143816 0.932335615158081 0
1732100158895 0.9364169836044312 0
1732100174071 0.8332556486129761 0
1732100189132 0.974044144153595 0
1732100204329 0.890788733959198 0
1732100219723 0.9377632737159729 0
1732100234940 0.9490435123443604 0
1732100250020 0.9354584813117981 0
1732100265216 0.8632729649543762 0
1732100280302 0.8921557068824768 0
1732100295501 0.9124495983123779 0
1732100310552 0.9294695854187012 0
1732100325754 0.8934856057167053 0
1732100340871 0.993604302406311 0
1732100356015 0.9664514660835266 0
1732100371083 0.9434242844581604 0
1732100386232 0.9640637636184692 0
1732100401269 0.9844960570335388 0
1732100416426 1.0254279375076294 0
1732100431485 0.9686697721481323 0
1732100446948 0.9800719022750854 0
1732100461987 0.9250730872154236 0
1732100477160 0.8717211484909058 0
1732100492242 0.8876538276672363 0
1732100507426 0.8815549612045288 0
1732100522536 0.9103237390518188 0
1732100537750 0.9027941823005676 0
1732100552817 0.9224366545677185 0
1732100567964 0.8966050744056702 0
1732100583021 0.9248160123825073 0
1732100598183 0.9521661996841431 0
1732100613219 0.8408513069152832 0
1732100628388 0.9709117412567139 0
1732100643458 0.9153938293457031 0
1732100658643 0.9410926699638367 0
1732100673992 0.9478864669799805 0
1732100689117 0.8745085000991821 0
1732100704171 0.89261394739151 0
1732100719334 0.9302497506141663 0
1732100734367 0.8878127336502075 0
1732100749531 0.9221228957176208 0
1732100764586 0.9934845566749573 0
1732100779723 0.9571341276168823 0
1732100794747 0.891466498374939 0
1732100809900 0.9743738174438477 0
1732100824934 0.924024760723114 0
1732100840085 0.9492689371109009 0
1732100855181 0.846106767654419 0
1732100870382 0.9530602097511292 0
1732100885424 0.9419352412223816 0
1732100900916 0.9062709808349609 0
1732100915962 0.9029568433761597 0
1732100931133 0.9402369856834412 0
1732100946227 0.9262176752090454 0
1732100961367 0.9025742411613464 0
1732100976456 0.9533156752586365 0
1732100991613 0.8738446235656738 0
1732101006633 0.9304602742195129 0
1732101021790 0.9376181364059448 0
1732101036850 0.9528124332427979 0
1732101051999 0.9174577593803406 0
1732101067042 0.8977402448654175 0
1732101082190 0.9491259455680847 0
1732101097211 0.9901316165924072 0
1732101112691 0.9231551885604858 0
1732101127765 0.941047191619873 0
1732101142932 0.9052323698997498 0
1732101157982 0.9210994243621826 0
1732101173126 0.957360029220581 0
1732101188154 0.9790949821472168 0
1732101203294 0.953433096408844 0
1732101218348 0.9602330923080444 0
1732101233483 0.9131443500518799 0
1732101248544 0.8820902109146118 0
1732101263672 0.9248607158660889 0
1732101278706 0.9726302027702332 0
1732101293850 0.9220189452171326 0
1732101308885 0.9404816627502441 0
1732101324033 0.926369309425354 0
1732101339907 0.95476233959198 0
1732101355041 0.9514491558074951 0
1732101370082 0.8894733190536499 0
1732101385228 0.9287307858467102 0
1732101400246 0.9782968759536743 0
1732101415371 0.9648036360740662 0
1732101430390 0.9508067965507507 0
1732101445529 0.9166949987411499 0
1732101460570 0.9266549348831177 0
1732101475708 0.9174425005912781 0
1732101490767 0.928807258605957 0
1732101505909 0.9489085078239441 0
1732101520953 0.9156056046485901 0
1732101536099 0.9466611742973328 0
1732101551122 0.9055008888244629 0
1732101572434 0.9156388640403748 0
1732101587506 0.9144291877746582 0
1732101602650 0.9448193907737732 0
1732101617702 0.9478772878646851 0
1732101632842 0.9650440812110901 0
1732101647858 0.9666666984558105 0
1732101662990 0.9716386198997498 0
1732101678019 0.9222005605697632 0
1732101693161 0.913005530834198 0
1732101708171 0.9260500073432922 0
1732101723306 0.919767439365387 0
1732101738340 0.8972533941268921 0
1732101753476 0.924980640411377 0
1732101768501 0.9497500061988831 0
1732101783631 0.9359630942344666 0
1732101799849 0.9300938248634338 0
1732101815002 0.9479561448097229 0
1732101830068 0.9717184901237488 0
1732101845183 0.927209734916687 0
1732101860202 0.9512431621551514 0
1732101875363 0.8927975296974182 0
1732101890418 0.9212824106216431 0
1732101905548 0.9277858734130859 0
1732101920611 0.9352697134017944 0
1732101935775 0.9525466561317444 0
1732101950799 0.919710636138916 0
1732101965944 0.9620082974433899 0
1732101980988 0.9236291646957397 0
1732101996186 0.9205601215362549 0
1732102011248 0.9697864055633545 0
