1732098563871 0.2546537518501282 0
1732098583985 0.1825380027294159 0
1732098603688 0.1224423423409462 0
1732098623511 0.09916779398918152 0
1732098643255 0.08480074256658554 0
1732098663139 0.07480986416339874 0
1732098682890 0.0698956847190857 0
1732098702758 0.06377612054347992 0
1732098722559 0.06052771955728531 0
1732098742441 0.0594140961766243 0
1732098762201 0.05653951317071915 0
1732098782101 0.05389034375548363 0
1732098801902 0.052359942346811295 0
1732098821806 0.053109075874090195 0
1732098841532 0.0527743399143219 0
1732098859037 0.04929685592651367 0
1732098876535 0.05023602396249771 0
1732098894031 0.04836307466030121 0
1732098911516 0.04755035787820816 0
1732098929003 0.04694183170795441 0
1732098946508 0.049943700432777405 0
1732098964003 0.04560694471001625 0
1732098980642 0.04560180753469467 0
1732098996866 0.045037589967250824 0
1732099013186 0.0456429198384285 0
1732099029528 0.043539904057979584 0
1732099045871 0.044427383691072464 0
1732099062086 0.04336477071046829 0
1732099078406 0.04478960484266281 0
1732099094755 0.041288550943136215 0
1732099110458 0.040710993111133575 0
1732099126067 0.04376022145152092 0
1732099141678 0.04028886556625366 0
1732099157369 0.042112190276384354 0
1732099173025 0.0406065471470356 0
1732099188628 0.04059272259473801 0
1732099204239 0.040913816541433334 0
1732099219435 0.04071734845638275 0
1732099234594 0.03981993719935417 0
1732099249675 0.03955205902457237 0
1732099264866 0.04149053245782852 0
1732099279930 0.039822861552238464 0
1732099295105 0.04039812833070755 0
1732099310204 0.04066520929336548 0
1732099325698 0.03902282565832138 0
1732099340777 0.03972630202770233 0
1732099355952 0.039210639894008636 0
1732099371035 0.03978034108877182 0
1732099386214 0.03870459645986557 0
1732099401294 0.03795861452817917 0
1732099416452 0.03876432031393051 0
1732099431531 0.04026061296463013 0
1732099446707 0.037951916456222534 0
1732099461789 0.03625809773802757 0
1732099476983 0.03776312991976738 0
1732099492051 0.03730387985706329 0
1732099507252 0.037923414260149 0
1732099522345 0.037103429436683655 0
1732099537523 0.03739343583583832 0
1732099552909 0.03566614165902138 0
1732099568096 0.03430844843387604 0
1732099583162 0.035957638174295425 0
1732099598359 0.036543749272823334 0
1732099613427 0.03608686849474907 0
1732099628594 0.0347726047039032 0
1732099643655 0.0345647819340229 0
1732099658833 0.03584515303373337 0
1732099673892 0.036563217639923096 0
1732099689083 0.036121293902397156 0
1732099704161 0.035877570509910583 0
1732099719361 0.03442218154668808 0
1732099734442 0.033634234219789505 0
1732099749618 0.03377046808600426 0
1732099764713 0.03453577309846878 0
1732099780216 0.0339115634560585 0
1732099795293 0.03424493595957756 0
1732099810475 0.03394749388098717 0
1732099825571 0.032878294587135315 0
1732099840742 0.03225483372807503 0
1732099855821 0.03299257159233093 0
1732099870993 0.03396091237664223 0
1732099886080 0.03199467062950134 0
1732099901257 0.03207333758473396 0
1732099916358 0.03252566605806351 0
1732099931541 0.032324135303497314 0
1732099946617 0.03244851529598236 0
1732099961811 0.032350629568099976 0
1732099976896 0.03141240030527115 0
1732099992429 0.03211081027984619 0
1732100007519 0.03223109617829323 0
1732100022723 0.03238207846879959 0
1732100037809 0.03260045126080513 0
1732100052982 0.029779383912682533 0
1732100068054 0.029202749952673912 0
1732100083250 0.03134434297680855 0
1732100098342 0.028768140822649002 0
1732100113527 0.030202236026525497 0
1732100128630 0.030067650601267815 0
1732100143816 0.030707161873579025 0
1732100158895 0.03016793355345726 0
1732100174071 0.02846619486808777 0
1732100189132 0.029319465160369873 0
1732100204329 0.030155375599861145 0
1732100219723 0.028439387679100037 0
1732100234940 0.02828403376042843 0
1732100250020 0.02787608839571476 0
1732100265216 0.028626123443245888 0
1732100280302 0.02825155295431614 0
1732100295501 0.02889368124306202 0
1732100310552 0.02801651880145073 0
1732100325754 0.029414890334010124 0
1732100340871 0.02918650582432747 0
1732100356015 0.029492149129509926 0
1732100371083 0.026894938200712204 0
1732100386232 0.02738151140511036 0
1732100401269 0.027577096596360207 0
1732100416426 0.02691895142197609 0
1732100431485 0.02779141440987587 0
1732100446948 0.02912554144859314 0
1732100461987 0.02770010009407997 0
1732100477160 0.02651909552514553 0
1732100492242 0.026874519884586334 0
1732100507426 0.02581176720559597 0
1732100522536 0.025864887982606888 0
1732100537750 0.026624251157045364 0
1732100552817 0.027503158897161484 0
1732100567964 0.026480987668037415 0
1732100583021 0.028163425624370575 0
1732100598183 0.0268325824290514 0
1732100613219 0.026433687657117844 0
1732100628388 0.026780905202031136 0
1732100643458 0.026307817548513412 0
1732100658643 0.026533734053373337 0
1732100673992 0.025737397372722626 0
1732100689117 0.02530236728489399 0
1732100704171 0.025107618421316147 0
1732100719334 0.026386931538581848 0
1732100734367 0.025502247735857964 0
1732100749531 0.026859421283006668 0
1732100764586 0.025491002947092056 0
1732100779723 0.025841373950242996 0
1732100794747 0.025859735906124115 0
1732100809900 0.0253033097833395 0
1732100824934 0.024755731225013733 0
1732100840085 0.02550116553902626 0
1732100855181 0.025338195264339447 0
1732100870382 0.02478683739900589 0
1732100885424 0.025204457342624664 0
1732100900916 0.0237714946269989 0
1732100915962 0.02468801662325859 0
1732100931133 0.02475602738559246 0
1732100946227 0.024867724627256393 0
1732100961367 0.0242797639220953 0
1732100976456 0.024915922433137894 0
1732100991613 0.0251174159348011 0
1732101006633 0.02485916018486023 0
1732101021790 0.023178324103355408 0
1732101036850 0.02454131282866001 0
1732101051999 0.02481207251548767 0
1732101067042 0.024695269763469696 0
1732101082190 0.02443457767367363 0
1732101097211 0.02455732971429825 0
1732101112691 0.024553373456001282 0
1732101127765 0.022737987339496613 0
1732101142932 0.024526990950107574 0
1732101157982 0.024327781051397324 0
1732101173126 0.024306870996952057 0
1732101188154 0.023557743057608604 0
1732101203294 0.024370573461055756 0
1732101218348 0.025088749825954437 0
1732101233483 0.024734407663345337 0
1732101248544 0.023845819756388664 0
1732101263672 0.02405325509607792 0
1732101278706 0.02330370619893074 0
1732101293850 0.023464225232601166 0
1732101308885 0.02420707792043686 0
1732101324033 0.023467611521482468 0
1732101339907 0.02391512505710125 0
1732101355041 0.02343500405550003 0
1732101370082 0.022882256656885147 0
1732101385228 0.023549798876047134 0
1732101400246 0.022969430312514305 0
1732101415371 0.02269652858376503 0
1732101430390 0.023437650874257088 0
1732101445529 0.023278409615159035 0
1732101460570 0.02308126538991928 0
1732101475708 0.023227185010910034 0
1732101490767 0.023501062765717506 0
1732101505909 0.02305087074637413 0
1732101520953 0.022088732570409775 0
1732101536099 0.0225226990878582 0
1732101551122 0.022225942462682724 0
1732101572434 0.021656610071659088 0
1732101587506 0.02261379174888134 0
1732101602650 0.022641588002443314 0
1732101617702 0.023298870772123337 0
1732101632842 0.022310558706521988 0
1732101647858 0.021485526114702225 0
1732101662990 0.021572045981884003 0
1732101678019 0.02194308117032051 0
1732101693161 0.02224201336503029 0
1732101708171 0.023048266768455505 0
1732101723306 0.021743664517998695 0
1732101738340 0.02124175801873207 0
1732101753476 0.022136300802230835 0
1732101768501 0.022474074736237526 0
1732101783631 0.022295640781521797 0
1732101799849 0.022187432274222374 0
1732101815002 0.02154356986284256 0
1732101830068 0.022262565791606903 0
1732101845183 0.02133340574800968 0
1732101860202 0.0216960608959198 0
1732101875363 0.021704332903027534 0
1732101890418 0.022432543337345123 0
1732101905548 0.021807044744491577 0
1732101920611 0.022306054830551147 0
1732101935775 0.02073146402835846 0
1732101950799 0.02104269340634346 0
1732101965944 0.021197814494371414 0
1732101980988 0.02134682983160019 0
1732101996186 0.021102923899888992 0
1732102011248 0.021329347044229507 0
