1732098563871 19.578025817871094 0
1732098583985 20.46746063232422 0
1732098603688 21.14069366455078 0
1732098623511 21.38142967224121 0
1732098643255 21.416648864746094 0
1732098663139 21.36983871459961 0
1732098682890 21.788612365722656 0
1732098702758 21.257125854492188 0
1732098722559 22.349138259887695 0
1732098742441 21.52940559387207 0
1732098762201 21.979230880737305 0
1732098782101 22.28075408935547 0
1732098801902 22.05524253845215 0
1732098821806 22.46025276184082 0
1732098841532 22.78227424621582 0
1732098859037 22.542753219604492 0
1732098876535 22.25558853149414 0
1732098894031 22.30242156982422 0
1732098911516 22.759971618652344 0
1732098929003 22.699867248535156 0
1732098946508 22.63994598388672 0
1732098964003 22.897371292114258 0
1732098980642 22.9592227935791 0
1732098996866 22.938831329345703 0
1732099013186 22.49127769470215 0
1732099029528 23.456857681274414 0
1732099045871 22.804508209228516 0
1732099062086 22.9242000579834 0
1732099078406 22.823122024536133 0
1732099094755 22.927736282348633 0
1732099110458 22.811037063598633 0
1732099126067 22.723587036132812 0
1732099141678 23.099416732788086 0
1732099157369 23.14006996154785 0
1732099173025 22.401325225830078 0
1732099188628 22.801790237426758 0
1732099204239 23.05767822265625 0
1732099219435 23.623464584350586 0
1732099234594 23.21460723876953 0
1732099249675 23.02667808532715 0
1732099264866 22.917314529418945 0
1732099279930 22.975156784057617 0
1732099295105 23.476531982421875 0
1732099310204 23.508907318115234 0
1732099325698 23.87006378173828 0
1732099340777 23.477766036987305 0
1732099355952 23.063844680786133 0
1732099371035 23.53670310974121 0
1732099386214 23.487947463989258 0
1732099401294 23.491228103637695 0
1732099416452 23.534915924072266 0
1732099431531 23.280675888061523 0
1732099446707 23.955358505249023 0
1732099461789 23.4758243560791 0
1732099476983 23.41960334777832 0
1732099492051 23.720348358154297 0
1732099507252 23.667570114135742 0
1732099522345 23.22173309326172 0
1732099537523 23.314714431762695 0
1732099552909 23.504030227661133 0
1732099568096 23.107818603515625 0
1732099583162 23.829498291015625 0
1732099598359 23.064388275146484 0
1732099613427 23.359718322753906 0
1732099628594 24.078018188476562 0
1732099643655 23.517820358276367 0
1732099658833 23.81197738647461 0
1732099673892 24.10508155822754 0
1732099689083 24.108766555786133 0
1732099704161 23.5164794921875 0
1732099719361 24.485681533813477 0
1732099734442 23.522565841674805 0
1732099749618 23.91263771057129 0
1732099764713 23.590557098388672 0
1732099780216 24.90073013305664 0
1732099795293 23.492515563964844 0
1732099810475 23.696332931518555 0
1732099825571 24.057945251464844 0
1732099840742 23.798065185546875 0
1732099855821 24.762475967407227 0
1732099870993 24.253522872924805 0
1732099886080 24.279813766479492 0
1732099901257 24.329309463500977 0
1732099916358 24.17723846435547 0
1732099931541 23.87739372253418 0
1732099946617 23.960880279541016 0
1732099961811 24.295034408569336 0
1732099976896 24.539409637451172 0
1732099992429 24.624818801879883 0
1732100007519 24.456193923950195 0
1732100022723 24.618555068969727 0
1732100037809 24.29219627380371 0
1732100052982 24.486330032348633 0
1732100068054 24.55815315246582 0
1732100083250 24.16620635986328 0
1732100098342 24.98564338684082 0
1732100113527 24.08563804626465 0
1732100128630 24.380544662475586 0
1732100143816 24.748899459838867 0
1732100158895 24.591604232788086 0
1732100174071 25.041061401367188 0
1732100189132 24.936262130737305 0
1732100204329 24.340858459472656 0
1732100219723 24.466915130615234 0
1732100234940 24.580322265625 0
1732100250020 25.423505783081055 0
1732100265216 24.612857818603516 0
1732100280302 24.930706024169922 0
1732100295501 24.248693466186523 0
1732100310552 24.653213500976562 0
1732100325754 24.297883987426758 0
1732100340871 24.820661544799805 0
1732100356015 24.614612579345703 0
1732100371083 25.301528930664062 0
1732100386232 24.990989685058594 0
1732100401269 24.54013442993164 0
1732100416426 24.401071548461914 0
1732100431485 24.95323944091797 0
1732100446948 24.72344970703125 0
1732100461987 25.19081687927246 0
1732100477160 25.54222297668457 0
1732100492242 25.03731918334961 0
1732100507426 25.001359939575195 0
1732100522536 25.453535079956055 0
1732100537750 25.227785110473633 0
1732100552817 25.340688705444336 0
1732100567964 25.895458221435547 0
1732100583021 24.983966827392578 0
1732100598183 25.58358383178711 0
1732100613219 25.17942237854004 0
1732100628388 24.165023803710938 0
1732100643458 25.710552215576172 0
1732100658643 25.19532012939453 0
1732100673992 25.434459686279297 0
1732100689117 24.91250228881836 0
1732100704171 25.007221221923828 0
1732100719334 24.971046447753906 0
1732100734367 25.311800003051758 0
1732100749531 24.708221435546875 0
1732100764586 25.093063354492188 0
1732100779723 25.40032196044922 0
1732100794747 24.919328689575195 0
1732100809900 24.864151000976562 0
1732100824934 25.642221450805664 0
1732100840085 24.957019805908203 0
1732100855181 24.23385238647461 0
1732100870382 25.170917510986328 0
1732100885424 24.941509246826172 0
1732100900916 25.505373001098633 0
1732100915962 25.5372371673584 0
1732100931133 25.072776794433594 0
1732100946227 25.656394958496094 0
1732100961367 25.324872970581055 0
1732100976456 25.064315795898438 0
1732100991613 25.739118576049805 0
1732101006633 25.255311965942383 0
1732101021790 25.948265075683594 0
1732101036850 25.955358505249023 0
1732101051999 25.311792373657227 0
1732101067042 25.12693214416504 0
1732101082190 25.53409767150879 0
1732101097211 25.45078468322754 0
1732101112691 25.045013427734375 0
1732101127765 25.901107788085938 0
1732101142932 26.308393478393555 0
1732101157982 25.07234001159668 0
1732101173126 25.791715621948242 0
1732101188154 25.409454345703125 0
1732101203294 25.92357063293457 0
1732101218348 25.602357864379883 0
1732101233483 25.087562561035156 0
1732101248544 25.52338981628418 0
1732101263672 25.42471694946289 0
1732101278706 25.736919403076172 0
1732101293850 25.718027114868164 0
1732101308885 25.633892059326172 0
1732101324033 25.46877098083496 0
1732101339907 26.049240112304688 0
1732101355041 26.181509017944336 0
1732101370082 26.02818489074707 0
1732101385228 25.616973876953125 0
1732101400246 25.799022674560547 0
1732101415371 25.817039489746094 0
1732101430390 26.215185165405273 0
1732101445529 25.684123992919922 0
1732101460570 26.36270523071289 0
1732101475708 25.327762603759766 0
1732101490767 25.89529037475586 0
1732101505909 25.681644439697266 0
1732101520953 25.8362979888916 0
1732101536099 25.787761688232422 0
1732101551122 26.033771514892578 0
1732101572434 25.73577117919922 0
1732101587506 26.47945213317871 0
1732101602650 25.755292892456055 0
1732101617702 25.816301345825195 0
1732101632842 26.039461135864258 0
1732101647858 26.06488800048828 0
1732101662990 26.09001922607422 0
1732101678019 26.371971130371094 0
1732101693161 26.65906524658203 0
1732101708171 26.374204635620117 0
1732101723306 25.749643325805664 0
1732101738340 26.17120933532715 0
1732101753476 26.173419952392578 0
1732101768501 26.369094848632812 0
1732101783631 25.885986328125 0
1732101799849 25.7098445892334 0
1732101815002 26.297765731811523 0
1732101830068 26.435104370117188 0
1732101845183 25.453899383544922 0
1732101860202 25.612451553344727 0
1732101875363 27.18407440185547 0
1732101890418 25.369129180908203 0
1732101905548 26.30660629272461 0
1732101920611 26.340539932250977 0
1732101935775 25.806058883666992 0
1732101950799 26.36343765258789 0
1732101965944 26.618131637573242 0
1732101980988 25.905574798583984 0
1732101996186 26.117177963256836 0
1732102011248 25.796064376831055 0
