1731856313529 0.7175460457801819 0
1731856332786 0.8317810297012329 0
1731856352033 0.85335373878479 0
1731856371667 0.8510529398918152 0
1731856391330 0.8222803473472595 0
1731856411144 0.7749676704406738 0
1731856430909 0.7350454926490784 0
1731856450831 0.7134729027748108 0
1731856470661 0.6742562055587769 0
1731856490608 0.6307159066200256 0
1731856510462 0.5939944386482239 0
1731856530398 0.5683012008666992 0
1731856550272 0.5313351154327393 0
1731856570303 0.5169984102249146 0
1731856590171 0.5032981634140015 0
1731856607975 0.47950834035873413 0
1731856625788 0.4625887870788574 0
1731856643577 0.4449827969074249 0
1731856661391 0.42213496565818787 0
1731856679182 0.4161215126514435 0
1731856697000 0.4005275070667267 0
1731856714795 0.40199631452560425 0
1731856731832 0.38552382588386536 0
1731856748491 0.37549638748168945 0
1731856765215 0.3665773570537567 0
1731856781936 0.36811086535453796 0
1731856798706 0.35713502764701843 0
1731856815374 0.3568461239337921 0
1731856832135 0.3436053395271301 0
1731856848957 0.34449851512908936 0
1731856865064 0.3358292579650879 0
1731856881149 0.33781182765960693 0
1731856897267 0.33559703826904297 0
1731856913378 0.32261228561401367 0
1731856929508 0.32406407594680786 0
1731856945610 0.32188671827316284 0
1731856961736 0.31610697507858276 0
1731856977467 0.3170931935310364 0
1731856993193 0.30946338176727295 0
1731857008811 0.3119737207889557 0
1731857024572 0.31157106161117554 0
1731857040209 0.3079415559768677 0
1731857055937 0.3059293329715729 0
1731857071580 0.2989237606525421 0
1731857087635 0.30052146315574646 0
1731857103273 0.3017771244049072 0
1731857119005 0.30316025018692017 0
1731857134655 0.30012452602386475 0
1731857150383 0.2984127998352051 0
1731857166037 0.30169442296028137 0
1731857181773 0.3004295527935028 0
1731857197442 0.2955477237701416 0
1731857213184 0.2959299385547638 0
1731857228856 0.2972228229045868 0
1731857244602 0.293129563331604 0
1731857260252 0.2882305979728699 0
1731857276004 0.2884500324726105 0
1731857291672 0.29172462224960327 0
1731857307434 0.28765130043029785 0
1731857323412 0.2861012816429138 0
1731857339154 0.2855737805366516 0
1731857354821 0.28656479716300964 0
1731857370588 0.28635725378990173 0
1731857386256 0.2843688428401947 0
1731857402016 0.2884215712547302 0
1731857417674 0.28957247734069824 0
1731857433441 0.2861160337924957 0
1731857449107 0.2796257734298706 0
1731857464890 0.2800801396369934 0
1731857480555 0.2818283438682556 0
1731857496336 0.2839601933956146 0
1731857512018 0.28525856137275696 0
1731857527770 0.27688151597976685 0
1731857543444 0.27672064304351807 0
1731857559601 0.27710863947868347 0
1731857575296 0.27940425276756287 0
1731857591060 0.27956268191337585 0
1731857606751 0.27877160906791687 0
1731857622543 0.27267971634864807 0
1731857638217 0.27649247646331787 0
1731857654004 0.27718019485473633 0
1731857669686 0.27477195858955383 0
1731857685461 0.2761271297931671 0
1731857701160 0.2723669707775116 0
1731857716954 0.27316907048225403 0
1731857732657 0.27485597133636475 0
1731857748441 0.27527472376823425 0
1731857764125 0.2723722755908966 0
1731857780215 0.27530160546302795 0
1731857795896 0.27371662855148315 0
1731857811682 0.27227121591567993 0
1731857827371 0.2755914330482483 0
1731857843139 0.27464064955711365 0
1731857858824 0.27526798844337463 0
1731857874618 0.2747918367385864 0
1731857890330 0.2728063762187958 0
1731857906105 0.2747213542461395 0
1731857921804 0.2695607542991638 0
1731857937587 0.2747741639614105 0
1731857953288 0.2739618718624115 0
1731857969066 0.27195894718170166 0
1731857984772 0.27238672971725464 0
1731858000561 0.26824483275413513 0
1731858016565 0.26940637826919556 0
1731858032372 0.27237579226493835 0
1731858048067 0.2704063057899475 0
1731858063853 0.26982685923576355 0
1731858079542 0.26837748289108276 0
1731858095342 0.26901671290397644 0
1731858111017 0.26850178837776184 0
1731858126821 0.27056559920310974 0
1731858142528 0.26798418164253235 0
1731858158347 0.26671382784843445 0
1731858174061 0.26480087637901306 0
1731858189890 0.26833051443099976 0
1731858205599 0.2685874104499817 0
1731858221407 0.268194317817688 0
1731858237108 0.26793450117111206 0
1731858253272 0.26810431480407715 0
1731858268972 0.2676590383052826 0
1731858284776 0.26716017723083496 0
1731858300466 0.2629314363002777 0
1731858316288 0.26621919870376587 0
1731858331983 0.26386502385139465 0
1731858347789 0.26443934440612793 0
1731858363503 0.2626139521598816 0
1731858379310 0.2646697461605072 0
1731858395013 0.267324835062027 0
1731858410807 0.262833833694458 0
1731858426493 0.26605379581451416 0
1731858442287 0.2634795904159546 0
1731858458004 0.265025794506073 0
1731858473824 0.26306161284446716 0
1731858489901 0.26126787066459656 0
1731858505710 0.26316431164741516 0
1731858521437 0.2642036974430084 0
1731858537245 0.2646424472332001 0
1731858552937 0.26082614064216614 0
1731858568786 0.2605816423892975 0
1731858584501 0.2630883455276489 0
1731858600287 0.26099467277526855 0
1731858615986 0.2605310380458832 0
1731858631798 0.26229947805404663 0
1731858647506 0.26249438524246216 0
1731858663328 0.2600368857383728 0
1731858679047 0.2588684558868408 0
1731858694872 0.26236492395401 0
1731858710595 0.26161110401153564 0
1731858726755 0.26176485419273376 0
1731858742463 0.2621508538722992 0
1731858758264 0.26334404945373535 0
1731858773982 0.2617083489894867 0
1731858789786 0.26007819175720215 0
1731858805489 0.26079216599464417 0
1731858821303 0.2601611316204071 0
1731858837010 0.2607705891132355 0
1731858852832 0.2607268989086151 0
1731858868540 0.2593560814857483 0
1731858884341 0.2625887989997864 0
1731858900061 0.26099446415901184 0
1731858915882 0.25718361139297485 0
1731858931582 0.2605340778827667 0
1731858947760 0.25999319553375244 0
1731858963465 0.261435866355896 0
1731858979257 0.2605454921722412 0
1731858994964 0.26119324564933777 0
1731859010759 0.2586873471736908 0
1731859026488 0.2604665756225586 0
1731859042307 0.25904372334480286 0
1731859058033 0.2591761350631714 0
1731859073822 0.2591826319694519 0
1731859089556 0.25932592153549194 0
1731859105379 0.2590079605579376 0
1731859121095 0.25921210646629333 0
1731859136919 0.2559479773044586 0
1731859152651 0.2600603401660919 0
1731859168459 0.25871410965919495 0
1731859184524 0.258722722530365 0
1731859200352 0.25746840238571167 0
1731859216091 0.25752079486846924 0
1731859231912 0.2572806775569916 0
1731859247616 0.25755956768989563 0
1731859263400 0.2575679123401642 0
1731859279108 0.2569540739059448 0
1731859294893 0.2563819885253906 0
1731859310615 0.2564564347267151 0
1731859326468 0.2568510174751282 0
1731859342172 0.2577683925628662 0
1731859357967 0.2543840706348419 0
1731859373688 0.25735002756118774 0
1731859389485 0.2548891305923462 0
1731859405208 0.2537452280521393 0
1731859421357 0.25512030720710754 0
1731859437088 0.25573575496673584 0
1731859452918 0.2576296329498291 0
1731859468628 0.25675034523010254 0
1731859484441 0.25826844573020935 0
1731859500125 0.25588086247444153 0
1731859515909 0.2550358772277832 0
1731859531618 0.25563719868659973 0
1731859547417 0.2575291395187378 0
1731859563117 0.256225049495697 0
1731859578917 0.25434184074401855 0
1731859594610 0.2548641562461853 0
1731859610408 0.2547258138656616 0
1731859626099 0.2547256350517273 0
1731859641883 0.25629720091819763 0
1731859657931 0.25608864426612854 0
1731859673725 0.25668033957481384 0
1731859689430 0.25460439920425415 0
1731859705215 0.2542327344417572 0
1731859720912 0.254404753446579 0
1731859736712 0.25252366065979004 0
1731859752385 0.25385937094688416 0
1731859768156 0.2532552480697632 0
1731859783859 0.25402894616127014 0
1731859799670 0.25385329127311707 0
1731859815364 0.25307273864746094 0
1731859831157 0.2537122070789337 0
1731859846857 0.2534404993057251 0
1731859862643 0.25261539220809937 0
1731859878324 0.2550394535064697 0
