1731856313529 0.045789722353219986 0
1731856332786 0.055977437645196915 0
1731856352033 0.060872189700603485 0
1731856371667 0.06363532692193985 0
1731856391330 0.06926067173480988 0
1731856411144 0.06904812157154083 0
1731856430909 0.06861717253923416 0
1731856450831 0.0711139664053917 0
1731856470661 0.06676558405160904 0
1731856490608 0.06453818082809448 0
1731856510462 0.0619729720056057 0
1731856530398 0.05954263359308243 0
1731856550272 0.05681661516427994 0
1731856570303 0.0534360446035862 0
1731856590171 0.05184100195765495 0
1731856607975 0.048541709780693054 0
1731856625788 0.04700533673167229 0
1731856643577 0.044247180223464966 0
1731856661391 0.04163648560643196 0
1731856679182 0.038586150854825974 0
1731856697000 0.03695881366729736 0
1731856714795 0.036674149334430695 0
1731856731832 0.035897452384233475 0
1731856748491 0.033960919827222824 0
1731856765215 0.03276343643665314 0
1731856781936 0.030427705496549606 0
1731856798706 0.03007410280406475 0
1731856815374 0.030021458864212036 0
1731856832135 0.029017582535743713 0
1731856848957 0.030257977545261383 0
1731856865064 0.029741574078798294 0
1731856881149 0.030109839513897896 0
1731856897267 0.0297700222581625 0
1731856913378 0.030054714530706406 0
1731856929508 0.029672659933567047 0
1731856945610 0.029228558763861656 0
1731856961736 0.03000600077211857 0
1731856977467 0.02991148643195629 0
1731856993193 0.029912883415818214 0
1731857008811 0.02961410954594612 0
1731857024572 0.029998229816555977 0
1731857040209 0.030430754646658897 0
1731857055937 0.030443811789155006 0
1731857071580 0.030531136319041252 0
1731857087635 0.029906699433922768 0
1731857103273 0.030413860455155373 0
1731857119005 0.031021583825349808 0
1731857134655 0.030987070873379707 0
1731857150383 0.03168043866753578 0
1731857166037 0.03220367804169655 0
1731857181773 0.0322139635682106 0
1731857197442 0.03140953183174133 0
1731857213184 0.03097476065158844 0
1731857228856 0.03200383484363556 0
1731857244602 0.03161713108420372 0
1731857260252 0.03261253610253334 0
1731857276004 0.031979143619537354 0
1731857291672 0.03275608271360397 0
1731857307434 0.031726088374853134 0
1731857323412 0.03286038711667061 0
1731857339154 0.032755207270383835 0
1731857354821 0.03243878483772278 0
1731857370588 0.03252829611301422 0
1731857386256 0.0316903181374073 0
1731857402016 0.033125750720500946 0
1731857417674 0.03292258456349373 0
1731857433441 0.032700181007385254 0
1731857449107 0.03325210139155388 0
1731857464890 0.03334846347570419 0
1731857480555 0.0328977145254612 0
1731857496336 0.03239498287439346 0
1731857512018 0.03279823437333107 0
1731857527770 0.033228494226932526 0
1731857543444 0.033266667276620865 0
1731857559601 0.033272627741098404 0
1731857575296 0.03332606330513954 0
1731857591060 0.03252222388982773 0
1731857606751 0.0334186889231205 0
1731857622543 0.033110637217760086 0
1731857638217 0.03280789405107498 0
1731857654004 0.03302351385354996 0
1731857669686 0.033382464200258255 0
1731857685461 0.033207252621650696 0
1731857701160 0.033865172415971756 0
1731857716954 0.033633891493082047 0
1731857732657 0.03378835320472717 0
1731857748441 0.03395736217498779 0
1731857764125 0.03337644785642624 0
1731857780215 0.03403579071164131 0
1731857795896 0.03385627269744873 0
1731857811682 0.033631034195423126 0
1731857827371 0.03407461941242218 0
1731857843139 0.034309424459934235 0
1731857858824 0.03341948240995407 0
1731857874618 0.03337181359529495 0
1731857890330 0.03436964750289917 0
1731857906105 0.03424007073044777 0
1731857921804 0.033876124769449234 0
1731857937587 0.03497372195124626 0
1731857953288 0.03487825766205788 0
1731857969066 0.03455322980880737 0
1731857984772 0.03435755893588066 0
1731858000561 0.03464343026280403 0
1731858016565 0.03464937582612038 0
1731858032372 0.03422843664884567 0
1731858048067 0.03472014516592026 0
1731858063853 0.034034743905067444 0
1731858079542 0.034587208181619644 0
1731858095342 0.03483324870467186 0
1731858111017 0.0341775044798851 0
1731858126821 0.03435255214571953 0
1731858142528 0.03406556695699692 0
1731858158347 0.034457478672266006 0
1731858174061 0.03447279334068298 0
1731858189890 0.0343671515583992 0
1731858205599 0.03415574133396149 0
1731858221407 0.034977320581674576 0
1731858237108 0.0347273014485836 0
1731858253272 0.034876175224781036 0
1731858268972 0.03476101905107498 0
1731858284776 0.03454965725541115 0
1731858300466 0.034310612827539444 0
1731858316288 0.03496882691979408 0
1731858331983 0.03463202714920044 0
1731858347789 0.03483131155371666 0
1731858363503 0.03444705531001091 0
1731858379310 0.03470592573285103 0
1731858395013 0.03453459218144417 0
1731858410807 0.03426063433289528 0
1731858426493 0.03469243273139 0
1731858442287 0.034834157675504684 0
1731858458004 0.03499586135149002 0
1731858473824 0.0348479337990284 0
1731858489901 0.0349096953868866 0
1731858505710 0.03500102087855339 0
1731858521437 0.03483051061630249 0
1731858537245 0.0347854383289814 0
1731858552937 0.034862253814935684 0
1731858568786 0.034919679164886475 0
1731858584501 0.03508632630109787 0
1731858600287 0.03496589884161949 0
1731858615986 0.03428305312991142 0
1731858631798 0.03440152481198311 0
1731858647506 0.03414301201701164 0
1731858663328 0.03473072126507759 0
1731858679047 0.03469904512166977 0
1731858694872 0.03440532460808754 0
1731858710595 0.034292057156562805 0
1731858726755 0.03449621424078941 0
1731858742463 0.03446038067340851 0
1731858758264 0.034530848264694214 0
1731858773982 0.034630920737981796 0
1731858789786 0.03500770404934883 0
1731858805489 0.034826505929231644 0
1731858821303 0.03504960983991623 0
1731858837010 0.03514740988612175 0
1731858852832 0.03561754524707794 0
1731858868540 0.03520800545811653 0
1731858884341 0.03568423539400101 0
1731858900061 0.0354200042784214 0
1731858915882 0.035382889211177826 0
1731858931582 0.035160165280103683 0
1731858947760 0.03516430780291557 0
1731858963465 0.035119008272886276 0
1731858979257 0.03506071865558624 0
1731858994964 0.03479404374957085 0
1731859010759 0.03523530438542366 0
1731859026488 0.034916140139102936 0
1731859042307 0.03527790307998657 0
1731859058033 0.0349237434566021 0
1731859073822 0.03520897775888443 0
1731859089556 0.035399701446294785 0
1731859105379 0.0351199135184288 0
1731859121095 0.03510284423828125 0
1731859136919 0.03486420214176178 0
1731859152651 0.035217005759477615 0
1731859168459 0.035060130059719086 0
1731859184524 0.03501516208052635 0
1731859200352 0.03505055606365204 0
1731859216091 0.03554821386933327 0
1731859231912 0.03521895781159401 0
1731859247616 0.03547731414437294 0
1731859263400 0.03572547808289528 0
1731859279108 0.035545531660318375 0
1731859294893 0.03545285761356354 0
1731859310615 0.03525849059224129 0
1731859326468 0.03504439443349838 0
1731859342172 0.03526584431529045 0
1731859357967 0.03538159281015396 0
1731859373688 0.03540103882551193 0
1731859389485 0.03524382412433624 0
1731859405208 0.03537596017122269 0
1731859421357 0.03524436056613922 0
1731859437088 0.035099130123853683 0
1731859452918 0.03505805507302284 0
1731859468628 0.035180751234292984 0
1731859484441 0.03501709923148155 0
1731859500125 0.03512201085686684 0
1731859515909 0.03507024794816971 0
1731859531618 0.03500279784202576 0
1731859547417 0.03478120267391205 0
1731859563117 0.035061102360486984 0
1731859578917 0.03509913757443428 0
1731859594610 0.035194285213947296 0
1731859610408 0.03501270338892937 0
1731859626099 0.03507454693317413 0
1731859641883 0.03548244759440422 0
1731859657931 0.03519317880272865 0
1731859673725 0.035111911594867706 0
1731859689430 0.0353272520005703 0
1731859705215 0.03499215841293335 0
1731859720912 0.035210251808166504 0
1731859736712 0.03530742600560188 0
1731859752385 0.03534751012921333 0
1731859768156 0.03533923253417015 0
1731859783859 0.035215094685554504 0
1731859799670 0.03530624881386757 0
1731859815364 0.034946415573358536 0
1731859831157 0.03521808236837387 0
1731859846857 0.03512272611260414 0
1731859862643 0.03525945171713829 0
1731859878324 0.035211142152547836 0
