1731856313529 2.2963738441467285 0
1731856332786 1.779236912727356 0
1731856352033 2.0061707496643066 0
1731856371667 2.0563619136810303 0
1731856391330 2.019047737121582 0
1731856411144 2.0175185203552246 0
1731856430909 2.0282061100006104 0
1731856450831 1.9227882623672485 0
1731856470661 1.9807606935501099 0
1731856490608 1.8895680904388428 0
1731856510462 1.8791804313659668 0
1731856530398 1.758237600326538 0
1731856550272 1.6201249361038208 0
1731856570303 1.5801644325256348 0
1731856590171 1.4572709798812866 0
1731856607975 1.4630202054977417 0
1731856625788 1.3767032623291016 0
1731856643577 1.2764248847961426 0
1731856661391 1.270273208618164 0
1731856679182 1.2510944604873657 0
1731856697000 1.1537574529647827 0
1731856714795 1.0103696584701538 0
1731856731832 0.9748899340629578 0
1731856748491 0.9614327549934387 0
1731856765215 0.9670237898826599 0
1731856781936 0.9908125996589661 0
1731856798706 1.0231527090072632 0
1731856815374 0.9977635741233826 0
1731856832135 1.0111202001571655 0
1731856848957 1.02593994140625 0
1731856865064 1.1443849802017212 0
1731856881149 1.0903939008712769 0
1731856897267 1.1126030683517456 0
1731856913378 0.9807979464530945 0
1731856929508 1.1339093446731567 0
1731856945610 1.0871721506118774 0
1731856961736 1.0973231792449951 0
1731856977467 1.0872598886489868 0
1731856993193 1.0911940336227417 0
1731857008811 1.0847139358520508 0
1731857024572 1.0739070177078247 0
1731857040209 1.084550380706787 0
1731857055937 1.123521327972412 0
1731857071580 1.1150976419448853 0
1731857087635 1.118909239768982 0
1731857103273 1.1230604648590088 0
1731857119005 1.1277390718460083 0
1731857134655 1.1364808082580566 0
1731857150383 1.1140289306640625 0
1731857166037 1.1160038709640503 0
1731857181773 1.1133956909179688 0
1731857197442 1.145914912223816 0
1731857213184 1.166487455368042 0
1731857228856 1.12806236743927 0
1731857244602 1.169107437133789 0
1731857260252 1.1463978290557861 0
1731857276004 1.1814424991607666 0
1731857291672 1.1649911403656006 0
1731857307434 1.1790367364883423 0
1731857323412 1.1759992837905884 0
1731857339154 1.1528633832931519 0
1731857354821 1.1850833892822266 0
1731857370588 1.1633967161178589 0
1731857386256 1.1931101083755493 0
1731857402016 1.1793403625488281 0
1731857417674 1.181740164756775 0
1731857433441 1.1970473527908325 0
1731857449107 1.1721689701080322 0
1731857464890 1.1642876863479614 0
1731857480555 1.2062820196151733 0
1731857496336 1.202938437461853 0
1731857512018 1.2047524452209473 0
1731857527770 1.1974984407424927 0
1731857543444 1.1735185384750366 0
1731857559601 1.1787292957305908 0
1731857575296 1.1931294202804565 0
1731857591060 1.2103182077407837 0
1731857606751 1.1696289777755737 0
1731857622543 1.1793700456619263 0
1731857638217 1.1922292709350586 0
1731857654004 1.1824626922607422 0
1731857669686 1.200133204460144 0
1731857685461 1.198564887046814 0
1731857701160 1.1784805059432983 0
1731857716954 1.2052803039550781 0
1731857732657 1.2052193880081177 0
1731857748441 1.1890904903411865 0
1731857764125 1.235269546508789 0
1731857780215 1.2033987045288086 0
1731857795896 1.1943557262420654 0
1731857811682 1.2128602266311646 0
1731857827371 1.2177386283874512 0
1731857843139 1.2169184684753418 0
1731857858824 1.2425622940063477 0
1731857874618 1.2518552541732788 0
1731857890330 1.2290911674499512 0
1731857906105 1.2458360195159912 0
1731857921804 1.2396864891052246 0
1731857937587 1.1872607469558716 0
1731857953288 1.220718502998352 0
1731857969066 1.23247230052948 0
1731857984772 1.2218151092529297 0
1731858000561 1.2249661684036255 0
1731858016565 1.2275651693344116 0
1731858032372 1.2442373037338257 0
1731858048067 1.2331212759017944 0
1731858063853 1.264504075050354 0
1731858079542 1.2374275922775269 0
1731858095342 1.2183915376663208 0
1731858111017 1.227239727973938 0
1731858126821 1.2261370420455933 0
1731858142528 1.2186596393585205 0
1731858158347 1.2234574556350708 0
1731858174061 1.228725790977478 0
1731858189890 1.2512271404266357 0
1731858205599 1.2655571699142456 0
1731858221407 1.2195967435836792 0
1731858237108 1.2258684635162354 0
1731858253272 1.2202824354171753 0
1731858268972 1.2234286069869995 0
1731858284776 1.2271801233291626 0
1731858300466 1.2348721027374268 0
1731858316288 1.2086797952651978 0
1731858331983 1.2289015054702759 0
1731858347789 1.199347972869873 0
1731858363503 1.22970712184906 0
1731858379310 1.2079182863235474 0
1731858395013 1.2355380058288574 0
1731858410807 1.2455909252166748 0
1731858426493 1.2436026334762573 0
1731858442287 1.2484257221221924 0
1731858458004 1.2577736377716064 0
1731858473824 1.2470588684082031 0
1731858489901 1.2448235750198364 0
1731858505710 1.246841311454773 0
1731858521437 1.251274585723877 0
1731858537245 1.2437621355056763 0
1731858552937 1.245538353919983 0
1731858568786 1.2426600456237793 0
1731858584501 1.2422245740890503 0
1731858600287 1.2401493787765503 0
1731858615986 1.2328978776931763 0
1731858631798 1.232546091079712 0
1731858647506 1.2330501079559326 0
1731858663328 1.2243280410766602 0
1731858679047 1.2222013473510742 0
1731858694872 1.2464698553085327 0
1731858710595 1.2511857748031616 0
1731858726755 1.2256656885147095 0
1731858742463 1.2330352067947388 0
1731858758264 1.2399767637252808 0
1731858773982 1.2356081008911133 0
1731858789786 1.2400585412979126 0
1731858805489 1.2500364780426025 0
1731858821303 1.2327680587768555 0
1731858837010 1.244436264038086 0
1731858852832 1.2555371522903442 0
1731858868540 1.2701295614242554 0
1731858884341 1.2460883855819702 0
1731858900061 1.2510671615600586 0
1731858915882 1.2452468872070312 0
1731858931582 1.2588748931884766 0
1731858947760 1.2383962869644165 0
1731858963465 1.2483738660812378 0
1731858979257 1.2529492378234863 0
1731858994964 1.265990138053894 0
1731859010759 1.241686463356018 0
1731859026488 1.2498054504394531 0
1731859042307 1.237488865852356 0
1731859058033 1.2562280893325806 0
1731859073822 1.2406939268112183 0
1731859089556 1.2409993410110474 0
1731859105379 1.2563225030899048 0
1731859121095 1.2447195053100586 0
1731859136919 1.251632571220398 0
1731859152651 1.2402424812316895 0
1731859168459 1.2473047971725464 0
1731859184524 1.2588506937026978 0
1731859200352 1.2557045221328735 0
1731859216091 1.2433172464370728 0
1731859231912 1.2717212438583374 0
1731859247616 1.2603193521499634 0
1731859263400 1.25249183177948 0
1731859279108 1.2501182556152344 0
1731859294893 1.2486329078674316 0
1731859310615 1.2561705112457275 0
1731859326468 1.2550671100616455 0
1731859342172 1.2487831115722656 0
1731859357967 1.2496583461761475 0
1731859373688 1.2544105052947998 0
1731859389485 1.2607035636901855 0
1731859405208 1.2445886135101318 0
1731859421357 1.253574013710022 0
1731859437088 1.240572214126587 0
1731859452918 1.2441668510437012 0
1731859468628 1.2501089572906494 0
1731859484441 1.2485789060592651 0
1731859500125 1.2461254596710205 0
1731859515909 1.2428027391433716 0
1731859531618 1.2497299909591675 0
1731859547417 1.2614107131958008 0
1731859563117 1.2473864555358887 0
1731859578917 1.250394344329834 0
1731859594610 1.2442493438720703 0
1731859610408 1.2490521669387817 0
1731859626099 1.2404148578643799 0
1731859641883 1.2217819690704346 0
1731859657931 1.2446099519729614 0
1731859673725 1.2516173124313354 0
1731859689430 1.2419999837875366 0
1731859705215 1.26513671875 0
1731859720912 1.2584129571914673 0
1731859736712 1.2507319450378418 0
1731859752385 1.2558411359786987 0
1731859768156 1.2582964897155762 0
1731859783859 1.2543150186538696 0
1731859799670 1.2438849210739136 0
1731859815364 1.2543693780899048 0
1731859831157 1.2500078678131104 0
1731859846857 1.257559895515442 0
1731859862643 1.2446025609970093 0
1731859878324 1.2529977560043335 0
