1731856313529 0.2084069401025772 0
1731856332786 0.18625053763389587 0
1731856352033 0.16615410149097443 0
1731856371667 0.14596620202064514 0
1731856391330 0.13633093237876892 0
1731856411144 0.1226387470960617 0
1731856430909 0.11370711028575897 0
1731856450831 0.10673704743385315 0
1731856470661 0.10084755718708038 0
1731856490608 0.096674844622612 0
1731856510462 0.09194859117269516 0
1731856530398 0.08674556761980057 0
1731856550272 0.08340772986412048 0
1731856570303 0.08270058035850525 0
1731856590171 0.0795241966843605 0
1731856607975 0.07748309522867203 0
1731856625788 0.07387769222259521 0
1731856643577 0.07196889817714691 0
1731856661391 0.07069282233715057 0
1731856679182 0.06924960762262344 0
1731856697000 0.06861212849617004 0
1731856714795 0.06653936207294464 0
1731856731832 0.06549302488565445 0
1731856748491 0.06259293109178543 0
1731856765215 0.0626799464225769 0
1731856781936 0.06065116077661514 0
1731856798706 0.06049337610602379 0
1731856815374 0.060279250144958496 0
1731856832135 0.057242501527071 0
1731856848957 0.05844489485025406 0
1731856865064 0.056968264281749725 0
1731856881149 0.05426777899265289 0
1731856897267 0.055421292781829834 0
1731856913378 0.05395882576704025 0
1731856929508 0.05390090495347977 0
1731856945610 0.053261470049619675 0
1731856961736 0.05047277361154556 0
1731856977467 0.0516364648938179 0
1731856993193 0.050822243094444275 0
1731857008811 0.050047777593135834 0
1731857024572 0.050162799656391144 0
1731857040209 0.04885685071349144 0
1731857055937 0.048737578094005585 0
1731857071580 0.04757026210427284 0
1731857087635 0.04600677639245987 0
1731857103273 0.045536354184150696 0
1731857119005 0.04536886513233185 0
1731857134655 0.047021519392728806 0
1731857150383 0.045138321816921234 0
1731857166037 0.04486220329999924 0
1731857181773 0.04477855935692787 0
1731857197442 0.04371327906847 0
1731857213184 0.04213089495897293 0
1731857228856 0.04278564453125 0
1731857244602 0.04190104082226753 0
1731857260252 0.04210333526134491 0
1731857276004 0.04180169850587845 0
1731857291672 0.04260686784982681 0
1731857307434 0.04091843217611313 0
1731857323412 0.04063604772090912 0
1731857339154 0.04054524004459381 0
1731857354821 0.039603568613529205 0
1731857370588 0.038277722895145416 0
1731857386256 0.03874357044696808 0
1731857402016 0.03916612267494202 0
1731857417674 0.039108261466026306 0
1731857433441 0.03856030851602554 0
1731857449107 0.03827500343322754 0
1731857464890 0.038412973284721375 0
1731857480555 0.03684867545962334 0
1731857496336 0.03760398179292679 0
1731857512018 0.037711553275585175 0
1731857527770 0.03644304350018501 0
1731857543444 0.036619458347558975 0
1731857559601 0.035975269973278046 0
1731857575296 0.035404227674007416 0
1731857591060 0.03602124750614166 0
1731857606751 0.03559769690036774 0
1731857622543 0.03447234630584717 0
1731857638217 0.03478863462805748 0
1731857654004 0.03447435051202774 0
1731857669686 0.03423001244664192 0
1731857685461 0.03437011316418648 0
1731857701160 0.03351529315114021 0
1731857716954 0.033657580614089966 0
1731857732657 0.03360642492771149 0
1731857748441 0.03318037837743759 0
1731857764125 0.03247971087694168 0
1731857780215 0.03269312530755997 0
1731857795896 0.03312830626964569 0
1731857811682 0.03168085217475891 0
1731857827371 0.03236767277121544 0
1731857843139 0.03250572830438614 0
1731857858824 0.031110718846321106 0
1731857874618 0.031075570732355118 0
1731857890330 0.030832963064312935 0
1731857906105 0.03150474280118942 0
1731857921804 0.03188272565603256 0
1731857937587 0.031824663281440735 0
1731857953288 0.030461620539426804 0
1731857969066 0.030944829806685448 0
1731857984772 0.030614623799920082 0
1731858000561 0.03023744933307171 0
1731858016565 0.030657431110739708 0
1731858032372 0.028841402381658554 0
1731858048067 0.03001490980386734 0
1731858063853 0.029384858906269073 0
1731858079542 0.029332518577575684 0
1731858095342 0.02958039566874504 0
1731858111017 0.028849951922893524 0
1731858126821 0.02940630167722702 0
1731858142528 0.029039133340120316 0
1731858158347 0.028376933187246323 0
1731858174061 0.02789764478802681 0
1731858189890 0.028658974915742874 0
1731858205599 0.028003890067338943 0
1731858221407 0.0280366949737072 0
1731858237108 0.027996981516480446 0
1731858253272 0.0275763850659132 0
1731858268972 0.02775813825428486 0
1731858284776 0.027210798114538193 0
1731858300466 0.027137696743011475 0
1731858316288 0.026385575532913208 0
1731858331983 0.027142293751239777 0
1731858347789 0.026816492900252342 0
1731858363503 0.02741982415318489 0
1731858379310 0.02684875577688217 0
1731858395013 0.02613803744316101 0
1731858410807 0.02666432410478592 0
1731858426493 0.025664787739515305 0
1731858442287 0.026214880868792534 0
1731858458004 0.025741077959537506 0
1731858473824 0.02581765502691269 0
1731858489901 0.02551375702023506 0
1731858505710 0.024969350546598434 0
1731858521437 0.026001781225204468 0
1731858537245 0.025253094732761383 0
1731858552937 0.024762623012065887 0
1731858568786 0.025813955813646317 0
1731858584501 0.025248881429433823 0
1731858600287 0.02601926028728485 0
1731858615986 0.025110922753810883 0
1731858631798 0.02413533814251423 0
1731858647506 0.024768244475126266 0
1731858663328 0.02541482448577881 0
1731858679047 0.024032235145568848 0
1731858694872 0.02466384321451187 0
1731858710595 0.024485694244503975 0
1731858726755 0.025203634053468704 0
1731858742463 0.02427631989121437 0
1731858758264 0.023864485323429108 0
1731858773982 0.024588637053966522 0
1731858789786 0.02429914101958275 0
1731858805489 0.02315540239214897 0
1731858821303 0.022894257679581642 0
1731858837010 0.023291759192943573 0
1731858852832 0.024037949740886688 0
1731858868540 0.02366882935166359 0
1731858884341 0.023487620055675507 0
1731858900061 0.024036679416894913 0
1731858915882 0.02291826345026493 0
1731858931582 0.023308970034122467 0
1731858947760 0.02323673665523529 0
1731858963465 0.02317272499203682 0
1731858979257 0.024532921612262726 0
1731858994964 0.023275122046470642 0
1731859010759 0.02195589244365692 0
1731859026488 0.022609319537878036 0
1731859042307 0.022151025012135506 0
1731859058033 0.022686338052153587 0
1731859073822 0.02258535847067833 0
1731859089556 0.022507233545184135 0
1731859105379 0.022962724789977074 0
1731859121095 0.022159766405820847 0
1731859136919 0.022282399237155914 0
1731859152651 0.022427143529057503 0
1731859168459 0.021625574678182602 0
1731859184524 0.02170477621257305 0
1731859200352 0.022120214998722076 0
1731859216091 0.021275896579027176 0
1731859231912 0.02292347513139248 0
1731859247616 0.022131422534585 0
1731859263400 0.021896621212363243 0
1731859279108 0.021475259214639664 0
1731859294893 0.021760234609246254 0
1731859310615 0.021447505801916122 0
1731859326468 0.02188808098435402 0
1731859342172 0.022129330784082413 0
1731859357967 0.02131323143839836 0
1731859373688 0.022070545703172684 0
1731859389485 0.021621255204081535 0
1731859405208 0.021445808932185173 0
1731859421357 0.021586697548627853 0
1731859437088 0.021498484537005424 0
1731859452918 0.021117735654115677 0
1731859468628 0.021724501624703407 0
1731859484441 0.020988725125789642 0
1731859500125 0.02132238820195198 0
1731859515909 0.020318474620580673 0
1731859531618 0.02049862965941429 0
1731859547417 0.021875504404306412 0
1731859563117 0.021158989518880844 0
1731859578917 0.021231459453701973 0
1731859594610 0.02060263603925705 0
1731859610408 0.02064858190715313 0
1731859626099 0.02092166244983673 0
1731859641883 0.020960187539458275 0
1731859657931 0.02044828236103058 0
1731859673725 0.020720288157463074 0
1731859689430 0.021036352962255478 0
1731859705215 0.019850842654705048 0
1731859720912 0.020655162632465363 0
1731859736712 0.02074863389134407 0
1731859752385 0.020708028227090836 0
1731859768156 0.020452354103326797 0
1731859783859 0.020536962896585464 0
1731859799670 0.020472999662160873 0
1731859815364 0.020315391942858696 0
1731859831157 0.020249750465154648 0
1731859846857 0.02050674706697464 0
1731859862643 0.01996389590203762 0
1731859878324 0.020625120028853416 0
