1731856313531 0.0004168139130342752 0
1731856332791 0.00037250109016895294 0
1731856352038 0.00033230820554308593 0
1731856371669 0.0002919324324466288 0
1731856391333 0.00027266188408248127 0
1731856411146 0.0002452775079291314 0
1731856430912 0.00022741423163097352 0
1731856450833 0.00021347410802263767 0
1731856470663 0.00020169511844869703 0
1731856490610 0.00019334969692863524 0
1731856510464 0.00018389719480182976 0
1731856530400 0.00017349114932585508 0
1731856550274 0.000166815472766757 0
1731856570305 0.00016540117212571204 0
1731856590173 0.00015904840256553143 0
1731856607978 0.00015496619744226336 0
1731856625790 0.00014775538875255734 0
1731856643579 0.00014393781020771712 0
1731856661393 0.00014138565165922046 0
1731856679184 0.00013849922106601298 0
1731856697002 0.00013722426956519485 0
1731856714797 0.00013307873450685292 0
1731856731835 0.00013098605268169194 0
1731856748493 0.00012518586299847811 0
1731856765217 0.00012535990390460938 0
1731856781939 0.00012130232789786533 0
1731856798709 0.00012098675506422296 0
1731856815376 0.00012055850675096735 0
1731856832137 0.00011448501027189195 0
1731856848959 0.00011688979429891333 0
1731856865066 0.00011393653403501958 0
1731856881152 0.00010853556159418076 0
1731856897269 0.00011084259313065559 0
1731856913380 0.00010791765816975385 0
1731856929510 0.00010780181764857844 0
1731856945612 0.00010652294440660626 0
1731856961738 0.00010094555182149634 0
1731856977470 0.00010327293421141803 0
1731856993195 0.00010164448758587241 0
1731857008813 0.0001000955599010922 0
1731857024574 0.00010032560385297984 0
1731857040211 9.771370969247073e-05 0
1731857055939 9.747516014613211e-05 0
1731857071582 9.514053090242669e-05 0
1731857087637 9.201355715049431e-05 0
1731857103275 9.107271034736186e-05 0
1731857119007 9.073773253476247e-05 0
1731857134657 9.404304000781849e-05 0
1731857150385 9.027664782479405e-05 0
1731857166040 8.972440991783515e-05 0
1731857181776 8.955712110036984e-05 0
1731857197444 8.742656063986942e-05 0
1731857213186 8.426179556408897e-05 0
1731857228858 8.557129331165925e-05 0
1731857244604 8.380208601010963e-05 0
1731857260254 8.420667290920392e-05 0
1731857276006 8.360340143553913e-05 0
1731857291675 8.521373820258304e-05 0
1731857307436 8.183687168639153e-05 0
1731857323414 8.127209730446339e-05 0
1731857339156 8.109048212645575e-05 0
1731857354823 7.920714415377006e-05 0
1731857370590 7.655545050511137e-05 0
1731857386258 7.748714415356517e-05 0
1731857402018 7.833224663045257e-05 0
1731857417676 7.82165298005566e-05 0
1731857433444 7.712061778875068e-05 0
1731857449109 7.655000808881596e-05 0
1731857464892 7.682594878133386e-05 0
1731857480557 7.369735249085352e-05 0
1731857496338 7.520796498283744e-05 0
1731857512020 7.542310777353123e-05 0
1731857527772 7.288609049282968e-05 0
1731857543446 7.323892350541428e-05 0
1731857559603 7.195054058684036e-05 0
1731857575298 7.080845534801483e-05 0
1731857591062 7.204250141512603e-05 0
1731857606753 7.119539804989472e-05 0
1731857622545 6.89446969772689e-05 0
1731857638219 6.957727600820363e-05 0
1731857654006 6.894870602991432e-05 0
1731857669688 6.846003088867292e-05 0
1731857685464 6.874022801639512e-05 0
1731857701162 6.703058897983283e-05 0
1731857716956 6.731516623403877e-05 0
1731857732659 6.721285171806812e-05 0
1731857748444 6.636075704591349e-05 0
1731857764128 6.495942216133699e-05 0
1731857780217 6.538625166285783e-05 0
1731857795898 6.625661626458168e-05 0
1731857811685 6.336170918075368e-05 0
1731857827373 6.47353517706506e-05 0
1731857843141 6.501145981019363e-05 0
1731857858826 6.22214429313317e-05 0
1731857874621 6.215114262886345e-05 0
1731857890332 6.16659308434464e-05 0
1731857906107 6.300948734860867e-05 0
1731857921807 6.376545206876472e-05 0
1731857937589 6.364932778524235e-05 0
1731857953290 6.0923244745936245e-05 0
1731857969068 6.188965926412493e-05 0
1731857984774 6.122924969531596e-05 0
1731858000564 6.047490023775026e-05 0
1731858016567 6.131486588856205e-05 0
1731858032375 5.768280607298948e-05 0
1731858048069 6.002982263453305e-05 0
1731858063856 5.876972136320546e-05 0
1731858079544 5.86650385230314e-05 0
1731858095344 5.91607931710314e-05 0
1731858111020 5.769990821136162e-05 0
1731858126823 5.881260585738346e-05 0
1731858142531 5.8078268921235576e-05 0
1731858158349 5.675387001247145e-05 0
1731858174063 5.579529170063324e-05 0
1731858189893 5.731795317842625e-05 0
1731858205601 5.600778240477666e-05 0
1731858221409 5.607339335256256e-05 0
1731858237110 5.599396536126733e-05 0
1731858253274 5.515277371159755e-05 0
1731858268974 5.551628055400215e-05 0
1731858284778 5.4421598179033026e-05 0
1731858300468 5.4275395086733624e-05 0
1731858316291 5.277115269564092e-05 0
1731858331985 5.428459189715795e-05 0
1731858347791 5.363298987504095e-05 0
1731858363505 5.4839649237692356e-05 0
1731858379312 5.369751306716353e-05 0
1731858395015 5.2276078349677846e-05 0
1731858410809 5.3328651119954884e-05 0
1731858426495 5.132957812747918e-05 0
1731858442289 5.2429764764383435e-05 0
1731858458006 5.1482158596627414e-05 0
1731858473826 5.163531386642717e-05 0
1731858489903 5.1027516747126356e-05 0
1731858505713 4.993870243197307e-05 0
1731858521439 5.200356463319622e-05 0
1731858537247 5.0506190746091306e-05 0
1731858552939 4.9525249778525904e-05 0
1731858568788 5.1627914217533544e-05 0
1731858584503 5.049776518717408e-05 0
1731858600290 5.2038521971553564e-05 0
1731858615988 5.022184632252902e-05 0
1731858631801 4.82706782349851e-05 0
1731858647509 4.953649113303982e-05 0
1731858663330 5.0829650717787445e-05 0
1731858679049 4.806447395822033e-05 0
1731858694874 4.932768933940679e-05 0
1731858710598 4.897138933301903e-05 0
1731858726757 5.0407270464347675e-05 0
1731858742465 4.855264342040755e-05 0
1731858758266 4.772897227667272e-05 0
1731858773984 4.917727710562758e-05 0
1731858789788 4.859828550252132e-05 0
1731858805491 4.6310808102134615e-05 0
1731858821306 4.5788518036715686e-05 0
1731858837012 4.658352190745063e-05 0
1731858852834 4.807590084965341e-05 0
1731858868542 4.7337660362245515e-05 0
1731858884343 4.697524127550423e-05 0
1731858900067 4.807336154044606e-05 0
1731858915884 4.5836528443032876e-05 0
1731858931584 4.6617940824944526e-05 0
1731858947762 4.6473476686514914e-05 0
1731858963467 4.634545257431455e-05 0
1731858979259 4.906584581476636e-05 0
1731858994966 4.655024531530216e-05 0
1731859010761 4.391178663354367e-05 0
1731859026491 4.521863957052119e-05 0
1731859042309 4.4302050810074434e-05 0
1731859058035 4.537267886917107e-05 0
1731859073824 4.517072011367418e-05 0
1731859089559 4.501446892390959e-05 0
1731859105381 4.592545155901462e-05 0
1731859121097 4.4319534936221316e-05 0
1731859136921 4.4564800191437826e-05 0
1731859152654 4.485428871703334e-05 0
1731859168461 4.325115151004866e-05 0
1731859184526 4.340955274528824e-05 0
1731859200354 4.4240430725039914e-05 0
1731859216094 4.255179374013096e-05 0
1731859231914 4.5846951252315193e-05 0
1731859247618 4.426284795044921e-05 0
1731859263402 4.379324309411459e-05 0
1731859279110 4.295051985536702e-05 0
1731859294895 4.352047108113766e-05 0
1731859310617 4.289501521270722e-05 0
1731859326470 4.377616278361529e-05 0
1731859342174 4.425866427482106e-05 0
1731859357969 4.262646325514652e-05 0
1731859373690 4.414109207573347e-05 0
1731859389487 4.3242511310381815e-05 0
1731859405211 4.2891620978480205e-05 0
1731859421360 4.3173396989004686e-05 0
1731859437090 4.299696956877597e-05 0
1731859452920 4.2235475120833144e-05 0
1731859468630 4.344900662545115e-05 0
1731859484443 4.1977451473940164e-05 0
1731859500127 4.264477684046142e-05 0
1731859515911 4.063695087097585e-05 0
1731859531620 4.099725993000902e-05 0
1731859547419 4.375100979814306e-05 0
1731859563119 4.2317980842199177e-05 0
1731859578919 4.246292155585252e-05 0
1731859594613 4.120527228224091e-05 0
1731859610410 4.129716398892924e-05 0
1731859626101 4.1843326471280307e-05 0
1731859641885 4.192037886241451e-05 0
1731859657934 4.089656795258634e-05 0
1731859673728 4.1440576751483604e-05 0
1731859689432 4.207270831102505e-05 0
1731859705217 3.970168836531229e-05 0
1731859720914 4.13103261962533e-05 0
1731859736714 4.149727101321332e-05 0
1731859752387 4.1416056774323806e-05 0
1731859768158 4.090470974915661e-05 0
1731859783862 4.107392669538967e-05 0
1731859799672 4.09460008086171e-05 0
1731859815366 4.063078449689783e-05 0
1731859831159 4.049950439366512e-05 0
1731859846860 4.101349622942507e-05 0
1731859862645 3.992779238615185e-05 0
1731859878326 4.125024133827537e-05 0
