1731856313529 16.94104766845703 0
1731856332786 19.878339767456055 0
1731856352033 21.03413200378418 0
1731856371667 21.696290969848633 0
1731856391330 22.633747100830078 0
1731856411144 22.290523529052734 0
1731856430909 22.551973342895508 0
1731856450831 22.701826095581055 0
1731856470661 23.47088623046875 0
1731856490608 23.393428802490234 0
1731856510462 23.18383026123047 0
1731856530398 23.69169807434082 0
1731856550272 24.44828987121582 0
1731856570303 24.23052215576172 0
1731856590171 23.85890769958496 0
1731856607975 23.838380813598633 0
1731856625788 23.922822952270508 0
1731856643577 24.19637107849121 0
1731856661391 23.80901336669922 0
1731856679182 24.655895233154297 0
1731856697000 24.263242721557617 0
1731856714795 24.448366165161133 0
1731856731832 25.37318229675293 0
1731856748491 24.213878631591797 0
1731856765215 24.77871322631836 0
1731856781936 25.095401763916016 0
1731856798706 24.971649169921875 0
1731856815374 25.279224395751953 0
1731856832135 25.529298782348633 0
1731856848957 25.208906173706055 0
1731856865064 25.331636428833008 0
1731856881149 25.421871185302734 0
1731856897267 25.496274948120117 0
1731856913378 25.096593856811523 0
1731856929508 25.06167984008789 0
1731856945610 25.34827995300293 0
1731856961736 25.73316192626953 0
1731856977467 24.96388053894043 0
1731856993193 25.865211486816406 0
1731857008811 25.259628295898438 0
1731857024572 25.88312530517578 0
1731857040209 25.416973114013672 0
1731857055937 25.33894920349121 0
1731857071580 25.48455810546875 0
1731857087635 25.596847534179688 0
1731857103273 25.63306427001953 0
1731857119005 25.753490447998047 0
1731857134655 25.67190170288086 0
1731857150383 25.74899673461914 0
1731857166037 25.830358505249023 0
1731857181773 26.148971557617188 0
1731857197442 25.674402236938477 0
1731857213184 26.15342903137207 0
1731857228856 25.82588768005371 0
1731857244602 25.608596801757812 0
1731857260252 26.13158416748047 0
1731857276004 26.36756706237793 0
1731857291672 26.05499839782715 0
1731857307434 26.798954010009766 0
1731857323412 25.824697494506836 0
1731857339154 27.045394897460938 0
1731857354821 26.440593719482422 0
1731857370588 26.59427261352539 0
1731857386256 26.596826553344727 0
1731857402016 26.474224090576172 0
1731857417674 26.301666259765625 0
1731857433441 27.266733169555664 0
1731857449107 26.357818603515625 0
1731857464890 27.052143096923828 0
1731857480555 26.814498901367188 0
1731857496336 26.58394432067871 0
1731857512018 26.341022491455078 0
1731857527770 26.826631546020508 0
1731857543444 26.377126693725586 0
1731857559601 26.97040367126465 0
1731857575296 26.872859954833984 0
1731857591060 27.273942947387695 0
1731857606751 27.390560150146484 0
1731857622543 26.244140625 0
1731857638217 26.489362716674805 0
1731857654004 27.626047134399414 0
1731857669686 26.656824111938477 0
1731857685461 27.254859924316406 0
1731857701160 27.61472511291504 0
1731857716954 27.439899444580078 0
1731857732657 26.922719955444336 0
1731857748441 27.42756462097168 0
1731857764125 26.729598999023438 0
1731857780215 27.069608688354492 0
1731857795896 27.738920211791992 0
1731857811682 27.711610794067383 0
1731857827371 27.59054946899414 0
1731857843139 27.142480850219727 0
1731857858824 27.823768615722656 0
1731857874618 27.795072555541992 0
1731857890330 27.24390411376953 0
1731857906105 28.3577823638916 0
1731857921804 28.185951232910156 0
1731857937587 27.5983943939209 0
1731857953288 27.277793884277344 0
1731857969066 27.319883346557617 0
1731857984772 27.64025115966797 0
1731858000561 27.920015335083008 0
1731858016565 27.921470642089844 0
1731858032372 28.119873046875 0
1731858048067 28.15591812133789 0
1731858063853 27.722135543823242 0
1731858079542 28.50444793701172 0
1731858095342 27.462982177734375 0
1731858111017 27.84689712524414 0
1731858126821 28.245010375976562 0
1731858142528 28.35272789001465 0
1731858158347 27.781795501708984 0
1731858174061 27.89719581604004 0
1731858189890 28.129140853881836 0
1731858205599 28.40254783630371 0
1731858221407 27.99410629272461 0
1731858237108 27.741790771484375 0
1731858253272 28.19673728942871 0
1731858268972 27.91360855102539 0
1731858284776 28.73235511779785 0
1731858300466 28.498504638671875 0
1731858316288 28.256633758544922 0
1731858331983 28.34433937072754 0
1731858347789 27.920129776000977 0
1731858363503 28.73686981201172 0
1731858379310 28.572813034057617 0
1731858395013 28.52193260192871 0
1731858410807 28.050769805908203 0
1731858426493 28.614652633666992 0
1731858442287 27.94361114501953 0
1731858458004 28.25383758544922 0
1731858473824 28.087305068969727 0
1731858489901 29.207447052001953 0
1731858505710 28.64815330505371 0
1731858521437 28.379457473754883 0
1731858537245 29.145294189453125 0
1731858552937 28.575096130371094 0
1731858568786 28.6109619140625 0
1731858584501 28.553627014160156 0
1731858600287 29.05706787109375 0
1731858615986 28.898462295532227 0
1731858631798 29.165149688720703 0
1731858647506 28.165889739990234 0
1731858663328 28.765003204345703 0
1731858679047 27.793354034423828 0
1731858694872 29.11713409423828 0
1731858710595 28.796335220336914 0
1731858726755 29.265661239624023 0
1731858742463 29.334720611572266 0
1731858758264 28.687883377075195 0
1731858773982 28.90523338317871 0
1731858789786 28.760347366333008 0
1731858805489 29.247325897216797 0
1731858821303 29.165504455566406 0
1731858837010 28.190715789794922 0
1731858852832 29.168231964111328 0
1731858868540 29.050748825073242 0
1731858884341 28.6060791015625 0
1731858900061 29.2379093170166 0
1731858915882 29.40162467956543 0
1731858931582 29.00053596496582 0
1731858947760 28.72502899169922 0
1731858963465 29.25320053100586 0
1731858979257 28.506908416748047 0
1731858994964 29.167938232421875 0
1731859010759 29.388521194458008 0
1731859026488 29.50290298461914 0
1731859042307 29.585851669311523 0
1731859058033 28.734920501708984 0
1731859073822 29.12824058532715 0
1731859089556 29.914230346679688 0
1731859105379 28.836475372314453 0
1731859121095 29.959304809570312 0
1731859136919 29.698728561401367 0
1731859152651 29.64674186706543 0
1731859168459 29.66855239868164 0
1731859184524 29.41547966003418 0
1731859200352 29.54629898071289 0
1731859216091 29.43876838684082 0
1731859231912 29.792325973510742 0
1731859247616 29.75882911682129 0
1731859263400 29.494335174560547 0
1731859279108 29.275630950927734 0
1731859294893 29.530641555786133 0
1731859310615 29.52055549621582 0
1731859326468 29.606229782104492 0
1731859342172 30.024301528930664 0
1731859357967 29.317535400390625 0
1731859373688 29.984146118164062 0
1731859389485 29.640178680419922 0
1731859405208 29.694927215576172 0
1731859421357 29.220678329467773 0
1731859437088 30.335041046142578 0
1731859452918 29.519756317138672 0
1731859468628 29.49936294555664 0
1731859484441 29.66141700744629 0
1731859500125 30.238052368164062 0
1731859515909 29.561368942260742 0
1731859531618 29.896249771118164 0
1731859547417 29.77992057800293 0
1731859563117 30.227615356445312 0
1731859578917 29.779111862182617 0
1731859594610 29.20736312866211 0
1731859610408 29.776756286621094 0
1731859626099 30.17837142944336 0
1731859641883 29.8516788482666 0
1731859657931 29.7613468170166 0
1731859673725 29.72179412841797 0
1731859689430 29.75996971130371 0
1731859705215 29.60797691345215 0
1731859720912 30.189470291137695 0
1731859736712 30.168855667114258 0
1731859752385 29.910751342773438 0
1731859768156 29.688329696655273 0
1731859783859 30.1416015625 0
1731859799670 29.46609878540039 0
1731859815364 30.18412971496582 0
1731859831157 30.172813415527344 0
1731859846857 29.87503433227539 0
1731859862643 30.210899353027344 0
1731859878324 30.542030334472656 0
