1731856313531 0.02022530883550644 0
1731856332791 0.010284093208611012 0
1731856352038 0.007881101220846176 0
1731856371669 0.006766606122255325 0
1731856391333 0.005452871322631836 0
1731856411146 0.005901297554373741 0
1731856430912 0.005556516349315643 0
1731856450833 0.0053680590353906155 0
1731856470663 0.004496879409998655 0
1731856490610 0.004577803425490856 0
1731856510464 0.004804153461009264 0
1731856530400 0.004273956175893545 0
1731856550274 0.003590632928535342 0
1731856570305 0.0037752664647996426 0
1731856590173 0.004112530499696732 0
1731856607978 0.004132015164941549 0
1731856625790 0.004052449949085712 0
1731856643579 0.0038050715811550617 0
1731856661393 0.004160050302743912 0
1731856679184 0.0034230276942253113 0
1731856697002 0.0037469309754669666 0
1731856714797 0.0035905689001083374 0
1731856731835 0.002901894971728325 0
1731856748493 0.003789762035012245 0
1731856765217 0.0033275815658271313 0
1731856781939 0.0030935686081647873 0
1731856798709 0.0031829881481826305 0
1731856815376 0.002965359715744853 0
1731856832137 0.002799432724714279 0
1731856848959 0.003013764275237918 0
1731856865066 0.0029297880828380585 0
1731856881152 0.0028695431537926197 0
1731856897269 0.002820800058543682 0
1731856913380 0.003092719241976738 0
1731856929510 0.003117683809250593 0
1731856945612 0.0029185819439589977 0
1731856961738 0.0026710606180131435 0
1731856977470 0.0031886878423392773 0
1731856993195 0.002591067459434271 0
1731857008813 0.002978770760819316 0
1731857024574 0.0025804017204791307 0
1731857040211 0.0028727806638926268 0
1731857055939 0.002924859058111906 0
1731857071582 0.0028284206055104733 0
1731857087637 0.0027562284376472235 0
1731857103275 0.00273334002122283 0
1731857119007 0.002658586949110031 0
1731857134657 0.0027090038638561964 0
1731857150385 0.002661339472979307 0
1731857166040 0.0026119458489120007 0
1731857181776 0.002427185419946909 0
1731857197444 0.002707445528358221 0
1731857213186 0.002424694364890456 0
1731857228858 0.0026146359741687775 0
1731857244604 0.0027487825136631727 0
1731857260254 0.0024369219318032265 0
1731857276006 0.002308039693161845 0
1731857291675 0.002480276394635439 0
1731857307436 0.002089798916131258 0
1731857323414 0.0026153516955673695 0
1731857339156 0.0019745146855711937 0
1731857354823 0.002269553951919079 0
1731857370590 0.002190647181123495 0
1731857386258 0.0021893600933253765 0
1731857402018 0.002252046950161457 0
1731857417676 0.002343328669667244 0
1731857433444 0.001876405207440257 0
1731857449109 0.002313225995749235 0
1731857464892 0.001971449237316847 0
1731857480557 0.0020823325030505657 0
1731857496338 0.0021958646830171347 0
1731857512020 0.002322189509868622 0
1731857527772 0.0020765222143381834 0
1731857543446 0.002302964450791478 0
1731857559603 0.002008906565606594 0
1731857575298 0.002054536482319236 0
1731857591062 0.0018732920289039612 0
1731857606753 0.001823659986257553 0
1731857622545 0.0023745750077068806 0
1731857638219 0.002244210336357355 0
1731857654006 0.001727408729493618 0
1731857669688 0.002159322611987591 0
1731857685464 0.0018815419171005487 0
1731857701162 0.0017319181933999062 0
1731857716956 0.0018030593637377024 0
1731857732659 0.002031083684414625 0
1731857748444 0.001808187342248857 0
1731857764128 0.0021234401501715183 0
1731857780217 0.00196353648789227 0
1731857795898 0.001683092094026506 0
1731857811685 0.0016937091713771224 0
1731857827373 0.0017415861366316676 0
1731857843141 0.0019308652263134718 0
1731857858826 0.0016505289822816849 0
1731857874621 0.0016614709747955203 0
1731857890332 0.0018862946890294552 0
1731857906107 0.0014595591928809881 0
1731857921807 0.0015184649964794517 0
1731857937589 0.0017384430393576622 0
1731857953290 0.00187163264490664 0
1731857969068 0.00185358093585819 0
1731857984774 0.0017217689892277122 0
1731858000564 0.001614352106116712 0
1731858016567 0.0016138119390234351 0
1731858032375 0.0015417452668771148 0
1731858048069 0.0015290019800886512 0
1731858063856 0.001689609489403665 0
1731858079544 0.0014110913034528494 0
1731858095344 0.00179350096732378 0
1731858111020 0.001641761977225542 0
1731858126823 0.0014979548286646605 0
1731858142531 0.0014612588565796614 0
1731858158349 0.0016665579751133919 0
1731858174063 0.001622857409529388 0
1731858189893 0.0015384581638500094 0
1731858205601 0.0014445919077843428 0
1731858221409 0.0015870453789830208 0
1731858237110 0.001681980211287737 0
1731858253274 0.0015146983787417412 0
1731858268974 0.0016167359426617622 0
1731858284778 0.0013389501255005598 0
1731858300468 0.0014130237977951765 0
1731858316291 0.0014939520042389631 0
1731858331985 0.0014640844892710447 0
1731858347791 0.0016143100801855326 0
1731858363505 0.0013375588459894061 0
1731858379312 0.0013890521368011832 0
1731858395015 0.001405421644449234 0
1731858410809 0.0015664731618016958 0
1731858426495 0.0013757346896454692 0
1731858442289 0.0016056052409112453 0
1731858458006 0.001494914060458541 0
1731858473826 0.001553350011818111 0
1731858489903 0.001200204249471426 0
1731858505713 0.001365163130685687 0
1731858521439 0.0014522927813231945 0
1731858537247 0.0012175043812021613 0
1731858552939 0.0013883218634873629 0
1731858568788 0.0013769043143838644 0
1731858584503 0.0013952021254226565 0
1731858600290 0.0012424904853105545 0
1731858615988 0.0012887052726000547 0
1731858631801 0.0012119505554437637 0
1731858647509 0.001525495550595224 0
1731858663330 0.0013289222260937095 0
1731858679049 0.0016621274407953024 0
1731858694874 0.0012254243483766913 0
1731858710598 0.0013193691847845912 0
1731858726757 0.001184223685413599 0
1731858742465 0.0011655413545668125 0
1731858758266 0.0013527314877137542 0
1731858773984 0.001286697806790471 0
1731858789788 0.0013303477317094803 0
1731858805491 0.0011892339680343866 0
1731858821306 0.0012118518352508545 0
1731858837012 0.0015168002573773265 0
1731858852834 0.00121109071187675 0
1731858868542 0.001244299579411745 0
1731858884343 0.0013784527545794845 0
1731858900067 0.0011918151285499334 0
1731858915884 0.0011477239895612001 0
1731858931584 0.0012587697710841894 0
1731858947762 0.0013412106782197952 0
1731858963467 0.0011876261560246348 0
1731858979259 0.0014102922286838293 0
1731858994966 0.0012111723190173507 0
1731859010761 0.00115119235124439 0
1731859026491 0.0011212684912607074 0
1731859042309 0.0011000556405633688 0
1731859058035 0.0013381594326347113 0
1731859073824 0.0012222941732034087 0
1731859089559 0.0010199452517554164 0
1731859105381 0.0013072311412543058 0
1731859121097 0.0010094143217429519 0
1731859136921 0.0010718328412622213 0
1731859152654 0.0010847400408238173 0
1731859168461 0.0010793058900162578 0
1731859184526 0.0011440685484558344 0
1731859200354 0.0011101202107965946 0
1731859216094 0.0011379497591406107 0
1731859231914 0.0010489801643416286 0
1731859247618 0.001057102344930172 0
1731859263402 0.0011234828270971775 0
1731859279110 0.001181508181616664 0
1731859294895 0.0011141300201416016 0
1731859310617 0.0011167202610522509 0
1731859326470 0.0010949058923870325 0
1731859342174 0.0009944196790456772 0
1731859357969 0.0011701631592586637 0
1731859373690 0.0010036566527560353 0
1731859389487 0.0010863810312002897 0
1731859405211 0.0010727712651714683 0
1731859421360 0.0011965533485636115 0
1731859437090 0.0009257547790184617 0
1731859452920 0.0011169256176799536 0
1731859468630 0.0011221830500289798 0
1731859484443 0.0010810807580128312 0
1731859500127 0.0009466613410040736 0
1731859515911 0.0011062748963013291 0
1731859531620 0.00102417659945786 0
1731859547419 0.0010519805364310741 0
1731859563119 0.0009489390067756176 0
1731859578919 0.001052177045494318 0
1731859594613 0.0012002274161204696 0
1731859610410 0.0010527477134019136 0
1731859626101 0.0009597600437700748 0
1731859641885 0.0010347419884055853 0
1731859657934 0.001056489534676075 0
1731859673728 0.001066155731678009 0
1731859689432 0.0010568246943876147 0
1731859705217 0.001094465609639883 0
1731859720914 0.0009573106071911752 0
1731859736714 0.0009618652984499931 0
1731859752387 0.0010207626037299633 0
1731859768158 0.00107440201099962 0
1731859783862 0.0009679206996224821 0
1731859799672 0.0011308109387755394 0
1731859815366 0.0009584884974174201 0
1731859831159 0.0009609893313609064 0
1731859846860 0.0010291922371834517 0
1731859862645 0.0009525985224172473 0
1731859878326 0.0008826669654808939 0
