1731963702487 0.8341981768608093 0
1731963726823 0.7772979140281677 0
1731963748494 0.7506288290023804 0
1731963770106 0.7214404344558716 0
1731963791427 0.7139267325401306 0
1731963812702 0.729290246963501 0
1731963833766 0.7394567131996155 0
1731963854856 0.7276738286018372 0
1731963875806 0.7010555863380432 0
1731963896807 0.703430712223053 0
1731963917698 0.7049223184585571 0
1731963938671 0.6846123337745667 0
1731963959530 0.714860200881958 0
1731963980445 0.6984821557998657 0
1731964001158 0.712935209274292 0
1731964019493 0.7118769288063049 0
1731964037819 0.7104858160018921 0
1731964056126 0.7015326619148254 0
1731964074454 0.7126922011375427 0
1731964092769 0.7068960666656494 0
1731964111117 0.695724606513977 0
1731964129412 0.6992566585540771 0
1731964146862 0.7045781016349792 0
1731964163826 0.7052162289619446 0
1731964180941 0.7000760436058044 0
1731964198039 0.6935471296310425 0
1731964215112 0.7081676125526428 0
1731964232073 0.7115727066993713 0
1731964249136 0.698620080947876 0
1731964266200 0.6973108649253845 0
1731964282480 0.7081226706504822 0
1731964298765 0.7036485075950623 0
1731964315083 0.7124199271202087 0
1731964331390 0.6916273832321167 0
1731964347710 0.6976243853569031 0
1731964364002 0.6965330243110657 0
1731964380295 0.7025222182273865 0
1731964396123 0.6911646723747253 0
1731964411961 0.7042297720909119 0
1731964427700 0.7083587050437927 0
1731964443555 0.7000428438186646 0
1731964459304 0.6865714192390442 0
1731964475157 0.6919496059417725 0
1731964490891 0.7022315263748169 0
1731964507046 0.6982814073562622 0
1731964522781 0.7043740749359131 0
1731964538623 0.6987583637237549 0
1731964554351 0.698876142501831 0
1731964570211 0.6922804713249207 0
1731964585932 0.6913071274757385 0
1731964601784 0.6948767900466919 0
1731964617499 0.702795684337616 0
1731964633350 0.6998624205589294 0
1731964649062 0.7005728483200073 0
1731964664936 0.6857609748840332 0
1731964680684 0.6934877634048462 0
1731964696525 0.6965864896774292 0
1731964712267 0.6853179931640625 0
1731964728118 0.6985388994216919 0
1731964744187 0.6906326413154602 0
1731964760017 0.7052416801452637 0
1731964775776 0.6895057559013367 0
1731964791618 0.6989545822143555 0
1731964807368 0.6947470903396606 0
1731964823223 0.6958488821983337 0
1731964838954 0.7010278701782227 0
1731964854774 0.7020896077156067 0
1731964870497 0.7022080421447754 0
1731964886339 0.6860501766204834 0
1731964902071 0.6977481842041016 0
1731964917921 0.6949185132980347 0
1731964933654 0.6955501437187195 0
1731964949498 0.6845284104347229 0
1731964965235 0.6991579532623291 0
1731964981393 0.6979519724845886 0
1731964997099 0.6965318322181702 0
1731965012962 0.693107545375824 0
1731965028703 0.6951844692230225 0
1731965044568 0.6991077661514282 0
1731965060302 0.7014471292495728 0
1731965076139 0.6924244165420532 0
1731965091895 0.698414146900177 0
1731965107734 0.6990225315093994 0
1731965123470 0.6998733282089233 0
1731965139324 0.6966910362243652 0
1731965155052 0.6906250715255737 0
1731965170909 0.6870070099830627 0
1731965186640 0.6961341500282288 0
1731965202869 0.6943532824516296 0
1731965218599 0.703152596950531 0
1731965234415 0.6985647082328796 0
1731965250146 0.6993210911750793 0
1731965265991 0.6953403949737549 0
1731965281724 0.6940584778785706 0
1731965297560 0.6990540623664856 0
1731965313317 0.697350800037384 0
1731965329154 0.6939615607261658 0
1731965344872 0.6983885169029236 0
1731965360740 0.6975191235542297 0
1731965376523 0.6970080733299255 0
1731965392403 0.6938673853874207 0
1731965408160 0.7024500966072083 0
1731965424003 0.7030609250068665 0
1731965440040 0.695923924446106 0
1731965455875 0.7045184969902039 0
1731965471632 0.6961350440979004 0
1731965487478 0.6923837661743164 0
1731965503212 0.6919450759887695 0
1731965519056 0.6925836801528931 0
1731965534795 0.6900654435157776 0
1731965550648 0.6960645318031311 0
1731965566370 0.6945340037345886 0
1731965582206 0.6905319690704346 0
1731965597911 0.6931851506233215 0
1731965613752 0.6918626427650452 0
1731965629444 0.6963815093040466 0
1731965645256 0.6926722526550293 0
1731965660976 0.6979842782020569 0
1731965677112 0.6897395253181458 0
1731965692804 0.6946873068809509 0
1731965708603 0.6921415328979492 0
1731965724274 0.6936110854148865 0
1731965740084 0.6935601830482483 0
1731965755774 0.6965466737747192 0
1731965771584 0.694298505783081 0
1731965787298 0.6921294331550598 0
1731965803101 0.6886606216430664 0
1731965818796 0.6973838210105896 0
1731965834613 0.6961529850959778 0
1731965850314 0.6991863250732422 0
1731965866136 0.6998416781425476 0
1731965881840 0.6972782015800476 0
1731965897639 0.6967149972915649 0
1731965913649 0.6931139230728149 0
1731965929481 0.6965920329093933 0
1731965945170 0.6945956945419312 0
1731965960982 0.6913391351699829 0
1731965976685 0.693809986114502 0
1731965992494 0.6965817213058472 0
1731966008197 0.691325843334198 0
1731966024014 0.7004551291465759 0
1731966039699 0.70058274269104 0
1731966055497 0.6923506855964661 0
1731966071196 0.6922319531440735 0
1731966087000 0.6897093653678894 0
1731966102686 0.6958422064781189 0
1731966118497 0.700788676738739 0
1731966134152 0.6919835805892944 0
1731966150242 0.694117546081543 0
1731966165931 0.6930662989616394 0
1731966181719 0.6986948847770691 0
1731966197387 0.6918390393257141 0
1731966213188 0.6986583471298218 0
1731966228846 0.695240318775177 0
1731966244629 0.6934698820114136 0
1731966260300 0.6924279928207397 0
1731966276106 0.6981728672981262 0
1731966291784 0.6913604736328125 0
1731966307567 0.6941456198692322 0
1731966323274 0.6955481171607971 0
1731966339075 0.6950651407241821 0
1731966354746 0.6945143342018127 0
1731966370865 0.6959520578384399 0
1731966386537 0.6920725703239441 0
1731966402331 0.693291962146759 0
1731966417986 0.6938693523406982 0
1731966433783 0.6966759562492371 0
1731966449433 0.6981161832809448 0
1731966465239 0.6983504891395569 0
1731966480920 0.6960431933403015 0
1731966496712 0.6906613707542419 0
1731966512386 0.692916214466095 0
1731966528162 0.6959614753723145 0
1731966543842 0.6953122615814209 0
1731966559632 0.6901561617851257 0
1731966575324 0.6956281661987305 0
1731966591109 0.6902127861976624 0
1731966607117 0.697327733039856 0
1731966622927 0.69692063331604 0
1731966638644 0.6946917176246643 0
1731966654439 0.6934917569160461 0
1731966670132 0.694987416267395 0
1731966685907 0.6933757662773132 0
1731966701554 0.6924716234207153 0
1731966717319 0.6929010152816772 0
1731966732995 0.6953456401824951 0
1731966748776 0.6936779022216797 0
1731966764442 0.6948235034942627 0
1731966780219 0.6942735314369202 0
1731966795915 0.6939482688903809 0
1731966811704 0.6930415034294128 0
1731966827382 0.692985475063324 0
1731966843513 0.6922715902328491 0
1731966859171 0.6944779753684998 0
1731966874928 0.695963442325592 0
1731966890585 0.6994487643241882 0
1731966906351 0.6932976245880127 0
1731966922015 0.6954927444458008 0
1731966937814 0.6959823369979858 0
1731966953492 0.6954612731933594 0
1731966969283 0.6943129897117615 0
1731966984939 0.694216787815094 0
1731967000705 0.6979175209999084 0
1731967016382 0.6975420713424683 0
1731967032160 0.6964148283004761 0
1731967047812 0.6945662498474121 0
1731967063585 0.6939165592193604 0
1731967079544 0.6958500742912292 0
1731967095321 0.696108341217041 0
1731967111008 0.6943652629852295 0
1731967126785 0.6925114393234253 0
1731967142472 0.6951714158058167 0
1731967158241 0.6952349543571472 0
1731967173905 0.6934376358985901 0
1731967189679 0.6942619681358337 0
1731967205351 0.694956362247467 0
1731967221154 0.6966524720191956 0
1731967236862 0.6946388483047485 0
1731967252676 0.6932339668273926 0
1731967268374 0.6944640874862671 0
1731967284146 0.6941026449203491 0
1731967299819 0.6913486123085022 0
