1731963702487 0.24861925840377808 0
1731963726823 0.2301378697156906 0
1731963748494 0.21283279359340668 0
1731963770106 0.20297743380069733 0
1731963791427 0.1869378685951233 0
1731963812702 0.1784898340702057 0
1731963833766 0.16979385912418365 0
1731963854856 0.1535201072692871 0
1731963875806 0.15097224712371826 0
1731963896807 0.14925408363342285 0
1731963917698 0.14069581031799316 0
1731963938671 0.13500389456748962 0
1731963959530 0.12953433394432068 0
1731963980445 0.12239337712526321 0
1731964001158 0.12464071810245514 0
1731964019493 0.11762912571430206 0
1731964037819 0.11784463375806808 0
1731964056126 0.114952951669693 0
1731964074454 0.10866452753543854 0
1731964092769 0.10842724144458771 0
1731964111117 0.1103319600224495 0
1731964129412 0.10276029258966446 0
1731964146862 0.09930991381406784 0
1731964163826 0.09980487823486328 0
1731964180941 0.0962507501244545 0
1731964198039 0.0938616693019867 0
1731964215112 0.0934327021241188 0
1731964232073 0.09302365779876709 0
1731964249136 0.09309810400009155 0
1731964266200 0.09036408364772797 0
1731964282480 0.09183219075202942 0
1731964298765 0.09069573879241943 0
1731964315083 0.08720454573631287 0
1731964331390 0.08622932434082031 0
1731964347710 0.08593922108411789 0
1731964364002 0.08359510451555252 0
1731964380295 0.08208079636096954 0
1731964396123 0.08124629408121109 0
1731964411961 0.08285157382488251 0
1731964427700 0.07957997918128967 0
1731964443555 0.08241772651672363 0
1731964459304 0.07830046117305756 0
1731964475157 0.07736831903457642 0
1731964490891 0.0773426741361618 0
1731964507046 0.07458121329545975 0
1731964522781 0.07531226426362991 0
1731964538623 0.07508978247642517 0
1731964554351 0.0753609910607338 0
1731964570211 0.07299677282571793 0
1731964585932 0.07125779986381531 0
1731964601784 0.07154903560876846 0
1731964617499 0.07187837362289429 0
1731964633350 0.07318149507045746 0
1731964649062 0.07077422738075256 0
1731964664936 0.07110241055488586 0
1731964680684 0.06913036108016968 0
1731964696525 0.0715935081243515 0
1731964712267 0.06823798269033432 0
1731964728118 0.06355492770671844 0
1731964744187 0.0681040808558464 0
1731964760017 0.06976392865180969 0
1731964775776 0.06582492589950562 0
1731964791618 0.0661020278930664 0
1731964807368 0.06711164116859436 0
1731964823223 0.06740958988666534 0
1731964838954 0.06324579566717148 0
1731964854774 0.06460049003362656 0
1731964870497 0.06196147948503494 0
1731964886339 0.0642605721950531 0
1731964902071 0.06442560255527496 0
1731964917921 0.06310867518186569 0
1731964933654 0.0638408362865448 0
1731964949498 0.06220622360706329 0
1731964965235 0.060627296566963196 0
1731964981393 0.05997192859649658 0
1731964997099 0.06186853349208832 0
1731965012962 0.06200849637389183 0
1731965028703 0.06079920381307602 0
1731965044568 0.05916999280452728 0
1731965060302 0.05927910655736923 0
1731965076139 0.061155837029218674 0
1731965091895 0.059865906834602356 0
1731965107734 0.05688302218914032 0
1731965123470 0.05868919938802719 0
1731965139324 0.05703500285744667 0
1731965155052 0.05823860317468643 0
1731965170909 0.05845566838979721 0
1731965186640 0.05456404760479927 0
1731965202869 0.057198382914066315 0
1731965218599 0.0548994317650795 0
1731965234415 0.05684258043766022 0
1731965250146 0.055678840726614 0
1731965265991 0.05293445289134979 0
1731965281724 0.053243041038513184 0
1731965297560 0.05438254773616791 0
1731965313317 0.055042073130607605 0
1731965329154 0.05334243178367615 0
1731965344872 0.05385766178369522 0
1731965360740 0.05381698161363602 0
1731965376523 0.053410835564136505 0
1731965392403 0.05561969056725502 0
1731965408160 0.0530950129032135 0
1731965424003 0.05377377197146416 0
1731965440040 0.05194725841283798 0
1731965455875 0.05263150483369827 0
1731965471632 0.05325716733932495 0
1731965487478 0.05280353128910065 0
1731965503212 0.054395727813243866 0
1731965519056 0.050612062215805054 0
1731965534795 0.051647257059812546 0
1731965550648 0.05249539017677307 0
1731965566370 0.050166450440883636 0
1731965582206 0.05109947919845581 0
1731965597911 0.05154382437467575 0
1731965613752 0.05116504430770874 0
1731965629444 0.048823509365320206 0
1731965645256 0.051063887774944305 0
1731965660976 0.05143076926469803 0
1731965677112 0.05028015375137329 0
1731965692804 0.05042431876063347 0
1731965708603 0.05092509835958481 0
1731965724274 0.050402071326971054 0
1731965740084 0.05054875463247299 0
1731965755774 0.05108322948217392 0
1731965771584 0.0505390539765358 0
1731965787298 0.048134878277778625 0
1731965803101 0.05022808909416199 0
1731965818796 0.046316731721162796 0
1731965834613 0.04888266324996948 0
1731965850314 0.05009031295776367 0
1731965866136 0.04751943051815033 0
1731965881840 0.04751882702112198 0
1731965897639 0.04771650210022926 0
1731965913649 0.04521268606185913 0
1731965929481 0.047498669475317 0
1731965945170 0.047325655817985535 0
1731965960982 0.04763951897621155 0
1731965976685 0.046893782913684845 0
1731965992494 0.047667354345321655 0
1731966008197 0.044831469655036926 0
1731966024014 0.045162227004766464 0
1731966039699 0.04582151025533676 0
1731966055497 0.045950889587402344 0
1731966071196 0.04665973782539368 0
1731966087000 0.04545767977833748 0
1731966102686 0.044334884732961655 0
1731966118497 0.04580836743116379 0
1731966134152 0.044669173657894135 0
1731966150242 0.042219724506139755 0
1731966165931 0.044579148292541504 0
1731966181719 0.045936692506074905 0
1731966197387 0.044928912073373795 0
1731966213188 0.04488564282655716 0
1731966228846 0.04319629818201065 0
1731966244629 0.04412054270505905 0
1731966260300 0.043480195105075836 0
1731966276106 0.04719919711351395 0
1731966291784 0.04565976560115814 0
1731966307567 0.045762866735458374 0
1731966323274 0.04524100199341774 0
1731966339075 0.044342849403619766 0
1731966354746 0.04306124523282051 0
1731966370865 0.0426204651594162 0
1731966386537 0.04467242956161499 0
1731966402331 0.04275566712021828 0
1731966417986 0.04260224848985672 0
1731966433783 0.043961312621831894 0
1731966449433 0.042755044996738434 0
1731966465239 0.04355064779520035 0
1731966480920 0.043321821838617325 0
1731966496712 0.04189467802643776 0
1731966512386 0.04279027879238129 0
1731966528162 0.04187338799238205 0
1731966543842 0.0425967201590538 0
1731966559632 0.04287737235426903 0
1731966575324 0.044208794832229614 0
1731966591109 0.042750947177410126 0
1731966607117 0.04333331808447838 0
1731966622927 0.0419389009475708 0
1731966638644 0.042491357773542404 0
1731966654439 0.042064085602760315 0
1731966670132 0.04230036213994026 0
1731966685907 0.04188269376754761 0
1731966701554 0.04174882918596268 0
1731966717319 0.042862869799137115 0
1731966732995 0.04047967493534088 0
1731966748776 0.04216122627258301 0
1731966764442 0.040745049715042114 0
1731966780219 0.04095469415187836 0
1731966795915 0.04168325662612915 0
1731966811704 0.041322119534015656 0
1731966827382 0.04163387790322304 0
1731966843513 0.04211239889264107 0
1731966859171 0.04038865119218826 0
1731966874928 0.04295334592461586 0
1731966890585 0.04164780303835869 0
1731966906351 0.04146558791399002 0
1731966922015 0.04063709080219269 0
1731966937814 0.040018580853939056 0
1731966953492 0.04108288139104843 0
1731966969283 0.041148725897073746 0
1731966984939 0.04127757251262665 0
1731967000705 0.04003158211708069 0
1731967016382 0.039389852434396744 0
1731967032160 0.039677396416664124 0
1731967047812 0.039254289120435715 0
1731967063585 0.039112553000450134 0
1731967079544 0.03944001346826553 0
1731967095321 0.03978808969259262 0
1731967111008 0.04091990739107132 0
1731967126785 0.038506146520376205 0
1731967142472 0.03939015790820122 0
1731967158241 0.039389558136463165 0
1731967173905 0.038005560636520386 0
1731967189679 0.03789229691028595 0
1731967205351 0.03966313600540161 0
1731967221154 0.03827750310301781 0
1731967236862 0.03971005976200104 0
1731967252676 0.03984604775905609 0
1731967268374 0.038181453943252563 0
1731967284146 0.03983486071228981 0
1731967299819 0.038943756371736526 0
