1731963704838 0.0004972385358996689 0
1731963726826 0.00046027576900087297 0
1731963748496 0.0004256656102370471 0
1731963770108 0.0004059548955410719 0
1731963791430 0.00037387575139291584 0
1731963812704 0.00035697969724424183 0
1731963833768 0.00033958774292841554 0
1731963854858 0.0003070402308367193 0
1731963875809 0.0003019444993697107 0
1731963896810 0.0002985081810038537 0
1731963917700 0.00028139163623563945 0
1731963938674 0.0002700077893678099 0
1731963959532 0.0002590686781331897 0
1731963980448 0.00024478675913996994 0
1731964001161 0.00024928143830038607 0
1731964019495 0.00023525826691184193 0
1731964037822 0.00023568928008899093 0
1731964056128 0.0002299059124197811 0
1731964074456 0.00021732907043769956 0
1731964092772 0.00021685448882635683 0
1731964111119 0.0002206639328505844 0
1731964129414 0.00020552059868350625 0
1731964146864 0.0001986198330996558 0
1731964163829 0.00019960977078881115 0
1731964180943 0.00019250150944571942 0
1731964198041 0.00018772334442473948 0
1731964215114 0.00018686540715862066 0
1731964232076 0.00018604732758831233 0
1731964249141 0.00018619622278492898 0
1731964266203 0.00018072818056680262 0
1731964282482 0.00018366439326200634 0
1731964298767 0.00018139148596674204 0
1731964315085 0.00017440909869037569 0
1731964331392 0.000172458661836572 0
1731964347713 0.00017187844787258655 0
1731964364004 0.00016719021368771791 0
1731964380297 0.00016416159633081406 0
1731964396126 0.00016249259351752698 0
1731964411963 0.0001657031534705311 0
1731964427702 0.00015915997209958732 0
1731964443558 0.00016483546642120928 0
1731964459306 0.00015660093049518764 0
1731964475159 0.00015473664097953588 0
1731964490894 0.0001546853600302711 0
1731964507048 0.00014916242798790336 0
1731964522783 0.00015062453167047352 0
1731964538625 0.00015017957775853574 0
1731964554353 0.0001507219858467579 0
1731964570213 0.0001459935592720285 0
1731964585934 0.00014251560787670314 0
1731964601787 0.00014309807738754898 0
1731964617501 0.00014375675527844578 0
1731964633352 0.00014636300329584628 0
1731964649064 0.00014154845848679543 0
1731964664938 0.0001422048226231709 0
1731964680686 0.00013826072972733527 0
1731964696527 0.00014318701869342476 0
1731964712269 0.00013647596642840654 0
1731964728120 0.00012710985902231187 0
1731964744189 0.0001362081675324589 0
1731964760020 0.00013952786684967577 0
1731964775778 0.00013164985284674913 0
1731964791620 0.00013220406253822148 0
1731964807370 0.00013422328629530966 0
1731964823225 0.00013481918722391129 0
1731964838957 0.00012649159180000424 0
1731964854776 0.0001292009837925434 0
1731964870499 0.00012392296048346907 0
1731964886341 0.00012852114741690457 0
1731964902073 0.00012885121395811439 0
1731964917923 0.00012621736095752567 0
1731964933657 0.00012768167653121054 0
1731964949500 0.00012441245780792087 0
1731964965237 0.00012125459761591628 0
1731964981395 0.0001199438629555516 0
1731964997101 0.0001237370743183419 0
1731965012964 0.00012401699495967478 0
1731965028705 0.0001215984157170169 0
1731965044570 0.00011833999451482669 0
1731965060305 0.00011855822231154889 0
1731965076142 0.00012231168511789292 0
1731965091897 0.00011973181972280145 0
1731965107737 0.00011376605107216164 0
1731965123472 0.0001173784039565362 0
1731965139326 0.00011407001147745177 0
1731965155055 0.00011647721112240106 0
1731965170912 0.00011691134568536654 0
1731965186642 0.00010912810103036463 0
1731965202871 0.00011439677473390475 0
1731965218601 0.0001097988715628162 0
1731965234418 0.00011368516425136477 0
1731965250148 0.00011135768727399409 0
1731965265993 0.00010586890857666731 0
1731965281726 0.0001064860844053328 0
1731965297562 0.00010876510350499302 0
1731965313319 0.00011008415458491072 0
1731965329157 0.00010668487084330991 0
1731965344874 0.00010771532834041864 0
1731965360742 0.00010763396858237684 0
1731965376525 0.00010682167339837179 0
1731965392405 0.00011123938747914508 0
1731965408162 0.0001061900329659693 0
1731965424005 0.00010754755203379318 0
1731965440042 0.00010389451927039772 0
1731965455877 0.00010526301775826141 0
1731965471634 0.00010651433694874868 0
1731965487480 0.00010560706869000569 0
1731965503215 0.00010879146429942921 0
1731965519058 0.00010122412641067058 0
1731965534798 0.00010329452197765931 0
1731965550651 0.00010499078780412674 0
1731965566373 0.00010033290891442448 0
1731965582208 0.00010219896648777649 0
1731965597913 0.00010308765195077285 0
1731965613755 0.0001023300937958993 0
1731965629446 9.764702554093674e-05 0
1731965645258 0.00010212777851847932 0
1731965660978 0.00010286154429195449 0
1731965677114 0.00010056031169369817 0
1731965692806 0.00010084864334203303 0
1731965708605 0.00010185020073549822 0
1731965724276 0.0001008041508612223 0
1731965740086 0.00010109751747222617 0
1731965755776 0.00010216646478511393 0
1731965771587 0.00010107811249326915 0
1731965787300 9.626975952414796e-05 0
1731965803104 0.00010045618546428159 0
1731965818798 9.263346873922274e-05 0
1731965834616 9.776533261174336e-05 0
1731965850316 0.00010018063039751723 0
1731965866138 9.50388639466837e-05 0
1731965881842 9.503765613771975e-05 0
1731965897641 9.543300984660164e-05 0
1731965913651 9.042537567438558e-05 0
1731965929483 9.499734005657956e-05 0
1731965945173 9.465131734032184e-05 0
1731965960984 9.52790433075279e-05 0
1731965976687 9.37875738600269e-05 0
1731965992496 9.533471165923402e-05 0
1731966008200 8.966294262791052e-05 0
1731966024017 9.032445814227685e-05 0
1731966039701 9.16430217330344e-05 0
1731966055500 9.190178388962522e-05 0
1731966071198 9.331948240287602e-05 0
1731966087003 9.091536048799753e-05 0
1731966102689 8.866977441357449e-05 0
1731966118499 9.161674097413197e-05 0
1731966134154 8.933835488278419e-05 0
1731966150245 8.443945262115449e-05 0
1731966165933 8.91583040356636e-05 0
1731966181721 9.187338582705706e-05 0
1731966197390 8.985782915260643e-05 0
1731966213191 8.977128891274333e-05 0
1731966228848 8.639260340714827e-05 0
1731966244632 8.824108954286203e-05 0
1731966260302 8.69603973114863e-05 0
1731966276108 9.439839777769521e-05 0
1731966291786 9.131953265750781e-05 0
1731966307569 9.152574057225138e-05 0
1731966323276 9.048201172845438e-05 0
1731966339078 8.868570148479193e-05 0
1731966354748 8.612249803263694e-05 0
1731966370867 8.524093573214486e-05 0
1731966386540 8.934486686484888e-05 0
1731966402334 8.551133942091838e-05 0
1731966417988 8.520449773641303e-05 0
1731966433785 8.792262815404683e-05 0
1731966449435 8.551009523216635e-05 0
1731966465241 8.710129623068497e-05 0
1731966480922 8.664364577271044e-05 0
1731966496715 8.378936036024243e-05 0
1731966512388 8.558056288165972e-05 0
1731966528164 8.374678145628422e-05 0
1731966543844 8.519344555679709e-05 0
1731966559634 8.575474930694327e-05 0
1731966575326 8.84175969986245e-05 0
1731966591111 8.550189522793517e-05 0
1731966607119 8.666663779877126e-05 0
1731966622929 8.387780690100044e-05 0
1731966638646 8.498271927237511e-05 0
1731966654442 8.412817260250449e-05 0
1731966670134 8.460073149763048e-05 0
1731966685909 8.37653933558613e-05 0
1731966701556 8.34976599435322e-05 0
1731966717321 8.572574006393552e-05 0
1731966732997 8.095935481833294e-05 0
1731966748778 8.432245522271842e-05 0
1731966764444 8.149010682245716e-05 0
1731966780221 8.19093911559321e-05 0
1731966795917 8.336651808349416e-05 0
1731966811706 8.264424104709178e-05 0
1731966827384 8.326776151079684e-05 0
1731966843515 8.422480459557846e-05 0
1731966859173 8.077730308286846e-05 0
1731966874930 8.590669312980026e-05 0
1731966890588 8.329560660058632e-05 0
1731966906353 8.293118298752233e-05 0
1731966922017 8.127418550429866e-05 0
1731966937816 8.003716357052326e-05 0
1731966953494 8.216576679842547e-05 0
1731966969285 8.229745435528457e-05 0
1731966984941 8.25551469461061e-05 0
1731967000708 8.006316784303635e-05 0
1731967016384 7.877971074776724e-05 0
1731967032163 7.935479516163468e-05 0
1731967047814 7.850857946323231e-05 0
1731967063587 7.822510815458372e-05 0
1731967079546 7.88800316513516e-05 0
1731967095324 7.957618072396144e-05 0
1731967111011 8.183981844922528e-05 0
1731967126787 7.701229333179072e-05 0
1731967142474 7.878032192820683e-05 0
1731967158243 7.877912139520049e-05 0
1731967173907 7.601112156407908e-05 0
1731967189681 7.57845991756767e-05 0
1731967205353 7.932627340778708e-05 0
1731967221156 7.65550066716969e-05 0
1731967236865 7.942012598505244e-05 0
1731967252678 7.969210128067061e-05 0
1731967268376 7.636291411472484e-05 0
1731967284148 7.9669727711007e-05 0
1731967299821 7.788751827320084e-05 0
