1731963704838 0.0007422503549605608 0
1731963726826 0.0010943429078906775 0
1731963748496 0.0014172126539051533 0
1731963770108 0.0014966832241043448 0
1731963791430 0.0014703358756378293 0
1731963812704 0.0014807477127760649 0
1731963833768 0.0015991710824891925 0
1731963854858 0.0016144453547894955 0
1731963875809 0.0015915189869701862 0
1731963896810 0.0015505163464695215 0
1731963917700 0.0016227469313889742 0
1731963938674 0.0013596978969871998 0
1731963959532 0.001538128824904561 0
1731963980448 0.0015689634019508958 0
1731964001161 0.0015284057008102536 0
1731964019495 0.001521025667898357 0
1731964037822 0.001443688990548253 0
1731964056128 0.001487280591391027 0
1731964074456 0.0015515261329710484 0
1731964092772 0.001554868184030056 0
1731964111119 0.0016609454760327935 0
1731964129414 0.0015435621608048677 0
1731964146864 0.0015909724170342088 0
1731964163829 0.0017602595034986734 0
1731964180943 0.0016817895229905844 0
1731964198041 0.0016334991669282317 0
1731964215114 0.0016154043842107058 0
1731964232076 0.0015280044171959162 0
1731964249141 0.0015905406326055527 0
1731964266203 0.0016374707920476794 0
1731964282482 0.0015556712169200182 0
1731964298767 0.0016005290672183037 0
1731964315085 0.0016095039900392294 0
1731964331392 0.00166134478058666 0
1731964347713 0.0016531418077647686 0
1731964364004 0.001546830520965159 0
1731964380297 0.001597463502548635 0
1731964396126 0.0016946204705163836 0
1731964411963 0.00172453373670578 0
1731964427702 0.0016004854114726186 0
1731964443558 0.001710781711153686 0
1731964459306 0.001688936143182218 0
1731964475159 0.0015117556322366 0
1731964490894 0.0015137367881834507 0
1731964507048 0.0017794279847294092 0
1731964522783 0.0016149170696735382 0
1731964538625 0.0016211072215810418 0
1731964554353 0.0017094379290938377 0
1731964570213 0.0016633473569527268 0
1731964585934 0.0015494077233597636 0
1731964601787 0.0016244577709585428 0
1731964617501 0.0016306153265759349 0
1731964633352 0.0017063256818801165 0
1731964649064 0.001530792098492384 0
1731964664938 0.0016752575756981969 0
1731964680686 0.0015720578376203775 0
1731964696527 0.0017121208366006613 0
1731964712269 0.0016722125001251698 0
1731964728120 0.0016280640847980976 0
1731964744189 0.0017403456149622798 0
1731964760020 0.0016483681974932551 0
1731964775778 0.0015643935184925795 0
1731964791620 0.0017165541648864746 0
1731964807370 0.0016285727033391595 0
1731964823225 0.001666713273152709 0
1731964838957 0.0016642074333503842 0
1731964854776 0.0015760866226628423 0
1731964870499 0.0017447387799620628 0
1731964886341 0.0016372299287468195 0
1731964902073 0.0016959786880761385 0
1731964917923 0.001636105589568615 0
1731964933657 0.0016542591620236635 0
1731964949500 0.0017002118984237313 0
1731964965237 0.00177770818118006 0
1731964981395 0.0016281366115435958 0
1731964997101 0.0017912025796249509 0
1731965012964 0.0016285013407468796 0
1731965028705 0.0018151376862078905 0
1731965044570 0.0016219955869019032 0
1731965060305 0.001606822945177555 0
1731965076142 0.0017135379603132606 0
1731965091897 0.001599009963683784 0
1731965107737 0.0016850277315825224 0
1731965123472 0.0018149714451283216 0
1731965139326 0.0017719885800033808 0
1731965155055 0.0016202784609049559 0
1731965170912 0.001654476160183549 0
1731965186642 0.001546286279335618 0
1731965202871 0.001703888294287026 0
1731965218601 0.0016336924163624644 0
1731965234418 0.0016723579028621316 0
1731965250148 0.0015851780772209167 0
1731965265993 0.0017541478155180812 0
1731965281726 0.0018565217033028603 0
1731965297562 0.0018524558981880546 0
1731965313319 0.0017289676470682025 0
1731965329157 0.0018029145430773497 0
1731965344874 0.001771995099261403 0
1731965360742 0.0017109967302531004 0
1731965376525 0.0016145540867000818 0
1731965392405 0.001616952009499073 0
1731965408162 0.0016718439292162657 0
1731965424005 0.0016977807972580194 0
1731965440042 0.001637689070776105 0
1731965455877 0.0017128263134509325 0
1731965471634 0.001611087005585432 0
1731965487480 0.001665401505306363 0
1731965503215 0.0016884910874068737 0
1731965519058 0.0017751669511198997 0
1731965534798 0.0016023905482143164 0
1731965550651 0.0017078620148822665 0
1731965566373 0.0017129381885752082 0
1731965582208 0.001610524719581008 0
1731965597913 0.0017267342191189528 0
1731965613755 0.0016164283733814955 0
1731965629446 0.001651593716815114 0
1731965645258 0.0016043352661654353 0
1731965660978 0.001606759731657803 0
1731965677114 0.0017199446447193623 0
1731965692806 0.0017544147558510303 0
1731965708605 0.0016955065075308084 0
1731965724276 0.001720647094771266 0
1731965740086 0.0015802509151399136 0
1731965755776 0.0017092099878937006 0
1731965771587 0.0017471793107688427 0
1731965787300 0.0015877635451033711 0
1731965803104 0.0016966996481642127 0
1731965818798 0.0017527679447084665 0
1731965834616 0.0016863909550011158 0
1731965850316 0.001701105386018753 0
1731965866138 0.0017952111084014177 0
1731965881842 0.0017702517798170447 0
1731965897641 0.0016500760102644563 0
1731965913651 0.0016948808915913105 0
1731965929483 0.0017621542792767286 0
1731965945173 0.0017447173595428467 0
1731965960984 0.0016987319104373455 0
1731965976687 0.0016666639130562544 0
1731965992496 0.0017608789494261146 0
1731966008200 0.001674027182161808 0
1731966024017 0.0017377675976604223 0
1731966039701 0.0017190370708703995 0
1731966055500 0.0016869899118319154 0
1731966071198 0.001737746992148459 0
1731966087003 0.0016334825195372105 0
1731966102689 0.0017453611362725496 0
1731966118499 0.0016507792752236128 0
1731966134154 0.0018036311957985163 0
1731966150245 0.0016863393830135465 0
1731966165933 0.0017489481251686811 0
1731966181721 0.001672611222602427 0
1731966197390 0.0017499140230938792 0
1731966213191 0.0017441754462197423 0
1731966228848 0.0015630396082997322 0
1731966244632 0.0016719694249331951 0
1731966260302 0.0017777264583855867 0
1731966276108 0.0017431735759600997 0
1731966291786 0.0016835597343742847 0
1731966307569 0.0016842838376760483 0
1731966323276 0.0017110113985836506 0
1731966339078 0.0017142451833933592 0
1731966354748 0.0017823419766500592 0
1731966370867 0.0017740502953529358 0
1731966386540 0.001647201250307262 0
1731966402334 0.001736391568556428 0
1731966417988 0.0016693699872121215 0
1731966433785 0.0017794988816604018 0
1731966449435 0.001792385708540678 0
1731966465241 0.0017840723739936948 0
1731966480922 0.001780438469722867 0
1731966496715 0.0017712675034999847 0
1731966512388 0.001708076917566359 0
1731966528164 0.001726081594824791 0
1731966543844 0.001677634776569903 0
1731966559634 0.0017256857827305794 0
1731966575326 0.0017275186255574226 0
1731966591111 0.0017006387934088707 0
1731966607119 0.0017686482751742005 0
1731966622929 0.0017553193029016256 0
1731966638646 0.0017065266147255898 0
1731966654442 0.0017050356836989522 0
1731966670134 0.001683012000285089 0
1731966685909 0.0017027503345161676 0
1731966701556 0.0017791029531508684 0
1731966717321 0.0016375803388655186 0
1731966732997 0.0016421765321865678 0
1731966748778 0.0017005663830786943 0
1731966764444 0.0016892964486032724 0
1731966780221 0.001777913887053728 0
1731966795917 0.001677823020145297 0
1731966811706 0.001724335364997387 0
1731966827384 0.0017943319398909807 0
1731966843515 0.0016520051285624504 0
1731966859173 0.0017360781785100698 0
1731966874930 0.0017794538289308548 0
1731966890588 0.0017773265717551112 0
1731966906353 0.001775385462678969 0
1731966922017 0.001696509774774313 0
1731966937816 0.0016535434406250715 0
1731966953494 0.0017403827514499426 0
1731966969285 0.0016848996747285128 0
1731966984941 0.0017935752402991056 0
1731967000708 0.00173125509172678 0
1731967016384 0.0015892317751422524 0
1731967032163 0.0016075102612376213 0
1731967047814 0.001609285594895482 0
1731967063587 0.0016970764845609665 0
1731967079546 0.0017205518670380116 0
1731967095324 0.001692775753326714 0
1731967111011 0.001663168310187757 0
1731967126787 0.0016698087565600872 0
1731967142474 0.0017040123930200934 0
1731967158243 0.0016742266016080976 0
1731967173907 0.0017247276846319437 0
1731967189681 0.00178560393396765 0
1731967205353 0.0017469364684075117 0
1731967221156 0.0018082917667925358 0
1731967236865 0.0016834685811772943 0
1731967252678 0.0017578511033207178 0
1731967268376 0.0016589416190981865 0
1731967284148 0.0016732726944610476 0
1731967299821 0.0017565930029377341 0
