1731954707793 0.7536450028419495 0
1731954750520 0.72927325963974 0
1731954798211 0.712251603603363 0
1731954847273 0.7188035249710083 0
1731954896169 0.7151971459388733 0
1731954945505 0.7230109572410583 0
1731954994651 0.7203230857849121 0
1731955044251 0.7096417546272278 0
1731955094212 0.7258003950119019 0
1731955144475 0.7318928241729736 0
1731955194939 0.7184716463088989 0
1731955245779 0.7269024848937988 0
1731955296469 0.732949435710907 0
1731955347996 0.7195889353752136 0
1731955398856 0.7240461111068726 0
1731955443162 0.7286232709884644 0
1731955487458 0.7064055800437927 0
1731955531697 0.728344202041626 0
1731955576242 0.7517473697662354 0
1731955620799 0.7284477353096008 0
1731955665467 0.7248646020889282 0
1731955710366 0.7298391461372375 0
1731955752207 0.7319484949111938 0
1731955792759 0.7290015816688538 0
1731955833900 0.7285947799682617 0
1731955874994 0.7248229384422302 0
1731955915908 0.7247006297111511 0
1731955956796 0.7288166880607605 0
1731955997660 0.7182695865631104 0
1731956037966 0.7368628978729248 0
1731956076533 0.7289323210716248 0
1731956115193 0.7173753380775452 0
1731956153836 0.7234188318252563 0
1731956192291 0.7347499132156372 0
1731956230794 0.7338080406188965 0
1731956269273 0.7192308902740479 0
1731956308033 0.7219184637069702 0
1731956345117 0.7251003980636597 0
1731956382311 0.7342931032180786 0
1731956419030 0.735435962677002 0
1731956456244 0.7372021079063416 0
1731956493005 0.7236001491546631 0
1731956530137 0.7240877151489258 0
1731956566965 0.7200191617012024 0
1731956604429 0.7277519702911377 0
1731956641155 0.7469395995140076 0
1731956678426 0.7306175827980042 0
1731956715325 0.7368972897529602 0
1731956752280 0.7251861095428467 0
1731956789089 0.7407400608062744 0
1731956826150 0.7307265996932983 0
1731956862927 0.7380266785621643 0
1731956899952 0.7324569225311279 0
1731956936668 0.7092390060424805 0
1731956973783 0.7329975366592407 0
1731957010593 0.7435281276702881 0
1731957047776 0.7145701050758362 0
1731957084567 0.7349357604980469 0
1731957121718 0.7246326208114624 0
1731957158934 0.721257746219635 0
1731957196083 0.7262406349182129 0
1731957232781 0.7457950115203857 0
1731957269851 0.7242962121963501 0
1731957306557 0.7257819771766663 0
1731957343778 0.7260282039642334 0
1731957380553 0.7292379140853882 0
1731957417586 0.7431114912033081 0
1731957454293 0.7306185364723206 0
1731957491511 0.7400091886520386 0
1731957528257 0.7336779236793518 0
1731957565402 0.7304810285568237 0
1731957602302 0.716761589050293 0
1731957639424 0.730408251285553 0
1731957676166 0.7375825643539429 0
1731957713684 0.7333242297172546 0
1731957750585 0.7314805388450623 0
1731957787799 0.7218652367591858 0
1731957824684 0.7322520017623901 0
1731957861811 0.7356423735618591 0
1731957898708 0.7218174338340759 0
1731957935801 0.7236948013305664 0
1731957972541 0.7345078587532043 0
1731958009757 0.7280162572860718 0
1731958046519 0.7255311608314514 0
1731958083678 0.7322129011154175 0
1731958120494 0.7336534261703491 0
1731958157645 0.7299929857254028 0
1731958194501 0.7452051043510437 0
1731958231997 0.7246350049972534 0
1731958268798 0.725104808807373 0
1731958306093 0.7248338460922241 0
1731958342924 0.7236397862434387 0
1731958380147 0.7302051186561584 0
1731958416963 0.7289645671844482 0
1731958454245 0.709476888179779 0
1731958491151 0.7132981419563293 0
1731958528364 0.7314638495445251 0
1731958565180 0.7297223806381226 0
1731958602419 0.7501114010810852 0
1731958639202 0.7297578454017639 0
1731958676472 0.7343463897705078 0
1731958713431 0.728493869304657 0
1731958750640 0.7108395099639893 0
1731958787662 0.735366940498352 0
1731958824797 0.7193131446838379 0
1731958861753 0.7345518469810486 0
1731958898949 0.726934015750885 0
1731958935684 0.7266891598701477 0
1731958973031 0.7129198312759399 0
1731959010005 0.7357492446899414 0
1731959047255 0.7314056158065796 0
1731959084231 0.7181754112243652 0
1731959121504 0.7242794036865234 0
1731959158410 0.7286549210548401 0
1731959195560 0.7181954383850098 0
1731959232491 0.7304673194885254 0
1731959269835 0.7035771012306213 0
1731959306631 0.7200890779495239 0
1731959344246 0.7357586622238159 0
1731959381104 0.7366312742233276 0
1731959418388 0.7280828356742859 0
1731959455398 0.7439174652099609 0
1731959492573 0.7330387830734253 0
1731959529445 0.7328108549118042 0
1731959566625 0.7420470714569092 0
1731959603422 0.7393960356712341 0
1731959640900 0.7398841977119446 0
1731959677984 0.7300348877906799 0
1731959715278 0.7162166833877563 0
1731959752165 0.7372581958770752 0
1731959789451 0.7343223094940186 0
1731959826271 0.7295152544975281 0
1731959863533 0.7321484684944153 0
1731959900802 0.7323258519172668 0
1731959938160 0.7386327981948853 0
1731959974981 0.7180637121200562 0
1731960012115 0.7332242131233215 0
1731960049097 0.7282121181488037 0
1731960086281 0.7280332446098328 0
1731960123196 0.7313929200172424 0
1731960160474 0.7210853695869446 0
1731960197380 0.7246760129928589 0
1731960234609 0.7182520627975464 0
1731960271456 0.7309811115264893 0
1731960308635 0.7397273778915405 0
1731960345493 0.7269706726074219 0
1731960382638 0.7101649641990662 0
1731960419540 0.7245148420333862 0
1731960457114 0.7177472710609436 0
1731960493944 0.7257282137870789 0
1731960531178 0.7315151691436768 0
1731960568102 0.7291821241378784 0
1731960605348 0.7199828028678894 0
1731960642231 0.7356476783752441 0
1731960679394 0.7353355884552002 0
1731960716317 0.7268624901771545 0
1731960753608 0.7265080809593201 0
1731960790446 0.7220626473426819 0
1731960827645 0.7338992953300476 0
1731960864489 0.7307509183883667 0
1731960901630 0.7461241483688354 0
1731960938428 0.7284953594207764 0
1731960975911 0.7177680134773254 0
1731961012814 0.7277941703796387 0
1731961050045 0.7266362905502319 0
1731961086959 0.7429393529891968 0
1731961124078 0.7232179045677185 0
1731961160838 0.7027757167816162 0
1731961197913 0.7285364270210266 0
1731961234817 0.7269685864448547 0
1731961272088 0.7337425947189331 0
1731961308858 0.7289496660232544 0
1731961346010 0.728154182434082 0
1731961382858 0.7270552515983582 0
1731961420099 0.7273221611976624 0
1731961457040 0.7226547598838806 0
1731961494182 0.7228413820266724 0
1731961531616 0.7277628183364868 0
1731961568748 0.7194228768348694 0
1731961605629 0.7349276542663574 0
1731961642835 0.7204907536506653 0
1731961679713 0.7293362617492676 0
1731961716875 0.7243358492851257 0
1731961753657 0.7360200881958008 0
1731961790885 0.7275342345237732 0
1731961827723 0.7300925850868225 0
1731961864916 0.7220807671546936 0
1731961901730 0.7288780212402344 0
1731961938970 0.7223389744758606 0
1731961975628 0.7259064316749573 0
1731962012773 0.7103918194770813 0
1731962049585 0.7240663766860962 0
1731962090839 0.7239779829978943 0
1731962127593 0.7338735461235046 0
1731962164775 0.7224878072738647 0
