1731954707793 0.01566852442920208 0
1731954750520 0.015593063086271286 0
1731954798211 0.01515316404402256 0
1731954847273 0.014447967521846294 0
1731954896169 0.014577573165297508 0
1731954945505 0.01422563474625349 0
1731954994651 0.014372838661074638 0
1731955044251 0.014399157837033272 0
1731955094212 0.014126413501799107 0
1731955144475 0.01389834750443697 0
1731955194939 0.01393633522093296 0
1731955245779 0.01402202621102333 0
1731955296469 0.014102057553827763 0
1731955347996 0.014242681674659252 0
1731955398856 0.014177937060594559 0
1731955443162 0.013886752538383007 0
1731955487458 0.014282098971307278 0
1731955531697 0.014021928422152996 0
1731955576242 0.014226531609892845 0
1731955620799 0.01419227384030819 0
1731955665467 0.014236253686249256 0
1731955710366 0.013804450631141663 0
1731955752207 0.013742360286414623 0
1731955792759 0.013874060474336147 0
1731955833900 0.014193721115589142 0
1731955874994 0.013952496461570263 0
1731955915908 0.014349403791129589 0
1731955956796 0.01428565289825201 0
1731955997660 0.014327110722661018 0
1731956037966 0.013900639489293098 0
1731956076533 0.014157291501760483 0
1731956115193 0.014069732278585434 0
1731956153836 0.013855334371328354 0
1731956192291 0.013799859210848808 0
1731956230794 0.013639186508953571 0
1731956269273 0.013669895008206367 0
1731956308033 0.013604228384792805 0
1731956345117 0.013788084499537945 0
1731956382311 0.013592243194580078 0
1731956419030 0.014008136466145515 0
1731956456244 0.01396546047180891 0
1731956493005 0.013821071945130825 0
1731956530137 0.013841873966157436 0
1731956566965 0.014076175168156624 0
1731956604429 0.013961287215352058 0
1731956641155 0.01396365649998188 0
1731956678426 0.013741841539740562 0
1731956715325 0.014168722555041313 0
1731956752280 0.014238533563911915 0
1731956789089 0.014119523577392101 0
1731956826150 0.014065511524677277 0
1731956862927 0.01390763744711876 0
1731956899952 0.013931265100836754 0
1731956936668 0.013880670070648193 0
1731956973783 0.014072834514081478 0
1731957010593 0.013955269008874893 0
1731957047776 0.013984166085720062 0
1731957084567 0.013873952440917492 0
1731957121718 0.013602075167000294 0
1731957158934 0.013620629906654358 0
1731957196083 0.013401524163782597 0
1731957232781 0.01339506171643734 0
1731957269851 0.013643143698573112 0
1731957306557 0.013713023625314236 0
1731957343778 0.013825717382133007 0
1731957380553 0.013712836429476738 0
1731957417586 0.013784236274659634 0
1731957454293 0.014215542934834957 0
1731957491511 0.013884495943784714 0
1731957528257 0.013972658663988113 0
1731957565402 0.013703168369829655 0
1731957602302 0.014016122557222843 0
1731957639424 0.013776629231870174 0
1731957676166 0.013830551877617836 0
1731957713684 0.013866809196770191 0
1731957750585 0.013873852789402008 0
1731957787799 0.013623607344925404 0
1731957824684 0.013900429010391235 0
1731957861811 0.014007781632244587 0
1731957898708 0.013989601284265518 0
1731957935801 0.013380625285208225 0
1731957972541 0.013758492656052113 0
1731958009757 0.013794658705592155 0
1731958046519 0.01369304209947586 0
1731958083678 0.013455039821565151 0
1731958120494 0.013537752442061901 0
1731958157645 0.014007463119924068 0
1731958194501 0.014052038080990314 0
1731958231997 0.013855128549039364 0
1731958268798 0.013847429305315018 0
1731958306093 0.01389212068170309 0
1731958342924 0.01382069569081068 0
1731958380147 0.013937810435891151 0
1731958416963 0.013887044973671436 0
1731958454245 0.0138999093323946 0
1731958491151 0.01402275450527668 0
1731958528364 0.013745242729783058 0
1731958565180 0.013719512149691582 0
1731958602419 0.013602783903479576 0
1731958639202 0.01367595698684454 0
1731958676472 0.013942064717411995 0
1731958713431 0.013928495347499847 0
1731958750640 0.013808373361825943 0
1731958787662 0.013743197545409203 0
1731958824797 0.013759668916463852 0
1731958861753 0.013525842688977718 0
1731958898949 0.013776554726064205 0
1731958935684 0.013576388359069824 0
1731958973031 0.013507947325706482 0
1731959010005 0.013755003921687603 0
1731959047255 0.013406374491751194 0
1731959084231 0.013617470860481262 0
1731959121504 0.013804944232106209 0
1731959158410 0.013656179420650005 0
1731959195560 0.013697529211640358 0
1731959232491 0.013796025887131691 0
1731959269835 0.013775636442005634 0
1731959306631 0.013811575248837471 0
1731959344246 0.013874734751880169 0
1731959381104 0.013877215795218945 0
1731959418388 0.013875498436391354 0
1731959455398 0.013702175579965115 0
1731959492573 0.013575606979429722 0
1731959529445 0.01379964966326952 0
1731959566625 0.0138147734105587 0
1731959603422 0.013634619303047657 0
1731959640900 0.013720826245844364 0
1731959677984 0.01369638554751873 0
1731959715278 0.01375581230968237 0
1731959752165 0.013801327906548977 0
1731959789451 0.013820338994264603 0
1731959826271 0.013682014308869839 0
1731959863533 0.013636915944516659 0
1731959900802 0.01377951167523861 0
1731959938160 0.013758214190602303 0
1731959974981 0.013790545985102654 0
1731960012115 0.013637715950608253 0
1731960049097 0.013752824626863003 0
1731960086281 0.013591816648840904 0
1731960123196 0.013658249750733376 0
1731960160474 0.013599167577922344 0
1731960197380 0.013750660233199596 0
1731960234609 0.013703632168471813 0
1731960271456 0.013656722381711006 0
1731960308635 0.013621721416711807 0
1731960345493 0.013648433610796928 0
1731960382638 0.013688080944120884 0
1731960419540 0.013653290458023548 0
1731960457114 0.013593935407698154 0
1731960493944 0.013639558106660843 0
1731960531178 0.013505612500011921 0
1731960568102 0.013457276858389378 0
1731960605348 0.013709528371691704 0
1731960642231 0.0137143200263381 0
1731960679394 0.013615421019494534 0
1731960716317 0.013701118528842926 0
1731960753608 0.01362519059330225 0
1731960790446 0.01384051889181137 0
1731960827645 0.01365960668772459 0
1731960864489 0.013661546632647514 0
1731960901630 0.013269899412989616 0
1731960938428 0.01361679658293724 0
1731960975911 0.013517622835934162 0
1731961012814 0.013714879751205444 0
1731961050045 0.01368444412946701 0
1731961086959 0.01368701457977295 0
1731961124078 0.013391333632171154 0
1731961160838 0.0134970061480999 0
1731961197913 0.01349922176450491 0
1731961234817 0.013369386084377766 0
1731961272088 0.013622304424643517 0
1731961308858 0.013750874437391758 0
1731961346010 0.013744574971497059 0
1731961382858 0.01363114733248949 0
1731961420099 0.013770466670393944 0
1731961457040 0.01381021086126566 0
1731961494182 0.013782437890768051 0
1731961531616 0.013691330328583717 0
1731961568748 0.014002717100083828 0
1731961605629 0.013597322627902031 0
1731961642835 0.013795166276395321 0
1731961679713 0.013671278022229671 0
1731961716875 0.01367176603525877 0
1731961753657 0.013727166689932346 0
1731961790885 0.013578315265476704 0
1731961827723 0.013695982284843922 0
1731961864916 0.013928808271884918 0
1731961901730 0.013629375956952572 0
1731961938970 0.013669850304722786 0
1731961975628 0.013728979974985123 0
1731962012773 0.013600438833236694 0
1731962049585 0.013638288713991642 0
1731962090839 0.013698934577405453 0
1731962127593 0.013669585809111595 0
1731962164775 0.013154546730220318 0
