1731954707793 0.01412719301879406 0
1731954750520 0.014174051582813263 0
1731954798211 0.013484307564795017 0
1731954847273 0.013307075947523117 0
1731954896169 0.013391376473009586 0
1731954945505 0.013241633772850037 0
1731954994651 0.013434836640954018 0
1731955044251 0.013346754014492035 0
1731955094212 0.013262953609228134 0
1731955144475 0.013193901628255844 0
1731955194939 0.013297542929649353 0
1731955245779 0.013270024210214615 0
1731955296469 0.013005530461668968 0
1731955347996 0.01304122619330883 0
1731955398856 0.013442532159388065 0
1731955443162 0.013065110892057419 0
1731955487458 0.01320045255124569 0
1731955531697 0.013027455657720566 0
1731955576242 0.013541845604777336 0
1731955620799 0.013538765721023083 0
1731955665467 0.013124285265803337 0
1731955710366 0.012857065536081791 0
1731955752207 0.013069993816316128 0
1731955792759 0.012840935960412025 0
1731955833900 0.013499315828084946 0
1731955874994 0.012919456698000431 0
1731955915908 0.013092314824461937 0
1731955956796 0.013322555460035801 0
1731955997660 0.013336608186364174 0
1731956037966 0.013395239599049091 0
1731956076533 0.013249469920992851 0
1731956115193 0.013083785772323608 0
1731956153836 0.013123235665261745 0
1731956192291 0.013039527460932732 0
1731956230794 0.012979546561837196 0
1731956269273 0.012742914259433746 0
1731956308033 0.012791519984602928 0
1731956345117 0.013346729800105095 0
1731956382311 0.01300801895558834 0
1731956419030 0.01337588019669056 0
1731956456244 0.013121426105499268 0
1731956493005 0.013043215498328209 0
1731956530137 0.013467639684677124 0
1731956566965 0.013482017442584038 0
1731956604429 0.013260453939437866 0
1731956641155 0.013272733427584171 0
1731956678426 0.012780304998159409 0
1731956715325 0.0134856216609478 0
1731956752280 0.012910198420286179 0
1731956789089 0.01353943906724453 0
1731956826150 0.01320294477045536 0
1731956862927 0.013412624597549438 0
1731956899952 0.013284326530992985 0
1731956936668 0.013401195406913757 0
1731956973783 0.01305695716291666 0
1731957010593 0.013295898213982582 0
1731957047776 0.013396291062235832 0
1731957084567 0.013036016374826431 0
1731957121718 0.01301426999270916 0
1731957158934 0.012997849844396114 0
1731957196083 0.012655138969421387 0
1731957232781 0.01280786469578743 0
1731957269851 0.013218609616160393 0
1731957306557 0.013080102391541004 0
1731957343778 0.01298588514328003 0
1731957380553 0.01297907717525959 0
1731957417586 0.013305370695888996 0
1731957454293 0.013390186242759228 0
1731957491511 0.013261285610496998 0
1731957528257 0.013257628306746483 0
1731957565402 0.012956763617694378 0
1731957602302 0.013238901272416115 0
1731957639424 0.013284043408930302 0
1731957676166 0.013417143374681473 0
1731957713684 0.013217272236943245 0
1731957750585 0.013245541602373123 0
1731957787799 0.013229207135736942 0
1731957824684 0.013111598789691925 0
1731957861811 0.013480412773787975 0
1731957898708 0.01309511624276638 0
1731957935801 0.013263856060802937 0
1731957972541 0.013037548400461674 0
1731958009757 0.01313446369022131 0
1731958046519 0.012765128165483475 0
1731958083678 0.013367008417844772 0
1731958120494 0.013154679909348488 0
1731958157645 0.013302287086844444 0
1731958194501 0.01358324196189642 0
1731958231997 0.01323583722114563 0
1731958268798 0.013264188542962074 0
1731958306093 0.013092601671814919 0
1731958342924 0.013102671131491661 0
1731958380147 0.013204734772443771 0
1731958416963 0.013339230790734291 0
1731958454245 0.013216067105531693 0
1731958491151 0.012883804738521576 0
1731958528364 0.012864602729678154 0
1731958565180 0.013321220874786377 0
1731958602419 0.013075470924377441 0
1731958639202 0.013253344222903252 0
1731958676472 0.013209030032157898 0
1731958713431 0.013427631929516792 0
1731958750640 0.013023244217038155 0
1731958787662 0.013186274096369743 0
1731958824797 0.013125983998179436 0
1731958861753 0.01282140240073204 0
1731958898949 0.013230951502919197 0
1731958935684 0.013229760341346264 0
1731958973031 0.012928662821650505 0
1731959010005 0.013177400454878807 0
1731959047255 0.013054300099611282 0
1731959084231 0.012891419231891632 0
1731959121504 0.013139244168996811 0
1731959158410 0.013264106586575508 0
1731959195560 0.013007229194045067 0
1731959232491 0.013571084477007389 0
1731959269835 0.01342962309718132 0
1731959306631 0.013234533369541168 0
1731959344246 0.013434144668281078 0
1731959381104 0.013146425597369671 0
1731959418388 0.01334374863654375 0
1731959455398 0.013002830557525158 0
1731959492573 0.013063564896583557 0
1731959529445 0.012620341032743454 0
1731959566625 0.013064257800579071 0
1731959603422 0.012914039194583893 0
1731959640900 0.012964310124516487 0
1731959677984 0.013062655925750732 0
1731959715278 0.012790048494935036 0
1731959752165 0.013357797637581825 0
1731959789451 0.01325252652168274 0
1731959826271 0.013109761290252209 0
1731959863533 0.012920048087835312 0
1731959900802 0.013034048490226269 0
1731959938160 0.012807028368115425 0
1731959974981 0.013047704473137856 0
1731960012115 0.013020383194088936 0
1731960049097 0.013015957549214363 0
1731960086281 0.01314990408718586 0
1731960123196 0.012688460759818554 0
1731960160474 0.01295102946460247 0
1731960197380 0.013184046372771263 0
1731960234609 0.012887045741081238 0
1731960271456 0.013119453564286232 0
1731960308635 0.012852536514401436 0
1731960345493 0.012850580736994743 0
1731960382638 0.012888509780168533 0
1731960419540 0.013022935017943382 0
1731960457114 0.013171455822885036 0
1731960493944 0.012915557250380516 0
1731960531178 0.012798003852367401 0
1731960568102 0.012857938185334206 0
1731960605348 0.01300831325352192 0
1731960642231 0.013169340789318085 0
1731960679394 0.013137942180037498 0
1731960716317 0.013024939224123955 0
1731960753608 0.013180135749280453 0
1731960790446 0.01316123828291893 0
1731960827645 0.012966817244887352 0
1731960864489 0.013173926621675491 0
1731960901630 0.012803694233298302 0
1731960938428 0.013014450669288635 0
1731960975911 0.012904494069516659 0
1731961012814 0.013095436617732048 0
1731961050045 0.013057840056717396 0
1731961086959 0.013066621497273445 0
1731961124078 0.013317951932549477 0
1731961160838 0.01290714181959629 0
1731961197913 0.012907559052109718 0
1731961234817 0.012946653179824352 0
1731961272088 0.013329558074474335 0
1731961308858 0.013370797038078308 0
1731961346010 0.01281578466296196 0
1731961382858 0.0131907369941473 0
1731961420099 0.013041333295404911 0
1731961457040 0.0131735410541296 0
1731961494182 0.01285417191684246 0
1731961531616 0.013208970427513123 0
1731961568748 0.013115443289279938 0
1731961605629 0.012902004644274712 0
1731961642835 0.013249126262962818 0
1731961679713 0.012995971366763115 0
1731961716875 0.012972444295883179 0
1731961753657 0.012629115954041481 0
1731961790885 0.013085249811410904 0
1731961827723 0.013098284602165222 0
1731961864916 0.013109191320836544 0
1731961901730 0.012989742681384087 0
1731961938970 0.012720289640128613 0
1731961975628 0.013011785224080086 0
1731962012773 0.012933808378875256 0
1731962049585 0.013080628588795662 0
1731962090839 0.012956669554114342 0
1731962127593 0.013091553933918476 0
1731962164775 0.012671870179474354 0
