1731954707793 0.7298923134803772 0
1731954750520 0.7187305092811584 0
1731954798211 0.7087545394897461 0
1731954847273 0.7060862183570862 0
1731954896169 0.7073184251785278 0
1731954945505 0.7098534107208252 0
1731954994651 0.7101442217826843 0
1731955044251 0.7027611136436462 0
1731955094212 0.7119007706642151 0
1731955144475 0.7164233326911926 0
1731955194939 0.7095562815666199 0
1731955245779 0.7080615162849426 0
1731955296469 0.7138081192970276 0
1731955347996 0.7088145017623901 0
1731955398856 0.7111806273460388 0
1731955443162 0.7114157676696777 0
1731955487458 0.7043182253837585 0
1731955531697 0.715962290763855 0
1731955576242 0.7254711389541626 0
1731955620799 0.7131327390670776 0
1731955665467 0.7087008953094482 0
1731955710366 0.7140030264854431 0
1731955752207 0.7171450257301331 0
1731955792759 0.7096458077430725 0
1731955833900 0.7145392298698425 0
1731955874994 0.7112098336219788 0
1731955915908 0.711726188659668 0
1731955956796 0.7114679217338562 0
1731955997660 0.7076205611228943 0
1731956037966 0.7164663076400757 0
1731956076533 0.7134265303611755 0
1731956115193 0.7095466256141663 0
1731956153836 0.7107744216918945 0
1731956192291 0.718341588973999 0
1731956230794 0.714924156665802 0
1731956269273 0.7091320753097534 0
1731956308033 0.7118973135948181 0
1731956345117 0.70957350730896 0
1731956382311 0.715843677520752 0
1731956419030 0.7125413417816162 0
1731956456244 0.7176214456558228 0
1731956493005 0.7128007411956787 0
1731956530137 0.7118749022483826 0
1731956566965 0.7065472602844238 0
1731956604429 0.7107470035552979 0
1731956641155 0.7234443426132202 0
1731956678426 0.7126663327217102 0
1731956715325 0.7182438969612122 0
1731956752280 0.7106623649597168 0
1731956789089 0.7195147275924683 0
1731956826150 0.7129780054092407 0
1731956862927 0.7151310443878174 0
1731956899952 0.7153382897377014 0
1731956936668 0.7053928971290588 0
1731956973783 0.715099573135376 0
1731957010593 0.7212238311767578 0
1731957047776 0.7044944763183594 0
1731957084567 0.7164539098739624 0
1731957121718 0.7135418057441711 0
1731957158934 0.7073771953582764 0
1731957196083 0.7120798230171204 0
1731957232781 0.7213929295539856 0
1731957269851 0.711080014705658 0
1731957306557 0.7114652991294861 0
1731957343778 0.7130924463272095 0
1731957380553 0.7114254832267761 0
1731957417586 0.7196402549743652 0
1731957454293 0.710365891456604 0
1731957491511 0.7166236639022827 0
1731957528257 0.714078962802887 0
1731957565402 0.7130480408668518 0
1731957602302 0.7064087986946106 0
1731957639424 0.7123121023178101 0
1731957676166 0.7146506905555725 0
1731957713684 0.7147684693336487 0
1731957750585 0.7137641310691833 0
1731957787799 0.7100273966789246 0
1731957824684 0.7130534052848816 0
1731957861811 0.7137883901596069 0
1731957898708 0.7082885503768921 0
1731957935801 0.709342360496521 0
1731957972541 0.7160353660583496 0
1731958009757 0.7095487117767334 0
1731958046519 0.7103983759880066 0
1731958083678 0.7156160473823547 0
1731958120494 0.7140341997146606 0
1731958157645 0.7159078121185303 0
1731958194501 0.7220057845115662 0
1731958231997 0.712262749671936 0
1731958268798 0.7110094428062439 0
1731958306093 0.712225615978241 0
1731958342924 0.7100079655647278 0
1731958380147 0.7132856845855713 0
1731958416963 0.7114660739898682 0
1731958454245 0.7013343572616577 0
1731958491151 0.70383220911026 0
1731958528364 0.7150372862815857 0
1731958565180 0.7138223052024841 0
1731958602419 0.7230985164642334 0
1731958639202 0.7143295407295227 0
1731958676472 0.7172299027442932 0
1731958713431 0.7130088806152344 0
1731958750640 0.7052557468414307 0
1731958787662 0.7173596620559692 0
1731958824797 0.7113260626792908 0
1731958861753 0.7183451652526855 0
1731958898949 0.7137048244476318 0
1731958935684 0.7145949006080627 0
1731958973031 0.7050396203994751 0
1731959010005 0.7166082262992859 0
1731959047255 0.7153394222259521 0
1731959084231 0.7072063684463501 0
1731959121504 0.7119985222816467 0
1731959158410 0.7122554779052734 0
1731959195560 0.7067915201187134 0
1731959232491 0.7116581797599792 0
1731959269835 0.6996002793312073 0
1731959306631 0.709196150302887 0
1731959344246 0.7175695300102234 0
1731959381104 0.716963529586792 0
1731959418388 0.7122893333435059 0
1731959455398 0.7203291058540344 0
1731959492573 0.715437114238739 0
1731959529445 0.7145849466323853 0
1731959566625 0.7207832336425781 0
1731959603422 0.7201964259147644 0
1731959640900 0.7186100482940674 0
1731959677984 0.7126742005348206 0
1731959715278 0.7063644528388977 0
1731959752165 0.7162491083145142 0
1731959789451 0.7171091437339783 0
1731959826271 0.7133854627609253 0
1731959863533 0.7141299843788147 0
1731959900802 0.7151839137077332 0
1731959938160 0.7181699275970459 0
1731959974981 0.7085346579551697 0
1731960012115 0.7157713174819946 0
1731960049097 0.71357661485672 0
1731960086281 0.7111978530883789 0
1731960123196 0.7139167189598083 0
1731960160474 0.7094181776046753 0
1731960197380 0.7121583819389343 0
1731960234609 0.7077423334121704 0
1731960271456 0.7159495949745178 0
1731960308635 0.7180408835411072 0
1731960345493 0.712215781211853 0
1731960382638 0.7038664817810059 0
1731960419540 0.711492121219635 0
1731960457114 0.7076291441917419 0
1731960493944 0.7120971083641052 0
1731960531178 0.7170314192771912 0
1731960568102 0.715472936630249 0
1731960605348 0.7099364399909973 0
1731960642231 0.7167951464653015 0
1731960679394 0.7168985605239868 0
1731960716317 0.7131739258766174 0
1731960753608 0.7117703557014465 0
1731960790446 0.7113636136054993 0
1731960827645 0.7162680625915527 0
1731960864489 0.7149723768234253 0
1731960901630 0.7227316498756409 0
1731960938428 0.7132839560508728 0
1731960975911 0.7073209285736084 0
1731961012814 0.71366286277771 0
1731961050045 0.7124229669570923 0
1731961086959 0.7194391489028931 0
1731961124078 0.7119591236114502 0
1731961160838 0.7007334232330322 0
1731961197913 0.7146618366241455 0
1731961234817 0.7127432227134705 0
1731961272088 0.7147963047027588 0
1731961308858 0.7123106122016907 0
1731961346010 0.7129682898521423 0
1731961382858 0.7118344902992249 0
1731961420099 0.7125366926193237 0
1731961457040 0.7100983262062073 0
1731961494182 0.7097110152244568 0
1731961531616 0.7126924991607666 0
1731961568748 0.7079699635505676 0
1731961605629 0.7160865068435669 0
1731961642835 0.7102887034416199 0
1731961679713 0.713034987449646 0
1731961716875 0.7122817635536194 0
1731961753657 0.7170758843421936 0
1731961790885 0.71329665184021 0
1731961827723 0.7156888246536255 0
1731961864916 0.7103574275970459 0
1731961901730 0.713399350643158 0
1731961938970 0.7103290557861328 0
1731961975628 0.7138959169387817 0
1731962012773 0.7050597667694092 0
1731962049585 0.7117486596107483 0
1731962090839 0.7105858325958252 0
1731962127593 0.7168112397193909 0
1731962164775 0.7122442722320557 0
