1731954707811 0.00042107823537662625 0
1731954750525 0.00015302907559089363 0
1731954798214 8.841503586154431e-05 0
1731954847276 6.532648694701493e-05 0
1731954896172 5.5687109124846756e-05 0
1731954945507 4.957501732860692e-05 0
1731954994654 4.406506195664406e-05 0
1731955044254 4.184227145742625e-05 0
1731955094215 3.942989860661328e-05 0
1731955144478 3.590475898818113e-05 0
1731955194942 3.3618354791542515e-05 0
1731955245781 3.240846854168922e-05 0
1731955296472 3.161470522172749e-05 0
1731955347999 3.0939299904275686e-05 0
1731955398859 2.8262807973078452e-05 0
1731955443165 2.790491453197319e-05 0
1731955487460 2.801240043481812e-05 0
1731955531700 2.76281607511919e-05 0
1731955576245 2.6232697564410046e-05 0
1731955620802 2.5592120437067933e-05 0
1731955665477 2.5498617105768062e-05 0
1731955710369 2.4740604203543626e-05 0
1731955752210 2.4615099391667172e-05 0
1731955792762 2.4220340492320247e-05 0
1731955833902 2.3221433366416022e-05 0
1731955874996 2.3630684154340997e-05 0
1731955915910 2.252952072012704e-05 0
1731955956799 2.2743475710740313e-05 0
1731955997663 2.2305337552097626e-05 0
1731956037968 2.30365403695032e-05 0
1731956076535 2.142885023204144e-05 0
1731956115196 2.1571651814156212e-05 0
1731956153839 2.0900142772006802e-05 0
1731956192294 2.0944562493241392e-05 0
1731956230797 2.0546687665046193e-05 0
1731956269276 2.0783956642844714e-05 0
1731956308036 1.958841130544897e-05 0
1731956345119 2.0703026166302152e-05 0
1731956382314 1.988978692679666e-05 0
1731956419032 2.0020530428155325e-05 0
1731956456246 1.9901608538930304e-05 0
1731956493007 1.952241473190952e-05 0
1731956530139 1.9533379600034095e-05 0
1731956566968 1.915074790304061e-05 0
1731956604432 1.938895911735017e-05 0
1731956641157 1.9167600839864463e-05 0
1731956678429 1.8739823644864373e-05 0
1731956715327 1.9003533452632837e-05 0
1731956752282 1.8194501535617746e-05 0
1731956789092 1.8500839360058308e-05 0
1731956826152 1.8259359421790577e-05 0
1731956862930 1.827432970458176e-05 0
1731956899955 1.7986852981266566e-05 0
1731956936670 1.7622003724682145e-05 0
1731956973786 1.735868863761425e-05 0
1731957010595 1.766350214893464e-05 0
1731957047778 1.7476304492447525e-05 0
1731957084569 1.707182491372805e-05 0
1731957121721 1.7648200810072012e-05 0
1731957158936 1.6970623619272374e-05 0
1731957196085 1.7108290194300935e-05 0
1731957232783 1.7129477782873437e-05 0
1731957269854 1.6878559108590707e-05 0
1731957306559 1.6734767996240407e-05 0
1731957343781 1.660163252381608e-05 0
1731957380555 1.6656842490192503e-05 0
1731957417589 1.6358651919290423e-05 0
1731957454295 1.652385799388867e-05 0
1731957491514 1.6604186384938657e-05 0
1731957528260 1.6204945495701395e-05 0
1731957565404 1.638017965888139e-05 0
1731957602304 1.593343222339172e-05 0
1731957639427 1.569357300468255e-05 0
1731957676169 1.5981175238266587e-05 0
1731957713686 1.5820007320144214e-05 0
1731957750588 1.601978874532506e-05 0
1731957787801 1.5803390851942822e-05 0
1731957824686 1.584725032444112e-05 0
1731957861814 1.5742962204967625e-05 0
1731957898711 1.5730172890471295e-05 0
1731957935804 1.5304944099625573e-05 0
1731957972543 1.554600748931989e-05 0
1731958009760 1.5560199244646356e-05 0
1731958046522 1.507399974798318e-05 0
1731958083681 1.5040071048133541e-05 0
1731958120496 1.5021017134131398e-05 0
1731958157647 1.5145065844990313e-05 0
1731958194504 1.4543392353516538e-05 0
1731958231999 1.4793369700782932e-05 0
1731958268801 1.4533421563101001e-05 0
1731958306095 1.4823433957644738e-05 0
1731958342926 1.4668036783405114e-05 0
1731958380150 1.4689493582409341e-05 0
1731958416965 1.4166974324325565e-05 0
1731958454247 1.4396939150174148e-05 0
1731958491153 1.4392734556167852e-05 0
1731958528366 1.4388760973815806e-05 0
1731958565182 1.4521264347422402e-05 0
1731958602421 1.4246922546590213e-05 0
1731958639204 1.4203825230652e-05 0
1731958676474 1.4435456250794232e-05 0
1731958713434 1.3819664673064835e-05 0
1731958750642 1.4186405678628944e-05 0
1731958787665 1.4110723896010313e-05 0
1731958824800 1.4229267435439397e-05 0
1731958861755 1.4026703865965828e-05 0
1731958898951 1.3634657989314292e-05 0
1731958935687 1.412975962011842e-05 0
1731958973033 1.4391113836609293e-05 0
1731959010008 1.3671935448655859e-05 0
1731959047257 1.3692130778508727e-05 0
1731959084233 1.3707112884731032e-05 0
1731959121506 1.3687231330550276e-05 0
1731959158414 1.4491773981717415e-05 0
1731959195563 1.3603254046756774e-05 0
1731959232493 1.3919011507823598e-05 0
1731959269837 1.3779984328721184e-05 0
1731959306633 1.3689466868527234e-05 0
1731959344248 1.3536309779738076e-05 0
1731959381106 1.337079538643593e-05 0
1731959418390 1.3394123925536405e-05 0
1731959455400 1.3372433386393823e-05 0
1731959492576 1.3607518667413387e-05 0
1731959529448 1.3385596503212582e-05 0
1731959566628 1.3312376722751651e-05 0
1731959603424 1.312463245994877e-05 0
1731959640902 1.3732463230553549e-05 0
1731959677987 1.2997912563150749e-05 0
1731959715280 1.3264952940517105e-05 0
1731959752168 1.3111593034409452e-05 0
1731959789453 1.3104575373290572e-05 0
1731959826273 1.2851158317062072e-05 0
1731959863536 1.2879195310233627e-05 0
1731959900805 1.3155196938896552e-05 0
1731959938162 1.2370600416033994e-05 0
1731959974983 1.2732190043607261e-05 0
1731960012117 1.2799691830878146e-05 0
1731960049099 1.2543641787488014e-05 0
1731960086283 1.3053903785475995e-05 0
1731960123199 1.2341242836555466e-05 0
1731960160476 1.2803642675862648e-05 0
1731960197382 1.2622275789908599e-05 0
1731960234612 1.2907523341709748e-05 0
1731960271458 1.2991254152439069e-05 0
1731960308638 1.2708506801573094e-05 0
1731960345495 1.2002094081253745e-05 0
1731960382641 1.2582117960846517e-05 0
1731960419542 1.2358709682303015e-05 0
1731960457116 1.2520489690359682e-05 0
1731960493950 1.2606758900801651e-05 0
1731960531180 1.24293410408427e-05 0
1731960568105 1.2286197488720063e-05 0
1731960605351 1.2374427569739055e-05 0
1731960642234 1.2516495189629495e-05 0
1731960679397 1.2158883691881783e-05 0
1731960716319 1.2415631317708176e-05 0
1731960753610 1.2427995898178779e-05 0
1731960790449 1.218641409650445e-05 0
1731960827647 1.2111936484870967e-05 0
1731960864492 1.2268146747373976e-05 0
1731960901632 1.2095341844542418e-05 0
1731960938430 1.2534438610600773e-05 0
1731960975913 1.186967347166501e-05 0
1731961012816 1.2042993148497771e-05 0
1731961050047 1.1899081073352136e-05 0
1731961086961 1.2136472832935397e-05 0
1731961124080 1.21956227303599e-05 0
1731961160841 1.2326469004619867e-05 0
1731961197916 1.2150031579949427e-05 0
1731961234820 1.1980409908574075e-05 0
1731961272090 1.1775853636208922e-05 0
1731961308860 1.2002639778074808e-05 0
1731961346013 1.1979878763668239e-05 0
1731961382861 1.1669215382426046e-05 0
1731961420101 1.2000617061858065e-05 0
1731961457042 1.1861769962706603e-05 0
1731961494184 1.1861595339723863e-05 0
1731961531619 1.1517178791109473e-05 0
1731961568750 1.176524438051274e-05 0
1731961605631 1.1471966899989638e-05 0
1731961642837 1.1776085557357874e-05 0
1731961679715 1.1734866347978823e-05 0
1731961716878 1.1574395102798007e-05 0
1731961753660 1.1450300007709302e-05 0
1731961790887 1.1701347830239683e-05 0
1731961827726 1.1383226592442952e-05 0
1731961864918 1.1816802725661546e-05 0
1731961901732 1.1662172255455516e-05 0
1731961938972 1.1558220649021678e-05 0
1731961975630 1.1504769645398483e-05 0
1731962012775 1.1689370694512036e-05 0
1731962049587 1.1294850082776975e-05 0
1731962090842 1.1526773050718475e-05 0
1731962127595 1.1365315003786236e-05 0
1731962164778 1.1491660188767128e-05 0
