1731954707793 0.2105391025543213 0
1731954750520 0.07651453465223312 0
1731954798211 0.04420751705765724 0
1731954847273 0.032663241028785706 0
1731954896169 0.027843553572893143 0
1731954945505 0.024787507951259613 0
1731954994651 0.02203252911567688 0
1731955044251 0.0209211353212595 0
1731955094212 0.019714947789907455 0
1731955144475 0.01795237883925438 0
1731955194939 0.01680917665362358 0
1731955245779 0.016204234212636948 0
1731955296469 0.01580735109746456 0
1731955347996 0.01546964980661869 0
1731955398856 0.014131403528153896 0
1731955443162 0.013952456414699554 0
1731955487458 0.014006199315190315 0
1731955531697 0.013814079575240612 0
1731955576242 0.013116348534822464 0
1731955620799 0.012796059250831604 0
1731955665467 0.012749307788908482 0
1731955710366 0.01237030141055584 0
1731955752207 0.012307548895478249 0
1731955792759 0.012110169976949692 0
1731955833900 0.011610716581344604 0
1731955874994 0.01181534118950367 0
1731955915908 0.011264760047197342 0
1731955956796 0.011371737346053123 0
1731955997660 0.011152667924761772 0
1731956037966 0.011518269777297974 0
1731956076533 0.010714424774050713 0
1731956115193 0.010785825550556183 0
1731956153836 0.010450070723891258 0
1731956192291 0.010472280904650688 0
1731956230794 0.010273342952132225 0
1731956269273 0.010391977615654469 0
1731956308033 0.0097942054271698 0
1731956345117 0.01035151258111 0
1731956382311 0.009944893419742584 0
1731956419030 0.010010264813899994 0
1731956456244 0.009950803592801094 0
1731956493005 0.009761206805706024 0
1731956530137 0.009766689501702785 0
1731956566965 0.009575373493134975 0
1731956604429 0.009694479405879974 0
1731956641155 0.009583800099790096 0
1731956678426 0.009369911625981331 0
1731956715325 0.009501766413450241 0
1731956752280 0.009097250178456306 0
1731956789089 0.009250419214367867 0
1731956826150 0.009129678830504417 0
1731956862927 0.009137164801359177 0
1731956899952 0.008993426337838173 0
1731956936668 0.008811001665890217 0
1731956973783 0.008679344318807125 0
1731957010593 0.008831750601530075 0
1731957047776 0.008738151751458645 0
1731957084567 0.00853591226041317 0
1731957121718 0.008824099786579609 0
1731957158934 0.008485311642289162 0
1731957196083 0.008554144762456417 0
1731957232781 0.008564738556742668 0
1731957269851 0.008439279161393642 0
1731957306557 0.008367383852601051 0
1731957343778 0.00830081570893526 0
1731957380553 0.008328421041369438 0
1731957417586 0.008179325610399246 0
1731957454293 0.008261928334832191 0
1731957491511 0.008302092552185059 0
1731957528257 0.008102471940219402 0
1731957565402 0.008190089836716652 0
1731957602302 0.007966715842485428 0
1731957639424 0.007846785709261894 0
1731957676166 0.007990587502717972 0
1731957713684 0.007910002954304218 0
1731957750585 0.00800989381968975 0
1731957787799 0.007901694625616074 0
1731957824684 0.007923624478280544 0
1731957861811 0.007871480658650398 0
1731957898708 0.007865086197853088 0
1731957935801 0.007652471773326397 0
1731957972541 0.007773003540933132 0
1731958009757 0.0077800992876291275 0
1731958046519 0.00753699941560626 0
1731958083678 0.007520035374909639 0
1731958120494 0.00751050841063261 0
1731958157645 0.007572532631456852 0
1731958194501 0.0072716958820819855 0
1731958231997 0.007396684493869543 0
1731958268798 0.007266710512340069 0
1731958306093 0.007411716505885124 0
1731958342924 0.007334018126130104 0
1731958380147 0.007344746496528387 0
1731958416963 0.007083486765623093 0
1731958454245 0.0071984692476689816 0
1731958491151 0.007196366786956787 0
1731958528364 0.007194380275905132 0
1731958565180 0.007260631769895554 0
1731958602419 0.007123460993170738 0
1731958639202 0.007101912051439285 0
1731958676472 0.007217727601528168 0
1731958713431 0.006909831892699003 0
1731958750640 0.007093202322721481 0
1731958787662 0.00705536175519228 0
1731958824797 0.007114633452147245 0
1731958861753 0.007013351656496525 0
1731958898949 0.006817328743636608 0
1731958935684 0.007064879406243563 0
1731958973031 0.007195556536316872 0
1731959010005 0.006835967302322388 0
1731959047255 0.006846065167337656 0
1731959084231 0.006853556260466576 0
1731959121504 0.00684361532330513 0
1731959158410 0.007245886605232954 0
1731959195560 0.006801626645028591 0
1731959232491 0.006959505379199982 0
1731959269835 0.00688999192789197 0
1731959306631 0.006844732910394669 0
1731959344246 0.0067681544460356236 0
1731959381104 0.0066853975877165794 0
1731959418388 0.006697061471641064 0
1731959455398 0.0066862162202596664 0
1731959492573 0.006803758908063173 0
1731959529445 0.006692797876894474 0
1731959566625 0.006656188052147627 0
1731959603422 0.006562315858900547 0
1731959640900 0.006866231095045805 0
1731959677984 0.006498956121504307 0
1731959715278 0.0066324761137366295 0
1731959752165 0.006555796135216951 0
1731959789451 0.0065522873774170876 0
1731959826271 0.0064255790784955025 0
1731959863533 0.006439597345888615 0
1731959900802 0.006577597931027412 0
1731959938160 0.006185299716889858 0
1731959974981 0.006366094574332237 0
1731960012115 0.006399845704436302 0
1731960049097 0.006271820515394211 0
1731960086281 0.006526951678097248 0
1731960123196 0.006170621141791344 0
1731960160474 0.006401821039617062 0
1731960197380 0.006311137694865465 0
1731960234609 0.006453761365264654 0
1731960271456 0.0064956266433000565 0
1731960308635 0.006354253273457289 0
1731960345493 0.006001046858727932 0
1731960382638 0.006291058845818043 0
1731960419540 0.0061793546192348 0
1731960457114 0.006260244641453028 0
1731960493944 0.006303379312157631 0
1731960531178 0.006214670371264219 0
1731960568102 0.00614309823140502 0
1731960605348 0.006187213584780693 0
1731960642231 0.006258247420191765 0
1731960679394 0.006079441402107477 0
1731960716317 0.006207815371453762 0
1731960753608 0.00621399749070406 0
1731960790446 0.006093206815421581 0
1731960827645 0.006055967882275581 0
1731960864489 0.0061340732499957085 0
1731960901630 0.006047670729458332 0
1731960938428 0.006267218850553036 0
1731960975911 0.005934836342930794 0
1731961012814 0.006021496374160051 0
1731961050045 0.005949540063738823 0
1731961086959 0.006068236194550991 0
1731961124078 0.00609781127423048 0
1731961160838 0.006163234356790781 0
1731961197913 0.006075015291571617 0
1731961234817 0.005990204866975546 0
1731961272088 0.005887926556169987 0
1731961308858 0.006001319736242294 0
1731961346010 0.005989938974380493 0
1731961382858 0.005834607407450676 0
1731961420099 0.006000308319926262 0
1731961457040 0.0059308847412467 0
1731961494182 0.005930797196924686 0
1731961531616 0.005758589133620262 0
1731961568748 0.005882621742784977 0
1731961605629 0.005735983140766621 0
1731961642835 0.005888042505830526 0
1731961679713 0.005867432802915573 0
1731961716875 0.0057871975004673 0
1731961753657 0.005725149530917406 0
1731961790885 0.005850673653185368 0
1731961827723 0.00569161307066679 0
1731961864916 0.005908401217311621 0
1731961901730 0.005831086076796055 0
1731961938970 0.00577910989522934 0
1731961975628 0.005752384662628174 0
1731962012773 0.00584468524903059 0
1731962049585 0.005647424608469009 0
1731962090839 0.0057633863762021065 0
1731962127593 0.005682657007128 0
1731962164775 0.00574583001434803 0
