1731973230796 2.639043092727661 0
1731973252359 2.7498369216918945 0
1731973273605 2.9859914779663086 0
1731973294869 2.9720065593719482 0
1731973315937 2.9869537353515625 0
1731973337060 2.925931692123413 0
1731973358082 3.077138662338257 0
1731973379150 3.0438427925109863 0
1731973400111 2.9352173805236816 0
1731973421170 2.951242208480835 0
1731973442143 3.015685558319092 0
1731973463253 2.9737777709960938 0
1731973484239 2.950172185897827 0
1731973505347 3.006744623184204 0
1731973526552 3.020714521408081 0
1731973545183 3.044745445251465 0
1731973563808 3.00943660736084 0
1731973582419 3.006385564804077 0
1731973601028 3.0078375339508057 0
1731973619645 2.968930721282959 0
1731973638265 2.9333534240722656 0
1731973656857 3.0840601921081543 0
1731973674614 3.02593994140625 0
1731973691917 3.0714614391326904 0
1731973709330 2.9983646869659424 0
1731973726729 3.0283756256103516 0
1731973744139 3.0256521701812744 0
1731973761425 3.1065192222595215 0
1731973778838 2.9732844829559326 0
1731973796533 3.037935256958008 0
1731973813212 2.9965906143188477 0
1731973829847 2.9098260402679443 0
1731973846466 3.0624587535858154 0
1731973863119 3.0466501712799072 0
1731973879757 3.0696024894714355 0
1731973896395 3.029184103012085 0
1731973913036 3.0101938247680664 0
1731973929244 3.0338544845581055 0
1731973945433 3.0934765338897705 0
1731973961532 3.0461418628692627 0
1731973977717 3.0102646350860596 0
1731973993808 3.0285544395446777 0
1731974009991 3.041698932647705 0
1731974026066 3.0213255882263184 0
1731974042616 3.085766077041626 0
1731974058701 3.0057766437530518 0
1731974074860 3.1047611236572266 0
1731974090949 2.9136152267456055 0
1731974107140 3.0766308307647705 0
1731974123217 3.037144422531128 0
1731974139426 3.0156259536743164 0
1731974155523 3.026136875152588 0
1731974171734 3.0784428119659424 0
1731974187829 3.041299819946289 0
1731974204020 3.082664728164673 0
1731974220059 3.0387167930603027 0
1731974236262 3.0515942573547363 0
1731974252349 3.0513803958892822 0
1731974268520 3.078148603439331 0
1731974285200 3.0154075622558594 0
1731974301408 3.0839545726776123 0
1731974317526 3.0098073482513428 0
1731974333718 3.1216137409210205 0
1731974349797 3.0338335037231445 0
1731974365984 3.0503644943237305 0
1731974382076 3.0900535583496094 0
1731974398276 3.0804636478424072 0
1731974414427 3.083301067352295 0
1731974430684 3.1568443775177 0
1731974446785 3.1184098720550537 0
1731974462998 3.0308589935302734 0
1731974479081 3.0666074752807617 0
1731974495295 3.0164101123809814 0
1731974511397 3.1005115509033203 0
1731974528427 3.0734314918518066 0
1731974544497 3.090006113052368 0
1731974560695 3.0914883613586426 0
1731974576785 3.0603392124176025 0
1731974592984 2.9872653484344482 0
1731974609049 3.085981607437134 0
1731974625263 3.0714848041534424 0
1731974641373 3.0526552200317383 0
1731974657603 3.162384510040283 0
1731974673730 3.062307357788086 0
1731974689945 3.093630790710449 0
1731974706061 3.0798912048339844 0
1731974722281 3.055386781692505 0
1731974738381 3.097787618637085 0
1731974755162 3.1194777488708496 0
1731974771255 3.0444843769073486 0
1731974787448 3.103461503982544 0
1731974803554 3.0608160495758057 0
1731974819764 3.1031296253204346 0
1731974835869 3.0575170516967773 0
1731974852078 3.1068530082702637 0
1731974868188 3.049572229385376 0
1731974884421 3.0481245517730713 0
1731974900485 3.069779396057129 0
1731974916710 3.0891754627227783 0
1731974932822 3.0767862796783447 0
1731974949055 3.1015708446502686 0
1731974965156 3.0237584114074707 0
1731974981373 3.0334742069244385 0
1731974998041 3.083073139190674 0
1731975014276 3.041450023651123 0
1731975030377 3.042745351791382 0
1731975046587 3.0914411544799805 0
1731975062677 3.0469038486480713 0
1731975078892 3.0536932945251465 0
1731975094975 3.064643383026123 0
1731975111176 2.997520685195923 0
1731975127253 3.081380605697632 0
1731975143460 3.069190740585327 0
1731975159568 3.0399959087371826 0
1731975175765 3.068784475326538 0
1731975191848 3.0579733848571777 0
1731975208043 3.0630130767822266 0
1731975224126 3.03568434715271 0
1731975240992 3.0980284214019775 0
1731975257108 3.0259182453155518 0
1731975273307 3.100253105163574 0
1731975289366 3.0609290599823 0
1731975305571 3.0573182106018066 0
1731975321648 3.0750138759613037 0
1731975337838 3.0812981128692627 0
1731975353883 3.0567431449890137 0
1731975370084 3.0928738117218018 0
1731975386152 3.1141514778137207 0
1731975402330 3.10922908782959 0
1731975418419 3.0508766174316406 0
1731975434613 3.0873007774353027 0
1731975450713 3.079530954360962 0
1731975466895 3.0728096961975098 0
1731975483586 3.096911668777466 0
1731975499759 3.0749924182891846 0
1731975515842 3.0618855953216553 0
1731975532021 3.0817675590515137 0
1731975548090 3.0386853218078613 0
1731975564279 3.0812299251556396 0
1731975580378 3.0700674057006836 0
1731975596554 3.054044246673584 0
1731975612618 3.0608434677124023 0
1731975628805 3.0470099449157715 0
1731975644880 3.069136142730713 0
1731975661049 3.077254295349121 0
1731975677095 3.080036163330078 0
1731975693288 3.078251361846924 0
1731975709341 3.0715126991271973 0
1731975726577 3.0542731285095215 0
1731975742646 3.063883066177368 0
1731975758837 3.069812059402466 0
1731975774914 3.1124613285064697 0
1731975791071 3.0997915267944336 0
1731975807141 3.0921497344970703 0
1731975823313 3.0915706157684326 0
1731975839406 3.107524871826172 0
1731975855567 3.057185411453247 0
1731975871629 3.0769436359405518 0
1731975887832 3.0688159465789795 0
1731975903922 3.0871615409851074 0
1731975920093 3.1046760082244873 0
1731975936174 3.0855815410614014 0
1731975953116 3.093301773071289 0
1731975969212 3.087900161743164 0
1731975985386 3.0863230228424072 0
1731976001460 3.0669407844543457 0
1731976017634 3.054068088531494 0
1731976033698 3.101771593093872 0
1731976049849 3.0770087242126465 0
1731976065914 3.0833191871643066 0
1731976082111 3.0529792308807373 0
1731976098174 3.090479612350464 0
1731976114337 3.080756664276123 0
1731976130407 3.097586154937744 0
1731976146608 3.0664029121398926 0
1731976162685 3.115527868270874 0
1731976178851 3.076784610748291 0
1731976195554 3.1141767501831055 0
1731976211733 3.083465099334717 0
1731976227793 3.0841846466064453 0
1731976243980 3.0784668922424316 0
1731976260039 3.083702325820923 0
1731976276200 3.0570881366729736 0
1731976292275 3.0840811729431152 0
1731976308429 3.118969678878784 0
1731976324507 3.1040403842926025 0
1731976340655 3.0663564205169678 0
1731976356744 3.1061041355133057 0
1731976372914 3.093341588973999 0
1731976388997 3.090534210205078 0
1731976405162 3.0759007930755615 0
1731976421269 3.0794339179992676 0
1731976438069 3.0626795291900635 0
1731976454124 3.0862908363342285 0
1731976470295 3.075333595275879 0
1731976486334 3.0829641819000244 0
1731976502537 3.0716848373413086 0
1731976518626 3.0797388553619385 0
1731976534816 3.081181526184082 0
1731976550907 3.084219217300415 0
1731976567095 3.0695905685424805 0
1731976583186 3.0759329795837402 0
1731976599356 3.081867218017578 0
1731976615428 3.090059280395508 0
1731976631612 3.0894055366516113 0
1731976647688 3.0965416431427 0
1731976663865 3.1107542514801025 0
1731976680677 3.1080565452575684 0
1731976696866 3.097090005874634 0
1731976712960 3.1020233631134033 0
1731976729118 3.0642852783203125 0
1731976745229 3.0934395790100098 0
1731976761419 3.103078842163086 0
1731976777489 3.0996205806732178 0
1731976793660 3.101300001144409 0
1731976809742 3.0786147117614746 0
1731976825961 3.0923244953155518 0
1731976842034 3.0916171073913574 0
1731976858223 3.0840671062469482 0
1731976874310 3.0956532955169678 0
1731976890496 3.0779945850372314 0
1731976906565 3.0978968143463135 0
