1731973230796 0.015708036720752716 0
1731973252359 0.016567958518862724 0
1731973273605 0.016828127205371857 0
1731973294869 0.016674363985657692 0
1731973315937 0.016956783831119537 0
1731973337060 0.017040513455867767 0
1731973358082 0.01710364781320095 0
1731973379150 0.017141224816441536 0
1731973400111 0.01724378950893879 0
1731973421170 0.017307354137301445 0
1731973442143 0.017250467091798782 0
1731973463253 0.017424002289772034 0
1731973484239 0.017195139080286026 0
1731973505347 0.01725010946393013 0
1731973526552 0.01742180623114109 0
1731973545183 0.01740667037665844 0
1731973563808 0.01751594990491867 0
1731973582419 0.01747012324631214 0
1731973601028 0.017256155610084534 0
1731973619645 0.017346637323498726 0
1731973638265 0.01744270697236061 0
1731973656857 0.017496980726718903 0
1731973674614 0.01750657707452774 0
1731973691917 0.017522169277071953 0
1731973709330 0.01752759888768196 0
1731973726729 0.017534343525767326 0
1731973744139 0.017491718754172325 0
1731973761425 0.017536355182528496 0
1731973778838 0.01738765463232994 0
1731973796533 0.017424888908863068 0
1731973813212 0.017544753849506378 0
1731973829847 0.01733574829995632 0
1731973846466 0.017430415377020836 0
1731973863119 0.01750466786324978 0
1731973879757 0.01737244985997677 0
1731973896395 0.017595453187823296 0
1731973913036 0.017500922083854675 0
1731973929244 0.017505915835499763 0
1731973945433 0.017601121217012405 0
1731973961532 0.017450040206313133 0
1731973977717 0.017462123185396194 0
1731973993808 0.017608391121029854 0
1731974009991 0.01765219122171402 0
1731974026066 0.0175754576921463 0
1731974042616 0.017512815073132515 0
1731974058701 0.0176074281334877 0
1731974074860 0.017605038359761238 0
1731974090949 0.017481304705142975 0
1731974107140 0.017469976097345352 0
1731974123217 0.017480473965406418 0
1731974139426 0.01764349266886711 0
1731974155523 0.017552783712744713 0
1731974171734 0.017511699348688126 0
1731974187829 0.01737501099705696 0
1731974204020 0.017522674053907394 0
1731974220059 0.017471011728048325 0
1731974236262 0.017638681456446648 0
1731974252349 0.017623355612158775 0
1731974268520 0.01742945797741413 0
1731974285200 0.017618566751480103 0
1731974301408 0.017579352483153343 0
1731974317526 0.01746187172830105 0
1731974333718 0.017592525109648705 0
1731974349797 0.017451487481594086 0
1731974365984 0.017381584271788597 0
1731974382076 0.017451686784625053 0
1731974398276 0.017598705366253853 0
1731974414427 0.01743314601480961 0
1731974430684 0.017515966668725014 0
1731974446785 0.017480965703725815 0
1731974462998 0.017511097714304924 0
1731974479081 0.01747528836131096 0
1731974495295 0.017559872940182686 0
1731974511397 0.017643719911575317 0
1731974528427 0.017404871061444283 0
1731974544497 0.017472578212618828 0
1731974560695 0.017553705722093582 0
1731974576785 0.017560333013534546 0
1731974592984 0.017542272806167603 0
1731974609049 0.017636997625231743 0
1731974625263 0.017454111948609352 0
1731974641373 0.01756572537124157 0
1731974657603 0.017577318474650383 0
1731974673730 0.01757030189037323 0
1731974689945 0.01763678714632988 0
1731974706061 0.01734856888651848 0
1731974722281 0.017435772344470024 0
1731974738381 0.01744375191628933 0
1731974755162 0.01744474098086357 0
1731974771255 0.01748233288526535 0
1731974787448 0.01752273179590702 0
1731974803554 0.01745387725532055 0
1731974819764 0.017505528405308723 0
1731974835869 0.017557326704263687 0
1731974852078 0.017425600439310074 0
1731974868188 0.017445549368858337 0
1731974884421 0.0174480639398098 0
1731974900485 0.017620913684368134 0
1731974916710 0.01748531125485897 0
1731974932822 0.017425572499632835 0
1731974949055 0.017532380297780037 0
1731974965156 0.017566721886396408 0
1731974981373 0.01757766865193844 0
1731974998041 0.01758035086095333 0
1731975014276 0.017494767904281616 0
1731975030377 0.01743532530963421 0
1731975046587 0.01752188801765442 0
1731975062677 0.01750747673213482 0
1731975078892 0.017440946772694588 0
1731975094975 0.017513174563646317 0
1731975111176 0.017552640289068222 0
1731975127253 0.017483333125710487 0
1731975143460 0.0175922978669405 0
1731975159568 0.017622286453843117 0
1731975175765 0.01755482703447342 0
1731975191848 0.01757931150496006 0
1731975208043 0.017584124580025673 0
1731975224126 0.017501676455140114 0
1731975240992 0.01751176454126835 0
1731975257108 0.017539653927087784 0
1731975273307 0.01755066029727459 0
1731975289366 0.01758551225066185 0
1731975305571 0.017507871612906456 0
1731975321648 0.01751100644469261 0
1731975337838 0.017529668286442757 0
1731975353883 0.017572810873389244 0
1731975370084 0.017491422593593597 0
1731975386152 0.01750875636935234 0
1731975402330 0.01749745011329651 0
1731975418419 0.01748727820813656 0
1731975434613 0.01749209687113762 0
1731975450713 0.017537353560328484 0
1731975466895 0.017525689676404 0
1731975483586 0.017476355656981468 0
1731975499759 0.017476025968790054 0
1731975515842 0.01745404116809368 0
1731975532021 0.017607122659683228 0
1731975548090 0.017551593482494354 0
1731975564279 0.01755020022392273 0
1731975580378 0.017550146207213402 0
1731975596554 0.017562316730618477 0
1731975612618 0.017514610663056374 0
1731975628805 0.0175202414393425 0
1731975644880 0.017485298216342926 0
1731975661049 0.017536258324980736 0
1731975677095 0.017529558390378952 0
1731975693288 0.017475297674536705 0
1731975709341 0.01754503697156906 0
1731975726577 0.017517073079943657 0
1731975742646 0.017525363713502884 0
1731975758837 0.01742481254041195 0
1731975774914 0.017489571124315262 0
1731975791071 0.017458170652389526 0
1731975807141 0.017497988417744637 0
1731975823313 0.017576707527041435 0
1731975839406 0.017535831779241562 0
1731975855567 0.017527364194393158 0
1731975871629 0.01751602254807949 0
1731975887832 0.017436791211366653 0
1731975903922 0.017455032095313072 0
1731975920093 0.01752501167356968 0
1731975936174 0.01756986975669861 0
1731975953116 0.017471084371209145 0
1731975969212 0.017456799745559692 0
1731975985386 0.017475439235568047 0
1731976001460 0.01747032441198826 0
1731976017634 0.017514778301119804 0
1731976033698 0.017472224310040474 0
1731976049849 0.01750321500003338 0
1731976065914 0.01744445227086544 0
1731976082111 0.017458295449614525 0
1731976098174 0.01744421012699604 0
1731976114337 0.017475932836532593 0
1731976130407 0.017506662756204605 0
1731976146608 0.017440831288695335 0
1731976162685 0.017452774569392204 0
1731976178851 0.017491120845079422 0
1731976195554 0.017456986010074615 0
1731976211733 0.017435548827052116 0
1731976227793 0.01747269742190838 0
1731976243980 0.017497289925813675 0
1731976260039 0.01750270277261734 0
1731976276200 0.01750018820166588 0
1731976292275 0.01744966208934784 0
1731976308429 0.017467333003878593 0
1731976324507 0.01751536875963211 0
1731976340655 0.017480606213212013 0
1731976356744 0.017492972314357758 0
1731976372914 0.017469005659222603 0
1731976388997 0.017545264214277267 0
1731976405162 0.01749182492494583 0
1731976421269 0.017493441700935364 0
1731976438069 0.017481187358498573 0
1731976454124 0.01743256486952305 0
1731976470295 0.01755456253886223 0
1731976486334 0.017453201115131378 0
1731976502537 0.017446858808398247 0
1731976518626 0.01754222996532917 0
1731976534816 0.01752074994146824 0
1731976550907 0.0174875371158123 0
1731976567095 0.017493007704615593 0
1731976583186 0.017481856048107147 0
1731976599356 0.01751704514026642 0
1731976615428 0.017483673989772797 0
1731976631612 0.017484651878476143 0
1731976647688 0.01746927946805954 0
1731976663865 0.017489835619926453 0
1731976680677 0.017472105100750923 0
1731976696866 0.01744573563337326 0
1731976712960 0.017500557005405426 0
1731976729118 0.01745968870818615 0
1731976745229 0.017479557543992996 0
1731976761419 0.01749989204108715 0
1731976777489 0.017487339675426483 0
1731976793660 0.017450787127017975 0
1731976809742 0.01746840588748455 0
1731976825961 0.017476122826337814 0
1731976842034 0.017478052526712418 0
1731976858223 0.0174908097833395 0
1731976874310 0.017498524859547615 0
1731976890496 0.017464876174926758 0
1731976906565 0.017469031736254692 0
