1731973230922 0.00035738860606215894 0
1731973252375 0.00036070571513846517 0
1731973273633 0.0003276956267654896 0
1731973294874 0.00031558438786305487 0
1731973315939 0.0003041942254640162 0
1731973337063 0.00028016313444823027 0
1731973358084 0.00027787775616161525 0
1731973379152 0.00027100081206299365 0
1731973400113 0.0002690783585421741 0
1731973421172 0.00025479585747234523 0
1731973442145 0.00024874586961232126 0
1731973463255 0.00023742890334688127 0
1731973484242 0.00023284695635084063 0
1731973505350 0.00023801083443686366 0
1731973526554 0.0002345920365769416 0
1731973545185 0.00021965951600577682 0
1731973563811 0.0002253346610814333 0
1731973582421 0.00022399563749786466 0
1731973601030 0.00022031388652976602 0
1731973619647 0.00021625764202326536 0
1731973638268 0.0002142798766726628 0
1731973656859 0.00020170096831861883 0
1731973674617 0.00019739539129659534 0
1731973691920 0.00020132835197728127 0
1731973709333 0.00020095164654776454 0
1731973726731 0.00019398934091441333 0
1731973744141 0.00019412679830566049 0
1731973761428 0.00019146913837175816 0
1731973778840 0.00019154006440658122 0
1731973796536 0.000189638914889656 0
1731973813214 0.00019404150953050703 0
1731973829849 0.00018576515140011907 0
1731973846469 0.00018603600619826466 0
1731973863121 0.00018045165052171797 0
1731973879759 0.00017582120199222118 0
1731973896397 0.00017946706793736666 0
1731973913038 0.0001823691272875294 0
1731973929247 0.00018253309826832265 0
1731973945435 0.0001759763399604708 0
1731973961535 0.00017054867930710316 0
1731973977720 0.00016814217087812722 0
1731973993810 0.00016596607747487724 0
1731974009993 0.00016208941815420985 0
1731974026068 0.000165785793797113 0
1731974042618 0.0001611696498002857 0
1731974058703 0.0001613934146007523 0
1731974074862 0.00015585203072987497 0
1731974090952 0.00016289726772811264 0
1731974107143 0.000164318029419519 0
1731974123220 0.0001539854856673628 0
1731974139429 0.00015658039774280041 0
1731974155525 0.00015006230387371033 0
1731974171736 0.00014722892956342548 0
1731974187831 0.00015360226097982377 0
1731974204022 0.0001537663774797693 0
1731974220062 0.0001516657357569784 0
1731974236264 0.00015271571464836597 0
1731974252351 0.00015112958499230444 0
1731974268522 0.00014981042477302253 0
1731974285202 0.00014661281602457166 0
1731974301410 0.0001508962595835328 0
1731974317529 0.00014782404468860477 0
1731974333720 0.0001418587053194642 0
1731974349799 0.00014140013081487268 0
1731974365986 0.00013895073789171875 0
1731974382078 0.00014044289127923548 0
1731974398279 0.0001415847655152902 0
1731974414429 0.00013328451314009726 0
1731974430686 0.00013592588948085904 0
1731974446787 0.0001383801718475297 0
1731974463000 0.00013792773825116456 0
1731974479083 0.00013204655260778964 0
1731974495297 0.0001365026691928506 0
1731974511399 0.0001287294871872291 0
1731974528430 0.0001336451678071171 0
1731974544499 0.00012846347817685455 0
1731974560697 0.000132648172439076 0
1731974576787 0.00012866473116446286 0
1731974592986 0.00012975985009688884 0
1731974609051 0.00013139797374606133 0
1731974625265 0.0001307736965827644 0
1731974641376 0.00012662193330470473 0
1731974657606 0.00012530911772046238 0
1731974673733 0.00012737599899992347 0
1731974689947 0.00011844337859656662 0
1731974706063 0.00012112715194234625 0
1731974722284 0.00012319321103859693 0
1731974738383 0.00011932328925468028 0
1731974755164 0.00011729302059393376 0
1731974771257 0.00012150825932621956 0
1731974787450 0.00011930187611142173 0
1731974803556 0.00011576935503399 0
1731974819766 0.00011802294466178864 0
1731974835871 0.00011936645751120523 0
1731974852080 0.00011919604730792344 0
1731974868190 0.00011358395568095148 0
1731974884423 0.00012086606147931889 0
1731974900487 0.00011786129471147433 0
1731974916713 0.00011265087232459337 0
1731974932824 0.00010897363972617313 0
1731974949057 0.0001106039562728256 0
1731974965158 0.00011332986468914896 0
1731974981376 0.0001117426945711486 0
1731974998044 0.0001087359050870873 0
1731975014279 0.00011133516818517819 0
1731975030379 0.0001107137359213084 0
1731975046589 0.00011053337948396802 0
1731975062679 0.00010860559268621728 0
1731975078894 0.00010684285371098667 0
1731975094978 0.00010580133675830439 0
1731975111179 0.00010643436689861119 0
1731975127255 0.00010646358714438975 0
1731975143463 0.00010479131015017629 0
1731975159570 0.00010453573486302048 0
1731975175768 0.0001046981560648419 0
1731975191850 0.00010263112926622853 0
1731975208045 0.00010648858733475208 0
1731975224129 0.00010342078167013824 0
1731975240994 0.00010525221296120435 0
1731975257110 0.00010373246186645702 0
1731975273310 0.00010202786506852135 0
1731975289368 9.922788012772799e-05 0
1731975305573 0.00010015750012826174 0
1731975321650 9.615728777134791e-05 0
1731975337841 0.00010020720219472423 0
1731975353885 9.584853250999004e-05 0
1731975370086 0.00010138843208551407 0
1731975386155 0.00010321327135898173 0
1731975402332 9.858397243078798e-05 0
1731975418421 9.655347821535543e-05 0
1731975434615 9.861621947493404e-05 0
1731975450716 9.602421778254211e-05 0
1731975466897 9.446108742849901e-05 0
1731975483588 9.75449729594402e-05 0
1731975499762 9.258234786102548e-05 0
1731975515844 9.816247620619833e-05 0
1731975532023 9.557896555634215e-05 0
1731975548093 9.415909880772233e-05 0
1731975564281 9.616419993108138e-05 0
1731975580380 9.777778905117884e-05 0
1731975596557 9.427351324120536e-05 0
1731975612620 9.505052730673924e-05 0
1731975628807 9.175021114060655e-05 0
1731975644882 9.178924665320665e-05 0
1731975661051 9.328235319117084e-05 0
1731975677097 9.287402644986287e-05 0
1731975693290 9.546317596687004e-05 0
1731975709343 8.6357475083787e-05 0
1731975726579 8.88558934093453e-05 0
1731975742648 9.030096407514066e-05 0
1731975758839 9.041750308824703e-05 0
1731975774916 9.22028484637849e-05 0
1731975791073 9.158237662632018e-05 0
1731975807144 8.702520426595584e-05 0
1731975823315 9.399375994689763e-05 0
1731975839408 9.322367259301245e-05 0
1731975855570 9.296791540691629e-05 0
1731975871631 8.583155431551859e-05 0
1731975887834 8.676374272909015e-05 0
1731975903925 8.437440556008369e-05 0
1731975920095 8.93795513547957e-05 0
1731975936176 8.378707570955157e-05 0
1731975953118 8.802527736406773e-05 0
1731975969214 8.736222662264481e-05 0
1731975985388 8.780069038039073e-05 0
1731976001462 8.589587378082797e-05 0
1731976017637 8.657907892484218e-05 0
1731976033700 8.616106060799211e-05 0
1731976049851 8.557903493056074e-05 0
1731976065917 8.766920655034482e-05 0
1731976082113 8.511746273143217e-05 0
1731976098178 8.571271609980613e-05 0
1731976114339 8.631083619548008e-05 0
1731976130409 8.265428914455697e-05 0
1731976146610 8.666298526804894e-05 0
1731976162687 8.344495290657505e-05 0
1731976178853 8.61585940583609e-05 0
1731976195557 7.925920363049954e-05 0
1731976211736 8.531178900739178e-05 0
1731976227795 8.287486707558855e-05 0
1731976243982 8.326741954078898e-05 0
1731976260041 8.297659951495007e-05 0
1731976276202 8.055094804149121e-05 0
1731976292278 8.56589394970797e-05 0
1731976308431 8.401404193136841e-05 0
1731976324510 8.221146708820015e-05 0
1731976340657 8.070679905358702e-05 0
1731976356746 7.989526056917384e-05 0
1731976372917 7.93339786469005e-05 0
1731976388999 8.04760493338108e-05 0
1731976405165 7.753696263534948e-05 0
1731976421272 7.863654172979295e-05 0
1731976438072 8.025589340832084e-05 0
1731976454126 8.536026143701747e-05 0
1731976470298 7.996475324034691e-05 0
1731976486337 7.983930117916316e-05 0
1731976502539 8.109221380436793e-05 0
1731976518628 7.839963654987514e-05 0
1731976534818 7.908679981483147e-05 0
1731976550910 7.790145900798962e-05 0
1731976567097 7.79148394940421e-05 0
1731976583189 7.923824159661308e-05 0
1731976599359 7.41258918424137e-05 0
1731976615430 7.670681952731684e-05 0
1731976631615 7.924596138764173e-05 0
1731976647690 7.702813309151679e-05 0
1731976663867 7.577540236525238e-05 0
1731976680679 7.612690387759358e-05 0
1731976696868 7.716066465945914e-05 0
1731976712963 7.590660970890895e-05 0
1731976729121 7.597965304739773e-05 0
1731976745231 7.558008655905724e-05 0
1731976761421 7.506506517529488e-05 0
1731976777491 7.517760241171345e-05 0
1731976793662 7.68561803852208e-05 0
1731976809744 7.281509169843048e-05 0
1731976825963 7.772626122459769e-05 0
1731976842036 7.403262134175748e-05 0
1731976858225 7.127206481527537e-05 0
1731976874313 7.255163654917851e-05 0
1731976890498 6.963386113056913e-05 0
1731976906568 7.419121538987383e-05 0
