1731973230922 0.0006563346250914037 0
1731973252375 0.0004584738635458052 0
1731973273633 0.00035515474155545235 0
1731973294874 0.00036308474955148995 0
1731973315939 0.00039903854485601187 0
1731973337063 0.0003065107739530504 0
1731973358084 0.0002654033014550805 0
1731973379152 0.0002971358480863273 0
1731973400113 0.00023109515313990414 0
1731973421172 0.00027400191174820065 0
1731973442145 0.0002491091436240822 0
1731973463255 0.00024211661366280168 0
1731973484242 0.00019308272749185562 0
1731973505350 0.0002438045194139704 0
1731973526554 0.0002853258920367807 0
1731973545185 0.00027555145788937807 0
1731973563811 0.00022892089327797294 0
1731973582421 0.000266599643509835 0
1731973601030 0.00017727659724187106 0
1731973619647 0.00023207090271171182 0
1731973638268 0.0003028965729754418 0
1731973656859 0.0003291640314273536 0
1731973674617 0.00019396304560359567 0
1731973691920 0.0002444236306473613 0
1731973709333 0.00017463756375946105 0
1731973726731 0.00019125506514683366 0
1731973744141 0.00018802640261128545 0
1731973761428 0.00017504350398667157 0
1731973778840 0.00019026371592190117 0
1731973796536 0.00020366330863907933 0
1731973813214 0.00021689882851205766 0
1731973829849 0.00016123047680594027 0
1731973846469 0.0002548280172049999 0
1731973863121 0.00017047137953341007 0
1731973879759 0.00015620107296854258 0
1731973896397 0.00017850293079391122 0
1731973913038 0.00023732750560157 0
1731973929247 0.00014665460912510753 0
1731973945435 0.00017445777484681457 0
1731973961535 0.00013341208978090435 0
1731973977720 0.00013303736341185868 0
1731973993810 0.00016848606173880398 0
1731974009993 0.00013797781139146537 0
1731974026068 0.00014418814680539072 0
1731974042618 0.0001422725763404742 0
1731974058703 0.00014776401803828776 0
1731974074862 0.00013823043263982981 0
1731974090952 0.00014847106649540365 0
1731974107143 0.0001420121407136321 0
1731974123220 0.0001935587206389755 0
1731974139429 0.00014434620970860124 0
1731974155525 0.00012785251601599157 0
1731974171736 0.00012451215297915041 0
1731974187831 0.00016709692135918885 0
1731974204022 0.00011743684444809332 0
1731974220062 0.00013555203622672707 0
1731974236264 0.00012944257468916476 0
1731974252351 0.00012084658374078572 0
1731974268522 0.0001381589099764824 0
1731974285202 0.00012731002061627805 0
1731974301410 0.0001137682338594459 0
1731974317529 0.0001476022880524397 0
1731974333720 0.00012457417324185371 0
1731974349799 0.00014382835070136935 0
1731974365986 0.00010254521475872025 0
1731974382078 9.949494415195659e-05 0
1731974398279 0.0001314388937316835 0
1731974414429 0.00013091802247799933 0
1731974430686 0.00010829920938704163 0
1731974446787 0.00015786814037710428 0
1731974463000 0.00015160863404162228 0
1731974479083 0.00012024490570183843 0
1731974495297 0.00013392632536124438 0
1731974511399 0.00010945305984932929 0
1731974528430 0.00012925549526698887 0
1731974544499 0.00012703839456662536 0
1731974560697 0.00014908556477166712 0
1731974576787 0.00012883990711998194 0
1731974592986 0.00013555915211327374 0
1731974609051 0.00010130908049177378 0
1731974625265 0.00010363214823883027 0
1731974641376 0.00010371384996687993 0
1731974657606 0.0001082931412383914 0
1731974673733 0.00010405704961158335 0
1731974689947 0.00012034403334837407 0
1731974706063 0.0001216886957990937 0
1731974722284 0.00011266020010225475 0
1731974738383 0.00010316808766219765 0
1731974755164 8.786730177234858e-05 0
1731974771257 0.00012084284389857203 0
1731974787450 0.00011678052396746352 0
1731974803556 0.00010063884838018566 0
1731974819766 9.539265010971576e-05 0
1731974835871 0.00012953726400155574 0
1731974852080 0.00011782927322201431 0
1731974868190 0.00010594024934107438 0
1731974884423 0.0001221129350597039 0
1731974900487 9.332473564427346e-05 0
1731974916713 0.00012365648581180722 0
1731974932824 0.00012765187420882285 0
1731974949057 0.00012864096788689494 0
1731974965158 0.00012014960520900786 0
1731974981376 9.663094533607364e-05 0
1731974998044 9.961187606677413e-05 0
1731975014279 9.316041541751474e-05 0
1731975030379 0.00010942707012873143 0
1731975046589 0.00011207671195734292 0
1731975062679 0.00011572138464543968 0
1731975078894 9.24723717616871e-05 0
1731975094978 0.00010901195491896942 0
1731975111179 9.437036351300776e-05 0
1731975127255 0.00010817037400556728 0
1731975143463 9.792218043003231e-05 0
1731975159570 0.00011803045345004648 0
1731975175768 9.036237315740436e-05 0
1731975191850 0.00010165439016418532 0
1731975208045 9.766781295184046e-05 0
1731975224129 0.00010026890231529251 0
1731975240994 0.00010156282223761082 0
1731975257110 8.208608778659254e-05 0
1731975273310 9.173640864901245e-05 0
1731975289368 9.986964869312942e-05 0
1731975305573 8.630512456875294e-05 0
1731975321650 0.0001016044188872911 0
1731975337841 0.00010555257176747546 0
1731975353885 9.027350461110473e-05 0
1731975370086 9.255425538867712e-05 0
1731975386155 0.00010155705967918038 0
1731975402332 9.286888234782964e-05 0
1731975418421 0.00010635200305841863 0
1731975434615 0.00010170823952648789 0
1731975450716 0.00010242497955914587 0
1731975466897 8.966574387159199e-05 0
1731975483588 8.964075823314488e-05 0
1731975499762 0.00011199136497452855 0
1731975515844 0.00010517350165173411 0
1731975532023 8.837571658659726e-05 0
1731975548093 0.00010703276348067448 0
1731975564281 8.447653090115637e-05 0
1731975580380 8.78591526998207e-05 0
1731975596557 0.00011114793596789241 0
1731975612620 8.035131759243086e-05 0
1731975628807 0.0001098623761208728 0
1731975644882 9.991994738811627e-05 0
1731975661051 8.25590395834297e-05 0
1731975677097 0.00010584444680716842 0
1731975693290 9.663589298725128e-05 0
1731975709343 8.498346142005175e-05 0
1731975726579 0.00010312812810298055 0
1731975742648 9.140282054431736e-05 0
1731975758839 0.00010456924792379141 0
1731975774916 9.747240983415395e-05 0
1731975791073 8.024735143408179e-05 0
1731975807144 7.169528544181958e-05 0
1731975823315 8.012779289856553e-05 0
1731975839408 8.868768054526299e-05 0
1731975855570 0.00011709859245456755 0
1731975871631 8.196041017072275e-05 0
1731975887834 8.97235149750486e-05 0
1731975903925 6.665081309620291e-05 0
1731975920095 7.884763181209564e-05 0
1731975936176 8.025544229894876e-05 0
1731975953118 0.00010649745672708377 0
1731975969214 6.756321818102151e-05 0
1731975985388 8.167828491423279e-05 0
1731976001462 8.197568968171254e-05 0
1731976017637 7.034537702566013e-05 0
1731976033700 7.763059693388641e-05 0
1731976049851 8.241766772698611e-05 0
1731976065917 9.046875493368134e-05 0
1731976082113 9.058293653652072e-05 0
1731976098178 8.608228381490335e-05 0
1731976114339 7.900045602582395e-05 0
1731976130409 7.30614410713315e-05 0
1731976146610 8.721077756490558e-05 0
1731976162687 7.023700163699687e-05 0
1731976178853 0.00010727355402195826 0
1731976195557 8.183956379070878e-05 0
1731976211736 7.825240027159452e-05 0
1731976227795 8.294210419990122e-05 0
1731976243982 8.628156501799822e-05 0
1731976260041 8.455353963654488e-05 0
1731976276202 7.304003520403057e-05 0
1731976292278 8.303204958792776e-05 0
1731976308431 7.308326894417405e-05 0
1731976324510 7.437852764269337e-05 0
1731976340657 7.29155945009552e-05 0
1731976356746 8.618467836640775e-05 0
1731976372917 8.55680409586057e-05 0
1731976388999 7.354901754297316e-05 0
1731976405165 9.216289618052542e-05 0
1731976421272 9.305044659413397e-05 0
1731976438072 7.945270044729114e-05 0
1731976454126 7.983641989994794e-05 0
1731976470298 8.294789586216211e-05 0
1731976486337 8.604045433457941e-05 0
1731976502539 8.780437929090112e-05 0
1731976518628 7.346703205257654e-05 0
1731976534818 8.397667261306196e-05 0
1731976550910 6.695113552268595e-05 0
1731976567097 8.052638440858573e-05 0
1731976583189 8.713999704923481e-05 0
1731976599359 7.735104009043425e-05 0
1731976615430 8.305831579491496e-05 0
1731976631615 7.055485912133008e-05 0
1731976647690 6.693376781186089e-05 0
1731976663867 7.51176048652269e-05 0
1731976680679 6.844162999186665e-05 0
1731976696868 7.721895235590637e-05 0
1731976712963 8.36612016428262e-05 0
1731976729121 8.431206515524536e-05 0
1731976745231 8.00002962932922e-05 0
1731976761421 6.99338415870443e-05 0
1731976777491 6.0270147514529526e-05 0
1731976793662 7.131989696063101e-05 0
1731976809744 6.920666055520996e-05 0
1731976825963 7.913557055871934e-05 0
1731976842036 6.186946120578796e-05 0
1731976858225 7.160821405705065e-05 0
1731976874313 7.129948062356561e-05 0
1731976890498 9.072922694031149e-05 0
1731976906568 8.340257045347244e-05 0
