1731963690956 0.015592760406434536 0
1731963719864 0.013383789919316769 0
1731963748464 0.014806208200752735 0
1731963776848 0.014059673994779587 0
1731963804768 0.014064096845686436 0
1731963832859 0.01296323724091053 0
1731963860775 0.014497736468911171 0
1731963888760 0.013423144817352295 0
1731963916650 0.013585568405687809 0
1731963944712 0.014135628938674927 0
1731963972676 0.013758567161858082 0
1731964000815 0.013939717784523964 0
1731964028890 0.014347299933433533 0
1731964057151 0.014796295203268528 0
1731964084932 0.013247361406683922 0
1731964109224 0.014394198544323444 0
1731964133582 0.01404767856001854 0
1731964157834 0.014066334813833237 0
1731964182185 0.014076723717153072 0
1731964206565 0.013614275492727757 0
1731964230957 0.01363640557974577 0
1731964255405 0.013399258255958557 0
1731964278389 0.014576180838048458 0
1731964300660 0.014910519123077393 0
1731964323093 0.013756022788584232 0
1731964345564 0.013620679266750813 0
1731964367992 0.014225829392671585 0
1731964390361 0.0139123210683465 0
1731964412827 0.014395077712833881 0
1731964435152 0.01416398398578167 0
1731964456419 0.013870750553905964 0
1731964477709 0.013369654305279255 0
1731964498989 0.01435121987015009 0
1731964520321 0.013565664179623127 0
1731964541586 0.013607094064354897 0
1731964562847 0.0140773244202137 0
1731964584112 0.013844305649399757 0
1731964604674 0.014220178127288818 0
1731964625292 0.014438526704907417 0
1731964645705 0.013728028163313866 0
1731964666311 0.014124554581940174 0
1731964686704 0.014382858760654926 0
1731964707254 0.01380707323551178 0
1731964727690 0.014180945232510567 0
1731964748577 0.014069712720811367 0
1731964768954 0.01410104613751173 0
1731964789536 0.014629651792347431 0
1731964809999 0.014466303400695324 0
1731964830619 0.013723017647862434 0
1731964851038 0.01442335732281208 0
1731964871570 0.01413403544574976 0
1731964892013 0.013880018144845963 0
1731964912620 0.014143678359687328 0
1731964933012 0.014078068546950817 0
1731964953555 0.013955662958323956 0
1731964973921 0.014104505069553852 0
1731964994505 0.014136454090476036 0
1731965014891 0.014295509085059166 0
1731965035425 0.014336026273667812 0
1731965056178 0.014672106131911278 0
1731965076810 0.014348464086651802 0
1731965097238 0.015089972876012325 0
1731965117829 0.013878686353564262 0
1731965138202 0.013985193334519863 0
1731965158833 0.014103016816079617 0
1731965179216 0.014407588168978691 0
1731965199807 0.01436195895075798 0
1731965220185 0.01442263275384903 0
1731965240751 0.014878503978252411 0
1731965261141 0.014187339693307877 0
1731965281818 0.014030219055712223 0
1731965302247 0.013943520374596119 0
1731965322834 0.014015745371580124 0
1731965343251 0.014201209880411625 0
1731965364142 0.014268890023231506 0
1731965384559 0.014059164561331272 0
1731965405135 0.014318586327135563 0
1731965425527 0.01419759914278984 0
1731965446119 0.014137864112854004 0
1731965466474 0.013839651830494404 0
1731965487057 0.013931994326412678 0
1731965507429 0.013909898698329926 0
1731965528013 0.013834595680236816 0
1731965548477 0.014087557792663574 0
1731965569077 0.014347360469400883 0
1731965589462 0.014419035986065865 0
1731965610028 0.014251790009438992 0
1731965630394 0.01432260125875473 0
1731965651319 0.014151766896247864 0
1731965671728 0.014080149121582508 0
1731965692323 0.014070557430386543 0
1731965712726 0.014200044795870781 0
1731965733332 0.014304723590612411 0
1731965753784 0.01435338705778122 0
1731965774367 0.014368333853781223 0
1731965794771 0.013914668001234531 0
1731965815395 0.014554391615092754 0
1731965835785 0.0143593056127429 0
1731965856327 0.014339757151901722 0
1731965876725 0.014465020969510078 0
1731965897386 0.01414418127387762 0
1731965917874 0.01416978519409895 0
1731965938465 0.014480967074632645 0
1731965959217 0.014350689016282558 0
1731965979829 0.014003450982272625 0
1731966000225 0.014098571613430977 0
1731966020882 0.013983317650854588 0
1731966041308 0.014180593192577362 0
1731966061888 0.01410883478820324 0
1731966082321 0.014077963307499886 0
1731966102943 0.014033472165465355 0
1731966123322 0.014255393296480179 0
1731966143993 0.014004744589328766 0
1731966164391 0.014195655472576618 0
1731966184991 0.014167362824082375 0
1731966205433 0.014341680333018303 0
1731966225988 0.01442812941968441 0
1731966246468 0.014403429813683033 0
1731966267400 0.01439241599291563 0
1731966287784 0.014577238820493221 0
1731966308348 0.014605307951569557 0
1731966328760 0.013831009157001972 0
1731966349353 0.01453237421810627 0
1731966369750 0.0141228549182415 0
1731966390308 0.01422425638884306 0
1731966410731 0.01445647981017828 0
1731966431289 0.014285790733993053 0
1731966451688 0.014500733464956284 0
1731966472228 0.01421443559229374 0
1731966492662 0.014335599727928638 0
1731966513250 0.014222828671336174 0
1731966533703 0.01436532661318779 0
1731966554304 0.014252903871238232 0
1731966575093 0.013768159784376621 0
1731966595665 0.014263350516557693 0
1731966616096 0.014277275651693344 0
1731966636648 0.014332400634884834 0
1731966657066 0.014309590682387352 0
1731966677659 0.014172876253724098 0
1731966698093 0.01449672318994999 0
1731966718678 0.014419405721127987 0
1731966739093 0.014261466450989246 0
1731966759651 0.01402401365339756 0
1731966780036 0.014284871518611908 0
1731966800587 0.0142981493845582 0
1731966821010 0.01452746894210577 0
1731966841567 0.014344927854835987 0
1731966862013 0.014410989359021187 0
1731966882940 0.01429078634828329 0
1731966903299 0.01430559903383255 0
1731966923881 0.014149081893265247 0
1731966944283 0.01438894309103489 0
1731966964861 0.014346858486533165 0
1731966985261 0.014275041408836842 0
1731967005858 0.014722864143550396 0
1731967026256 0.014339511282742023 0
1731967046816 0.014684184454381466 0
1731967067225 0.014148043468594551 0
1731967087758 0.014333334751427174 0
1731967108192 0.014379922300577164 0
1731967128833 0.014125606045126915 0
1731967149242 0.014407813549041748 0
1731967170155 0.014374004676938057 0
1731967190567 0.014577684924006462 0
1731967211206 0.014597534202039242 0
1731967231595 0.014340556226670742 0
1731967252179 0.014681197702884674 0
1731967272616 0.014520498923957348 0
1731967293163 0.014397726394236088 0
1731967313518 0.014270898886024952 0
1731967334168 0.014329653233289719 0
1731967354550 0.014417385682463646 0
1731967375100 0.01432557962834835 0
1731967395506 0.014150090515613556 0
1731967416086 0.01422333437949419 0
1731967436463 0.014348568394780159 0
1731967457002 0.014508326537907124 0
1731967477786 0.01432560570538044 0
1731967498347 0.014359473250806332 0
1731967518693 0.014201220124959946 0
1731967539266 0.014282915741205215 0
1731967559638 0.014399085193872452 0
1731967580229 0.014498690143227577 0
1731967600643 0.014312067069113255 0
1731967621187 0.014315973967313766 0
1731967641600 0.014409873634576797 0
1731967662167 0.014285688288509846 0
1731967682609 0.014571109786629677 0
1731967703163 0.014464602805674076 0
1731967723520 0.014388975687325 0
1731967744129 0.014403840526938438 0
1731967764520 0.014144930988550186 0
1731967785905 0.014164261519908905 0
1731967806297 0.014336004853248596 0
1731967826915 0.014545801095664501 0
1731967847360 0.01437134388834238 0
1731967867916 0.014149689115583897 0
1731967888322 0.014262777753174305 0
1731967908883 0.014296538196504116 0
1731967929277 0.014159045182168484 0
1731967949875 0.014317966997623444 0
1731967970291 0.014293736778199673 0
1731967990854 0.014431496150791645 0
1731968011235 0.014367532916367054 0
1731968031827 0.014370879158377647 0
1731968052196 0.01419310923665762 0
1731968072740 0.014340891502797604 0
1731968093475 0.014329531230032444 0
1731968114086 0.014366136863827705 0
1731968134564 0.01457229070365429 0
1731968155203 0.014336517080664635 0
1731968175588 0.01438497006893158 0
1731968196175 0.014461073093116283 0
1731968216580 0.014303542673587799 0
1731968237110 0.014431924559175968 0
1731968257518 0.014424871653318405 0
1731968278079 0.014319140464067459 0
1731968298485 0.014268630184233189 0
1731968319067 0.014223523437976837 0
1731968339501 0.014392178505659103 0
1731968360123 0.014352744445204735 0
1731968380558 0.014445035718381405 0
