1731963690956 0.41503971815109253 0
1731963719864 0.40734994411468506 0
1731963748464 0.41996729373931885 0
1731963776848 0.4332330524921417 0
1731963804768 0.44011974334716797 0
1731963832859 0.4495581090450287 0
1731963860775 0.44945386052131653 0
1731963888760 0.4530758261680603 0
1731963916650 0.4287642538547516 0
1731963944712 0.45597732067108154 0
1731963972676 0.46653738617897034 0
1731964000815 0.4559177756309509 0
1731964028890 0.46058934926986694 0
1731964057151 0.45951294898986816 0
1731964084932 0.4700283408164978 0
1731964109224 0.4562298357486725 0
1731964133582 0.45557844638824463 0
1731964157834 0.45420658588409424 0
1731964182185 0.46413716673851013 0
1731964206565 0.46523168683052063 0
1731964230957 0.4642539620399475 0
1731964255405 0.48295068740844727 0
1731964278389 0.4642673432826996 0
1731964300660 0.4638618528842926 0
1731964323093 0.4528469741344452 0
1731964345564 0.46885836124420166 0
1731964367992 0.4599284827709198 0
1731964390361 0.46490347385406494 0
1731964412827 0.44891810417175293 0
1731964435152 0.4748137593269348 0
1731964456419 0.46647098660469055 0
1731964477709 0.4603125751018524 0
1731964498989 0.4569767117500305 0
1731964520321 0.469440221786499 0
1731964541586 0.47323116660118103 0
1731964562847 0.46781212091445923 0
1731964584112 0.47703731060028076 0
1731964604674 0.46335557103157043 0
1731964625292 0.4659396708011627 0
1731964645705 0.4761081337928772 0
1731964666311 0.4628584086894989 0
1731964686704 0.4687880873680115 0
1731964707254 0.4592668116092682 0
1731964727690 0.47411611676216125 0
1731964748577 0.4786055088043213 0
1731964768954 0.4710659086704254 0
1731964789536 0.4679047465324402 0
1731964809999 0.4723712205886841 0
1731964830619 0.4700443148612976 0
1731964851038 0.4776683449745178 0
1731964871570 0.4817979037761688 0
1731964892013 0.4714530408382416 0
1731964912620 0.4819152355194092 0
1731964933012 0.4837825298309326 0
1731964953555 0.4782297611236572 0
1731964973921 0.477333128452301 0
1731964994505 0.4673976004123688 0
1731965014891 0.4731411635875702 0
1731965035425 0.48099610209465027 0
1731965056178 0.4676782786846161 0
1731965076810 0.4745388329029083 0
1731965097238 0.476481169462204 0
1731965117829 0.4668523073196411 0
1731965138202 0.4704686403274536 0
1731965158833 0.477588951587677 0
1731965179216 0.46416518092155457 0
1731965199807 0.47876203060150146 0
1731965220185 0.48035815358161926 0
1731965240751 0.4804508090019226 0
1731965261141 0.4667690098285675 0
1731965281818 0.4808533489704132 0
1731965302247 0.47118568420410156 0
1731965322834 0.48229292035102844 0
1731965343251 0.4830071032047272 0
1731965364142 0.4784075617790222 0
1731965384559 0.471307635307312 0
1731965405135 0.4762386381626129 0
1731965425527 0.46535271406173706 0
1731965446119 0.47310492396354675 0
1731965466474 0.4701192378997803 0
1731965487057 0.4746626317501068 0
1731965507429 0.47150805592536926 0
1731965528013 0.47488611936569214 0
1731965548477 0.4681180417537689 0
1731965569077 0.47940534353256226 0
1731965589462 0.4790498614311218 0
1731965610028 0.4751729369163513 0
1731965630394 0.4745124876499176 0
1731965651319 0.47558140754699707 0
1731965671728 0.47614404559135437 0
1731965692323 0.4800305664539337 0
1731965712726 0.468544065952301 0
1731965733332 0.4775902330875397 0
1731965753784 0.4817378520965576 0
1731965774367 0.47864294052124023 0
1731965794771 0.47574639320373535 0
1731965815395 0.4766383171081543 0
1731965835785 0.4785509407520294 0
1731965856327 0.47606703639030457 0
1731965876725 0.4733469784259796 0
1731965897386 0.476049542427063 0
1731965917874 0.47838395833969116 0
1731965938465 0.47886914014816284 0
1731965959217 0.47842133045196533 0
1731965979829 0.4800615906715393 0
1731966000225 0.47283294796943665 0
1731966020882 0.4774199426174164 0
1731966041308 0.47702309489250183 0
1731966061888 0.4692274034023285 0
1731966082321 0.47480592131614685 0
1731966102943 0.47110602259635925 0
1731966123322 0.47589218616485596 0
1731966143993 0.47434940934181213 0
1731966164391 0.4765428602695465 0
1731966184991 0.47880563139915466 0
1731966205433 0.4770500063896179 0
1731966225988 0.47333645820617676 0
1731966246468 0.4781990647315979 0
1731966267400 0.47667360305786133 0
1731966287784 0.4714929461479187 0
1731966308348 0.4704093933105469 0
1731966328760 0.47473904490470886 0
1731966349353 0.4675389230251312 0
1731966369750 0.4721011519432068 0
1731966390308 0.4776926338672638 0
1731966410731 0.4752238392829895 0
1731966431289 0.4814932942390442 0
1731966451688 0.47196632623672485 0
1731966472228 0.4810241162776947 0
1731966492662 0.47663432359695435 0
1731966513250 0.4698733985424042 0
1731966533703 0.47357797622680664 0
1731966554304 0.478209525346756 0
1731966575093 0.47796252369880676 0
1731966595665 0.4745999276638031 0
1731966616096 0.4751831591129303 0
1731966636648 0.47540825605392456 0
1731966657066 0.47688767313957214 0
1731966677659 0.47711509466171265 0
1731966698093 0.47559282183647156 0
1731966718678 0.47514060139656067 0
1731966739093 0.4758334159851074 0
1731966759651 0.4748082160949707 0
1731966780036 0.4770055413246155 0
1731966800587 0.4761863648891449 0
1731966821010 0.4775868058204651 0
1731966841567 0.47836172580718994 0
1731966862013 0.4773092269897461 0
1731966882940 0.47922199964523315 0
1731966903299 0.47999611496925354 0
1731966923881 0.4768538475036621 0
1731966944283 0.4768993556499481 0
1731966964861 0.47447454929351807 0
1731966985261 0.47772496938705444 0
1731967005858 0.47841715812683105 0
1731967026256 0.47886011004447937 0
1731967046816 0.47831055521965027 0
1731967067225 0.4793626666069031 0
1731967087758 0.47747090458869934 0
1731967108192 0.474683940410614 0
1731967128833 0.4770313799381256 0
1731967149242 0.47271132469177246 0
1731967170155 0.4755936861038208 0
1731967190567 0.47986146807670593 0
1731967211206 0.4811696708202362 0
1731967231595 0.47977402806282043 0
1731967252179 0.4850040078163147 0
1731967272616 0.4803030788898468 0
1731967293163 0.4742758274078369 0
1731967313518 0.4711895287036896 0
1731967334168 0.4844324290752411 0
1731967354550 0.4785030782222748 0
1731967375100 0.47683095932006836 0
1731967395506 0.4748401641845703 0
1731967416086 0.4772160053253174 0
1731967436463 0.479482501745224 0
1731967457002 0.479753702878952 0
1731967477786 0.480122834444046 0
1731967498347 0.48410800099372864 0
1731967518693 0.47917962074279785 0
1731967539266 0.47717997431755066 0
1731967559638 0.477843701839447 0
1731967580229 0.4807029366493225 0
1731967600643 0.48010197281837463 0
1731967621187 0.47619232535362244 0
1731967641600 0.47875669598579407 0
1731967662167 0.4783732295036316 0
1731967682609 0.4786442518234253 0
1731967703163 0.4754287898540497 0
1731967723520 0.4763774871826172 0
1731967744129 0.4808150827884674 0
1731967764520 0.4770793616771698 0
1731967785905 0.4804275333881378 0
1731967806297 0.4813579320907593 0
1731967826915 0.4759960174560547 0
1731967847360 0.4800518751144409 0
1731967867916 0.48157137632369995 0
1731967888322 0.47711583971977234 0
1731967908883 0.47492843866348267 0
1731967929277 0.4833173453807831 0
1731967949875 0.4794861972332001 0
1731967970291 0.47766321897506714 0
1731967990854 0.48003917932510376 0
1731968011235 0.4784327447414398 0
1731968031827 0.48025086522102356 0
1731968052196 0.477607399225235 0
1731968072740 0.47524502873420715 0
1731968093475 0.47669553756713867 0
1731968114086 0.47764402627944946 0
1731968134564 0.4757506549358368 0
1731968155203 0.47929126024246216 0
1731968175588 0.4784209430217743 0
1731968196175 0.478390097618103 0
1731968216580 0.4813600778579712 0
1731968237110 0.48175445199012756 0
1731968257518 0.47891950607299805 0
1731968278079 0.479093074798584 0
1731968298485 0.4777291715145111 0
1731968319067 0.4803486764431 0
1731968339501 0.48290762305259705 0
1731968360123 0.4769286513328552 0
1731968380558 0.4849451184272766 0
