1731963690956 0.9803354144096375 0
1731963719864 1.0371650457382202 0
1731963748464 1.1933344602584839 0
1731963776848 1.1038572788238525 0
1731963804768 1.1142630577087402 0
1731963832859 1.1554306745529175 0
1731963860775 1.26724374294281 0
1731963888760 1.2113616466522217 0
1731963916650 1.1318309307098389 0
1731963944712 1.3390730619430542 0
1731963972676 1.2952570915222168 0
1731964000815 1.2357796430587769 0
1731964028890 1.337602138519287 0
1731964057151 1.3083970546722412 0
1731964084932 1.3339534997940063 0
1731964109224 1.3006740808486938 0
1731964133582 1.3506985902786255 0
1731964157834 1.3628463745117188 0
1731964182185 1.2899783849716187 0
1731964206565 1.3730981349945068 0
1731964230957 1.3376067876815796 0
1731964255405 1.4616938829421997 0
1731964278389 1.3561112880706787 0
1731964300660 1.430376410484314 0
1731964323093 1.3795558214187622 0
1731964345564 1.3172467947006226 0
1731964367992 1.4076663255691528 0
1731964390361 1.3533995151519775 0
1731964412827 1.3561328649520874 0
1731964435152 1.3694813251495361 0
1731964456419 1.4198790788650513 0
1731964477709 1.384669542312622 0
1731964498989 1.525821328163147 0
1731964520321 1.4230949878692627 0
1731964541586 1.4482680559158325 0
1731964562847 1.3939971923828125 0
1731964584112 1.4756418466567993 0
1731964604674 1.3558484315872192 0
1731964625292 1.4582382440567017 0
1731964645705 1.461422085762024 0
1731964666311 1.4109653234481812 0
1731964686704 1.4234198331832886 0
1731964707254 1.4103062152862549 0
1731964727690 1.4427103996276855 0
1731964748577 1.4327281713485718 0
1731964768954 1.3581857681274414 0
1731964789536 1.446482539176941 0
1731964809999 1.447224736213684 0
1731964830619 1.435136079788208 0
1731964851038 1.4836021661758423 0
1731964871570 1.4149696826934814 0
1731964892013 1.4585480690002441 0
1731964912620 1.42373788356781 0
1731964933012 1.4656981229782104 0
1731964953555 1.4126842021942139 0
1731964973921 1.4425863027572632 0
1731964994505 1.3332759141921997 0
1731965014891 1.4496703147888184 0
1731965035425 1.4340089559555054 0
1731965056178 1.3822882175445557 0
1731965076810 1.3832941055297852 0
1731965097238 1.4149229526519775 0
1731965117829 1.373942255973816 0
1731965138202 1.4057931900024414 0
1731965158833 1.3955775499343872 0
1731965179216 1.4062576293945312 0
1731965199807 1.4521727561950684 0
1731965220185 1.424665093421936 0
1731965240751 1.435146450996399 0
1731965261141 1.4075895547866821 0
1731965281818 1.3837004899978638 0
1731965302247 1.4301668405532837 0
1731965322834 1.4347872734069824 0
1731965343251 1.465484619140625 0
1731965364142 1.4411858320236206 0
1731965384559 1.4191312789916992 0
1731965405135 1.4133292436599731 0
1731965425527 1.4206064939498901 0
1731965446119 1.4061774015426636 0
1731965466474 1.4206784963607788 0
1731965487057 1.4489974975585938 0
1731965507429 1.4285556077957153 0
1731965528013 1.4985911846160889 0
1731965548477 1.4493985176086426 0
1731965569077 1.4649262428283691 0
1731965589462 1.4573715925216675 0
1731965610028 1.3785462379455566 0
1731965630394 1.419549822807312 0
1731965651319 1.3798030614852905 0
1731965671728 1.4190523624420166 0
1731965692323 1.3847638368606567 0
1731965712726 1.3871163129806519 0
1731965733332 1.4274669885635376 0
1731965753784 1.4250036478042603 0
1731965774367 1.4411367177963257 0
1731965794771 1.4091683626174927 0
1731965815395 1.4167025089263916 0
1731965835785 1.4489880800247192 0
1731965856327 1.4060324430465698 0
1731965876725 1.419158697128296 0
1731965897386 1.4534271955490112 0
1731965917874 1.4347161054611206 0
1731965938465 1.4009318351745605 0
1731965959217 1.422987937927246 0
1731965979829 1.413288950920105 0
1731966000225 1.4401408433914185 0
1731966020882 1.4426051378250122 0
1731966041308 1.4170600175857544 0
1731966061888 1.4167498350143433 0
1731966082321 1.402595043182373 0
1731966102943 1.4177777767181396 0
1731966123322 1.432023286819458 0
1731966143993 1.429097056388855 0
1731966164391 1.4574618339538574 0
1731966184991 1.4113166332244873 0
1731966205433 1.4600273370742798 0
1731966225988 1.4137834310531616 0
1731966246468 1.428449273109436 0
1731966267400 1.411002278327942 0
1731966287784 1.4213991165161133 0
1731966308348 1.4110934734344482 0
1731966328760 1.4739258289337158 0
1731966349353 1.3813241720199585 0
1731966369750 1.451224684715271 0
1731966390308 1.4252192974090576 0
1731966410731 1.4512596130371094 0
1731966431289 1.4411453008651733 0
1731966451688 1.436766266822815 0
1731966472228 1.4052757024765015 0
1731966492662 1.4477590322494507 0
1731966513250 1.452287197113037 0
1731966533703 1.4338651895523071 0
1731966554304 1.4471012353897095 0
1731966575093 1.4581756591796875 0
1731966595665 1.3781181573867798 0
1731966616096 1.4442323446273804 0
1731966636648 1.4434922933578491 0
1731966657066 1.425917387008667 0
1731966677659 1.4155374765396118 0
1731966698093 1.3941556215286255 0
1731966718678 1.4605059623718262 0
1731966739093 1.4304651021957397 0
1731966759651 1.3710829019546509 0
1731966780036 1.409304141998291 0
1731966800587 1.444906234741211 0
1731966821010 1.4346022605895996 0
1731966841567 1.434064507484436 0
1731966862013 1.4210083484649658 0
1731966882940 1.4396064281463623 0
1731966903299 1.471155047416687 0
1731966923881 1.4180999994277954 0
1731966944283 1.4492511749267578 0
1731966964861 1.4329510927200317 0
1731966985261 1.4410593509674072 0
1731967005858 1.4313071966171265 0
1731967026256 1.446244239807129 0
1731967046816 1.4342020750045776 0
1731967067225 1.4664028882980347 0
1731967087758 1.4575204849243164 0
1731967108192 1.4323869943618774 0
1731967128833 1.4313987493515015 0
1731967149242 1.4374600648880005 0
1731967170155 1.4461979866027832 0
1731967190567 1.432016134262085 0
1731967211206 1.4495726823806763 0
1731967231595 1.4388197660446167 0
1731967252179 1.457502007484436 0
1731967272616 1.4098678827285767 0
1731967293163 1.4481415748596191 0
1731967313518 1.4209587574005127 0
1731967334168 1.4338043928146362 0
1731967354550 1.48225998878479 0
1731967375100 1.4545680284500122 0
1731967395506 1.4520176649093628 0
1731967416086 1.4471367597579956 0
1731967436463 1.450143575668335 0
1731967457002 1.4422557353973389 0
1731967477786 1.4406746625900269 0
1731967498347 1.476755142211914 0
1731967518693 1.4673340320587158 0
1731967539266 1.4317151308059692 0
1731967559638 1.4173188209533691 0
1731967580229 1.4349255561828613 0
1731967600643 1.4218440055847168 0
1731967621187 1.4498764276504517 0
1731967641600 1.443875789642334 0
1731967662167 1.4382853507995605 0
1731967682609 1.4584587812423706 0
1731967703163 1.4431326389312744 0
1731967723520 1.4454972743988037 0
1731967744129 1.4358539581298828 0
1731967764520 1.4447200298309326 0
1731967785905 1.439731478691101 0
1731967806297 1.4380329847335815 0
1731967826915 1.4499852657318115 0
1731967847360 1.4385889768600464 0
1731967867916 1.4819754362106323 0
1731967888322 1.4215432405471802 0
1731967908883 1.429494857788086 0
1731967929277 1.4545081853866577 0
1731967949875 1.455317735671997 0
1731967970291 1.465359091758728 0
1731967990854 1.4653725624084473 0
1731968011235 1.4457708597183228 0
1731968031827 1.4323993921279907 0
1731968052196 1.456018090248108 0
1731968072740 1.436911940574646 0
1731968093475 1.449594497680664 0
1731968114086 1.4314911365509033 0
1731968134564 1.4454885721206665 0
1731968155203 1.4391838312149048 0
1731968175588 1.4318922758102417 0
1731968196175 1.439208984375 0
1731968216580 1.4329584836959839 0
1731968237110 1.4513217210769653 0
1731968257518 1.4229185581207275 0
1731968278079 1.4528342485427856 0
1731968298485 1.4283530712127686 0
1731968319067 1.4486004114151 0
1731968339501 1.4598371982574463 0
1731968360123 1.4618574380874634 0
1731968380558 1.4406038522720337 0
