1731963690960 0.00215155933983624 0
1731963719868 0.001504487358033657 0
1731963748467 0.001392864971421659 0
1731963776851 0.001352525781840086 0
1731963804771 0.0014109346084296703 0
1731963832861 0.0011004166444763541 0
1731963860778 0.0011767472606152296 0
1731963888762 0.0010623139096423984 0
1731963916653 0.0010855949949473143 0
1731963944715 0.0010767122730612755 0
1731963972679 0.0011721657356247306 0
1731964000817 0.001076678978279233 0
1731964028893 0.0008428412256762385 0
1731964057153 0.0009322356199845672 0
1731964084935 0.0009711799211800098 0
1731964109226 0.0010558943031355739 0
1731964133585 0.0008222506148740649 0
1731964157836 0.000852675293572247 0
1731964182188 0.0008372801239602268 0
1731964206568 0.0008914433419704437 0
1731964230959 0.0008703640196472406 0
1731964255410 0.0007031151908449829 0
1731964278391 0.0009326913277618587 0
1731964300662 0.0009132446721196175 0
1731964323095 0.0008063571294769645 0
1731964345566 0.0007848222739994526 0
1731964367994 0.0007880154880695045 0
1731964390364 0.000791076454333961 0
1731964412829 0.0008746456587687135 0
1731964435154 0.0008119476842693985 0
1731964456422 0.0006184318335726857 0
1731964477711 0.0007508215494453907 0
1731964498992 0.0011597895063459873 0
1731964520323 0.0007095832843333483 0
1731964541589 0.0007204231224022806 0
1731964562850 0.000643098377622664 0
1731964584114 0.0007440170156769454 0
1731964604677 0.0006801825948059559 0
1731964625294 0.0007105629192665219 0
1731964645707 0.0006801913259550929 0
1731964666313 0.0006432135705836117 0
1731964686707 0.0006108071538619697 0
1731964707256 0.0007004176150076091 0
1731964727692 0.0006697982316836715 0
1731964748579 0.0007700272253714502 0
1731964768956 0.0006765000871382654 0
1731964789538 0.0008174015092663467 0
1731964810001 0.0006229677237570286 0
1731964830621 0.0007941372459754348 0
1731964851040 0.0006365225417539477 0
1731964871572 0.0005952066276222467 0
1731964892016 0.0005925870500504971 0
1731964912622 0.0006925332127138972 0
1731964933014 0.0005797469057142735 0
1731964953557 0.0006114389980211854 0
1731964973924 0.0007049137493595481 0
1731964994507 0.0006315797800198197 0
1731965014893 0.0006494998233392835 0
1731965035427 0.0005987939657643437 0
1731965056180 0.0006302447873167694 0
1731965076813 0.0005635939305648208 0
1731965097240 0.0007432398851960897 0
1731965117832 0.000711399014107883 0
1731965138204 0.000532977981492877 0
1731965158836 0.0006039505824446678 0
1731965179218 0.0004975213669240475 0
1731965199810 0.0004997822688892484 0
1731965220187 0.0006386301829479635 0
1731965240753 0.0005678377929143608 0
1731965261143 0.0006276682252064347 0
1731965281820 0.0005293460562825203 0
1731965302249 0.0005322617362253368 0
1731965322837 0.000525294104591012 0
1731965343254 0.000617573328781873 0
1731965364144 0.0005357908084988594 0
1731965384561 0.0006533369305543602 0
1731965405138 0.0005527788889594376 0
1731965425529 0.00058028131024912 0
1731965446121 0.0005969352787360549 0
1731965466476 0.0005780353676527739 0
1731965487059 0.0005597670678980649 0
1731965507432 0.0005544910090975463 0
1731965528016 0.0007798349834047258 0
1731965548479 0.0005351776489987969 0
1731965569079 0.00047048888518474996 0
1731965589465 0.0005120604764670134 0
1731965610031 0.0005434193299151957 0
1731965630397 0.0006578207830898464 0
1731965651321 0.0005185906775295734 0
1731965671731 0.00044962525134906173 0
1731965692326 0.000536869396455586 0
1731965712729 0.00045486254384741187 0
1731965733334 0.0006363751017488539 0
1731965753786 0.0006135760922916234 0
1731965774370 0.0005334758898243308 0
1731965794773 0.0004481390060391277 0
1731965815397 0.0006682672537863255 0
1731965835788 0.0005149453063495457 0
1731965856329 0.0005427380674518645 0
1731965876727 0.0005728177493438125 0
1731965897388 0.0004233889630995691 0
1731965917876 0.0004375374992378056 0
1731965938467 0.0005049128667451441 0
1731965959220 0.0004973066970705986 0
1731965979831 0.000542063731700182 0
1731966000228 0.0005955976666882634 0
1731966020885 0.0004495583416428417 0
1731966041311 0.0004959325306117535 0
1731966061891 0.0004870837728958577 0
1731966082323 0.0004447084793355316 0
1731966102946 0.000476771587273106 0
1731966123324 0.0004948385758325458 0
1731966143996 0.0005523377330973744 0
1731966164393 0.00047132937470451 0
1731966184994 0.0005180686712265015 0
1731966205436 0.0004983112448826432 0
1731966225990 0.0005685558426193893 0
1731966246471 0.0004291270743124187 0
1731966267402 0.0004782630712725222 0
1731966287786 0.00048207558575086296 0
1731966308350 0.00046621132059954107 0
1731966328762 0.0004299962311051786 0
1731966349356 0.00041635503293946385 0
1731966369752 0.00043648071005009115 0
1731966390311 0.0004206941812299192 0
1731966410733 0.000476594315841794 0
1731966431292 0.0004397939774207771 0
1731966451690 0.0004445285303518176 0
1731966472230 0.0005518848774954677 0
1731966492664 0.00047047866974025965 0
1731966513252 0.0004982742248103023 0
1731966533706 0.0004101091471966356 0
1731966554306 0.00035792108974419534 0
1731966575095 0.0004414731520228088 0
1731966595667 0.0004512956365942955 0
1731966616098 0.0003421636647544801 0
1731966636650 0.000436222180724144 0
1731966657068 0.0005597702111117542 0
1731966677661 0.00043114146683365107 0
1731966698095 0.00044649987830780447 0
1731966718681 0.0004350378585513681 0
1731966739095 0.00048218827578239143 0
1731966759653 0.0004301435546949506 0
1731966780039 0.0004297338309697807 0
1731966800590 0.00034174692700617015 0
1731966821012 0.0003579957119654864 0
1731966841569 0.00032432936131954193 0
1731966862015 0.00039862492121756077 0
1731966882943 0.0004769645747728646 0
1731966903301 0.00044427113607525826 0
1731966923883 0.0003499235026538372 0
1731966944285 0.000473890540888533 0
1731966964863 0.00043501248001120985 0
1731966985263 0.00037982361391186714 0
1731967005860 0.00042393847252242267 0
1731967026258 0.0003866894112434238 0
1731967046818 0.0004324507899582386 0
1731967067228 0.00048335257451981306 0
1731967087760 0.0005965244490653276 0
1731967108195 0.00042650813702493906 0
1731967128835 0.0003912036190740764 0
1731967149244 0.0003604389203246683 0
1731967170158 0.00035299043520353734 0
1731967190570 0.00035935058258473873 0
1731967211208 0.0004902255604974926 0
1731967231597 0.0003941172035411 0
1731967252181 0.0003526057116687298 0
1731967272618 0.0003289732849225402 0
1731967293165 0.0003876634291373193 0
1731967313520 0.0003848806954920292 0
1731967334170 0.00049719272647053 0
1731967354552 0.00038308720104396343 0
1731967375102 0.0003272603207733482 0
1731967395508 0.0003012103552464396 0
1731967416088 0.00039991189260035753 0
1731967436465 0.0003355484805069864 0
1731967457005 0.000303625623928383 0
1731967477788 0.00033360309316776693 0
1731967498349 0.00032848140108399093 0
1731967518695 0.00038190302439033985 0
1731967539268 0.0003351967316120863 0
1731967559641 0.00039568927604705095 0
1731967580231 0.0003068193909712136 0
1731967600645 0.0003002776065841317 0
1731967621189 0.00033007998717948794 0
1731967641602 0.00040197366615757346 0
1731967662169 0.0003346652665641159 0
1731967682611 0.000350612448528409 0
1731967703166 0.000360980280674994 0
1731967723522 0.0003567896783351898 0
1731967744131 0.0004171512555330992 0
1731967764522 0.00032101987744681537 0
1731967785907 0.00029271168750710785 0
1731967806300 0.00033152764081023633 0
1731967826917 0.0003661157679744065 0
1731967847362 0.00030878762481734157 0
1731967867918 0.000359525642124936 0
1731967888325 0.00032020569778978825 0
1731967908885 0.0003631672007031739 0
1731967929279 0.0003091576509177685 0
1731967949877 0.0002738736802712083 0
1731967970293 0.000304688437609002 0
1731967990856 0.0003681918606162071 0
1731968011237 0.0002824305556714535 0
1731968031829 0.0003368409816175699 0
1731968052198 0.00028968992410227656 0
1731968072742 0.00027987215435132384 0
1731968093477 0.00031354709062725306 0
1731968114117 0.000309551804093644 0
1731968134566 0.0003182478540111333 0
1731968155205 0.0003043313045054674 0
1731968175590 0.0003317921073175967 0
1731968196178 0.00034226509160362184 0
1731968216582 0.00030066605540923774 0
1731968237112 0.00034165073884651065 0
1731968257520 0.000286569120362401 0
1731968278081 0.00026950216852128506 0
1731968298487 0.000280182808637619 0
1731968319069 0.0003053871332667768 0
1731968339503 0.0002785432443488389 0
1731968360125 0.00033015836379490793 0
1731968380560 0.00035325565841048956 0
