1731963690960 0.0002850264427252114 0
1731963719868 0.00022988341515883803 0
1731963748467 0.00019030703697353601 0
1731963776851 0.00012976868310943246 0
1731963804771 0.0001382359187118709 0
1731963832861 0.0001025549354380928 0
1731963860778 0.00011843063839478418 0
1731963888762 6.731807661708444e-05 0
1731963916653 0.0001059605783666484 0
1731963944715 7.821989129297435e-05 0
1731963972679 0.00013788756041321903 0
1731964000817 9.86181476037018e-05 0
1731964028893 6.885877519380301e-05 0
1731964057153 8.737141615711153e-05 0
1731964084935 7.012874266365543e-05 0
1731964109226 8.113130024867132e-05 0
1731964133585 8.507502207066864e-05 0
1731964157836 7.067026308504865e-05 0
1731964182188 6.906030466780066e-05 0
1731964206568 8.852718747220933e-05 0
1731964230959 8.186075137928128e-05 0
1731964255410 7.860849291319028e-05 0
1731964278391 8.271423575934023e-05 0
1731964300662 0.0003373177896719426 0
1731964323095 6.680033402517438e-05 0
1731964345566 7.750692020636052e-05 0
1731964367994 9.259139915229753e-05 0
1731964390364 0.00017897937505040318 0
1731964412829 9.945269994204864e-05 0
1731964435154 0.00013166145072318614 0
1731964456422 6.3897947256919e-05 0
1731964477711 8.75579280545935e-05 0
1731964498992 0.00013286079047247767 0
1731964520323 0.00010522175580263138 0
1731964541589 9.690110891824588e-05 0
1731964562850 7.599994569318369e-05 0
1731964584114 4.682126746047288e-05 0
1731964604677 6.358487735269591e-05 0
1731964625294 4.858431202592328e-05 0
1731964645707 7.31202308088541e-05 0
1731964666313 6.597662286367267e-05 0
1731964686707 5.029040767112747e-05 0
1731964707256 4.851806806982495e-05 0
1731964727692 6.507673970190808e-05 0
1731964748579 7.336228736676276e-05 0
1731964768956 4.8313439037883654e-05 0
1731964789538 5.917677117395215e-05 0
1731964810001 4.575485581881367e-05 0
1731964830621 6.848157499916852e-05 0
1731964851040 7.617392111569643e-05 0
1731964871572 3.3593376429053023e-05 0
1731964892016 4.736280607176013e-05 0
1731964912622 4.847771197091788e-05 0
1731964933014 6.980761827435344e-05 0
1731964953557 5.0889506383100525e-05 0
1731964973924 8.451097528450191e-05 0
1731964994507 8.97581921890378e-05 0
1731965014893 4.587219882523641e-05 0
1731965035427 4.7506557166343555e-05 0
1731965056180 4.403482307679951e-05 0
1731965076813 3.3264688681811094e-05 0
1731965097240 8.710527617949992e-05 0
1731965117832 6.826026947237551e-05 0
1731965138204 5.965631498838775e-05 0
1731965158836 4.3219668441452086e-05 0
1731965179218 6.81581295793876e-05 0
1731965199810 3.66462190868333e-05 0
1731965220187 4.0408296626992524e-05 0
1731965240753 2.6357949536759406e-05 0
1731965261143 3.78290715161711e-05 0
1731965281820 3.452248347457498e-05 0
1731965302249 2.7089117793366313e-05 0
1731965322837 3.8865309761604294e-05 0
1731965343254 5.601242446573451e-05 0
1731965364144 3.694660699693486e-05 0
1731965384561 4.612136399373412e-05 0
1731965405138 5.073837746749632e-05 0
1731965425529 3.236648626625538e-05 0
1731965446121 4.185261786915362e-05 0
1731965466476 2.6317437004763633e-05 0
1731965487059 3.90878994949162e-05 0
1731965507432 5.032939589000307e-05 0
1731965528016 3.644896059995517e-05 0
1731965548479 3.5142227716278285e-05 0
1731965569079 3.110231045866385e-05 0
1731965589465 3.495127020869404e-05 0
1731965610031 3.6310982977738604e-05 0
1731965630397 3.276902134530246e-05 0
1731965651321 2.3908329239930026e-05 0
1731965671731 4.051410360261798e-05 0
1731965692326 3.452014425420202e-05 0
1731965712729 2.108431544911582e-05 0
1731965733334 2.774895983748138e-05 0
1731965753786 4.404650826472789e-05 0
1731965774370 2.3261001842911355e-05 0
1731965794773 2.0627696358133107e-05 0
1731965815397 4.305020775063895e-05 0
1731965835788 3.5560777178034186e-05 0
1731965856329 2.772796324279625e-05 0
1731965876727 6.0127345932414755e-05 0
1731965897388 3.944613126805052e-05 0
1731965917876 1.9239334505982697e-05 0
1731965938467 2.5798632123041898e-05 0
1731965959220 2.123943886545021e-05 0
1731965979831 4.5583248720504344e-05 0
1731966000228 3.8690472138114274e-05 0
1731966020885 2.3643060558242723e-05 0
1731966041311 2.6459551008883864e-05 0
1731966061891 3.310258034616709e-05 0
1731966082323 2.3410646463162266e-05 0
1731966102946 2.5439643650315702e-05 0
1731966123324 3.948594894609414e-05 0
1731966143996 5.1927039748989046e-05 0
1731966164393 2.5904813810484484e-05 0
1731966184994 3.3709497074596584e-05 0
1731966205436 1.9402632460696623e-05 0
1731966225990 2.6177063773502596e-05 0
1731966246471 2.988078267662786e-05 0
1731966267402 2.163424505852163e-05 0
1731966287786 2.5320901841041632e-05 0
1731966308350 3.094806015724316e-05 0
1731966328762 2.7056950784754008e-05 0
1731966349356 1.9830955352517776e-05 0
1731966369752 3.088897210545838e-05 0
1731966390311 2.6462224923307076e-05 0
1731966410733 2.223793853772804e-05 0
1731966431292 2.328198024770245e-05 0
1731966451690 3.349428152432665e-05 0
1731966472230 2.5616944185458124e-05 0
1731966492664 1.8194476069766097e-05 0
1731966513252 2.415762355667539e-05 0
1731966533706 1.5578885722788982e-05 0
1731966554306 1.745728513924405e-05 0
1731966575095 2.63708225247683e-05 0
1731966595667 4.968286884832196e-05 0
1731966616098 1.5318713849410415e-05 0
1731966636650 1.9782462914008647e-05 0
1731966657068 2.4962067982414737e-05 0
1731966677661 2.315120946150273e-05 0
1731966698095 2.6641464501153678e-05 0
1731966718681 2.6591485948301852e-05 0
1731966739095 2.3502692783949897e-05 0
1731966759653 2.6625020836945623e-05 0
1731966780039 1.9793968021986075e-05 0
1731966800590 3.357532841619104e-05 0
1731966821012 1.9721401258721016e-05 0
1731966841569 1.832145790103823e-05 0
1731966862015 2.379361649218481e-05 0
1731966882943 2.3093383788364008e-05 0
1731966903301 2.3147502361098304e-05 0
1731966923883 1.7612066585570574e-05 0
1731966944285 2.1282048692228273e-05 0
1731966964863 1.8931297745439224e-05 0
1731966985263 1.694867569312919e-05 0
1731967005860 1.8902723240898922e-05 0
1731967026258 2.5075405574170873e-05 0
1731967046818 1.5411997082992457e-05 0
1731967067228 1.9715127564268187e-05 0
1731967087760 2.6778836399898864e-05 0
1731967108195 2.5333563826279715e-05 0
1731967128835 1.9013905330211855e-05 0
1731967149244 1.947755845321808e-05 0
1731967170158 1.848618376243394e-05 0
1731967190570 2.7103358661406673e-05 0
1731967211208 2.3279193555936217e-05 0
1731967231597 1.774333395587746e-05 0
1731967252181 2.226101787528023e-05 0
1731967272618 2.0851752196904272e-05 0
1731967293165 3.166731767123565e-05 0
1731967313520 2.4383603886235505e-05 0
1731967334170 2.4146962459781207e-05 0
1731967354552 2.1957192075205967e-05 0
1731967375102 1.7035959899658337e-05 0
1731967395508 2.1802643459523097e-05 0
1731967416088 2.5668643502285704e-05 0
1731967436465 2.6608426196617074e-05 0
1731967457005 1.9491144485073164e-05 0
1731967477788 1.4427741916733794e-05 0
1731967498349 2.6322137273382396e-05 0
1731967518695 1.3993743777973577e-05 0
1731967539268 2.105786006723065e-05 0
1731967559641 2.1667357941623777e-05 0
1731967580231 1.857967254181858e-05 0
1731967600645 1.5835388694540597e-05 0
1731967621189 1.5916675693006255e-05 0
1731967641602 2.2563313905266114e-05 0
1731967662169 1.8245311366626993e-05 0
1731967682611 2.192162355640903e-05 0
1731967703166 2.0168708942946978e-05 0
1731967723522 1.8969250959344208e-05 0
1731967744131 1.672340658842586e-05 0
1731967764522 1.9219110981794074e-05 0
1731967785907 1.545451959827915e-05 0
1731967806300 2.9464372346410528e-05 0
1731967826917 1.728620372887235e-05 0
1731967847362 1.816102485463489e-05 0
1731967867918 1.8128217561752535e-05 0
1731967888325 1.8617698515299708e-05 0
1731967908885 2.2272073692874983e-05 0
1731967929279 2.0989231416024268e-05 0
1731967949877 1.572093242430128e-05 0
1731967970293 1.4249146261136048e-05 0
1731967990856 1.4745676708116662e-05 0
1731968011237 1.7170943465316668e-05 0
1731968031829 1.6980731743387878e-05 0
1731968052198 1.2182444152131211e-05 0
1731968072742 1.4067916708881967e-05 0
1731968093477 1.3033224604441784e-05 0
1731968114117 1.5077894204296172e-05 0
1731968134566 1.8995780919794925e-05 0
1731968155205 1.6291744032059796e-05 0
1731968175590 1.554076879983768e-05 0
1731968196178 1.5490772057091817e-05 0
1731968216582 1.666492062213365e-05 0
1731968237112 1.7173886590171605e-05 0
1731968257520 1.5607149180141278e-05 0
1731968278081 1.4776610441913363e-05 0
1731968298487 1.4101785382081289e-05 0
1731968319069 1.912733932840638e-05 0
1731968339503 1.7224589100806043e-05 0
1731968360125 1.8426650058245286e-05 0
1731968380560 2.869081436074339e-05 0
