1731946078792 0.010187724605202675 0
1731946120308 0.010333218611776829 0
1731946161641 0.010658842511475086 0
1731946202899 0.010581562295556068 0
1731946243500 0.010843995958566666 0
1731946284010 0.011000417172908783 0
1731946323926 0.011111012659966946 0
1731946363874 0.011017848737537861 0
1731946403714 0.011112089268863201 0
1731946443856 0.011174654588103294 0
1731946483777 0.011150926351547241 0
1731946524046 0.011096560396254063 0
1731946564016 0.011152460239827633 0
1731946604201 0.011127667501568794 0
1731946643419 0.011184700764715672 0
1731946677812 0.011170895770192146 0
1731946712277 0.01119971089065075 0
1731946746738 0.011275122873485088 0
1731946781248 0.011237909086048603 0
1731946815769 0.011455205269157887 0
1731946850330 0.011402093805372715 0
1731946884922 0.011347043327987194 0
1731946917413 0.01139285508543253 0
1731946948945 0.011409482918679714 0
1731946980762 0.01141691580414772 0
1731947012566 0.011437324807047844 0
1731947044414 0.01134337205439806 0
1731947076032 0.011388332583010197 0
1731947107853 0.011479409411549568 0
1731947139254 0.011462998576462269 0
1731947169366 0.011408880352973938 0
1731947199454 0.011419792659580708 0
1731947229479 0.011458637192845345 0
1731947259645 0.011430899612605572 0
1731947289766 0.011390402913093567 0
1731947319977 0.011497318744659424 0
1731947350119 0.011484245769679546 0
1731947379310 0.011474525555968285 0
1731947408504 0.011535266414284706 0
1731947437446 0.01148535031825304 0
1731947466628 0.011523434892296791 0
1731947495587 0.0114633459597826 0
1731947524865 0.01131017692387104 0
1731947553811 0.011393220163881779 0
1731947583367 0.011508547700941563 0
1731947612351 0.011431243270635605 0
1731947641625 0.011469029821455479 0
1731947670666 0.011542131192982197 0
1731947699888 0.011456183157861233 0
1731947728895 0.01144285686314106 0
1731947758123 0.011585376225411892 0
1731947787174 0.011532030068337917 0
1731947816477 0.01141594722867012 0
1731947845518 0.01144937239587307 0
1731947874809 0.011461238376796246 0
1731947903826 0.011344745755195618 0
1731947933217 0.01151543203741312 0
1731947962239 0.011387302540242672 0
1731947991536 0.011364059522747993 0
1731948020925 0.011492107063531876 0
1731948050260 0.011403767392039299 0
1731948079362 0.011434284970164299 0
1731948108739 0.011472433805465698 0
1731948137815 0.011516273021697998 0
1731948167161 0.011496221646666527 0
1731948196286 0.011444585397839546 0
1731948225640 0.011516387574374676 0
1731948254776 0.011445121839642525 0
1731948284098 0.01143424492329359 0
1731948313203 0.011469828896224499 0
1731948342577 0.011494101956486702 0
1731948371671 0.011421659030020237 0
1731948401020 0.01147642731666565 0
1731948430131 0.01152984332293272 0
1731948459816 0.011392960324883461 0
1731948489015 0.011534709483385086 0
1731948518401 0.011424669064581394 0
1731948547560 0.011524049565196037 0
1731948576944 0.011512468568980694 0
1731948606049 0.011400172486901283 0
1731948635457 0.011544262059032917 0
1731948664570 0.011454105377197266 0
1731948694008 0.01148008182644844 0
1731948723162 0.01142381876707077 0
1731948752638 0.011510857380926609 0
1731948781813 0.011486515402793884 0
1731948811254 0.011432904750108719 0
1731948840455 0.011453679762780666 0
1731948870307 0.011433553881943226 0
1731948899484 0.011503643356263638 0
1731948928923 0.011421366594731808 0
1731948958088 0.011412532068789005 0
1731948987579 0.011440717615187168 0
1731949016772 0.011475586332380772 0
1731949046236 0.011518795043230057 0
1731949075438 0.011476355604827404 0
1731949104916 0.011441645212471485 0
1731949134127 0.011475742794573307 0
1731949163634 0.0115078529343009 0
1731949192843 0.011523840017616749 0
1731949222448 0.01149575412273407 0
1731949251690 0.011502902023494244 0
1731949281229 0.011514591053128242 0
1731949310867 0.011491389013826847 0
1731949340385 0.011486684903502464 0
1731949369666 0.011490000411868095 0
1731949399149 0.011566463857889175 0
1731949428424 0.01153949461877346 0
1731949457969 0.011531183496117592 0
1731949487201 0.011448890902101994 0
1731949516752 0.011462957598268986 0
1731949546007 0.01143675297498703 0
1731949575496 0.011510584503412247 0
1731949604745 0.011575546115636826 0
1731949634269 0.011491873301565647 0
1731949663503 0.011490724980831146 0
1731949693063 0.011591966263949871 0
1731949722401 0.011521842330694199 0
1731949752206 0.011480774730443954 0
1731949781529 0.01151316612958908 0
1731949811168 0.011504399590194225 0
1731949840473 0.011539277620613575 0
1731949870018 0.011554565280675888 0
1731949899283 0.011577374301850796 0
1731949928859 0.01155124045908451 0
1731949958137 0.011542517691850662 0
1731949987674 0.011573826894164085 0
1731950016950 0.011526946909725666 0
1731950046477 0.011530500836670399 0
1731950075811 0.011567785404622555 0
1731950105410 0.01151559129357338 0
1731950134682 0.01153684314340353 0
1731950164264 0.01152521837502718 0
1731950193931 0.011537585407495499 0
1731950223414 0.01150381751358509 0
1731950252759 0.011470754630863667 0
1731950282351 0.011512738652527332 0
1731950311670 0.011534666642546654 0
1731950341247 0.01149723120033741 0
1731950370519 0.011521718464791775 0
1731950400038 0.011510462500154972 0
1731950429376 0.011563076637685299 0
1731950458915 0.011516810394823551 0
1731950488206 0.011547748930752277 0
1731950517727 0.011574821546673775 0
1731950547043 0.011596186086535454 0
1731950576664 0.011537445709109306 0
1731950606031 0.011549530550837517 0
1731950635989 0.011560742743313313 0
1731950665309 0.011590778827667236 0
1731950694848 0.011585261672735214 0
1731950724203 0.01154146809130907 0
1731950753839 0.01151605136692524 0
1731950783181 0.011568735353648663 0
1731950812790 0.011574666015803814 0
1731950842153 0.011579527519643307 0
1731950871725 0.011538375169038773 0
1731950901078 0.011578982695937157 0
1731950930645 0.01155029609799385 0
1731950959954 0.011572991497814655 0
1731950989574 0.011554166674613953 0
1731951018983 0.01157782319933176 0
1731951048920 0.011568005196750164 0
1731951078287 0.011521545238792896 0
1731951107947 0.011528301984071732 0
1731951137240 0.011538710445165634 0
1731951166835 0.01153121329843998 0
1731951196153 0.011546890251338482 0
1731951225767 0.011608832515776157 0
1731951255046 0.011549162678420544 0
1731951284618 0.01156461238861084 0
1731951314048 0.011573337018489838 0
1731951343659 0.011560892686247826 0
1731951373014 0.011548344977200031 0
1731951402661 0.011529884301126003 0
1731951431980 0.011563556268811226 0
1731951461587 0.011511731892824173 0
1731951491275 0.01155257411301136 0
1731951520891 0.011575073935091496 0
1731951550252 0.011545863933861256 0
1731951579903 0.011584342457354069 0
1731951609278 0.011542322114109993 0
1731951638955 0.011607527732849121 0
1731951668260 0.011522780172526836 0
1731951697789 0.01155849639326334 0
1731951727185 0.011563288979232311 0
1731951756829 0.011563888750970364 0
1731951786211 0.011553742922842503 0
1731951815845 0.011544785462319851 0
1731951845258 0.011541691608726978 0
1731951874827 0.011567167937755585 0
1731951904240 0.011602891609072685 0
1731951934293 0.011608090251684189 0
1731951963657 0.011556138284504414 0
1731951993205 0.011566512286663055 0
1731952022574 0.01155307050794363 0
1731952052224 0.01154794916510582 0
1731952081611 0.011561019346117973 0
1731952111204 0.01158838253468275 0
1731952140605 0.011569621041417122 0
1731952170260 0.011581823229789734 0
1731952199647 0.011562624014914036 0
1731952229314 0.011557209305465221 0
1731952258666 0.011532151140272617 0
1731952288290 0.011554837226867676 0
1731952317694 0.011584586463868618 0
1731952347329 0.011546330526471138 0
1731952377053 0.011556694284081459 0
1731952406681 0.011589587666094303 0
1731952436096 0.011553118005394936 0
1731952465698 0.01158764585852623 0
1731952495047 0.011567256413400173 0
1731952524671 0.011535904370248318 0
1731952554050 0.011577487923204899 0
1731952583699 0.011593014001846313 0
1731952613122 0.011603246442973614 0
1731952642817 0.011599645018577576 0
1731952672174 0.011591200716793537 0
1731952701887 0.011559841223061085 0
1731952731321 0.011589727364480495 0
1731952760974 0.0115753673017025 0
1731952790333 0.011552246287465096 0
