1731946078792 1.8905253410339355 0
1731946120308 2.195793628692627 0
1731946161641 2.437825918197632 0
1731946202899 2.7104973793029785 0
1731946243500 3.314988613128662 0
1731946284010 3.344038486480713 0
1731946323926 3.5760560035705566 0
1731946363874 3.7197208404541016 0
1731946403714 3.8731563091278076 0
1731946443856 4.090152740478516 0
1731946483777 4.373125076293945 0
1731946524046 4.314113140106201 0
1731946564016 4.382596969604492 0
1731946604201 4.46999979019165 0
1731946643419 4.520186901092529 0
1731946677812 4.416773796081543 0
1731946712277 4.552594184875488 0
1731946746738 4.533288955688477 0
1731946781248 4.565136432647705 0
1731946815769 4.5914106369018555 0
1731946850330 4.6177077293396 0
1731946884922 4.585427761077881 0
1731946917413 4.631446838378906 0
1731946948945 4.480706691741943 0
1731946980762 4.677648544311523 0
1731947012566 4.675392150878906 0
1731947044414 4.675924777984619 0
1731947076032 4.660154819488525 0
1731947107853 4.603307723999023 0
1731947139254 4.684045791625977 0
1731947169366 4.77434778213501 0
1731947199454 4.656184673309326 0
1731947229479 4.6799445152282715 0
1731947259645 4.59688138961792 0
1731947289766 4.713748455047607 0
1731947319977 4.655264854431152 0
1731947350119 4.750659942626953 0
1731947379310 4.751181125640869 0
1731947408504 4.741747856140137 0
1731947437446 4.726900100708008 0
1731947466628 4.708457946777344 0
1731947495587 4.749368190765381 0
1731947524865 4.625198841094971 0
1731947553811 4.7217817306518555 0
1731947583367 4.683047294616699 0
1731947612351 4.704890727996826 0
1731947641625 4.726213455200195 0
1731947670666 4.6850905418396 0
1731947699888 4.647447109222412 0
1731947728895 4.749370098114014 0
1731947758123 4.657752990722656 0
1731947787174 4.677001476287842 0
1731947816477 4.765618324279785 0
1731947845518 4.812305450439453 0
1731947874809 4.790157318115234 0
1731947903826 4.77047061920166 0
1731947933217 4.7546467781066895 0
1731947962239 4.7245306968688965 0
1731947991536 4.683355808258057 0
1731948020925 4.737490177154541 0
1731948050260 4.7252888679504395 0
1731948079362 4.795372009277344 0
1731948108739 4.737375736236572 0
1731948137815 4.6584391593933105 0
1731948167161 4.708727836608887 0
1731948196286 4.73762321472168 0
1731948225640 4.707057476043701 0
1731948254776 4.689121723175049 0
1731948284098 4.698239803314209 0
1731948313203 4.654204845428467 0
1731948342577 4.707905292510986 0
1731948371671 4.754885673522949 0
1731948401020 4.7472615242004395 0
1731948430131 4.7848663330078125 0
1731948459816 4.7607197761535645 0
1731948489015 4.710204601287842 0
1731948518401 4.710100173950195 0
1731948547560 4.701844215393066 0
1731948576944 4.737114906311035 0
1731948606049 4.763852119445801 0
1731948635457 4.725874423980713 0
1731948664570 4.766490936279297 0
1731948694008 4.731842041015625 0
1731948723162 4.737382888793945 0
1731948752638 4.755210876464844 0
1731948781813 4.767183780670166 0
1731948811254 4.745492458343506 0
1731948840455 4.723452091217041 0
1731948870307 4.768660068511963 0
1731948899484 4.783850193023682 0
1731948928923 4.7270612716674805 0
1731948958088 4.798163890838623 0
1731948987579 4.735968589782715 0
1731949016772 4.727264881134033 0
1731949046236 4.761318206787109 0
1731949075438 4.697612285614014 0
1731949104916 4.754278182983398 0
1731949134127 4.7569146156311035 0
1731949163634 4.682366371154785 0
1731949192843 4.735760688781738 0
1731949222448 4.767928123474121 0
1731949251690 4.782195091247559 0
1731949281229 4.7608866691589355 0
1731949310867 4.74472713470459 0
1731949340385 4.810042858123779 0
1731949369666 4.777566909790039 0
1731949399149 4.76513671875 0
1731949428424 4.761124610900879 0
1731949457969 4.712315082550049 0
1731949487201 4.744831085205078 0
1731949516752 4.737786293029785 0
1731949546007 4.723721504211426 0
1731949575496 4.753331661224365 0
1731949604745 4.761180877685547 0
1731949634269 4.744916915893555 0
1731949663503 4.722014904022217 0
1731949693063 4.7442240715026855 0
1731949722401 4.771358966827393 0
1731949752206 4.761493682861328 0
1731949781529 4.72210693359375 0
1731949811168 4.7348246574401855 0
1731949840473 4.819505214691162 0
1731949870018 4.738718509674072 0
1731949899283 4.731028079986572 0
1731949928859 4.710268497467041 0
1731949958137 4.756936073303223 0
1731949987674 4.7579216957092285 0
1731950016950 4.735692501068115 0
1731950046477 4.762771129608154 0
1731950075811 4.753144264221191 0
1731950105410 4.724663257598877 0
1731950134682 4.77039098739624 0
1731950164264 4.766232490539551 0
1731950193931 4.740386962890625 0
1731950223414 4.795924186706543 0
1731950252759 4.753899574279785 0
1731950282351 4.719677925109863 0
1731950311670 4.777753829956055 0
1731950341247 4.7685160636901855 0
1731950370519 4.739922046661377 0
1731950400038 4.762269973754883 0
1731950429376 4.786036491394043 0
1731950458915 4.774867534637451 0
1731950488206 4.730981826782227 0
1731950517727 4.74776554107666 0
1731950547043 4.770836353302002 0
1731950576664 4.753420829772949 0
1731950606031 4.75510835647583 0
1731950635989 4.767932891845703 0
1731950665309 4.706223487854004 0
1731950694848 4.754251956939697 0
1731950724203 4.78634786605835 0
1731950753839 4.770992279052734 0
1731950783181 4.750432968139648 0
1731950812790 4.765791893005371 0
1731950842153 4.779599189758301 0
1731950871725 4.770590782165527 0
1731950901078 4.792579174041748 0
1731950930645 4.7496867179870605 0
1731950959954 4.748488426208496 0
1731950989574 4.757556915283203 0
1731951018983 4.769292831420898 0
1731951048920 4.762839317321777 0
1731951078287 4.75070858001709 0
1731951107947 4.776612758636475 0
1731951137240 4.794622421264648 0
1731951166835 4.770810127258301 0
1731951196153 4.776738166809082 0
1731951225767 4.814172744750977 0
1731951255046 4.799648284912109 0
1731951284618 4.744899749755859 0
1731951314048 4.771986961364746 0
1731951343659 4.7881999015808105 0
1731951373014 4.773167610168457 0
1731951402661 4.797817230224609 0
1731951431980 4.734610080718994 0
1731951461587 4.780216693878174 0
1731951491275 4.778905868530273 0
1731951520891 4.7713518142700195 0
1731951550252 4.76666259765625 0
1731951579903 4.779390811920166 0
1731951609278 4.773585319519043 0
1731951638955 4.765279769897461 0
1731951668260 4.784984111785889 0
1731951697789 4.798542499542236 0
1731951727185 4.760880470275879 0
1731951756829 4.769113063812256 0
1731951786211 4.766992568969727 0
1731951815845 4.779359817504883 0
1731951845258 4.7853827476501465 0
1731951874827 4.761497497558594 0
1731951904240 4.773772239685059 0
1731951934293 4.786739826202393 0
1731951963657 4.776120185852051 0
1731951993205 4.776468276977539 0
1731952022574 4.779077529907227 0
1731952052224 4.78280782699585 0
1731952081611 4.7850117683410645 0
1731952111204 4.793543338775635 0
1731952140605 4.795549392700195 0
1731952170260 4.79262113571167 0
1731952199647 4.795285701751709 0
1731952229314 4.796021938323975 0
1731952258666 4.777834415435791 0
1731952288290 4.784169673919678 0
1731952317694 4.771690845489502 0
1731952347329 4.7955522537231445 0
1731952377053 4.762698173522949 0
1731952406681 4.742304801940918 0
1731952436096 4.783652305603027 0
1731952465698 4.760587692260742 0
1731952495047 4.793611526489258 0
1731952524671 4.809203624725342 0
1731952554050 4.778397560119629 0
1731952583699 4.783436298370361 0
1731952613122 4.787489414215088 0
1731952642817 4.779800891876221 0
1731952672174 4.760003089904785 0
1731952701887 4.78477668762207 0
1731952731321 4.7725725173950195 0
1731952760974 4.752333641052246 0
1731952790333 4.7662672996521 0
