1731946078792 1.0091902017593384 0
1731946120308 1.046059012413025 0
1731946161641 1.0646214485168457 0
1731946202899 1.0739964246749878 0
1731946243500 1.0950992107391357 0
1731946284010 1.0827277898788452 0
1731946323926 1.0905085802078247 0
1731946363874 1.1054844856262207 0
1731946403714 1.0982438325881958 0
1731946443856 1.1257418394088745 0
1731946483777 1.0971821546554565 0
1731946524046 1.1089950799942017 0
1731946564016 1.1238987445831299 0
1731946604201 1.1298062801361084 0
1731946643419 1.124144434928894 0
1731946677812 1.1249803304672241 0
1731946712277 1.1106871366500854 0
1731946746738 1.1351025104522705 0
1731946781248 1.1296683549880981 0
1731946815769 1.1145179271697998 0
1731946850330 1.1384841203689575 0
1731946884922 1.1340452432632446 0
1731946917413 1.1279934644699097 0
1731946948945 1.1283949613571167 0
1731946980762 1.1338239908218384 0
1731947012566 1.1428697109222412 0
1731947044414 1.126971960067749 0
1731947076032 1.1304776668548584 0
1731947107853 1.138390302658081 0
1731947139254 1.1373056173324585 0
1731947169366 1.1377450227737427 0
1731947199454 1.13522469997406 0
1731947229479 1.1397974491119385 0
1731947259645 1.1346009969711304 0
1731947289766 1.1477066278457642 0
1731947319977 1.1507419347763062 0
1731947350119 1.134889841079712 0
1731947379310 1.1392345428466797 0
1731947408504 1.1414549350738525 0
1731947437446 1.1370865106582642 0
1731947466628 1.1422199010849 0
1731947495587 1.1362630128860474 0
1731947524865 1.1377503871917725 0
1731947553811 1.1249501705169678 0
1731947583367 1.1362965106964111 0
1731947612351 1.1347414255142212 0
1731947641625 1.136942982673645 0
1731947670666 1.1456376314163208 0
1731947699888 1.1342933177947998 0
1731947728895 1.1477570533752441 0
1731947758123 1.12843656539917 0
1731947787174 1.133962631225586 0
1731947816477 1.1306204795837402 0
1731947845518 1.139714241027832 0
1731947874809 1.1459766626358032 0
1731947903826 1.1288132667541504 0
1731947933217 1.1371663808822632 0
1731947962239 1.142622947692871 0
1731947991536 1.1371865272521973 0
1731948020925 1.132448673248291 0
1731948050260 1.1287689208984375 0
1731948079362 1.1306915283203125 0
1731948108739 1.12735915184021 0
1731948137815 1.1399790048599243 0
1731948167161 1.1348209381103516 0
1731948196286 1.1350136995315552 0
1731948225640 1.1363470554351807 0
1731948254776 1.1348187923431396 0
1731948284098 1.142813801765442 0
1731948313203 1.134382963180542 0
1731948342577 1.125938057899475 0
1731948371671 1.1356297731399536 0
1731948401020 1.131913423538208 0
1731948430131 1.1409004926681519 0
1731948459816 1.1257009506225586 0
1731948489015 1.1317169666290283 0
1731948518401 1.1292221546173096 0
1731948547560 1.1339508295059204 0
1731948576944 1.134255051612854 0
1731948606049 1.1432446241378784 0
1731948635457 1.128712773323059 0
1731948664570 1.1335088014602661 0
1731948694008 1.1337684392929077 0
1731948723162 1.135789155960083 0
1731948752638 1.127977728843689 0
1731948781813 1.1413090229034424 0
1731948811254 1.1231815814971924 0
1731948840455 1.1372387409210205 0
1731948870307 1.1283215284347534 0
1731948899484 1.1422241926193237 0
1731948928923 1.1267307996749878 0
1731948958088 1.127995491027832 0
1731948987579 1.1250635385513306 0
1731949016772 1.1347969770431519 0
1731949046236 1.1276301145553589 0
1731949075438 1.130711317062378 0
1731949104916 1.1342054605484009 0
1731949134127 1.1356264352798462 0
1731949163634 1.1275222301483154 0
1731949192843 1.1449954509735107 0
1731949222448 1.1362006664276123 0
1731949251690 1.1324211359024048 0
1731949281229 1.133254885673523 0
1731949310867 1.1278027296066284 0
1731949340385 1.1366424560546875 0
1731949369666 1.1313153505325317 0
1731949399149 1.127758264541626 0
1731949428424 1.1363283395767212 0
1731949457969 1.1364543437957764 0
1731949487201 1.131943702697754 0
1731949516752 1.1309884786605835 0
1731949546007 1.1323034763336182 0
1731949575496 1.1354329586029053 0
1731949604745 1.1318289041519165 0
1731949634269 1.140946388244629 0
1731949663503 1.1283119916915894 0
1731949693063 1.1440397500991821 0
1731949722401 1.1330679655075073 0
1731949752206 1.1363426446914673 0
1731949781529 1.1311302185058594 0
1731949811168 1.1272728443145752 0
1731949840473 1.1311606168746948 0
1731949870018 1.1338145732879639 0
1731949899283 1.1420384645462036 0
1731949928859 1.135780930519104 0
1731949958137 1.1345667839050293 0
1731949987674 1.1323162317276 0
1731950016950 1.133466362953186 0
1731950046477 1.1351373195648193 0
1731950075811 1.1328010559082031 0
1731950105410 1.1288079023361206 0
1731950134682 1.1325128078460693 0
1731950164264 1.1361067295074463 0
1731950193931 1.1299326419830322 0
1731950223414 1.1398308277130127 0
1731950252759 1.13206148147583 0
1731950282351 1.1323057413101196 0
1731950311670 1.1304322481155396 0
1731950341247 1.1281319856643677 0
1731950370519 1.1293801069259644 0
1731950400038 1.1302685737609863 0
1731950429376 1.1302205324172974 0
1731950458915 1.1244473457336426 0
1731950488206 1.1293004751205444 0
1731950517727 1.1365604400634766 0
1731950547043 1.1380192041397095 0
1731950576664 1.1350833177566528 0
1731950606031 1.136513352394104 0
1731950635989 1.1352142095565796 0
1731950665309 1.1332539319992065 0
1731950694848 1.1312099695205688 0
1731950724203 1.1340912580490112 0
1731950753839 1.1367080211639404 0
1731950783181 1.1350458860397339 0
1731950812790 1.1269984245300293 0
1731950842153 1.1279497146606445 0
1731950871725 1.1305111646652222 0
1731950901078 1.1292710304260254 0
1731950930645 1.1331080198287964 0
1731950959954 1.1306685209274292 0
1731950989574 1.1329926252365112 0
1731951018983 1.1328613758087158 0
1731951048920 1.135949730873108 0
1731951078287 1.138079285621643 0
1731951107947 1.1306105852127075 0
1731951137240 1.1371594667434692 0
1731951166835 1.134494662284851 0
1731951196153 1.1324384212493896 0
1731951225767 1.1347360610961914 0
1731951255046 1.1369595527648926 0
1731951284618 1.1369051933288574 0
1731951314048 1.12943434715271 0
1731951343659 1.128025770187378 0
1731951373014 1.1326380968093872 0
1731951402661 1.137679934501648 0
1731951431980 1.1288955211639404 0
1731951461587 1.1389119625091553 0
1731951491275 1.1344655752182007 0
1731951520891 1.1350321769714355 0
1731951550252 1.13175368309021 0
1731951579903 1.1357463598251343 0
1731951609278 1.1359752416610718 0
1731951638955 1.1358966827392578 0
1731951668260 1.1323277950286865 0
1731951697789 1.1383095979690552 0
1731951727185 1.1364902257919312 0
1731951756829 1.1359763145446777 0
1731951786211 1.133226990699768 0
1731951815845 1.1305581331253052 0
1731951845258 1.1341570615768433 0
1731951874827 1.1299699544906616 0
1731951904240 1.1321802139282227 0
1731951934293 1.130684733390808 0
1731951963657 1.135786771774292 0
1731951993205 1.1351850032806396 0
1731952022574 1.143136739730835 0
1731952052224 1.1341326236724854 0
1731952081611 1.1387207508087158 0
1731952111204 1.1355946063995361 0
1731952140605 1.136415719985962 0
1731952170260 1.1318706274032593 0
1731952199647 1.1388657093048096 0
1731952229314 1.1377185583114624 0
1731952258666 1.1354212760925293 0
1731952288290 1.1330552101135254 0
1731952317694 1.1336615085601807 0
1731952347329 1.133007526397705 0
1731952377053 1.1307176351547241 0
1731952406681 1.1315107345581055 0
1731952436096 1.1357406377792358 0
1731952465698 1.133882999420166 0
1731952495047 1.1357487440109253 0
1731952524671 1.135334849357605 0
1731952554050 1.1329902410507202 0
1731952583699 1.135323166847229 0
1731952613122 1.1337393522262573 0
1731952642817 1.1309561729431152 0
1731952672174 1.1333788633346558 0
1731952701887 1.1365437507629395 0
1731952731321 1.1311042308807373 0
1731952760974 1.1373108625411987 0
1731952790333 1.1367568969726562 0
