1731946078792 0.01675890013575554 0
1731946120308 0.018801329657435417 0
1731946161641 0.019904186949133873 0
1731946202899 0.01920284517109394 0
1731946243500 0.02090626023709774 0
1731946284010 0.0203592237085104 0
1731946323926 0.0211599413305521 0
1731946363874 0.01911480352282524 0
1731946403714 0.020097022876143456 0
1731946443856 0.020139658823609352 0
1731946483777 0.020395943894982338 0
1731946524046 0.02041705511510372 0
1731946564016 0.020639382302761078 0
1731946604201 0.020136570557951927 0
1731946643419 0.020552942529320717 0
1731946677812 0.02026238664984703 0
1731946712277 0.021109318360686302 0
1731946746738 0.02098381333053112 0
1731946781248 0.021199174225330353 0
1731946815769 0.021627331152558327 0
1731946850330 0.02216765284538269 0
1731946884922 0.020840810611844063 0
1731946917413 0.021395955234766006 0
1731946948945 0.021697930991649628 0
1731946980762 0.02156294323503971 0
1731947012566 0.02086806111037731 0
1731947044414 0.022019928321242332 0
1731947076032 0.021587567403912544 0
1731947107853 0.02155495062470436 0
1731947139254 0.021697109565138817 0
1731947169366 0.022811604663729668 0
1731947199454 0.022488778457045555 0
1731947229479 0.021806368604302406 0
1731947259645 0.021329756826162338 0
1731947289766 0.021666863933205605 0
1731947319977 0.021752027794718742 0
1731947350119 0.021953321993350983 0
1731947379310 0.021931840106844902 0
1731947408504 0.02182701602578163 0
1731947437446 0.021609507501125336 0
1731947466628 0.0214818324893713 0
1731947495587 0.021752214059233665 0
1731947524865 0.02124839462339878 0
1731947553811 0.021315263584256172 0
1731947583367 0.021787920966744423 0
1731947612351 0.02224096842110157 0
1731947641625 0.021475287154316902 0
1731947670666 0.021604858338832855 0
1731947699888 0.0214451365172863 0
1731947728895 0.02199838124215603 0
1731947758123 0.02181360311806202 0
1731947787174 0.021732835099101067 0
1731947816477 0.021501712501049042 0
1731947845518 0.02257426828145981 0
1731947874809 0.02270360291004181 0
1731947903826 0.021685803309082985 0
1731947933217 0.02233973518013954 0
1731947962239 0.021788815036416054 0
1731947991536 0.021508989855647087 0
1731948020925 0.021952413022518158 0
1731948050260 0.021593408659100533 0
1731948079362 0.02124703861773014 0
1731948108739 0.022431978955864906 0
1731948137815 0.021391384303569794 0
1731948167161 0.02201024256646633 0
1731948196286 0.02150370180606842 0
1731948225640 0.02212534472346306 0
1731948254776 0.02135312557220459 0
1731948284098 0.02169663831591606 0
1731948313203 0.02201261930167675 0
1731948342577 0.022405259311199188 0
1731948371671 0.021795643493533134 0
1731948401020 0.02215372398495674 0
1731948430131 0.022038768976926804 0
1731948459816 0.02213798090815544 0
1731948489015 0.022128630429506302 0
1731948518401 0.021059364080429077 0
1731948547560 0.022358044981956482 0
1731948576944 0.022159181535243988 0
1731948606049 0.021798932924866676 0
1731948635457 0.022529974579811096 0
1731948664570 0.02216685563325882 0
1731948694008 0.021467745304107666 0
1731948723162 0.021720722317695618 0
1731948752638 0.022045079618692398 0
1731948781813 0.0218928512185812 0
1731948811254 0.022130422294139862 0
1731948840455 0.022102240473031998 0
1731948870307 0.02225305512547493 0
1731948899484 0.021669136360287666 0
1731948928923 0.02176034264266491 0
1731948958088 0.022491471841931343 0
1731948987579 0.021697761490941048 0
1731949016772 0.02164703793823719 0
1731949046236 0.022011611610651016 0
1731949075438 0.021529700607061386 0
1731949104916 0.021644828841090202 0
1731949134127 0.022130679339170456 0
1731949163634 0.02199378050863743 0
1731949192843 0.022065037861466408 0
1731949222448 0.022097162902355194 0
1731949251690 0.021654505282640457 0
1731949281229 0.0217475313693285 0
1731949310867 0.022265220060944557 0
1731949340385 0.022071968764066696 0
1731949369666 0.021909333765506744 0
1731949399149 0.022075071930885315 0
1731949428424 0.022081652656197548 0
1731949457969 0.021517572924494743 0
1731949487201 0.02204614132642746 0
1731949516752 0.02159113995730877 0
1731949546007 0.021665358915925026 0
1731949575496 0.021854115650057793 0
1731949604745 0.02198011986911297 0
1731949634269 0.02226143889129162 0
1731949663503 0.021646814420819283 0
1731949693063 0.02216039039194584 0
1731949722401 0.02213551290333271 0
1731949752206 0.022370001301169395 0
1731949781529 0.021776098757982254 0
1731949811168 0.022126322612166405 0
1731949840473 0.02190425805747509 0
1731949870018 0.021802539005875587 0
1731949899283 0.021952064707875252 0
1731949928859 0.022525886073708534 0
1731949958137 0.021641913801431656 0
1731949987674 0.0217365100979805 0
1731950016950 0.022305050864815712 0
1731950046477 0.02208423800766468 0
1731950075811 0.022207707166671753 0
1731950105410 0.02205135114490986 0
1731950134682 0.02198232337832451 0
1731950164264 0.022128697484731674 0
1731950193931 0.022037271410226822 0
1731950223414 0.022057075053453445 0
1731950252759 0.021811198443174362 0
1731950282351 0.021651485934853554 0
1731950311670 0.02230560965836048 0
1731950341247 0.021677864715456963 0
1731950370519 0.021897001191973686 0
1731950400038 0.021813325583934784 0
1731950429376 0.022302299737930298 0
1731950458915 0.022233057767152786 0
1731950488206 0.02200409397482872 0
1731950517727 0.02223343588411808 0
1731950547043 0.022337941452860832 0
1731950576664 0.022046387195587158 0
1731950606031 0.02219012938439846 0
1731950635989 0.02204998955130577 0
1731950665309 0.022252017632126808 0
1731950694848 0.022159449756145477 0
1731950724203 0.022056227549910545 0
1731950753839 0.022029392421245575 0
1731950783181 0.02183058299124241 0
1731950812790 0.022356001660227776 0
1731950842153 0.02208029478788376 0
1731950871725 0.02228819951415062 0
1731950901078 0.022232485935091972 0
1731950930645 0.022041337564587593 0
1731950959954 0.022052139043807983 0
1731950989574 0.02213418111205101 0
1731951018983 0.022136859595775604 0
1731951048920 0.021937869489192963 0
1731951078287 0.022127611562609673 0
1731951107947 0.02207222580909729 0
1731951137240 0.022001858800649643 0
1731951166835 0.022004304453730583 0
1731951196153 0.022039417177438736 0
1731951225767 0.022505613043904305 0
1731951255046 0.022143470123410225 0
1731951284618 0.02228095568716526 0
1731951314048 0.022220715880393982 0
1731951343659 0.022090421989560127 0
1731951373014 0.022092703729867935 0
1731951402661 0.022160446271300316 0
1731951431980 0.0218423530459404 0
1731951461587 0.022022737190127373 0
1731951491275 0.02219218946993351 0
1731951520891 0.022275647148489952 0
1731951550252 0.022145908325910568 0
1731951579903 0.02244301699101925 0
1731951609278 0.02208586223423481 0
1731951638955 0.022356804460287094 0
1731951668260 0.022064488381147385 0
1731951697789 0.022103656083345413 0
1731951727185 0.022011538967490196 0
1731951756829 0.02227667160332203 0
1731951786211 0.022207602858543396 0
1731951815845 0.022151805460453033 0
1731951845258 0.02215907908976078 0
1731951874827 0.02226812019944191 0
1731951904240 0.02209014631807804 0
1731951934293 0.022317707538604736 0
1731951963657 0.0222438033670187 0
1731951993205 0.02216675691306591 0
1731952022574 0.0220677237957716 0
1731952052224 0.022194085642695427 0
1731952081611 0.022187775000929832 0
1731952111204 0.02227945253252983 0
1731952140605 0.022229362279176712 0
1731952170260 0.022211994975805283 0
1731952199647 0.02219994179904461 0
1731952229314 0.02211352437734604 0
1731952258666 0.02198849990963936 0
1731952288290 0.022165190428495407 0
1731952317694 0.021802710369229317 0
1731952347329 0.022031258791685104 0
1731952377053 0.02196604385972023 0
1731952406681 0.022084364667534828 0
1731952436096 0.02221609652042389 0
1731952465698 0.022255172953009605 0
1731952495047 0.022085225209593773 0
1731952524671 0.022186176851391792 0
1731952554050 0.022264044731855392 0
1731952583699 0.02212131768465042 0
1731952613122 0.022250669077038765 0
1731952642817 0.02215719036757946 0
1731952672174 0.022137809544801712 0
1731952701887 0.021970577538013458 0
1731952731321 0.022373558953404427 0
1731952760974 0.02226060815155506 0
1731952790333 0.022256601601839066 0
