1731946078797 0.0002612957905512303 0
1731946120335 0.00018066960910800844 0
1731946161644 0.00015333748888224363 0
1731946202902 0.00013609165034722537 0
1731946243502 0.00013083883095532656 0
1731946284012 0.0001155355857918039 0
1731946323929 0.00011565645399969071 0
1731946363876 0.00011169891513418406 0
1731946403717 0.00011237009312026203 0
1731946443859 0.00010994800686603412 0
1731946483780 0.00010283225128659979 0
1731946524049 0.00010157637734664604 0
1731946564019 0.00010327999189030379 0
1731946604204 0.00010176905198022723 0
1731946643422 9.979585593100637e-05 0
1731946677815 0.00010119829676114023 0
1731946712280 9.525774657959118e-05 0
1731946746740 9.70904147834517e-05 0
1731946781251 9.984309144783765e-05 0
1731946815772 9.390436753164977e-05 0
1731946850333 9.410422353539616e-05 0
1731946884924 9.188015974359587e-05 0
1731946917416 9.044817852554843e-05 0
1731946948948 9.30830865399912e-05 0
1731946980765 8.970774069894105e-05 0
1731947012568 8.681047620484605e-05 0
1731947044416 9.102067997446284e-05 0
1731947076035 8.897935185814276e-05 0
1731947107856 8.687443187227473e-05 0
1731947139257 8.94636832526885e-05 0
1731947169368 8.671058458276093e-05 0
1731947199457 8.76021440490149e-05 0
1731947229481 8.751202403800562e-05 0
1731947259648 8.235227141994983e-05 0
1731947289768 8.53465826367028e-05 0
1731947319980 8.126472675940022e-05 0
1731947350121 7.880163320805877e-05 0
1731947379312 7.916323374956846e-05 0
1731947408507 8.146423351718113e-05 0
1731947437448 8.05254458100535e-05 0
1731947466631 7.953536987770349e-05 0
1731947495589 8.206104394048452e-05 0
1731947524868 7.954305328894407e-05 0
1731947553813 7.708758494118229e-05 0
1731947583370 7.808008376741782e-05 0
1731947612353 7.72889397921972e-05 0
1731947641628 7.894238660810515e-05 0
1731947670669 7.77982859290205e-05 0
1731947699891 7.585070852655917e-05 0
1731947728898 7.890163396950811e-05 0
1731947758126 7.928400737000629e-05 0
1731947787176 7.710670615779236e-05 0
1731947816480 7.31785039533861e-05 0
1731947845522 7.301988080143929e-05 0
1731947874812 7.464292866643518e-05 0
1731947903829 7.396379805868492e-05 0
1731947933220 7.567188004031777e-05 0
1731947962242 7.524302782258019e-05 0
1731947991538 7.338271097978577e-05 0
1731948020927 7.152382022468373e-05 0
1731948050263 7.45495708542876e-05 0
1731948079364 7.399079913739115e-05 0
1731948108742 7.568876026198268e-05 0
1731948137817 7.2453600296285e-05 0
1731948167164 6.70762819936499e-05 0
1731948196288 7.253128569573164e-05 0
1731948225643 7.059194467728958e-05 0
1731948254778 7.34730638214387e-05 0
1731948284101 6.824536831118166e-05 0
1731948313205 7.026725506875664e-05 0
1731948342579 6.892429519211873e-05 0
1731948371673 6.797260721214116e-05 0
1731948401023 6.92502289894037e-05 0
1731948430134 6.873117672512308e-05 0
1731948459818 6.665863475063816e-05 0
1731948489018 7.101144728949293e-05 0
1731948518404 7.093751628417522e-05 0
1731948547563 6.842618313385174e-05 0
1731948576946 6.466659397119656e-05 0
1731948606052 6.77955467836e-05 0
1731948635459 6.786814628867432e-05 0
1731948664573 6.664011743851006e-05 0
1731948694010 6.706229760311544e-05 0
1731948723165 6.742188998032361e-05 0
1731948752641 6.86848652549088e-05 0
1731948781815 6.656360346823931e-05 0
1731948811257 6.728267908329144e-05 0
1731948840458 6.625634705414996e-05 0
1731948870310 6.735384522471577e-05 0
1731948899487 6.659005885012448e-05 0
1731948928926 6.692444731015712e-05 0
1731948958091 6.875339022371918e-05 0
1731948987581 6.795344961574301e-05 0
1731949016774 6.415312236640602e-05 0
1731949046238 6.28390844212845e-05 0
1731949075440 6.600540655199438e-05 0
1731949104918 6.579013279406354e-05 0
1731949134129 6.731789471814409e-05 0
1731949163636 6.520604074466974e-05 0
1731949192846 6.293483602348715e-05 0
1731949222450 6.566568481503054e-05 0
1731949251693 6.696041236864403e-05 0
1731949281232 6.38991259620525e-05 0
1731949310870 6.623716035392135e-05 0
1731949340388 6.38023775536567e-05 0
1731949369669 6.387436587829143e-05 0
1731949399151 6.427965126931667e-05 0
1731949428427 6.27728586550802e-05 0
1731949457972 6.066671994631179e-05 0
1731949487204 6.39508361928165e-05 0
1731949516754 6.113741983426735e-05 0
1731949546010 6.276281783357263e-05 0
1731949575498 6.498888251371682e-05 0
1731949604747 6.173325527925044e-05 0
1731949634273 6.280839443206787e-05 0
1731949663506 6.304533599177375e-05 0
1731949693066 6.35576288914308e-05 0
1731949722403 6.0699272580677643e-05 0
1731949752209 6.343416316667572e-05 0
1731949781531 6.067762660677545e-05 0
1731949811170 5.967717879684642e-05 0
1731949840476 6.095478966017254e-05 0
1731949870020 6.065068009775132e-05 0
1731949899285 5.952638457529247e-05 0
1731949928861 6.068331276765093e-05 0
1731949958140 5.9103847888763994e-05 0
1731949987677 5.960520502412692e-05 0
1731950016952 6.0257476434344426e-05 0
1731950046479 6.120502803241834e-05 0
1731950075813 6.019638749421574e-05 0
1731950105413 6.162148201838136e-05 0
1731950134684 5.9377620345912874e-05 0
1731950164266 6.07471120019909e-05 0
1731950193933 6.043432222213596e-05 0
1731950223417 5.766614049207419e-05 0
1731950252762 5.787273039459251e-05 0
1731950282353 5.787948612123728e-05 0
1731950311672 5.82666507398244e-05 0
1731950341249 5.86077367188409e-05 0
1731950370521 5.937899186392315e-05 0
1731950400041 5.742400389863178e-05 0
1731950429378 5.827122731716372e-05 0
1731950458918 5.722647256334312e-05 0
1731950488209 5.865540879312903e-05 0
1731950517730 6.210019637364894e-05 0
1731950547045 5.873432382941246e-05 0
1731950576666 5.912778215133585e-05 0
1731950606034 5.6812736147549e-05 0
1731950635992 5.9444504586281255e-05 0
1731950665312 5.4314870794769377e-05 0
1731950694851 5.7540597481420264e-05 0
1731950724205 5.7047851441893727e-05 0
1731950753842 5.872216206626035e-05 0
1731950783184 5.921367846895009e-05 0
1731950812792 5.826152482768521e-05 0
1731950842158 5.9477413742570207e-05 0
1731950871727 5.5549247917952016e-05 0
1731950901081 5.725239316234365e-05 0
1731950930647 5.666766446665861e-05 0
1731950959956 5.5300846725003794e-05 0
1731950989577 5.579077696893364e-05 0
1731951018985 5.577064075623639e-05 0
1731951048922 5.33013153471984e-05 0
1731951078289 5.544574742089026e-05 0
1731951107949 5.7330333220306784e-05 0
1731951137242 5.7787510741036385e-05 0
1731951166838 5.5693813919788226e-05 0
1731951196155 5.528891415451653e-05 0
1731951225770 5.873112240806222e-05 0
1731951255049 5.563985905610025e-05 0
1731951284620 5.520345803233795e-05 0
1731951314050 5.811556547996588e-05 0
1731951343662 5.484842768055387e-05 0
1731951373016 5.481057087308727e-05 0
1731951402663 5.506457819137722e-05 0
1731951431983 5.650037928717211e-05 0
1731951461590 5.7654302509035915e-05 0
1731951491278 5.454106940305792e-05 0
1731951520893 5.489121758728288e-05 0
1731951550255 5.182313179830089e-05 0
1731951579906 5.465517460834235e-05 0
1731951609280 5.53354257135652e-05 0
1731951638958 5.544842861127108e-05 0
1731951668262 5.571887959376909e-05 0
1731951697792 5.312104622134939e-05 0
1731951727188 5.612266977550462e-05 0
1731951756832 5.391961894929409e-05 0
1731951786214 5.605359547189437e-05 0
1731951815847 5.3337182180257514e-05 0
1731951845261 5.3520550864050165e-05 0
1731951874829 5.3612904594046995e-05 0
1731951904242 5.2681898523587734e-05 0
1731951934296 5.19019813509658e-05 0
1731951963660 5.47218878637068e-05 0
1731951993208 5.504021100932732e-05 0
1731952022576 5.438096195575781e-05 0
1731952052226 5.620765296043828e-05 0
1731952081614 5.134792081662454e-05 0
1731952111207 5.113264705869369e-05 0
1731952140608 5.549916750169359e-05 0
1731952170263 5.440264430944808e-05 0
1731952199650 5.390781370806508e-05 0
1731952229317 5.458203668240458e-05 0
1731952258668 5.145461909705773e-05 0
1731952288292 5.5070340749807656e-05 0
1731952317697 5.380950460676104e-05 0
1731952347332 5.125172174302861e-05 0
1731952377056 5.329141276888549e-05 0
1731952406683 5.332162618287839e-05 0
1731952436098 5.025248901802115e-05 0
1731952465700 5.249366950010881e-05 0
1731952495050 5.1629049266921356e-05 0
1731952524674 5.399028668762185e-05 0
1731952554053 5.093429717817344e-05 0
1731952583702 5.240256359684281e-05 0
1731952613124 5.0809787353500724e-05 0
1731952642820 5.1650855311891064e-05 0
1731952672177 5.26324292877689e-05 0
1731952701890 5.207597860135138e-05 0
1731952731324 5.106113167130388e-05 0
1731952760976 5.314709778758697e-05 0
1731952790335 5.000953751732595e-05 0
