1731946078792 22.366085052490234 0
1731946120308 23.08540153503418 0
1731946161641 23.335779190063477 0
1731946202899 24.117246627807617 0
1731946243500 24.260496139526367 0
1731946284010 24.06061363220215 0
1731946323926 24.42597770690918 0
1731946363874 24.765363693237305 0
1731946403714 24.841440200805664 0
1731946443856 24.90697479248047 0
1731946483777 25.377248764038086 0
1731946524046 25.2216739654541 0
1731946564016 25.35140609741211 0
1731946604201 25.250362396240234 0
1731946643419 25.70277976989746 0
1731946677812 25.896400451660156 0
1731946712277 25.34450340270996 0
1731946746738 25.568761825561523 0
1731946781248 25.4389705657959 0
1731946815769 25.12428855895996 0
1731946850330 24.860898971557617 0
1731946884922 26.74258804321289 0
1731946917413 25.138336181640625 0
1731946948945 26.095264434814453 0
1731946980762 25.880460739135742 0
1731947012566 25.76824951171875 0
1731947044414 25.50955581665039 0
1731947076032 25.987865447998047 0
1731947107853 25.82337188720703 0
1731947139254 25.836332321166992 0
1731947169366 26.26702308654785 0
1731947199454 25.899078369140625 0
1731947229479 26.57350730895996 0
1731947259645 26.138816833496094 0
1731947289766 26.445398330688477 0
1731947319977 25.83315086364746 0
1731947350119 26.213136672973633 0
1731947379310 26.65117645263672 0
1731947408504 26.16288185119629 0
1731947437446 25.75362205505371 0
1731947466628 26.455059051513672 0
1731947495587 26.21936798095703 0
1731947524865 26.872522354125977 0
1731947553811 26.454086303710938 0
1731947583367 27.115896224975586 0
1731947612351 26.993938446044922 0
1731947641625 26.94344711303711 0
1731947670666 26.663610458374023 0
1731947699888 27.13045310974121 0
1731947728895 26.76360321044922 0
1731947758123 26.446767807006836 0
1731947787174 26.894832611083984 0
1731947816477 26.898067474365234 0
1731947845518 26.581165313720703 0
1731947874809 27.16309356689453 0
1731947903826 26.63642120361328 0
1731947933217 26.784990310668945 0
1731947962239 27.33396339416504 0
1731947991536 26.737163543701172 0
1731948020925 27.008310317993164 0
1731948050260 27.026103973388672 0
1731948079362 27.523193359375 0
1731948108739 27.235586166381836 0
1731948137815 26.889883041381836 0
1731948167161 27.104534149169922 0
1731948196286 27.30440330505371 0
1731948225640 27.551481246948242 0
1731948254776 27.930551528930664 0
1731948284098 27.63628578186035 0
1731948313203 28.233957290649414 0
1731948342577 27.001245498657227 0
1731948371671 26.982873916625977 0
1731948401020 27.569652557373047 0
1731948430131 26.893938064575195 0
1731948459816 27.222204208374023 0
1731948489015 27.680171966552734 0
1731948518401 27.075101852416992 0
1731948547560 27.493921279907227 0
1731948576944 27.757125854492188 0
1731948606049 28.150184631347656 0
1731948635457 27.703765869140625 0
1731948664570 27.31348419189453 0
1731948694008 27.91939926147461 0
1731948723162 27.322660446166992 0
1731948752638 27.817811965942383 0
1731948781813 27.885828018188477 0
1731948811254 28.12569808959961 0
1731948840455 28.304122924804688 0
1731948870307 28.00042152404785 0
1731948899484 27.752593994140625 0
1731948928923 28.19118881225586 0
1731948958088 27.474300384521484 0
1731948987579 28.0787410736084 0
1731949016772 28.14704704284668 0
1731949046236 27.764951705932617 0
1731949075438 28.0179386138916 0
1731949104916 27.78874969482422 0
1731949134127 28.284774780273438 0
1731949163634 28.459152221679688 0
1731949192843 28.492122650146484 0
1731949222448 28.097095489501953 0
1731949251690 27.18878936767578 0
1731949281229 28.82484245300293 0
1731949310867 27.112340927124023 0
1731949340385 27.984251022338867 0
1731949369666 29.08258628845215 0
1731949399149 27.9826602935791 0
1731949428424 28.41116714477539 0
1731949457969 28.85416603088379 0
1731949487201 28.36804962158203 0
1731949516752 28.919557571411133 0
1731949546007 28.410005569458008 0
1731949575496 28.21448516845703 0
1731949604745 28.669147491455078 0
1731949634269 28.742258071899414 0
1731949663503 29.208293914794922 0
1731949693063 28.146587371826172 0
1731949722401 28.112083435058594 0
1731949752206 28.42828369140625 0
1731949781529 28.526639938354492 0
1731949811168 28.988162994384766 0
1731949840473 28.547870635986328 0
1731949870018 28.585424423217773 0
1731949899283 28.868953704833984 0
1731949928859 28.789955139160156 0
1731949958137 29.039613723754883 0
1731949987674 29.515220642089844 0
1731950016950 29.027250289916992 0
1731950046477 28.817115783691406 0
1731950075811 28.709468841552734 0
1731950105410 28.730148315429688 0
1731950134682 28.469921112060547 0
1731950164264 28.863183975219727 0
1731950193931 28.745704650878906 0
1731950223414 29.068984985351562 0
1731950252759 28.721363067626953 0
1731950282351 28.6980037689209 0
1731950311670 28.542688369750977 0
1731950341247 29.196733474731445 0
1731950370519 29.28618049621582 0
1731950400038 29.180252075195312 0
1731950429376 28.989009857177734 0
1731950458915 28.619070053100586 0
1731950488206 28.848819732666016 0
1731950517727 29.20969581604004 0
1731950547043 28.565887451171875 0
1731950576664 28.652090072631836 0
1731950606031 29.930994033813477 0
1731950635989 29.77176856994629 0
1731950665309 30.051097869873047 0
1731950694848 29.036962509155273 0
1731950724203 29.237239837646484 0
1731950753839 29.92371940612793 0
1731950783181 29.31599998474121 0
1731950812790 29.159257888793945 0
1731950842153 29.041004180908203 0
1731950871725 29.12613296508789 0
1731950901078 29.349411010742188 0
1731950930645 29.658920288085938 0
1731950959954 29.460100173950195 0
1731950989574 29.227436065673828 0
1731951018983 29.21376609802246 0
1731951048920 29.255630493164062 0
1731951078287 29.509897232055664 0
1731951107947 29.535320281982422 0
1731951137240 29.051559448242188 0
1731951166835 29.241241455078125 0
1731951196153 29.803050994873047 0
1731951225767 28.84847068786621 0
1731951255046 29.8961238861084 0
1731951284618 29.149782180786133 0
1731951314048 29.805044174194336 0
1731951343659 29.555809020996094 0
1731951373014 29.07079315185547 0
1731951402661 29.956798553466797 0
1731951431980 28.728759765625 0
1731951461587 29.64868927001953 0
1731951491275 29.830583572387695 0
1731951520891 29.6441593170166 0
1731951550252 29.249608993530273 0
1731951579903 30.524463653564453 0
1731951609278 29.901935577392578 0
1731951638955 29.31142234802246 0
1731951668260 29.809032440185547 0
1731951697789 29.79773712158203 0
1731951727185 29.958059310913086 0
1731951756829 30.32602882385254 0
1731951786211 29.894912719726562 0
1731951815845 29.547996520996094 0
1731951845258 30.353429794311523 0
1731951874827 30.15060806274414 0
1731951904240 29.933731079101562 0
1731951934293 30.066312789916992 0
1731951963657 30.18646240234375 0
1731951993205 30.507463455200195 0
1731952022574 30.05939483642578 0
1731952052224 29.682941436767578 0
1731952081611 29.841167449951172 0
1731952111204 30.140419006347656 0
1731952140605 29.76392936706543 0
1731952170260 30.151403427124023 0
1731952199647 30.289335250854492 0
1731952229314 30.040668487548828 0
1731952258666 30.50899314880371 0
1731952288290 30.58489990234375 0
1731952317694 29.809242248535156 0
1731952347329 30.057615280151367 0
1731952377053 30.43767738342285 0
1731952406681 30.05708122253418 0
1731952436096 30.318300247192383 0
1731952465698 30.10703468322754 0
1731952495047 30.11370277404785 0
1731952524671 30.42300033569336 0
1731952554050 29.855640411376953 0
1731952583699 30.463424682617188 0
1731952613122 30.677127838134766 0
1731952642817 30.59197998046875 0
1731952672174 30.689865112304688 0
1731952701887 30.67060661315918 0
1731952731321 29.7775936126709 0
1731952760974 29.82349967956543 0
1731952790333 30.276771545410156 0
