1731968640091 0.7381536364555359 0
1731968672610 0.8279038071632385 0
1731968693897 0.8691411018371582 0
1731968715011 0.9075297713279724 0
1731968735936 0.9041873216629028 0
1731968756876 0.9153540730476379 0
1731968777642 0.9207193851470947 0
1731968798480 0.9323369860649109 0
1731968819157 0.9347435832023621 0
1731968839951 0.9257566332817078 0
1731968860596 0.9290778040885925 0
1731968881344 0.9168521165847778 0
1731968901962 0.9205037951469421 0
1731968922699 0.9206696152687073 0
1731968943207 0.9243860244750977 0
1731968961497 0.9378255009651184 0
1731968979798 0.9382871389389038 0
1731968998068 0.9232264757156372 0
1731969016375 0.9304347634315491 0
1731969034624 0.9316563010215759 0
1731969052890 0.9368450045585632 0
1731969071154 0.9270132780075073 0
1731969088583 0.9257575869560242 0
1731969105580 0.9243645668029785 0
1731969122635 0.9226223230361938 0
1731969139708 0.9185659289360046 0
1731969156814 0.9154056906700134 0
1731969173814 0.9181368350982666 0
1731969190909 0.926069974899292 0
1731969208016 0.9237865805625916 0
1731969224406 0.9181252717971802 0
1731969240811 0.9192212224006653 0
1731969257172 0.9189218878746033 0
1731969273562 0.932398796081543 0
1731969289930 0.918352484703064 0
1731969306273 0.9218744039535522 0
1731969322656 0.9327044486999512 0
1731969338601 0.9233468770980835 0
1731969354545 0.9204102158546448 0
1731969370414 0.9259575009346008 0
1731969386365 0.9194134473800659 0
1731969402209 0.9167676568031311 0
1731969418153 0.9263503551483154 0
1731969434021 0.924788236618042 0
1731969450301 0.9284035563468933 0
1731969466148 0.924455463886261 0
1731969482093 0.9279356598854065 0
1731969497949 0.9165246486663818 0
1731969513917 0.9200178980827332 0
1731969529780 0.9205231070518494 0
1731969545734 0.9203370809555054 0
1731969561574 0.9141309261322021 0
1731969577538 0.9232720732688904 0
1731969593351 0.9266610145568848 0
1731969609304 0.9221500754356384 0
1731969625167 0.9210196733474731 0
1731969641128 0.9247460961341858 0
1731969656958 0.9232590198516846 0
1731969672897 0.9198869466781616 0
1731969689040 0.921107828617096 0
1731969704984 0.9274543523788452 0
1731969720837 0.9232583045959473 0
1731969736783 0.9237915873527527 0
1731969752652 0.927151620388031 0
1731969768598 0.925198495388031 0
1731969784463 0.9165412187576294 0
1731969800396 0.9206025004386902 0
1731969816226 0.9250332713127136 0
1731969832167 0.9268300533294678 0
1731969847990 0.9202340245246887 0
1731969863933 0.919958770275116 0
1731969879770 0.9179438352584839 0
1731969895727 0.9215188026428223 0
1731969911591 0.9189838767051697 0
1731969927922 0.9130057692527771 0
1731969943782 0.9131411910057068 0
1731969959723 0.91940838098526 0
1731969975589 0.922103226184845 0
1731969991532 0.922565758228302 0
1731970007389 0.9207572340965271 0
1731970023304 0.9213516712188721 0
1731970039166 0.9251975417137146 0
1731970055096 0.9183879494667053 0
1731970070930 0.9196785092353821 0
1731970086847 0.9236328601837158 0
1731970102670 0.9216511845588684 0
1731970118613 0.9186248779296875 0
1731970134443 0.9188598394393921 0
1731970150684 0.916378915309906 0
1731970166509 0.9204549193382263 0
1731970182443 0.9193741679191589 0
1731970198290 0.9162561893463135 0
1731970214261 0.9158403873443604 0
1731970230116 0.9187079071998596 0
1731970246063 0.9257526993751526 0
1731970261897 0.9173165559768677 0
1731970277823 0.9222610592842102 0
1731970293647 0.9195907115936279 0
1731970309578 0.9238242506980896 0
1731970325426 0.9249889850616455 0
1731970341360 0.9156131744384766 0
1731970357195 0.9203173518180847 0
1731970373148 0.9210196733474731 0
1731970389349 0.9190225005149841 0
1731970405290 0.9206212162971497 0
1731970421104 0.915310263633728 0
1731970437037 0.9158002734184265 0
1731970452896 0.9160797595977783 0
1731970468841 0.9263823628425598 0
1731970484688 0.9195912480354309 0
1731970500639 0.9227574467658997 0
1731970516480 0.9243884682655334 0
1731970532398 0.9185732007026672 0
1731970548205 0.9206095337867737 0
1731970564156 0.922621488571167 0
1731970579994 0.9188592433929443 0
1731970595939 0.9192895293235779 0
1731970611781 0.9200968742370605 0
1731970628026 0.9211540818214417 0
1731970643869 0.9197266697883606 0
1731970659811 0.9186125993728638 0
1731970675621 0.9190909266471863 0
1731970691574 0.920976996421814 0
1731970707412 0.9204067587852478 0
1731970723349 0.9183573126792908 0
1731970739166 0.9210277199745178 0
1731970755105 0.9198783040046692 0
1731970770920 0.921154797077179 0
1731970786840 0.9205819964408875 0
1731970802638 0.921362578868866 0
1731970818598 0.9240140914916992 0
1731970834449 0.9246541261672974 0
1731970850387 0.9246265888214111 0
1731970866576 0.9242306351661682 0
1731970882504 0.9240049123764038 0
1731970898352 0.9223777055740356 0
1731970914286 0.9224458932876587 0
1731970930131 0.9217215180397034 0
1731970946050 0.9190514087677002 0
1731970961890 0.9207926988601685 0
1731970977816 0.9243524074554443 0
1731970993636 0.9240044951438904 0
1731971009576 0.9221994876861572 0
1731971025401 0.9197343587875366 0
1731971041359 0.9223154783248901 0
1731971057165 0.9188406467437744 0
1731971073084 0.921994686126709 0
1731971088928 0.9253069162368774 0
1731971105239 0.9195502400398254 0
1731971121088 0.9208394289016724 0
1731971137051 0.9211265444755554 0
1731971152895 0.9221062064170837 0
1731971168826 0.9217336773872375 0
1731971184670 0.921747624874115 0
1731971200592 0.9196738004684448 0
1731971216407 0.9201256036758423 0
1731971232317 0.9212775230407715 0
1731971248128 0.9194411635398865 0
1731971264089 0.9232209324836731 0
1731971279919 0.9240293502807617 0
1731971295848 0.9208800792694092 0
1731971311682 0.9232587218284607 0
1731971327907 0.9214662909507751 0
1731971343740 0.9204906821250916 0
1731971359634 0.9195675253868103 0
1731971375434 0.9187727570533752 0
1731971391325 0.9191476702690125 0
1731971407135 0.9200472235679626 0
1731971423057 0.9189806580543518 0
1731971438874 0.9207711219787598 0
1731971454764 0.9206949472427368 0
1731971470551 0.9199820160865784 0
1731971486448 0.9226561784744263 0
1731971502248 0.925369143486023 0
1731971518111 0.9192214012145996 0
1731971533918 0.923397958278656 0
1731971549833 0.923152506351471 0
1731971565955 0.9201441407203674 0
1731971581856 0.9209298491477966 0
1731971597667 0.9225215911865234 0
1731971613578 0.9194552302360535 0
1731971629392 0.919547975063324 0
1731971645295 0.9206265211105347 0
1731971661079 0.9220327138900757 0
1731971676999 0.9218062162399292 0
1731971692759 0.9217410087585449 0
1731971708668 0.9199313521385193 0
1731971724457 0.9225757718086243 0
1731971740357 0.9226092100143433 0
1731971756145 0.9242317080497742 0
1731971772032 0.9197980165481567 0
1731971787823 0.9203109741210938 0
1731971804053 0.9223597645759583 0
1731971819832 0.9202089309692383 0
1731971835743 0.9201310276985168 0
1731971851546 0.921044111251831 0
1731971867429 0.9204855561256409 0
1731971883198 0.92406165599823 0
1731971899098 0.9203349351882935 0
1731971914862 0.921548068523407 0
1731971930722 0.9210653901100159 0
1731971946508 0.9213292002677917 0
1731971962390 0.9207040071487427 0
1731971978164 0.921314001083374 0
1731971994068 0.9214293956756592 0
1731972009836 0.9240861535072327 0
1731972025727 0.9216263890266418 0
1731972041832 0.9224928617477417 0
1731972057703 0.9234751462936401 0
1731972073514 0.9212543964385986 0
1731972089412 0.9227777123451233 0
1731972105189 0.9230648875236511 0
1731972121080 0.9243306517601013 0
1731972136862 0.923776388168335 0
1731972152742 0.9210973978042603 0
1731972168530 0.9221407771110535 0
1731972184397 0.9225975871086121 0
1731972200166 0.9210954904556274 0
1731972216042 0.9218542575836182 0
1731972231817 0.9201400876045227 0
1731972247724 0.922795295715332 0
1731972263510 0.9226030111312866 0
