1731968640091 0.0152718061581254 0
1731968672610 0.016319360584020615 0
1731968693897 0.016851117834448814 0
1731968715011 0.016611043363809586 0
1731968735936 0.016841797158122063 0
1731968756876 0.01671120896935463 0
1731968777642 0.016625743359327316 0
1731968798480 0.016484327614307404 0
1731968819157 0.016610581427812576 0
1731968839951 0.016634564846754074 0
1731968860596 0.016641106456518173 0
1731968881344 0.016484467312693596 0
1731968901962 0.016706667840480804 0
1731968922699 0.01647387631237507 0
1731968943207 0.016606926918029785 0
1731968961497 0.01648319885134697 0
1731968979798 0.016554513946175575 0
1731968998068 0.016489066183567047 0
1731969016375 0.016612378880381584 0
1731969034624 0.016513844951987267 0
1731969052890 0.016649076715111732 0
1731969071154 0.016608459874987602 0
1731969088583 0.016528289765119553 0
1731969105580 0.016511617228388786 0
1731969122635 0.01648826152086258 0
1731969139708 0.016479002311825752 0
1731969156814 0.01638850010931492 0
1731969173814 0.016508791595697403 0
1731969190909 0.01640719547867775 0
1731969208016 0.01643775962293148 0
1731969224406 0.01638232357800007 0
1731969240811 0.01648503541946411 0
1731969257172 0.016459984704852104 0
1731969273562 0.016437359154224396 0
1731969289930 0.016450077295303345 0
1731969306273 0.01646340638399124 0
1731969322656 0.016398582607507706 0
1731969338601 0.01639922522008419 0
1731969354545 0.016291167587041855 0
1731969370414 0.016454163938760757 0
1731969386365 0.01646115817129612 0
1731969402209 0.01642887108027935 0
1731969418153 0.01639232411980629 0
1731969434021 0.016252687200903893 0
1731969450301 0.016502510756254196 0
1731969466148 0.01646008901298046 0
1731969482093 0.01646890863776207 0
1731969497949 0.016356108710169792 0
1731969513917 0.016490884125232697 0
1731969529780 0.016361620277166367 0
1731969545734 0.016304420307278633 0
1731969561574 0.01649535819888115 0
1731969577538 0.016488853842020035 0
1731969593351 0.0164173673838377 0
1731969609304 0.016390953212976456 0
1731969625167 0.016436146572232246 0
1731969641128 0.01632825657725334 0
1731969656958 0.016473161056637764 0
1731969672897 0.016452264040708542 0
1731969689040 0.01644950918853283 0
1731969704984 0.016408046707510948 0
1731969720837 0.016352204605937004 0
1731969736783 0.016473909839987755 0
1731969752652 0.016302257776260376 0
1731969768598 0.016352016478776932 0
1731969784463 0.0163070410490036 0
1731969800396 0.016390036791563034 0
1731969816226 0.016346082091331482 0
1731969832167 0.016378402709960938 0
1731969847990 0.016301056370139122 0
1731969863933 0.016377413645386696 0
1731969879770 0.016344863921403885 0
1731969895727 0.01637284643948078 0
1731969911591 0.016321010887622833 0
1731969927922 0.016308940947055817 0
1731969943782 0.016321472823619843 0
1731969959723 0.016350332647562027 0
1731969975589 0.016317036002874374 0
1731969991532 0.01636212132871151 0
1731970007389 0.016276933252811432 0
1731970023304 0.016387397423386574 0
1731970039166 0.0164283886551857 0
1731970055096 0.01628762297332287 0
1731970070930 0.016284631565213203 0
1731970086847 0.01631496287882328 0
1731970102670 0.016289597377181053 0
1731970118613 0.016290495172142982 0
1731970134443 0.01634049601852894 0
1731970150684 0.01640350930392742 0
1731970166509 0.016332296654582024 0
1731970182443 0.016324477270245552 0
1731970198290 0.01626945473253727 0
1731970214261 0.01641763560473919 0
1731970230116 0.016261400654911995 0
1731970246063 0.01630481332540512 0
1731970261897 0.016336509957909584 0
1731970277823 0.016386423259973526 0
1731970293647 0.016319818794727325 0
1731970309578 0.016360491514205933 0
1731970325426 0.016385337337851524 0
1731970341360 0.016505079343914986 0
1731970357195 0.016317743808031082 0
1731970373148 0.01634388603270054 0
1731970389349 0.016337186098098755 0
1731970405290 0.016321981325745583 0
1731970421104 0.016367582604289055 0
1731970437037 0.0163920596241951 0
1731970452896 0.01632635109126568 0
1731970468841 0.01635020226240158 0
1731970484688 0.01635979674756527 0
1731970500639 0.016274990513920784 0
1731970516480 0.016286756843328476 0
1731970532398 0.016342446208000183 0
1731970548205 0.016296373680233955 0
1731970564156 0.016359159722924232 0
1731970579994 0.016286788508296013 0
1731970595939 0.016277749091386795 0
1731970611781 0.016286218538880348 0
1731970628026 0.016366617754101753 0
1731970643869 0.016396984457969666 0
1731970659811 0.016319693997502327 0
1731970675621 0.01633678562939167 0
1731970691574 0.01631782203912735 0
1731970707412 0.016373012214899063 0
1731970723349 0.016412682831287384 0
1731970739166 0.016297442838549614 0
1731970755105 0.0162885170429945 0
1731970770920 0.01626518741250038 0
1731970786840 0.016336746513843536 0
1731970802638 0.016294602304697037 0
1731970818598 0.016342582181096077 0
1731970834449 0.01637805998325348 0
1731970850387 0.016316115856170654 0
1731970866576 0.01628163829445839 0
1731970882504 0.016314832493662834 0
1731970898352 0.01632414385676384 0
1731970914286 0.016353899613022804 0
1731970930131 0.016350192949175835 0
1731970946050 0.016307570040225983 0
1731970961890 0.01630651019513607 0
1731970977816 0.016334014013409615 0
1731970993636 0.01634000986814499 0
1731971009576 0.016299793496727943 0
1731971025401 0.016362523660063744 0
1731971041359 0.016316881403326988 0
1731971057165 0.016270186752080917 0
1731971073084 0.01634357124567032 0
1731971088928 0.016328640282154083 0
1731971105239 0.016352860257029533 0
1731971121088 0.01631062664091587 0
1731971137051 0.016349487006664276 0
1731971152895 0.016266988590359688 0
1731971168826 0.016335653141140938 0
1731971184670 0.016298003494739532 0
1731971200592 0.01633785478770733 0
1731971216407 0.01630239747464657 0
1731971232317 0.016339164227247238 0
1731971248128 0.01633847877383232 0
1731971264089 0.016336051747202873 0
1731971279919 0.016289735212922096 0
1731971295848 0.016290510073304176 0
1731971311682 0.01632951758801937 0
1731971327907 0.016338007524609566 0
1731971343740 0.01631205901503563 0
1731971359634 0.016305577009916306 0
1731971375434 0.016323616728186607 0
1731971391325 0.016298877075314522 0
1731971407135 0.016329236328601837 0
1731971423057 0.016362445428967476 0
1731971438874 0.016317997127771378 0
1731971454764 0.016364190727472305 0
1731971470551 0.01632767729461193 0
1731971486448 0.016365595161914825 0
1731971502248 0.016362464055418968 0
1731971518111 0.016358675435185432 0
1731971533918 0.016311684623360634 0
1731971549833 0.0163127388805151 0
1731971565955 0.016352104023098946 0
1731971581856 0.016321463510394096 0
1731971597667 0.016313010826706886 0
1731971613578 0.016335269436240196 0
1731971629392 0.016360489651560783 0
1731971645295 0.016320571303367615 0
1731971661079 0.016342733055353165 0
1731971676999 0.01630926877260208 0
1731971692759 0.01634378172457218 0
1731971708668 0.016321685165166855 0
1731971724457 0.01633959822356701 0
1731971740357 0.01630636863410473 0
1731971756145 0.016307489946484566 0
1731971772032 0.016320331022143364 0
1731971787823 0.016341617330908775 0
1731971804053 0.01636319048702717 0
1731971819832 0.01632237806916237 0
1731971835743 0.016304099932312965 0
1731971851546 0.0163434911519289 0
1731971867429 0.016339397057890892 0
1731971883198 0.016301708295941353 0
1731971899098 0.01634802483022213 0
1731971914862 0.016340356320142746 0
1731971930722 0.016360005363821983 0
1731971946508 0.016324013471603394 0
1731971962390 0.01633291319012642 0
1731971978164 0.01635625585913658 0
1731971994068 0.016337722539901733 0
1731972009836 0.016341207548975945 0
1731972025727 0.01632876507937908 0
1731972041832 0.01631675474345684 0
1731972057703 0.016322869807481766 0
1731972073514 0.016308708116412163 0
1731972089412 0.016325924545526505 0
1731972105189 0.016326358541846275 0
1731972121080 0.016311049461364746 0
1731972136862 0.01633683405816555 0
1731972152742 0.01632082462310791 0
1731972168530 0.016330577433109283 0
1731972184397 0.01632097363471985 0
1731972200166 0.01632615365087986 0
1731972216042 0.01629914902150631 0
1731972231817 0.016308192163705826 0
1731972247724 0.01633119396865368 0
1731972263510 0.0163065567612648 0
