1731968651080 0.0002297311875736341 0
1731968672613 0.00015990511747077107 0
1731968693899 0.00014607954653911293 0
1731968715014 0.00013441802002489567 0
1731968735938 0.00011267641093581915 0
1731968756878 0.00011368935520295054 0
1731968777644 0.00010543401003815234 0
1731968798482 0.00010134826879948378 0
1731968819159 0.00010013744758907706 0
1731968839954 9.156158921541646e-05 0
1731968860598 9.758761734701693e-05 0
1731968881346 8.687635272508487e-05 0
1731968901964 8.442987018497661e-05 0
1731968922701 8.063910354394466e-05 0
1731968943209 8.062425331445411e-05 0
1731968961499 8.486028673360124e-05 0
1731968979800 8.027438161661848e-05 0
1731968998070 7.841616024961695e-05 0
1731969016377 7.585182174807414e-05 0
1731969034626 7.509218266932294e-05 0
1731969052893 7.593968621222302e-05 0
1731969071157 7.457156607415527e-05 0
1731969088585 7.042067591100931e-05 0
1731969105582 6.773234053980559e-05 0
1731969122638 6.894022226333618e-05 0
1731969139710 6.765573198208585e-05 0
1731969156816 6.5730455389712e-05 0
1731969173816 6.394292722688988e-05 0
1731969190911 6.366105662891641e-05 0
1731969208018 6.439912976929918e-05 0
1731969224408 6.566937372554094e-05 0
1731969240814 6.249516445677727e-05 0
1731969257174 5.894403511774726e-05 0
1731969273564 5.7964589359471574e-05 0
1731969289932 5.8502013416728005e-05 0
1731969306276 6.235120235942304e-05 0
1731969322658 6.285071867750958e-05 0
1731969338603 5.992851947667077e-05 0
1731969354548 5.9104746469529346e-05 0
1731969370416 5.871298344573006e-05 0
1731969386367 5.666907600243576e-05 0
1731969402212 5.8568384702084586e-05 0
1731969418156 5.40006767550949e-05 0
1731969434023 5.385971235227771e-05 0
1731969450303 5.868797961738892e-05 0
1731969466151 5.550592322833836e-05 0
1731969482095 5.383318057283759e-05 0
1731969497951 5.621197851723991e-05 0
1731969513920 5.042889461037703e-05 0
1731969529782 5.2255312766646966e-05 0
1731969545736 5.186273483559489e-05 0
1731969561576 5.051733023719862e-05 0
1731969577540 5.246858927421272e-05 0
1731969593353 4.8755318857729435e-05 0
1731969609306 5.224054621066898e-05 0
1731969625169 4.704859384219162e-05 0
1731969641130 5.109583798912354e-05 0
1731969656960 4.959119178238325e-05 0
1731969672899 4.855495353695005e-05 0
1731969689042 5.3192052291706204e-05 0
1731969704987 4.919109778711572e-05 0
1731969720839 5.028038867749274e-05 0
1731969736785 4.7008423280203715e-05 0
1731969752654 5.192671960685402e-05 0
1731969768600 4.9334099458064884e-05 0
1731969784465 4.577189974952489e-05 0
1731969800398 4.609030656865798e-05 0
1731969816228 4.8555273679085076e-05 0
1731969832169 4.4190157495904714e-05 0
1731969847992 4.684509622165933e-05 0
1731969863936 4.498429916566238e-05 0
1731969879772 4.538504799711518e-05 0
1731969895729 4.4896180042997e-05 0
1731969911594 4.72154060844332e-05 0
1731969927925 4.529486977844499e-05 0
1731969943784 4.764891491504386e-05 0
1731969959725 4.4113501644460484e-05 0
1731969975591 4.474437446333468e-05 0
1731969991534 4.437551979208365e-05 0
1731970007391 4.215404624119401e-05 0
1731970023309 4.2849638703046367e-05 0
1731970039168 4.576416176860221e-05 0
1731970055099 4.277263724361546e-05 0
1731970070932 4.138616714044474e-05 0
1731970086850 4.310052463551983e-05 0
1731970102673 4.1833060095086694e-05 0
1731970118615 4.000327317044139e-05 0
1731970134445 4.1603732825024053e-05 0
1731970150687 3.9897240640129894e-05 0
1731970166511 4.387753870105371e-05 0
1731970182445 4.044256274937652e-05 0
1731970198292 4.032509241369553e-05 0
1731970214263 4.275591709301807e-05 0
1731970230118 4.089018329977989e-05 0
1731970246066 4.1323291952721775e-05 0
1731970261900 4.138007352594286e-05 0
1731970277825 4.0121212805388495e-05 0
1731970293649 3.755661236937158e-05 0
1731970309580 4.057813202962279e-05 0
1731970325428 4.143016485613771e-05 0
1731970341362 4.1468607378192246e-05 0
1731970357198 4.3212563468841836e-05 0
1731970373151 3.939788439311087e-05 0
1731970389351 4.0225386328529567e-05 0
1731970405292 4.0724324207985774e-05 0
1731970421106 4.22438642999623e-05 0
1731970437040 3.9268725231522694e-05 0
1731970452898 3.8189758925000206e-05 0
1731970468844 3.733374614967033e-05 0
1731970484691 3.993155405623838e-05 0
1731970500641 3.7628280551871285e-05 0
1731970516482 3.710731471073814e-05 0
1731970532400 3.8025715184630826e-05 0
1731970548208 3.838738484773785e-05 0
1731970564159 3.8001988286850974e-05 0
1731970579996 3.728786396095529e-05 0
1731970595941 3.849114364129491e-05 0
1731970611783 3.9183138142107055e-05 0
1731970628028 3.602062497520819e-05 0
1731970643872 3.7319645343814045e-05 0
1731970659814 3.760114122997038e-05 0
1731970675623 3.634104723460041e-05 0
1731970691576 3.736339203896932e-05 0
1731970707415 3.5923378163715824e-05 0
1731970723351 3.6486446333583444e-05 0
1731970739168 3.663130701170303e-05 0
1731970755107 3.673761966638267e-05 0
1731970770922 3.872515299008228e-05 0
1731970786842 3.7400204746518284e-05 0
1731970802640 3.8731122913304716e-05 0
1731970818600 3.507541987346485e-05 0
1731970834452 3.772618583752774e-05 0
1731970850390 3.682845999719575e-05 0
1731970866578 3.745688809431158e-05 0
1731970882506 3.59987243427895e-05 0
1731970898355 3.4260767279192805e-05 0
1731970914288 3.4343189327046275e-05 0
1731970930133 3.4060874895658344e-05 0
1731970946052 3.497357465676032e-05 0
1731970961893 3.37457749992609e-05 0
1731970977818 3.467053466010839e-05 0
1731970993638 3.262338577769697e-05 0
1731971009579 3.4319284168304875e-05 0
1731971025403 3.5300152376294136e-05 0
1731971041362 3.500458478811197e-05 0
1731971057167 3.5466775443637744e-05 0
1731971073086 3.476519850664772e-05 0
1731971088930 3.405597453820519e-05 0
1731971105241 3.447667040745728e-05 0
1731971121090 3.245660263928585e-05 0
1731971137056 3.400065907044336e-05 0
1731971152897 3.66041022061836e-05 0
1731971168829 3.424298483878374e-05 0
1731971184673 3.313345951028168e-05 0
1731971200594 3.469613511697389e-05 0
1731971216409 3.387419928913005e-05 0
1731971232320 3.217688936274499e-05 0
1731971248130 3.411042416701093e-05 0
1731971264091 3.575770097086206e-05 0
1731971279921 3.309960084152408e-05 0
1731971295850 3.2434825698146597e-05 0
1731971311684 3.4857246646424755e-05 0
1731971327909 3.475903577054851e-05 0
1731971343743 3.232778180972673e-05 0
1731971359636 3.178919359925203e-05 0
1731971375436 3.2173575164051726e-05 0
1731971391327 3.314896457595751e-05 0
1731971407138 3.3147214708151296e-05 0
1731971423060 3.53755422111135e-05 0
1731971438877 3.350521728862077e-05 0
1731971454766 3.243350511183962e-05 0
1731971470553 3.2793948776088655e-05 0
1731971486450 3.4265682188561186e-05 0
1731971502250 3.0187153242877685e-05 0
1731971518114 3.18812599289231e-05 0
1731971533920 3.229674985050224e-05 0
1731971549835 3.219631616957486e-05 0
1731971565958 3.2769406971056014e-05 0
1731971581858 3.182922591804527e-05 0
1731971597670 3.148612813674845e-05 0
1731971613581 2.9357908715610392e-05 0
1731971629395 3.1142848456511274e-05 0
1731971645297 3.17364938382525e-05 0
1731971661082 3.106794974883087e-05 0
1731971677002 3.1701551051810384e-05 0
1731971692761 3.0507411793223582e-05 0
1731971708670 3.468973227427341e-05 0
1731971724459 3.073971311096102e-05 0
1731971740360 3.348386599100195e-05 0
1731971756147 3.1078161555342376e-05 0
1731971772035 3.16998157359194e-05 0
1731971787826 3.172072320012376e-05 0
1731971804056 3.110592297161929e-05 0
1731971819834 3.0089560823398642e-05 0
1731971835745 3.129026299575344e-05 0
1731971851549 3.127358650090173e-05 0
1731971867431 3.1031089747557417e-05 0
1731971883200 2.9651453587575816e-05 0
1731971899100 3.146328162983991e-05 0
1731971914865 2.980519457196351e-05 0
1731971930724 3.016318441950716e-05 0
1731971946510 3.002220910275355e-05 0
1731971962393 3.081725299125537e-05 0
1731971978167 3.071030369028449e-05 0
1731971994070 3.008681051142048e-05 0
1731972009838 2.8704305805149488e-05 0
1731972025729 2.978671545861289e-05 0
1731972041834 2.9749702662229538e-05 0
1731972057705 3.0359615266206674e-05 0
1731972073517 2.8965785531909205e-05 0
1731972089414 3.0114011678961106e-05 0
1731972105191 2.920795486716088e-05 0
1731972121082 2.9558690584963188e-05 0
1731972136865 2.878811392292846e-05 0
1731972152744 2.9649549105670303e-05 0
1731972168533 2.8590528017957695e-05 0
1731972184399 3.0163826522766612e-05 0
1731972200168 2.8197204301250167e-05 0
1731972216045 2.890929681598209e-05 0
1731972231819 2.825538467732258e-05 0
1731972247727 2.9756436561001465e-05 0
1731972263512 3.0172408514772542e-05 0
