1731968651080 0.0022939289920032024 0
1731968672613 0.0008508012979291379 0
1731968693899 0.0008018360822461545 0
1731968715014 0.000679820601362735 0
1731968735938 0.0006820092094130814 0
1731968756878 0.0007111058221198618 0
1731968777644 0.0006826610770076513 0
1731968798482 0.0006790465558879077 0
1731968819159 0.0006286947173066437 0
1731968839954 0.0006186292157508433 0
1731968860598 0.0005734006408601999 0
1731968881346 0.0005974206142127514 0
1731968901964 0.0005546844331547618 0
1731968922701 0.0006119629251770675 0
1731968943209 0.0005437695072032511 0
1731968961499 0.0005950963823124766 0
1731968979800 0.0006473475368693471 0
1731968998070 0.0005759262712672353 0
1731969016377 0.0006165637169033289 0
1731969034626 0.0006515295244753361 0
1731969052893 0.000667598913423717 0
1731969071157 0.0006259176298044622 0
1731969088585 0.0007062250515446067 0
1731969105582 0.000757140398491174 0
1731969122638 0.0007275522220879793 0
1731969139710 0.0007089176215231419 0
1731969156816 0.0007173143094405532 0
1731969173816 0.0007130042067728937 0
1731969190911 0.0007025256636552513 0
1731969208018 0.0007141384994611144 0
1731969224408 0.0008005291456356645 0
1731969240814 0.0008106674067676067 0
1731969257174 0.0008324047084897757 0
1731969273564 0.0007529338472522795 0
1731969289932 0.0007768716313876212 0
1731969306276 0.0007735369144938886 0
1731969322658 0.0008033020421862602 0
1731969338603 0.0007811305113136768 0
1731969354548 0.0007794711273163557 0
1731969370416 0.0008019781671464443 0
1731969386367 0.0008539761183783412 0
1731969402212 0.0007465895032510161 0
1731969418156 0.0008238865993916988 0
1731969434023 0.0007811100804246962 0
1731969450303 0.0007904901285655797 0
1731969466151 0.0008080018451437354 0
1731969482095 0.0008223389741033316 0
1731969497951 0.0008774920715950429 0
1731969513920 0.0007917702896520495 0
1731969529782 0.0008358450722880661 0
1731969545736 0.0008862875401973724 0
1731969561576 0.0008198326686397195 0
1731969577540 0.0008448262815363705 0
1731969593353 0.0008923143614083529 0
1731969609306 0.000828741816803813 0
1731969625169 0.000920427730306983 0
1731969641130 0.0009125249343924224 0
1731969656960 0.000894468161277473 0
1731969672899 0.0009145496878772974 0
1731969689042 0.000932488008402288 0
1731969704987 0.0009055883856490254 0
1731969720839 0.0008291234844364226 0
1731969736785 0.0008496197406202555 0
1731969752654 0.0009397302637808025 0
1731969768600 0.0008960131090134382 0
1731969784465 0.0008413885370828211 0
1731969800398 0.0009615945164114237 0
1731969816228 0.0009654810419306159 0
1731969832169 0.001003732904791832 0
1731969847992 0.0009062799508683383 0
1731969863936 0.0009690698934718966 0
1731969879772 0.000909737718757242 0
1731969895729 0.0009435641695745289 0
1731969911594 0.0009782996494323015 0
1731969927925 0.0008862416725605726 0
1731969943784 0.0008873644983395934 0
1731969959725 0.0009895224357023835 0
1731969975591 0.0009203726658597589 0
1731969991534 0.0008623650064691901 0
1731970007391 0.0009146637166850269 0
1731970023309 0.000948796165175736 0
1731970039168 0.0009079891606234014 0
1731970055099 0.000996587099507451 0
1731970070932 0.0009960493771359324 0
1731970086850 0.0009952299296855927 0
1731970102673 0.0009696899214759469 0
1731970118615 0.0009954182896763086 0
1731970134445 0.001033025560900569 0
1731970150687 0.0010721755679696798 0
1731970166511 0.0010309712961316109 0
1731970182445 0.0009420840069651604 0
1731970198292 0.0009563724743202329 0
1731970214263 0.0009931952226907015 0
1731970230118 0.0009004745515994728 0
1731970246066 0.0009757530060596764 0
1731970261900 0.0010486235842108727 0
1731970277825 0.0010237335227429867 0
1731970293649 0.0010285775642842054 0
1731970309580 0.000941110251005739 0
1731970325428 0.0009424110758118331 0
1731970341362 0.000973258342128247 0
1731970357198 0.0010320300934836268 0
1731970373151 0.0009479349828325212 0
1731970389351 0.001018234994262457 0
1731970405292 0.0009557467419654131 0
1731970421106 0.0009892566595226526 0
1731970437040 0.0010196048533543944 0
1731970452898 0.0010514524765312672 0
1731970468844 0.0009476536652073264 0
1731970484691 0.0009957189904525876 0
1731970500641 0.0010339295258745551 0
1731970516482 0.0010273036314174533 0
1731970532400 0.0011055002687498927 0
1731970548208 0.0009929867228493094 0
1731970564159 0.000997024355456233 0
1731970579996 0.0010783609468489885 0
1731970595941 0.0011268513044342399 0
1731970611783 0.0010410088580101728 0
1731970628028 0.001070393598638475 0
1731970643872 0.0010455949231982231 0
1731970659814 0.0010058586485683918 0
1731970675623 0.000996102811768651 0
1731970691576 0.0012245674151927233 0
1731970707415 0.0011789079289883375 0
1731970723351 0.001056611305102706 0
1731970739168 0.001100107911042869 0
1731970755107 0.0011318863835185766 0
1731970770922 0.0010459012119099498 0
1731970786842 0.0010384878842160106 0
1731970802640 0.0012075414415448904 0
1731970818600 0.0010211683111265302 0
1731970834452 0.0011120210401713848 0
1731970850390 0.0010986124398186803 0
1731970866578 0.0011073630303144455 0
1731970882506 0.0010353312827646732 0
1731970898355 0.0010760691948235035 0
1731970914288 0.0010382183827459812 0
1731970930133 0.0010931950528174639 0
1731970946052 0.0010585172567516565 0
1731970961893 0.0011408212594687939 0
1731970977818 0.0011211064411327243 0
1731970993638 0.0010887236567214131 0
1731971009579 0.0011696076253429055 0
1731971025403 0.0011988752521574497 0
1731971041362 0.0011167959310114384 0
1731971057167 0.0011314192088320851 0
1731971073086 0.0012322843540459871 0
1731971088930 0.0011362716322764754 0
1731971105241 0.001157512073405087 0
1731971121090 0.001173673546873033 0
1731971137056 0.0010648996103554964 0
1731971152897 0.001104547525756061 0
1731971168829 0.0010698664700612426 0
1731971184673 0.0011936139781028032 0
1731971200594 0.0011938787065446377 0
1731971216409 0.0011163887102156878 0
1731971232320 0.0012176900636404753 0
1731971248130 0.001184309832751751 0
1731971264091 0.0011141111608594656 0
1731971279921 0.0012513156980276108 0
1731971295850 0.0012401696294546127 0
1731971311684 0.0011183313326910138 0
1731971327909 0.0012189197586849332 0
1731971343743 0.0011599662248045206 0
1731971359636 0.0012026557233184576 0
1731971375436 0.0012058820575475693 0
1731971391327 0.001232463982887566 0
1731971407138 0.0012742187827825546 0
1731971423060 0.0012236768379807472 0
1731971438877 0.0011538744438439608 0
1731971454766 0.0012124408967792988 0
1731971470553 0.0012472316157072783 0
1731971486450 0.0012350461911410093 0
1731971502250 0.0012945618946105242 0
1731971518114 0.0011764934752136469 0
1731971533920 0.0012132440460845828 0
1731971549835 0.001269948435947299 0
1731971565958 0.0013298765989020467 0
1731971581858 0.0012122899061068892 0
1731971597670 0.001204695669002831 0
1731971613581 0.0012649851851165295 0
1731971629395 0.0012542634503915906 0
1731971645297 0.0013202999252825975 0
1731971661082 0.001257546478882432 0
1731971677002 0.0011839501094073057 0
1731971692761 0.0012805094011127949 0
1731971708670 0.0012490767985582352 0
1731971724459 0.001275705872103572 0
1731971740360 0.0011678942246362567 0
1731971756147 0.0011738542234525084 0
1731971772035 0.0012310140300542116 0
1731971787826 0.0012178379110991955 0
1731971804056 0.0012779238168150187 0
1731971819834 0.0013774061808362603 0
1731971835745 0.0012445597676560283 0
1731971851549 0.0012969243107363582 0
1731971867431 0.0012537904549390078 0
1731971883200 0.0012624803930521011 0
1731971899100 0.0013202831614762545 0
1731971914865 0.0013779597356915474 0
1731971930724 0.0013868778478354216 0
1731971946510 0.001285057165659964 0
1731971962393 0.0012245157267898321 0
1731971978167 0.0012733498588204384 0
1731971994070 0.0012978380545973778 0
1731972009838 0.0013157923240214586 0
1731972025729 0.0013715395471081138 0
1731972041834 0.0012300815433263779 0
1731972057705 0.0012888496275991201 0
1731972073517 0.0013494098093360662 0
1731972089414 0.0013446868397295475 0
1731972105191 0.0013479134067893028 0
1731972121082 0.0012684937100857496 0
1731972136865 0.0012712592724710703 0
1731972152744 0.0012605625670403242 0
1731972168533 0.001353470259346068 0
1731972184399 0.0012397232931107283 0
1731972200168 0.0013980558142066002 0
1731972216045 0.0012794360518455505 0
1731972231819 0.0013185066636651754 0
1731972247727 0.0013490411220118403 0
1731972263512 0.0013956091133877635 0
