1731968651080 0.011277220211923122 0
1731968672613 0.006992358714342117 0
1731968693899 0.005543205887079239 0
1731968715014 0.0048147328197956085 0
1731968735938 0.005109203979372978 0
1731968756878 0.004961731843650341 0
1731968777644 0.0042168376967310905 0
1731968798482 0.0037012554239481688 0
1731968819159 0.004505803808569908 0
1731968839954 0.004564237780869007 0
1731968860598 0.004318519029766321 0
1731968881346 0.0036138328723609447 0
1731968901964 0.0038117445074021816 0
1731968922701 0.0037971294950693846 0
1731968943209 0.0038112825714051723 0
1731968961499 0.003320933086797595 0
1731968979800 0.003953571897000074 0
1731968998070 0.003464787034317851 0
1731969016377 0.003044855548068881 0
1731969034626 0.0031889276579022408 0
1731969052893 0.0036281724460422993 0
1731969071157 0.003329863306134939 0
1731969088585 0.003305666847154498 0
1731969105582 0.0031324606388807297 0
1731969122638 0.0026783475186675787 0
1731969139710 0.003746648319065571 0
1731969156816 0.004023471847176552 0
1731969173816 0.0032968088053166866 0
1731969190911 0.0031155822798609734 0
1731969208018 0.003369733691215515 0
1731969224408 0.0030873585492372513 0
1731969240814 0.002695330884307623 0
1731969257174 0.0031680292449891567 0
1731969273564 0.002810175297781825 0
1731969289932 0.0027520633302628994 0
1731969306276 0.00288813142105937 0
1731969322658 0.0026135253719985485 0
1731969338603 0.002964535728096962 0
1731969354548 0.002787289908155799 0
1731969370416 0.0027932445518672466 0
1731969386367 0.0026787095703184605 0
1731969402212 0.0025481691118329763 0
1731969418156 0.0028562000952661037 0
1731969434023 0.002620809245854616 0
1731969450303 0.0025966307148337364 0
1731969466151 0.0024808018933981657 0
1731969482095 0.0030381418764591217 0
1731969497951 0.0024229863192886114 0
1731969513920 0.002549580065533519 0
1731969529782 0.0027425733860582113 0
1731969545736 0.0024287148844450712 0
1731969561576 0.0032762535847723484 0
1731969577540 0.002606529276818037 0
1731969593353 0.002098840195685625 0
1731969609306 0.0026989448815584183 0
1731969625169 0.0019811883103102446 0
1731969641130 0.002505420707166195 0
1731969656960 0.002814382780343294 0
1731969672899 0.002019365318119526 0
1731969689042 0.0019831815734505653 0
1731969704987 0.00214976305142045 0
1731969720839 0.0023794109001755714 0
1731969736785 0.0020847299601882696 0
1731969752654 0.002456498332321644 0
1731969768600 0.00251453067176044 0
1731969784465 0.002623710548505187 0
1731969800398 0.0022664153948426247 0
1731969816228 0.0022892928682267666 0
1731969832169 0.0022241973783820868 0
1731969847992 0.001934217056259513 0
1731969863936 0.0023508945014327765 0
1731969879772 0.0020093433558940887 0
1731969895729 0.001685537165030837 0
1731969911594 0.0025165947154164314 0
1731969927925 0.002294256119057536 0
1731969943784 0.00219727773219347 0
1731969959725 0.002335028722882271 0
1731969975591 0.0016656385269016027 0
1731969991534 0.0019914302974939346 0
1731970007391 0.002247967990115285 0
1731970023309 0.0022491756826639175 0
1731970039168 0.0018366675358265638 0
1731970055099 0.001997363055124879 0
1731970070932 0.0022202576510608196 0
1731970086850 0.0020833448506891727 0
1731970102673 0.0018885196186602116 0
1731970118615 0.0020242752507328987 0
1731970134445 0.0018273837631568313 0
1731970150687 0.001954510575160384 0
1731970166511 0.0018886998295783997 0
1731970182445 0.001823941245675087 0
1731970198292 0.0019090257119387388 0
1731970214263 0.001963948830962181 0
1731970230118 0.001987441908568144 0
1731970246066 0.001798097393475473 0
1731970261900 0.0019129099091514945 0
1731970277825 0.0017168261110782623 0
1731970293649 0.0019161546370014548 0
1731970309580 0.001828224747441709 0
1731970325428 0.0018340942915529013 0
1731970341362 0.0018493325915187597 0
1731970357198 0.0017227181233465672 0
1731970373151 0.0017934897914528847 0
1731970389351 0.0017095671501010656 0
1731970405292 0.0015935043338686228 0
1731970421106 0.0021010281052440405 0
1731970437040 0.0016306154429912567 0
1731970452898 0.0015942429890856147 0
1731970468844 0.001838924246840179 0
1731970484691 0.0014787184773012996 0
1731970500641 0.0014137746766209602 0
1731970516482 0.001655631116591394 0
1731970532400 0.0017334413714706898 0
1731970548208 0.001668080105446279 0
1731970564159 0.001677455729804933 0
1731970579996 0.0017436463385820389 0
1731970595941 0.001486283726990223 0
1731970611783 0.0016839172458276153 0
1731970628028 0.0015446122270077467 0
1731970643872 0.00147877202834934 0
1731970659814 0.0014988293405622244 0
1731970675623 0.0015217496547847986 0
1731970691576 0.0013783605536445975 0
1731970707415 0.0016405185451731086 0
1731970723351 0.0019528366392478347 0
1731970739168 0.0014573115622624755 0
1731970755107 0.0015634119044989347 0
1731970770922 0.0014269169187173247 0
1731970786842 0.0016241668490692973 0
1731970802640 0.0014710177201777697 0
1731970818600 0.001423800247721374 0
1731970834452 0.0016595001798123121 0
1731970850390 0.001456358702853322 0
1731970866578 0.0014501400291919708 0
1731970882506 0.0013352648820728064 0
1731970898355 0.0014371558791026473 0
1731970914288 0.0013133789179846644 0
1731970930133 0.0014980053529143333 0
1731970946052 0.0015551586402580142 0
1731970961893 0.0011910542380064726 0
1731970977818 0.0012979102320969105 0
1731970993638 0.0014616012340411544 0
1731971009579 0.0014069522731006145 0
1731971025403 0.0015484606847167015 0
1731971041362 0.001271443790756166 0
1731971057167 0.0014525384176522493 0
1731971073086 0.0014864432159811258 0
1731971088930 0.001332185580395162 0
1731971105241 0.0013372888788580894 0
1731971121090 0.0014483204577118158 0
1731971137056 0.0012342364061623812 0
1731971152897 0.0014593505766242743 0
1731971168829 0.0013116151094436646 0
1731971184673 0.001231492031365633 0
1731971200594 0.001396796084009111 0
1731971216409 0.0012017441913485527 0
1731971232320 0.0011700969189405441 0
1731971248130 0.001281513599678874 0
1731971264091 0.001184969674795866 0
1731971279921 0.0013993822503834963 0
1731971295850 0.0010779506992548704 0
1731971311684 0.0013526547700166702 0
1731971327909 0.0010976555058732629 0
1731971343743 0.001073590712621808 0
1731971359636 0.001127914758399129 0
1731971375436 0.0011170473881065845 0
1731971391327 0.0011480702087283134 0
1731971407138 0.0010591682512313128 0
1731971423060 0.0013428687816485763 0
1731971438877 0.0013599086087197065 0
1731971454766 0.0012490212684497237 0
1731971470553 0.0009482428431510925 0
1731971486450 0.0011461041867733002 0
1731971502250 0.0010163362603634596 0
1731971518114 0.0010705477325245738 0
1731971533920 0.001006290316581726 0
1731971549835 0.0010762615129351616 0
1731971565958 0.0011441119713708758 0
1731971581858 0.0011114208027720451 0
1731971597670 0.0010595305357128382 0
1731971613581 0.0009773870697245002 0
1731971629395 0.0010829727398231626 0
1731971645297 0.0010490964632481337 0
1731971661082 0.0010274489177390933 0
1731971677002 0.0011829560389742255 0
1731971692761 0.0010007842211052775 0
1731971708670 0.0010981445666402578 0
1731971724459 0.0010714682284742594 0
1731971740360 0.0010682335123419762 0
1731971756147 0.0009820623090490699 0
1731971772035 0.00111600651871413 0
1731971787826 0.0009648785926401615 0
1731971804056 0.0011086006416007876 0
1731971819834 0.0011483404086902738 0
1731971835745 0.0010661128908395767 0
1731971851549 0.0011137798428535461 0
1731971867431 0.0009052247041836381 0
1731971883200 0.0009825897868722677 0
1731971899100 0.0009881118312478065 0
1731971914865 0.0009876696858555079 0
1731971930724 0.0009792045457288623 0
1731971946510 0.0010214111534878612 0
1731971962393 0.0010099243372678757 0
1731971978167 0.0010455305455252528 0
1731971994070 0.0009687321144156158 0
1731972009838 0.0009725814452394843 0
1731972025729 0.0011205815244466066 0
1731972041834 0.0010622902773320675 0
1731972057705 0.000993615249171853 0
1731972073517 0.0009426000760868192 0
1731972089414 0.0010327278869226575 0
1731972105191 0.0009066986385732889 0
1731972121082 0.0009376198868267238 0
1731972136865 0.0010764163453131914 0
1731972152744 0.0009095414425246418 0
1731972168533 0.001013453002087772 0
1731972184399 0.0009346170118078589 0
1731972200168 0.0009419980342499912 0
1731972216045 0.0009440951980650425 0
1731972231819 0.0008283019997179508 0
1731972247727 0.0009729550220072269 0
1731972263512 0.0008869605953805149 0
