1731968651080 0.0007511607254855335 0
1731968672613 0.0004341597086749971 0
1731968693899 0.0004038630286231637 0
1731968715014 0.00031895635765977204 0
1731968735938 0.0003081180911976844 0
1731968756878 0.0002576585684437305 0
1731968777644 0.00030674482695758343 0
1731968798482 0.0002796582703012973 0
1731968819159 0.00024007602769415826 0
1731968839954 0.00021354095952119678 0
1731968860598 0.0004538279608823359 0
1731968881346 0.0002063802967313677 0
1731968901964 0.0001556126808281988 0
1731968922701 0.0001807717781048268 0
1731968943209 0.0001661400601733476 0
1731968961499 0.00028877018485218287 0
1731968979800 0.00019582636014092714 0
1731968998070 0.00017358726472593844 0
1731969016377 0.00020773631695192307 0
1731969034626 0.00024502110318280756 0
1731969052893 0.00017246551578864455 0
1731969071157 0.00022609203006140888 0
1731969088585 0.0002460030955262482 0
1731969105582 0.0004418384050950408 0
1731969122638 0.0001738415303407237 0
1731969139710 0.00018418472609482706 0
1731969156816 0.00013896233576815575 0
1731969173816 0.0001617235247977078 0
1731969190911 0.0001982962421607226 0
1731969208018 0.0001733662938931957 0
1731969224408 0.0001650044578127563 0
1731969240814 0.00012156750017311424 0
1731969257174 0.0001794053241610527 0
1731969273564 0.0001243657898157835 0
1731969289932 0.0001395614235661924 0
1731969306276 0.0001705002796370536 0
1731969322658 0.00015255989274010062 0
1731969338603 0.00013532831508200616 0
1731969354548 0.0001318804861512035 0
1731969370416 0.00016178035002667457 0
1731969386367 0.00010328939970349893 0
1731969402212 0.00010835824650712311 0
1731969418156 0.00011015150812454522 0
1731969434023 0.00010926883987849578 0
1731969450303 0.0001106298150261864 0
1731969466151 8.677283767610788e-05 0
1731969482095 0.00011381418153177947 0
1731969497951 0.00012166638043709099 0
1731969513920 0.00010294743697158992 0
1731969529782 0.0001294846588280052 0
1731969545736 0.00011288998211966828 0
1731969561576 0.00011875898053403944 0
1731969577540 0.00011772832658607513 0
1731969593353 0.00010098407074110582 0
1731969609306 9.206801769323647e-05 0
1731969625169 0.00010788005602080375 0
1731969641130 9.421359573025256e-05 0
1731969656960 0.00010681679123081267 0
1731969672899 0.00011790032294811681 0
1731969689042 0.00012379240070004016 0
1731969704987 0.00010513982851989567 0
1731969720839 9.168234828393906e-05 0
1731969736785 9.700968803372234e-05 0
1731969752654 0.00010717717668740079 0
1731969768600 0.00010836689034476876 0
1731969784465 9.999339090427384e-05 0
1731969800398 0.00013089011190459132 0
1731969816228 0.0001155369754997082 0
1731969832169 0.00011227066715946421 0
1731969847992 0.00011513640492921695 0
1731969863936 0.00010832975385710597 0
1731969879772 6.668260175501928e-05 0
1731969895729 7.042533252388239e-05 0
1731969911594 0.00011674858251353726 0
1731969927925 8.76314370543696e-05 0
1731969943784 9.501719614490867e-05 0
1731969959725 8.343407534994185e-05 0
1731969975591 7.611422915942967e-05 0
1731969991534 7.590523455291986e-05 0
1731970007391 8.33020094432868e-05 0
1731970023309 8.871329191606492e-05 0
1731970039168 9.998364839702845e-05 0
1731970055099 0.00011375861504347995 0
1731970070932 8.42841254780069e-05 0
1731970086850 0.00013472182035911828 0
1731970102673 8.719745528651401e-05 0
1731970118615 7.239334809128195e-05 0
1731970134445 7.387014920823276e-05 0
1731970150687 6.44621322862804e-05 0
1731970166511 7.395066495519131e-05 0
1731970182445 6.880954606458545e-05 0
1731970198292 7.474084850400686e-05 0
1731970214263 8.673188858665526e-05 0
1731970230118 6.49087451165542e-05 0
1731970246066 8.172539673978463e-05 0
1731970261900 5.5591743148397654e-05 0
1731970277825 7.651895430171862e-05 0
1731970293649 8.57801060192287e-05 0
1731970309580 6.314217171166092e-05 0
1731970325428 8.164237078744918e-05 0
1731970341362 7.750031363684684e-05 0
1731970357198 8.646189962746575e-05 0
1731970373151 7.840619946364313e-05 0
1731970389351 6.697396020172164e-05 0
1731970405292 9.013242379296571e-05 0
1731970421106 7.670458580832928e-05 0
1731970437040 5.794954267912544e-05 0
1731970452898 8.563639130443335e-05 0
1731970468844 7.424368232022971e-05 0
1731970484691 8.447669097222388e-05 0
1731970500641 6.411292997654527e-05 0
1731970516482 6.799782568123192e-05 0
1731970532400 8.80206425790675e-05 0
1731970548208 6.399675476131961e-05 0
1731970564159 7.254457159433514e-05 0
1731970579996 7.564573752461001e-05 0
1731970595941 5.660445458488539e-05 0
1731970611783 5.5534670536872e-05 0
1731970628028 8.051352051552385e-05 0
1731970643872 6.181644857861102e-05 0
1731970659814 8.47013943712227e-05 0
1731970675623 8.397974306717515e-05 0
1731970691576 7.055068999761716e-05 0
1731970707415 6.510426464956254e-05 0
1731970723351 5.972399594611488e-05 0
1731970739168 4.9469970690552145e-05 0
1731970755107 6.678481440758333e-05 0
1731970770922 4.628085298463702e-05 0
1731970786842 7.676889799768105e-05 0
1731970802640 6.253409083001316e-05 0
1731970818600 5.976616739644669e-05 0
1731970834452 0.000101726662251167 0
1731970850390 6.086664870963432e-05 0
1731970866578 6.526248034788296e-05 0
1731970882506 5.155247345101088e-05 0
1731970898355 6.865247996756807e-05 0
1731970914288 6.90934102749452e-05 0
1731970930133 4.913687371299602e-05 0
1731970946052 7.552602619398385e-05 0
1731970961893 6.0323385696392506e-05 0
1731970977818 7.43460186640732e-05 0
1731970993638 5.837265416630544e-05 0
1731971009579 6.307247531367466e-05 0
1731971025403 6.296705396380275e-05 0
1731971041362 5.419523222371936e-05 0
1731971057167 5.966061507933773e-05 0
1731971073086 7.647649908903986e-05 0
1731971088930 5.5908432841533795e-05 0
1731971105241 4.9241254600929096e-05 0
1731971121090 5.509074981091544e-05 0
1731971137056 6.115162977948785e-05 0
1731971152897 5.29269382241182e-05 0
1731971168829 6.631565338466316e-05 0
1731971184673 5.265218351269141e-05 0
1731971200594 7.246759196277708e-05 0
1731971216409 5.079653055872768e-05 0
1731971232320 4.72502906632144e-05 0
1731971248130 6.059556471882388e-05 0
1731971264091 6.730186578352004e-05 0
1731971279921 5.55517544853501e-05 0
1731971295850 4.756449197884649e-05 0
1731971311684 6.161046621855348e-05 0
1731971327909 5.712591882911511e-05 0
1731971343743 5.824055551784113e-05 0
1731971359636 5.2586041419999674e-05 0
1731971375436 5.432868783827871e-05 0
1731971391327 4.261875437805429e-05 0
1731971407138 5.6649580074008554e-05 0
1731971423060 7.302343146875501e-05 0
1731971438877 5.1140312280040234e-05 0
1731971454766 5.250555113889277e-05 0
1731971470553 5.1986484322696924e-05 0
1731971486450 5.115075327921659e-05 0
1731971502250 4.9275804485660046e-05 0
1731971518114 6.917416612850502e-05 0
1731971533920 5.693349885405041e-05 0
1731971549835 5.9363959735492244e-05 0
1731971565958 4.5017877710051835e-05 0
1731971581858 4.832256672671065e-05 0
1731971597670 5.404142939369194e-05 0
1731971613581 5.9935344324912876e-05 0
1731971629395 4.306333721615374e-05 0
1731971645297 5.360267823562026e-05 0
1731971661082 4.503456875681877e-05 0
1731971677002 4.838499444304034e-05 0
1731971692761 4.775563138537109e-05 0
1731971708670 6.19914208073169e-05 0
1731971724459 4.3788902985397726e-05 0
1731971740360 6.2203747802414e-05 0
1731971756147 5.151155710336752e-05 0
1731971772035 5.229604721534997e-05 0
1731971787826 5.148763011675328e-05 0
1731971804056 5.6635981309227645e-05 0
1731971819834 4.477959737414494e-05 0
1731971835745 6.0343314544297755e-05 0
1731971851549 5.0042559450957924e-05 0
1731971867431 3.6716410249937326e-05 0
1731971883200 5.291366687742993e-05 0
1731971899100 4.9359539843862876e-05 0
1731971914865 5.206933929002844e-05 0
1731971930724 5.0810100219678134e-05 0
1731971946510 5.0313392421230674e-05 0
1731971962393 5.610762309515849e-05 0
1731971978167 4.453448491403833e-05 0
1731971994070 4.097812779946253e-05 0
1731972009838 4.215170338284224e-05 0
1731972025729 5.366485856939107e-05 0
1731972041834 4.8840316594578326e-05 0
1731972057705 5.299890472088009e-05 0
1731972073517 4.8494570364709944e-05 0
1731972089414 4.362664185464382e-05 0
1731972105191 4.234159496263601e-05 0
1731972121082 5.213097756495699e-05 0
1731972136865 5.775150202680379e-05 0
1731972152744 4.077139601577073e-05 0
1731972168533 5.105038144392893e-05 0
1731972184399 5.002517718821764e-05 0
1731972200168 5.306109233060852e-05 0
1731972216045 4.9184214731212705e-05 0
1731972231819 5.459275052999146e-05 0
1731972247727 4.105909465579316e-05 0
1731972263512 4.338241706136614e-05 0
