1731856314779 0.01064329594373703 0
1731856342426 0.010386199690401554 0
1731856369390 0.010241558775305748 0
1731856396234 0.009934423491358757 0
1731856422774 0.009800092317163944 0
1731856449311 0.009938240051269531 0
1731856475502 0.009740142151713371 0
1731856501754 0.009770495817065239 0
1731856527850 0.009672827087342739 0
1731856554122 0.009629705920815468 0
1731856580313 0.009623303078114986 0
1731856606625 0.009514293633401394 0
1731856632866 0.009615332819521427 0
1731856659214 0.009556482546031475 0
1731856685190 0.00958477333188057 0
1731856708258 0.009657859802246094 0
1731856731254 0.009536797180771828 0
1731856754292 0.009672780521214008 0
1731856777333 0.009527791291475296 0
1731856800415 0.009491677395999432 0
1731856823472 0.009543631225824356 0
1731856846509 0.009491086937487125 0
1731856868468 0.009608130902051926 0
1731856889797 0.009606369771063328 0
1731856911296 0.009650279767811298 0
1731856932797 0.009649436920881271 0
1731856954237 0.009594217874109745 0
1731856975641 0.009565049782395363 0
1731856997156 0.009569745510816574 0
1731857018746 0.00961118284612894 0
1731857039192 0.009731183759868145 0
1731857059666 0.00977101270109415 0
1731857080111 0.009761926718056202 0
1731857100574 0.009692034684121609 0
1731857121015 0.009697427973151207 0
1731857141409 0.009748619049787521 0
1731857161858 0.009689589031040668 0
1731857181774 0.009572639130055904 0
1731857201635 0.00961348321288824 0
1731857221390 0.009754089638590813 0
1731857241236 0.009711465798318386 0
1731857260968 0.009631892666220665 0
1731857280799 0.009808767586946487 0
1731857300530 0.009637133218348026 0
1731857320680 0.009724999777972698 0
1731857340414 0.009740247391164303 0
1731857360290 0.009588705375790596 0
1731857380026 0.009747647680342197 0
1731857399850 0.009650894440710545 0
1731857419559 0.009706022217869759 0
1731857439469 0.009695762768387794 0
1731857459176 0.00971168465912342 0
1731857479085 0.009748012758791447 0
1731857498790 0.00970225315541029 0
1731857518622 0.009726818650960922 0
1731857538291 0.009663972072303295 0
1731857558171 0.00971973966807127 0
1731857577854 0.009719235822558403 0
1731857597723 0.009674299508333206 0
1731857617790 0.00979516003280878 0
1731857637650 0.00971673708409071 0
1731857657351 0.00970438402146101 0
1731857677240 0.009844295680522919 0
1731857696950 0.00978825706988573 0
1731857716848 0.009717295877635479 0
1731857736594 0.009696443565189838 0
1731857756451 0.00977940671145916 0
1731857776166 0.009796827100217342 0
1731857796046 0.009717433713376522 0
1731857815815 0.00964454747736454 0
1731857835677 0.009763297624886036 0
1731857855328 0.009842772968113422 0
1731857875139 0.009712553583085537 0
1731857894884 0.009827984496951103 0
1731857915044 0.00980487372726202 0
1731857934716 0.009826650843024254 0
1731857954565 0.009818295016884804 0
1731857974313 0.009827879257500172 0
1731857994136 0.009796863421797752 0
1731858013831 0.009807877242565155 0
1731858033665 0.009769586846232414 0
1731858053346 0.009878966957330704 0
1731858073191 0.009765991009771824 0
1731858092911 0.009826000779867172 0
1731858112778 0.009686523117125034 0
1731858132481 0.009812644682824612 0
1731858152342 0.009887916967272758 0
1731858172013 0.009867456741631031 0
1731858192279 0.009823497384786606 0
1731858211955 0.009851072914898396 0
1731858231831 0.009809332899749279 0
1731858251556 0.009778808802366257 0
1731858271418 0.009826217778027058 0
1731858291109 0.009840407408773899 0
1731858310918 0.00982724130153656 0
1731858330600 0.00977278035134077 0
1731858350431 0.00986525695770979 0
1731858370158 0.009865164756774902 0
1731858390031 0.0097971111536026 0
1731858409741 0.009799705818295479 0
1731858429623 0.009783715009689331 0
1731858449335 0.009882690384984016 0
1731858469190 0.009860540740191936 0
1731858489244 0.009759020991623402 0
1731858509096 0.009826145134866238 0
1731858528844 0.009809124283492565 0
1731858548699 0.009811457246541977 0
1731858568371 0.009836050681769848 0
1731858588227 0.009838427416980267 0
1731858607939 0.009832588024437428 0
1731858627765 0.009846099652349949 0
1731858647470 0.009833136573433876 0
1731858667328 0.00984848290681839 0
1731858687075 0.009855627082288265 0
1731858706890 0.009899723343551159 0
1731858726681 0.00980769470334053 0
1731858746520 0.009822949767112732 0
1731858766262 0.009859936311841011 0
1731858786456 0.009851126000285149 0
1731858806203 0.009874769486486912 0
1731858826042 0.009896980598568916 0
1731858845787 0.009791026823222637 0
1731858865621 0.009879712015390396 0
1731858885313 0.009811237454414368 0
1731858905157 0.009830893948674202 0
1731858924891 0.009808184579014778 0
1731858944720 0.009817937389016151 0
1731858964426 0.009859122335910797 0
1731858984238 0.00985034555196762 0
1731859003946 0.00989474542438984 0
1731859023798 0.009802603162825108 0
1731859043485 0.009795285761356354 0
1731859063363 0.009861564263701439 0
1731859083413 0.009866666980087757 0
1731859103237 0.009855013340711594 0
1731859122926 0.009833372198045254 0
1731859142759 0.0098739517852664 0
1731859162407 0.009854043833911419 0
1731859182330 0.00986439734697342 0
1731859202011 0.009818973019719124 0
1731859221806 0.00988483801484108 0
1731859241515 0.009863687679171562 0
1731859261317 0.009857319295406342 0
1731859281025 0.009862937033176422 0
1731859300839 0.009905138984322548 0
1731859320572 0.009867966175079346 0
1731859340393 0.009836439043283463 0
1731859360097 0.009869766421616077 0
1731859380279 0.009863849729299545 0
1731859400008 0.00985653605312109 0
1731859419850 0.009901830926537514 0
1731859439531 0.00990075059235096 0
1731859459364 0.009859586134552956 0
1731859479128 0.009874222800135612 0
1731859498959 0.009862699545919895 0
1731859518681 0.00985407829284668 0
1731859538526 0.00991116464138031 0
1731859558235 0.009859217330813408 0
1731859578061 0.009868962690234184 0
1731859597783 0.009875419549643993 0
1731859617624 0.009835410863161087 0
1731859637328 0.009863412007689476 0
1731859657528 0.009897435083985329 0
1731859677233 0.009869754314422607 0
1731859697092 0.009821468032896519 0
1731859716796 0.009895273484289646 0
1731859736663 0.009836911223828793 0
1731859756405 0.009843537583947182 0
1731859776240 0.009876120835542679 0
1731859795938 0.009845970198512077 0
1731859815766 0.009920542128384113 0
1731859835510 0.009910059161484241 0
1731859855332 0.009874959476292133 0
1731859875040 0.009880578145384789 0
1731859894874 0.009885810315608978 0
1731859914552 0.009841136634349823 0
1731859934396 0.009860329329967499 0
1731859954424 0.009898089803755283 0
1731859974303 0.009851544164121151 0
1731859994021 0.009876338765025139 0
1731860013881 0.009850890375673771 0
1731860033554 0.009877451695501804 0
1731860053368 0.009886528365314007 0
1731860073037 0.009898101910948753 0
1731860092881 0.009873175993561745 0
1731860112643 0.009884556755423546 0
1731860132424 0.009856495074927807 0
1731860152116 0.00993118342012167 0
1731860171956 0.009885769337415695 0
1731860191647 0.009917533956468105 0
1731860211501 0.00989964697510004 0
1731860231232 0.009861684404313564 0
1731860251384 0.009888289496302605 0
1731860271073 0.009873779490590096 0
1731860290955 0.00990429986268282 0
1731860310635 0.009921301156282425 0
1731860330449 0.009858314879238605 0
1731860350139 0.009911535307765007 0
1731860369984 0.009884915314614773 0
1731860389685 0.00990995392203331 0
1731860409544 0.009870629757642746 0
1731860429276 0.009891299530863762 0
1731860449138 0.009899770841002464 0
1731860468817 0.009902157820761204 0
1731860488703 0.009863031096756458 0
1731860508436 0.009881156496703625 0
1731860528214 0.009906238876283169 0
1731860548265 0.009923163801431656 0
1731860568135 0.009911717846989632 0
1731860587831 0.00988007988780737 0
1731860607602 0.00988173671066761 0
1731860627277 0.009864033199846745 0
1731860647089 0.009884032420814037 0
1731860666743 0.009900358505547047 0
1731860686568 0.00992661900818348 0
1731860706267 0.009893137030303478 0
1731860726142 0.009929535910487175 0
1731860745812 0.009900365956127644 0
1731860765658 0.009899381548166275 0
1731860785421 0.009896276518702507 0
1731860805254 0.00990358367562294 0
1731860824918 0.009882008656859398 0
