1731856314779 0.4695627689361572 0
1731856342426 0.4299037456512451 0
1731856369390 0.404043972492218 0
1731856396234 0.3851591646671295 0
1731856422774 0.36542630195617676 0
1731856449311 0.335421085357666 0
1731856475502 0.3283980190753937 0
1731856501754 0.3023134469985962 0
1731856527850 0.2941807806491852 0
1731856554122 0.28931376338005066 0
1731856580313 0.2858714461326599 0
1731856606625 0.2833242416381836 0
1731856632866 0.2737067639827728 0
1731856659214 0.27359649538993835 0
1731856685190 0.25821006298065186 0
1731856708258 0.26507043838500977 0
1731856731254 0.25357043743133545 0
1731856754292 0.25574633479118347 0
1731856777333 0.2529934048652649 0
1731856800415 0.24937008321285248 0
1731856823472 0.2485356628894806 0
1731856846509 0.2459224909543991 0
1731856868468 0.24967989325523376 0
1731856889797 0.248354971408844 0
1731856911296 0.24088890850543976 0
1731856932797 0.24195073544979095 0
1731856954237 0.23944105207920074 0
1731856975641 0.23707187175750732 0
1731856997156 0.2328231781721115 0
1731857018746 0.24062347412109375 0
1731857039192 0.24222752451896667 0
1731857059666 0.23505675792694092 0
1731857080111 0.2349337339401245 0
1731857100574 0.23586256802082062 0
1731857121015 0.23382103443145752 0
1731857141409 0.22784045338630676 0
1731857161858 0.23880794644355774 0
1731857181774 0.23154479265213013 0
1731857201635 0.23134107887744904 0
1731857221390 0.23261800408363342 0
1731857241236 0.23224130272865295 0
1731857260968 0.2327413707971573 0
1731857280799 0.23398301005363464 0
1731857300530 0.2297355830669403 0
1731857320680 0.2311910092830658 0
1731857340414 0.22852689027786255 0
1731857360290 0.22774699330329895 0
1731857380026 0.22288157045841217 0
1731857399850 0.2310088872909546 0
1731857419559 0.21677792072296143 0
1731857439469 0.22936737537384033 0
1731857459176 0.22351883351802826 0
1731857479085 0.21789763867855072 0
1731857498790 0.22308337688446045 0
1731857518622 0.22006046772003174 0
1731857538291 0.2218739092350006 0
1731857558171 0.22362996637821198 0
1731857577854 0.2236594706773758 0
1731857597723 0.22227099537849426 0
1731857617790 0.22438155114650726 0
1731857637650 0.21928203105926514 0
1731857657351 0.22274526953697205 0
1731857677240 0.22033722698688507 0
1731857696950 0.22688552737236023 0
1731857716848 0.2197219729423523 0
1731857736594 0.21826744079589844 0
1731857756451 0.22283750772476196 0
1731857776166 0.2173612117767334 0
1731857796046 0.22142653167247772 0
1731857815815 0.2238427847623825 0
1731857835677 0.2286032736301422 0
1731857855328 0.2196808010339737 0
1731857875139 0.22457535564899445 0
1731857894884 0.22144347429275513 0
1731857915044 0.21994054317474365 0
1731857934716 0.2172967493534088 0
1731857954565 0.21413955092430115 0
1731857974313 0.2218642681837082 0
1731857994136 0.22099526226520538 0
1731858013831 0.21680080890655518 0
1731858033665 0.21654856204986572 0
1731858053346 0.2142070233821869 0
1731858073191 0.21975694596767426 0
1731858092911 0.21869876980781555 0
1731858112778 0.21999891102313995 0
1731858132481 0.22059033811092377 0
1731858152342 0.21322405338287354 0
1731858172013 0.2150045782327652 0
1731858192279 0.21616898477077484 0
1731858211955 0.21507690846920013 0
1731858231831 0.21436840295791626 0
1731858251556 0.21514879167079926 0
1731858271418 0.21479395031929016 0
1731858291109 0.21413381397724152 0
1731858310918 0.2156728208065033 0
1731858330600 0.2145175337791443 0
1731858350431 0.2127956598997116 0
1731858370158 0.21369825303554535 0
1731858390031 0.21645300090312958 0
1731858409741 0.218237042427063 0
1731858429623 0.2170466184616089 0
1731858449335 0.21388410031795502 0
1731858469190 0.21371467411518097 0
1731858489244 0.21634915471076965 0
1731858509096 0.22068491578102112 0
1731858528844 0.20906642079353333 0
1731858548699 0.2143581509590149 0
1731858568371 0.21441513299942017 0
1731858588227 0.21488361060619354 0
1731858607939 0.2153194099664688 0
1731858627765 0.21373416483402252 0
1731858647470 0.21055413782596588 0
1731858667328 0.21127216517925262 0
1731858687075 0.20955248177051544 0
1731858706890 0.21270814538002014 0
1731858726681 0.21515633165836334 0
1731858746520 0.21433767676353455 0
1731858766262 0.21480977535247803 0
1731858786456 0.21105967462062836 0
1731858806203 0.2102826088666916 0
1731858826042 0.21241915225982666 0
1731858845787 0.21153609454631805 0
1731858865621 0.21450981497764587 0
1731858885313 0.21231244504451752 0
1731858905157 0.20988976955413818 0
1731858924891 0.21406951546669006 0
1731858944720 0.2103000432252884 0
1731858964426 0.21015474200248718 0
1731858984238 0.21301627159118652 0
1731859003946 0.21157322824001312 0
1731859023798 0.21056745946407318 0
1731859043485 0.21204140782356262 0
1731859063363 0.21395732462406158 0
1731859083413 0.2116478979587555 0
1731859103237 0.21552129089832306 0
1731859122926 0.2097804844379425 0
1731859142759 0.21043026447296143 0
1731859162407 0.21537472307682037 0
1731859182330 0.21244217455387115 0
1731859202011 0.21430447697639465 0
1731859221806 0.20923852920532227 0
1731859241515 0.21052885055541992 0
1731859261317 0.2104036659002304 0
1731859281025 0.21039235591888428 0
1731859300839 0.2115311324596405 0
1731859320572 0.20886635780334473 0
1731859340393 0.21203146874904633 0
1731859360097 0.2136044055223465 0
1731859380279 0.21264959871768951 0
1731859400008 0.21144503355026245 0
1731859419850 0.21248123049736023 0
1731859439531 0.2125592976808548 0
1731859459364 0.21193526685237885 0
1731859479128 0.21156929433345795 0
1731859498959 0.2104077786207199 0
1731859518681 0.2114214301109314 0
1731859538526 0.21464332938194275 0
1731859558235 0.21325193345546722 0
1731859578061 0.21048122644424438 0
1731859597783 0.20747005939483643 0
1731859617624 0.21076859533786774 0
1731859637328 0.2101822793483734 0
1731859657528 0.21064792573451996 0
1731859677233 0.21240732073783875 0
1731859697092 0.21165715157985687 0
1731859716796 0.21181818842887878 0
1731859736663 0.21278080344200134 0
1731859756405 0.21108148992061615 0
1731859776240 0.21090666949748993 0
1731859795938 0.21374529600143433 0
1731859815766 0.21218366920948029 0
1731859835510 0.2110123336315155 0
1731859855332 0.21126894652843475 0
1731859875040 0.21188488602638245 0
1731859894874 0.2113039344549179 0
1731859914552 0.21012017130851746 0
1731859934396 0.20788270235061646 0
1731859954424 0.2106744945049286 0
1731859974303 0.2104293406009674 0
1731859994021 0.20879383385181427 0
1731860013881 0.2100687325000763 0
1731860033554 0.20805315673351288 0
1731860053368 0.2108945995569229 0
1731860073037 0.21087609231472015 0
1731860092881 0.2124747335910797 0
1731860112643 0.20929579436779022 0
1731860132424 0.20888203382492065 0
1731860152116 0.20921720564365387 0
1731860171956 0.21070916950702667 0
1731860191647 0.21100111305713654 0
1731860211501 0.2099355310201645 0
1731860231232 0.20959419012069702 0
1731860251384 0.2088475525379181 0
1731860271073 0.20804820954799652 0
1731860290955 0.2095574587583542 0
1731860310635 0.21007132530212402 0
1731860330449 0.2087526172399521 0
1731860350139 0.20900416374206543 0
1731860369984 0.20825617015361786 0
1731860389685 0.206721231341362 0
1731860409544 0.20921525359153748 0
1731860429276 0.20952217280864716 0
1731860449138 0.21064493060112 0
1731860468817 0.20927901566028595 0
1731860488703 0.20950955152511597 0
1731860508436 0.21086342632770538 0
1731860528214 0.21071377396583557 0
1731860548265 0.20916390419006348 0
1731860568135 0.21014565229415894 0
1731860587831 0.21143600344657898 0
1731860607602 0.21004635095596313 0
1731860627277 0.2121887058019638 0
1731860647089 0.20979565382003784 0
1731860666743 0.20797652006149292 0
1731860686568 0.21050718426704407 0
1731860706267 0.20901235938072205 0
1731860726142 0.20875710248947144 0
1731860745812 0.21055813133716583 0
1731860765658 0.20948684215545654 0
1731860785421 0.20901110768318176 0
1731860805254 0.2085251361131668 0
1731860824918 0.20991212129592896 0
