1731856314782 0.0027340289670974016 0
1731856342432 0.0002490590850356966 0
1731856369396 0.00023449014406651258 0
1731856396236 0.0002615501289255917 0
1731856422777 0.00022684724535793066 0
1731856449313 0.0002764699747785926 0
1731856475505 0.00028490781551226974 0
1731856501756 0.00022967089898884296 0
1731856527853 0.00033477949909865856 0
1731856554124 0.0002478560490999371 0
1731856580315 0.00028194926562719047 0
1731856606627 0.00025305550661869347 0
1731856632868 0.000338354439008981 0
1731856659217 0.0003564002690836787 0
1731856685193 0.0002631726674735546 0
1731856708261 0.0003042240277864039 0
1731856731256 0.00032194925006479025 0
1731856754295 0.00035407545510679483 0
1731856777335 0.00032234593527391553 0
1731856800417 0.0003444344620220363 0
1731856823474 0.0003181800711899996 0
1731856846512 0.0003242372185923159 0
1731856868471 0.00036906107561662793 0
1731856889800 0.0003126029623672366 0
1731856911299 0.00029478975920937955 0
1731856932800 0.00033532173256389797 0
1731856954240 0.0003190799034200609 0
1731856975643 0.00035696697887033224 0
1731856997159 0.00031527483952231705 0
1731857018749 0.0003715981147252023 0
1731857039194 0.0004429978143889457 0
1731857059668 0.00041105158743448555 0
1731857080113 0.0003401079447939992 0
1731857100577 0.00035289203515276313 0
1731857121017 0.0003409995697438717 0
1731857141412 0.00038173337816260755 0
1731857161861 0.00038416331517510116 0
1731857181776 0.000386309897294268 0
1731857201637 0.00034946444793604314 0
1731857221392 0.00036162545438855886 0
1731857241238 0.00037786844768561423 0
1731857260971 0.00042015171493403614 0
1731857280802 0.00035778078017756343 0
1731857300532 0.000417847593780607 0
1731857320683 0.0003309854946564883 0
1731857340416 0.00041886873077601194 0
1731857360292 0.0003991992853116244 0
1731857380029 0.0003697024949360639 0
1731857399853 0.0003781962441280484 0
1731857419561 0.0003701886744238436 0
1731857439471 0.00041401636553928256 0
1731857459178 0.000399776705307886 0
1731857479088 0.00036116852425038815 0
1731857498792 0.0004050651623401791 0
1731857518624 0.0003682287351693958 0
1731857538293 0.0004084817483089864 0
1731857558173 0.0003834643866866827 0
1731857577857 0.000380474521080032 0
1731857597725 0.000427329505328089 0
1731857617792 0.00034186680568382144 0
1731857637653 0.00040382647421211004 0
1731857657354 0.00039865411235950887 0
1731857677242 0.0003863958700094372 0
1731857696953 0.0004020049818791449 0
1731857716850 0.00038497240166179836 0
1731857736596 0.00039119867142289877 0
1731857756454 0.0004047738329973072 0
1731857776169 0.0003959050227422267 0
1731857796049 0.00038976085488684475 0
1731857815817 0.00039321024087257683 0
1731857835680 0.00041012497968040407 0
1731857855330 0.00037379187415353954 0
1731857875142 0.0003493211988825351 0
1731857894887 0.00042080500861629844 0
1731857915046 0.00037515771691687405 0
1731857934718 0.0003530624962877482 0
1731857954567 0.00041555188363417983 0
1731857974315 0.00044280814472585917 0
1731857994139 0.00038307864451780915 0
1731858013833 0.0004173174384050071 0
1731858033668 0.00036249589174985886 0
1731858053349 0.00038784954813309014 0
1731858073193 0.00034988520201295614 0
1731858092913 0.0003792468341998756 0
1731858112780 0.00037328252801671624 0
1731858132483 0.00038896180922165513 0
1731858152344 0.0004104214021936059 0
1731858172015 0.00044796077418141067 0
1731858192281 0.0003936797729693353 0
1731858211957 0.0003680738154798746 0
1731858231833 0.0003461100277490914 0
1731858251558 0.0003630701685324311 0
1731858271420 0.00037624588003382087 0
1731858291111 0.0004065802786499262 0
1731858310921 0.00036465187440626323 0
1731858330602 0.00034836085978895426 0
1731858350434 0.00037907552905380726 0
1731858370160 0.00037962113856337965 0
1731858390034 0.00036554544931277633 0
1731858409744 0.00041857981705106795 0
1731858429625 0.0003722812398336828 0
1731858449337 0.0004015023587271571 0
1731858469193 0.0003408964548725635 0
1731858489246 0.000365258427336812 0
1731858509099 0.00041368193342350423 0
1731858528846 0.0004277972038835287 0
1731858548701 0.00037345566670410335 0
1731858568374 0.0003829960187431425 0
1731858588231 0.00037222530227154493 0
1731858607942 0.00037553085712715983 0
1731858627768 0.00036736909532919526 0
1731858647473 0.0003601921780500561 0
1731858667331 0.00039108272176235914 0
1731858687078 0.00037550521665252745 0
1731858706892 0.00035433913581073284 0
1731858726683 0.0003998306056018919 0
1731858746522 0.00037937896559014916 0
1731858766265 0.0003962480113841593 0
1731858786458 0.0003814385272562504 0
1731858806206 0.00041907501872628927 0
1731858826045 0.0003795742813963443 0
1731858845790 0.00039823848055675626 0
1731858865623 0.00039559503784403205 0
1731858885315 0.0003804171283263713 0
1731858905164 0.00033454096410423517 0
1731858924893 0.00038602622225880623 0
1731858944722 0.0003930961829610169 0
1731858964428 0.00038817658787593246 0
1731858984240 0.00046156556345522404 0
1731859003949 0.0004331041709519923 0
1731859023800 0.0004339609295129776 0
1731859043487 0.00037751244963146746 0
1731859063365 0.0003648334532044828 0
1731859083415 0.00039736859616823494 0
1731859103239 0.00040582945803180337 0
1731859122929 0.00035979290260002017 0
1731859142761 0.0004002195200882852 0
1731859162409 0.00039814598858356476 0
1731859182332 0.00041817076271399856 0
1731859202013 0.0003841963771265 0
1731859221808 0.0003898405993822962 0
1731859241517 0.00035522624966688454 0
1731859261319 0.0004215188091620803 0
1731859281028 0.0004140145902056247 0
1731859300841 0.000443509838078171 0
1731859320574 0.00038243026938289404 0
1731859340395 0.0004055392637383193 0
1731859360099 0.00043144021765328944 0
1731859380282 0.0004399556783027947 0
1731859400010 0.00041091738967224956 0
1731859419852 0.00039985901094041765 0
1731859439533 0.0004794580163434148 0
1731859459366 0.0003620056086219847 0
1731859479130 0.00038647165638394654 0
1731859498961 0.000383724516723305 0
1731859518683 0.0004481322830542922 0
1731859538528 0.0003922920732293278 0
1731859558237 0.0004198104434181005 0
1731859578063 0.0003978224704042077 0
1731859597785 0.0003941878385376185 0
1731859617626 0.0004420691111590713 0
1731859637331 0.0004291553923394531 0
1731859657530 0.0004015653976239264 0
1731859677235 0.00041386220254935324 0
1731859697094 0.00036593503318727016 0
1731859716798 0.0003630146966315806 0
1731859736666 0.000407025363529101 0
1731859756408 0.0003776001976802945 0
1731859776242 0.00038521576789207757 0
1731859795940 0.00041508415597490966 0
1731859815768 0.00039841473335400224 0
1731859835512 0.0004767678037751466 0
1731859855334 0.0003846655017696321 0
1731859875042 0.000411751854699105 0
1731859894877 0.0003566796367522329 0
1731859914554 0.0003890555817633867 0
1731859934398 0.0004123884136788547 0
1731859954427 0.00040748718311078846 0
1731859974305 0.0003960174508392811 0
1731859994023 0.00038585392758250237 0
1731860013884 0.00041551433969289064 0
1731860033556 0.0003676994238048792 0
1731860053371 0.0004140610108152032 0
1731860073039 0.00039986168849281967 0
1731860092883 0.0004262113943696022 0
1731860112646 0.00043670585728250444 0
1731860132426 0.0004213114734739065 0
1731860152118 0.00042604649206623435 0
1731860171959 0.0004240878624841571 0
1731860191649 0.00037469930248335004 0
1731860211503 0.00039873167406767607 0
1731860231235 0.00039256701711565256 0
1731860251387 0.00038751601823605597 0
1731860271076 0.0004253628430888057 0
1731860290957 0.0004338243161328137 0
1731860310637 0.0004210488114040345 0
1731860330451 0.00040878442814573646 0
1731860350141 0.0003818969416897744 0
1731860369986 0.0003735162317752838 0
1731860389687 0.00039116613334044814 0
1731860409547 0.0003713011392392218 0
1731860429278 0.00039678846951574087 0
1731860449140 0.0003939144662581384 0
1731860468820 0.0004282311419956386 0
1731860488705 0.0003946319338865578 0
1731860508438 0.00041670570499263704 0
1731860528216 0.00039055192610248923 0
1731860548267 0.00039920193376019597 0
1731860568138 0.0003781655104830861 0
1731860587834 0.0003936118446290493 0
1731860607605 0.00042467680759727955 0
1731860627280 0.0004123210674151778 0
1731860647094 0.0004075458855368197 0
1731860666746 0.0004063741071149707 0
1731860686571 0.0003866639453917742 0
1731860706269 0.0003956448344979435 0
1731860726144 0.0004189714672975242 0
1731860745815 0.0004013926081825048 0
1731860765660 0.00039625930367037654 0
1731860785424 0.0003888877108693123 0
1731860805256 0.00041398435132578015 0
1731860824920 0.00042983092134818435 0
