1731856314782 0.00906908605247736 0
1731856342432 0.00568375876173377 0
1731856369396 0.005371469538658857 0
1731856396236 0.005530496593564749 0
1731856422777 0.0045019532553851604 0
1731856449313 0.004522677510976791 0
1731856475505 0.0045488448813557625 0
1731856501756 0.003955951426178217 0
1731856527853 0.003888450562953949 0
1731856554124 0.004192490130662918 0
1731856580315 0.004094995092600584 0
1731856606627 0.0037736340891569853 0
1731856632868 0.0038719603326171637 0
1731856659217 0.003484637476503849 0
1731856685193 0.0035786107182502747 0
1731856708261 0.0033635373692959547 0
1731856731256 0.0036695783492177725 0
1731856754295 0.003622534452006221 0
1731856777335 0.0035292403772473335 0
1731856800417 0.003707701340317726 0
1731856823474 0.0038764250930398703 0
1731856846512 0.0033751740120351315 0
1731856868471 0.0038233583327382803 0
1731856889800 0.0030650764238089323 0
1731856911299 0.003128236159682274 0
1731856932800 0.0036171048413962126 0
1731856954240 0.003038847353309393 0
1731856975643 0.003199057187885046 0
1731856997159 0.0029380153864622116 0
1731857018749 0.003194688353687525 0
1731857039194 0.003182434942573309 0
1731857059668 0.003061726689338684 0
1731857080113 0.002958480967208743 0
1731857100577 0.00301983836106956 0
1731857121017 0.0035816780291497707 0
1731857141412 0.002613938180729747 0
1731857161861 0.0028365645557641983 0
1731857181776 0.0030620459001511335 0
1731857201637 0.0025423092301934958 0
1731857221392 0.0024728705175220966 0
1731857241238 0.002747749676927924 0
1731857260971 0.002561777364462614 0
1731857280802 0.003344051307067275 0
1731857300532 0.002704756101593375 0
1731857320683 0.00288136163726449 0
1731857340416 0.0030070513021200895 0
1731857360292 0.0026010172441601753 0
1731857380029 0.0033033816143870354 0
1731857399853 0.002524077892303467 0
1731857419561 0.0026556341908872128 0
1731857439471 0.002566463313996792 0
1731857459178 0.002348829060792923 0
1731857479088 0.0028439550660550594 0
1731857498792 0.002642631297931075 0
1731857518624 0.002397598000243306 0
1731857538293 0.002069807844236493 0
1731857558173 0.003034339752048254 0
1731857577857 0.0023715682327747345 0
1731857597725 0.002404275117442012 0
1731857617792 0.0025392593815922737 0
1731857637653 0.0023646531626582146 0
1731857657354 0.0024791881442070007 0
1731857677242 0.0022435812279582024 0
1731857696953 0.0024230103008449078 0
1731857716850 0.0023447340354323387 0
1731857736596 0.0027488749474287033 0
1731857756454 0.0022417947184294462 0
1731857776169 0.0018364604329690337 0
1731857796049 0.0021289209835231304 0
1731857815817 0.0024941731244325638 0
1731857835680 0.0020199506543576717 0
1731857855330 0.0020893681794404984 0
1731857875142 0.002299404703080654 0
1731857894887 0.0019427251536399126 0
1731857915046 0.0026545743457973003 0
1731857934718 0.002360454760491848 0
1731857954567 0.0021152524277567863 0
1731857974315 0.0022148031275719404 0
1731857994139 0.0022662575356662273 0
1731858013833 0.0020380322821438313 0
1731858033668 0.0019501678179949522 0
1731858053349 0.0019807610660791397 0
1731858073193 0.002192795742303133 0
1731858092913 0.001901533454656601 0
1731858112780 0.0016910688718780875 0
1731858132483 0.0015828886535018682 0
1731858152344 0.002119609620422125 0
1731858172015 0.001939272740855813 0
1731858192281 0.0015478339046239853 0
1731858211957 0.001783678657375276 0
1731858231833 0.0016730254283174872 0
1731858251558 0.0016599752707406878 0
1731858271420 0.0017440717201679945 0
1731858291111 0.0018713045865297318 0
1731858310921 0.001778593985363841 0
1731858330602 0.0018758885562419891 0
1731858350434 0.002103326143696904 0
1731858370160 0.0016740880673751235 0
1731858390034 0.0016956774052232504 0
1731858409744 0.00179689796641469 0
1731858429625 0.0018023904412984848 0
1731858449337 0.001702022971585393 0
1731858469193 0.001768656075000763 0
1731858489246 0.0019645406864583492 0
1731858509099 0.0018024619203060865 0
1731858528846 0.0015626329695805907 0
1731858548701 0.0017204851610586047 0
1731858568374 0.001722387969493866 0
1731858588231 0.001727737719193101 0
1731858607942 0.0017022121464833617 0
1731858627768 0.0015261907828971744 0
1731858647473 0.001803649589419365 0
1731858667331 0.0015416466630995274 0
1731858687078 0.001788703491911292 0
1731858706892 0.0017933668568730354 0
1731858726683 0.0015994170680642128 0
1731858746522 0.0016193430637940764 0
1731858766265 0.0016754710813984275 0
1731858786458 0.0014072684571146965 0
1731858806206 0.0014682234032079577 0
1731858826045 0.0014447947032749653 0
1731858845790 0.0014711478725075722 0
1731858865623 0.0014573363587260246 0
1731858885315 0.0012762288097292185 0
1731858905164 0.0015813240315765142 0
1731858924893 0.00139430514536798 0
1731858944722 0.0019082643557339907 0
1731858964428 0.0012230313150212169 0
1731858984240 0.0013868112582713366 0
1731859003949 0.0014315159060060978 0
1731859023800 0.0014390116557478905 0
1731859043487 0.0013682094868272543 0
1731859063365 0.0014789921697229147 0
1731859083415 0.001429269090294838 0
1731859103239 0.0017791170394048095 0
1731859122929 0.0013706957688555121 0
1731859142761 0.0015018244739621878 0
1731859162409 0.0016832409892231226 0
1731859182332 0.0012898978311568499 0
1731859202013 0.0014493269845843315 0
1731859221808 0.0014116850215941668 0
1731859241517 0.0012315493077039719 0
1731859261319 0.001413430436514318 0
1731859281028 0.0016223955899477005 0
1731859300841 0.001216284348629415 0
1731859320574 0.0013609057059511542 0
1731859340395 0.0013961702352389693 0
1731859360099 0.001346074277535081 0
1731859380282 0.0014580752467736602 0
1731859400010 0.0011219470761716366 0
1731859419852 0.0013279354898259044 0
1731859439533 0.0011560313869267702 0
1731859459366 0.0011638507712632418 0
1731859479130 0.0012715861666947603 0
1731859498961 0.001299354713410139 0
1731859518683 0.001142315799370408 0
1731859538528 0.0016076953615993261 0
1731859558237 0.0012125949142500758 0
1731859578063 0.0012076781131327152 0
1731859597785 0.0014138211263343692 0
1731859617626 0.0013112886808812618 0
1731859637331 0.0011280359467491508 0
1731859657530 0.0011303232749924064 0
1731859677235 0.0012691051233559847 0
1731859697094 0.0012138504534959793 0
1731859716798 0.0012198160402476788 0
1731859736666 0.0011829868890345097 0
1731859756408 0.0010263514705002308 0
1731859776242 0.0011499137617647648 0
1731859795940 0.0010842594783753157 0
1731859815768 0.001266023376956582 0
1731859835512 0.0011111776111647487 0
1731859855334 0.0011516949161887169 0
1731859875042 0.0011909392196685076 0
1731859894877 0.0013058360200375319 0
1731859914554 0.001130834687501192 0
1731859934398 0.0011167579796165228 0
1731859954427 0.0010770546505227685 0
1731859974305 0.001232051057741046 0
1731859994023 0.0012087317882105708 0
1731860013884 0.0010810662060976028 0
1731860033556 0.0012527912622317672 0
1731860053371 0.0010681014973670244 0
1731860073039 0.0012561732437461615 0
1731860092883 0.001143388682976365 0
1731860112646 0.0010202676057815552 0
1731860132426 0.001022751908749342 0
1731860152118 0.0010548299178481102 0
1731860171959 0.0013942308723926544 0
1731860191649 0.0010730349458754063 0
1731860211503 0.0011129553895443678 0
1731860231235 0.0010093747405335307 0
1731860251387 0.0010587174911051989 0
1731860271076 0.0010131157469004393 0
1731860290957 0.0011965999146923423 0
1731860310637 0.0008466541767120361 0
1731860330451 0.0009578291210345924 0
1731860350141 0.0010484831873327494 0
1731860369986 0.001123030437156558 0
1731860389687 0.0010883047943934798 0
1731860409547 0.0009522773325443268 0
1731860429278 0.0008879349334165454 0
1731860449140 0.0011354426387697458 0
1731860468820 0.0010262219002470374 0
1731860488705 0.0009297627839259803 0
1731860508438 0.0010471928399056196 0
1731860528216 0.0010480015771463513 0
1731860548267 0.0011152876541018486 0
1731860568138 0.0010149828158318996 0
1731860587834 0.0010867665987461805 0
1731860607605 0.0010616177460178733 0
1731860627280 0.0011553058866411448 0
1731860647094 0.001024327240884304 0
1731860666746 0.0009821937419474125 0
1731860686571 0.0010607553413137794 0
1731860706269 0.0009766594739630818 0
1731860726144 0.0009481277666054666 0
1731860745815 0.000985624734312296 0
1731860765660 0.0010906686075031757 0
1731860785424 0.0010688527254387736 0
1731860805256 0.0010403183987364173 0
1731860824920 0.001043264870531857 0
