1732098583513 0.01250612735748291 0
1732098608750 0.012960276566445827 0
1732098634250 0.013178536668419838 0
1732098659968 0.013479100540280342 0
1732098685560 0.013515397906303406 0
1732098711179 0.013688904233276844 0
1732098736731 0.013806696981191635 0
1732098762370 0.013920502737164497 0
1732098787933 0.013993777334690094 0
1732098813801 0.01429110486060381 0
1732098839514 0.01419695746153593 0
1732098865424 0.014375705271959305 0
1732098891196 0.01461819652467966 0
1732098917183 0.014375925064086914 0
1732098942781 0.014402228407561779 0
1732098965573 0.01471279188990593 0
1732098988421 0.01460521575063467 0
1732099011299 0.01472004409879446 0
1732099034180 0.014699915423989296 0
1732099057081 0.014592585153877735 0
1732099080019 0.015172789804637432 0
1732099102938 0.015029524452984333 0
1732099124722 0.014961783774197102 0
1732099145993 0.015047148801386356 0
1732099167387 0.015058786608278751 0
1732099188833 0.015075388364493847 0
1732099210334 0.014929253607988358 0
1732099231658 0.015148844569921494 0
1732099253130 0.015059016644954681 0
1732099274575 0.015155093744397163 0
1732099295114 0.015181416645646095 0
1732099315606 0.015036809258162975 0
1732099336139 0.015232942998409271 0
1732099356718 0.015367505140602589 0
1732099377192 0.015258110128343105 0
1732099397719 0.015231591649353504 0
1732099418217 0.015457243658602238 0
1732099438190 0.01524316892027855 0
1732099458157 0.015229430049657822 0
1732099477945 0.015474538318812847 0
1732099497934 0.01544961053878069 0
1732099517828 0.015486757270991802 0
1732099537831 0.015264869667589664 0
1732099557736 0.01534252054989338 0
1732099578104 0.015522204339504242 0
1732099598027 0.015327949076890945 0
1732099618083 0.015592118725180626 0
1732099637986 0.0153897013515234 0
1732099658010 0.015403274446725845 0
1732099677952 0.015273124910891056 0
1732099698020 0.015463938936591148 0
1732099717953 0.015203246846795082 0
1732099738039 0.015512295067310333 0
1732099757951 0.01535181887447834 0
1732099778005 0.015458702109754086 0
1732099797886 0.015412217937409878 0
1732099817963 0.015560770407319069 0
1732099837894 0.015420078299939632 0
1732099857948 0.015298126265406609 0
1732099878213 0.015390260145068169 0
1732099898352 0.01571785844862461 0
1732099918319 0.015290922485291958 0
1732099938409 0.015671271830797195 0
1732099958336 0.015352091751992702 0
1732099978455 0.015571322292089462 0
1732099998470 0.015521733090281487 0
1732100018581 0.015369168482720852 0
1732100038571 0.015415970236063004 0
1732100058691 0.015527410432696342 0
1732100078659 0.015706822276115417 0
1732100098799 0.015494732186198235 0
1732100118815 0.015504912473261356 0
1732100138939 0.015515442937612534 0
1732100158940 0.015487929806113243 0
1732100179451 0.01551842875778675 0
1732100199456 0.015484526753425598 0
1732100219602 0.015564413741230965 0
1732100239650 0.015496238134801388 0
1732100259825 0.015489988960325718 0
1732100279797 0.01563207060098648 0
1732100299985 0.015567769296467304 0
1732100319976 0.015599412843585014 0
1732100340145 0.01561584509909153 0
1732100360195 0.015506121329963207 0
1732100380373 0.015541138127446175 0
1732100400390 0.015670374035835266 0
1732100420544 0.015477420762181282 0
1732100440612 0.015536305494606495 0
1732100461345 0.01553353387862444 0
1732100481392 0.015591234900057316 0
1732100501581 0.01551560778170824 0
1732100521668 0.015613534487783909 0
1732100541835 0.015626301988959312 0
1732100561891 0.015554284676909447 0
1732100582089 0.01553536206483841 0
1732100602106 0.015554358251392841 0
1732100622327 0.0156265776604414 0
1732100642425 0.015582608059048653 0
1732100662634 0.015573822893202305 0
1732100682717 0.01558512169867754 0
1732100702959 0.015678219497203827 0
1732100723061 0.015529952012002468 0
1732100743325 0.015473412349820137 0
1732100763787 0.015587296336889267 0
1732100783988 0.015540646389126778 0
1732100804089 0.01564910262823105 0
1732100824359 0.015624966472387314 0
1732100844462 0.01546486746519804 0
1732100864692 0.015657568350434303 0
1732100884809 0.01568445935845375 0
1732100905098 0.015626030042767525 0
1732100925188 0.015562896616756916 0
1732100945424 0.015612403862178326 0
1732100965547 0.015569194220006466 0
1732100985808 0.015519880689680576 0
1732101005953 0.015621712431311607 0
1732101026231 0.015652261674404144 0
1732101046386 0.015684491023421288 0
1732101067035 0.015593117102980614 0
1732101087127 0.015659648925065994 0
1732101107388 0.015581103041768074 0
1732101127523 0.015763795003294945 0
1732101147825 0.0156471598893404 0
1732101167947 0.01568697579205036 0
1732101188211 0.01568586379289627 0
1732101208340 0.015700943768024445 0
1732101228546 0.015659701079130173 0
1732101248672 0.015632854774594307 0
1732101268950 0.015715647488832474 0
1732101289135 0.015688952058553696 0
1732101309485 0.01569562777876854 0
1732101329651 0.015661312267184258 0
1732101349933 0.015651853755116463 0
1732101370429 0.015690773725509644 0
1732101390721 0.0156632661819458 0
1732101410843 0.01577455922961235 0
1732101431135 0.015701254829764366 0
1732101451329 0.015630031004548073 0
1732101471656 0.015593855641782284 0
1732101491854 0.01569475419819355 0
1732101512145 0.015581679530441761 0
1732101532294 0.01567026786506176 0
1732101552676 0.01566070131957531 0
1732101572852 0.015598864294588566 0
1732101593151 0.015656091272830963 0
1732101613327 0.01561117172241211 0
1732101633637 0.015833407640457153 0
1732101653823 0.015646113082766533 0
1732101674497 0.0156774390488863 0
1732101694682 0.015695787966251373 0
1732101714961 0.015653807669878006 0
1732101735142 0.0156750176101923 0
1732101755486 0.015668775886297226 0
1732101775680 0.015682872384786606 0
1732101796014 0.01570609211921692 0
1732101816209 0.01572343520820141 0
1732101836538 0.015720529481768608 0
1732101856709 0.015687458217144012 0
1732101877054 0.015743589028716087 0
1732101897234 0.015699109062552452 0
1732101917565 0.015825005248188972 0
1732101937749 0.015690878033638 0
1732101958393 0.015779251232743263 0
1732101978632 0.015725798904895782 0
1732101998956 0.01569189317524433 0
1732102019133 0.015685569494962692 0
1732102039475 0.015787778422236443 0
1732102059713 0.01574644260108471 0
1732102080038 0.015725230798125267 0
1732102100212 0.01575113832950592 0
1732102120616 0.015774179250001907 0
1732102140830 0.01572473533451557 0
1732102161148 0.015694843605160713 0
1732102181307 0.015689030289649963 0
1732102201661 0.015693385154008865 0
1732102221861 0.01571487821638584 0
1732102242211 0.015698274597525597 0
1732102262781 0.015688903629779816 0
1732102283157 0.01571125164628029 0
1732102303361 0.01570091024041176 0
1732102323719 0.01566881127655506 0
1732102343917 0.015709644183516502 0
1732102364263 0.01573837362229824 0
1732102384500 0.01576988957822323 0
1732102404849 0.015678798779845238 0
1732102425044 0.01564895361661911 0
1732102445377 0.0156729556620121 0
1732102465579 0.015777548775076866 0
1732102485960 0.015707336366176605 0
1732102506168 0.015664611011743546 0
1732102526533 0.01569589227437973 0
1732102546725 0.015606236644089222 0
1732102567425 0.015635153278708458 0
1732102587631 0.015725137665867805 0
1732102607997 0.015695802867412567 0
1732102628202 0.015748361125588417 0
1732102648572 0.015751853585243225 0
1732102668760 0.01570029743015766 0
1732102689099 0.015770625323057175 0
1732102709327 0.01570005714893341 0
1732102729723 0.015704449266195297 0
1732102749955 0.01574942283332348 0
1732102770316 0.015778401866555214 0
1732102790544 0.015704890713095665 0
1732102810894 0.015671685338020325 0
1732102831117 0.015710782259702682 0
1732102851409 0.015686271712183952 0
1732102871966 0.01570494845509529 0
1732102892309 0.015655219554901123 0
1732102912527 0.015679478645324707 0
1732102932925 0.015680013224482536 0
1732102953163 0.01572403497993946 0
1732102973470 0.015762928873300552 0
1732102993694 0.015694675967097282 0
1732103014011 0.01571820303797722 0
1732103034266 0.015757370740175247 0
1732103054650 0.01572190225124359 0
1732103074887 0.015730751678347588 0
1732103095225 0.015735963359475136 0
1732103115473 0.01572437956929207 0
1732103135816 0.015753470361232758 0
1732103156044 0.015804175287485123 0
