1732098583513 1.3384895324707031 0
1732098608750 1.332841396331787 0
1732098634250 1.2597774267196655 0
1732098659968 1.3684669733047485 0
1732098685560 1.3593186140060425 0
1732098711179 1.3660496473312378 0
1732098736731 1.2631512880325317 0
1732098762370 1.2760668992996216 0
1732098787933 1.3346242904663086 0
1732098813801 1.351919174194336 0
1732098839514 1.2215068340301514 0
1732098865424 1.3840168714523315 0
1732098891196 1.3694186210632324 0
1732098917183 1.454959750175476 0
1732098942781 1.4596565961837769 0
1732098965573 1.4488364458084106 0
1732098988421 1.5002769231796265 0
1732099011299 1.4333500862121582 0
1732099034180 1.49031400680542 0
1732099057081 1.419625997543335 0
1732099080019 1.5825191736221313 0
1732099102938 1.4133858680725098 0
1732099124722 1.522086262702942 0
1732099145993 1.506983995437622 0
1732099167387 1.5245273113250732 0
1732099188833 1.6470688581466675 0
1732099210334 1.537782073020935 0
1732099231658 1.5511584281921387 0
1732099253130 1.6208003759384155 0
1732099274575 1.5564733743667603 0
1732099295114 1.6173394918441772 0
1732099315606 1.5816864967346191 0
1732099336139 1.539119005203247 0
1732099356718 1.5535393953323364 0
1732099377192 1.6070575714111328 0
1732099397719 1.5732231140136719 0
1732099418217 1.583954095840454 0
1732099438190 1.6728429794311523 0
1732099458157 1.613544225692749 0
1732099477945 1.6160885095596313 0
1732099497934 1.5726795196533203 0
1732099517828 1.6051512956619263 0
1732099537831 1.592889666557312 0
1732099557736 1.6265116930007935 0
1732099578104 1.6219730377197266 0
1732099598027 1.5996041297912598 0
1732099618083 1.5680384635925293 0
1732099637986 1.5771138668060303 0
1732099658010 1.5877430438995361 0
1732099677952 1.609893560409546 0
1732099698020 1.5439448356628418 0
1732099717953 1.6323322057724 0
1732099738039 1.5964429378509521 0
1732099757951 1.6091457605361938 0
1732099778005 1.5701390504837036 0
1732099797886 1.6117238998413086 0
1732099817963 1.5634640455245972 0
1732099837894 1.6686619520187378 0
1732099857948 1.5810867547988892 0
1732099878213 1.584489107131958 0
1732099898352 1.5442163944244385 0
1732099918319 1.5356227159500122 0
1732099938409 1.5919839143753052 0
1732099958336 1.5041346549987793 0
1732099978455 1.5922141075134277 0
1732099998470 1.569643259048462 0
1732100018581 1.5726269483566284 0
1732100038571 1.664986252784729 0
1732100058691 1.5609130859375 0
1732100078659 1.5702323913574219 0
1732100098799 1.5917081832885742 0
1732100118815 1.639486312866211 0
1732100138939 1.5826411247253418 0
1732100158940 1.5826586484909058 0
1732100179451 1.5258084535598755 0
1732100199456 1.5768535137176514 0
1732100219602 1.5763874053955078 0
1732100239650 1.5816797018051147 0
1732100259825 1.6156635284423828 0
1732100279797 1.5504710674285889 0
1732100299985 1.5612987279891968 0
1732100319976 1.5456115007400513 0
1732100340145 1.533570408821106 0
1732100360195 1.5541713237762451 0
1732100380373 1.5726146697998047 0
1732100400390 1.5850989818572998 0
1732100420544 1.5803377628326416 0
1732100440612 1.6200730800628662 0
1732100461345 1.53451669216156 0
1732100481392 1.6008968353271484 0
1732100501581 1.6140857934951782 0
1732100521668 1.5754146575927734 0
1732100541835 1.6151026487350464 0
1732100561891 1.5673071146011353 0
1732100582089 1.5945113897323608 0
1732100602106 1.5690780878067017 0
1732100622327 1.5958324670791626 0
1732100642425 1.5843993425369263 0
1732100662634 1.6352912187576294 0
1732100682717 1.530405879020691 0
1732100702959 1.5998964309692383 0
1732100723061 1.566349744796753 0
1732100743325 1.5648247003555298 0
1732100763787 1.5723284482955933 0
1732100783988 1.641344666481018 0
1732100804089 1.5660349130630493 0
1732100824359 1.5765743255615234 0
1732100844462 1.5687408447265625 0
1732100864692 1.5200928449630737 0
1732100884809 1.5867196321487427 0
1732100905098 1.568164587020874 0
1732100925188 1.5696500539779663 0
1732100945424 1.5831234455108643 0
1732100965547 1.559870958328247 0
1732100985808 1.5308241844177246 0
1732101005953 1.5625808238983154 0
1732101026231 1.5796102285385132 0
1732101046386 1.5543084144592285 0
1732101067035 1.5356942415237427 0
1732101087127 1.5646272897720337 0
1732101107388 1.58407461643219 0
1732101127523 1.5225642919540405 0
1732101147825 1.5922518968582153 0
1732101167947 1.5579878091812134 0
1732101188211 1.5770272016525269 0
1732101208340 1.5606505870819092 0
1732101228546 1.5963925123214722 0
1732101248672 1.5361344814300537 0
1732101268950 1.5080604553222656 0
1732101289135 1.5336440801620483 0
1732101309485 1.5416734218597412 0
1732101329651 1.5174323320388794 0
1732101349933 1.5460777282714844 0
1732101370429 1.5511107444763184 0
1732101390721 1.5451589822769165 0
1732101410843 1.5592907667160034 0
1732101431135 1.5333606004714966 0
1732101451329 1.603639841079712 0
1732101471656 1.5685299634933472 0
1732101491854 1.5637400150299072 0
1732101512145 1.5668927431106567 0
1732101532294 1.5597251653671265 0
1732101552676 1.5195748805999756 0
1732101572852 1.5861624479293823 0
1732101593151 1.5513747930526733 0
1732101613327 1.6294164657592773 0
1732101633637 1.5600078105926514 0
1732101653823 1.5810142755508423 0
1732101674497 1.5501174926757812 0
1732101694682 1.5797542333602905 0
1732101714961 1.5578335523605347 0
1732101735142 1.5676732063293457 0
1732101755486 1.5405957698822021 0
1732101775680 1.5848941802978516 0
1732101796014 1.549665093421936 0
1732101816209 1.531053066253662 0
1732101836538 1.5663117170333862 0
1732101856709 1.5760626792907715 0
1732101877054 1.6124637126922607 0
1732101897234 1.570494532585144 0
1732101917565 1.5324651002883911 0
1732101937749 1.5589038133621216 0
1732101958393 1.554469108581543 0
1732101978632 1.5612210035324097 0
1732101998956 1.551116704940796 0
1732102019133 1.5669934749603271 0
1732102039475 1.560198426246643 0
1732102059713 1.5458215475082397 0
1732102080038 1.5645942687988281 0
1732102100212 1.5482767820358276 0
1732102120616 1.5734738111495972 0
1732102140830 1.5602526664733887 0
1732102161148 1.5643082857131958 0
1732102181307 1.566127061843872 0
1732102201661 1.5615394115447998 0
1732102221861 1.6784446239471436 0
1732102242211 1.543123483657837 0
1732102262781 1.558921217918396 0
1732102283157 1.565226435661316 0
1732102303361 1.5464606285095215 0
1732102323719 1.5736018419265747 0
1732102343917 1.551127552986145 0
1732102364263 1.5699340105056763 0
1732102384500 1.548859715461731 0
1732102404849 1.559765338897705 0
1732102425044 1.5484843254089355 0
1732102445377 1.5414777994155884 0
1732102465579 1.5614137649536133 0
1732102485960 1.5390771627426147 0
1732102506168 1.554897665977478 0
1732102526533 1.5626442432403564 0
1732102546725 1.557118535041809 0
1732102567425 1.5554581880569458 0
1732102587631 1.5252221822738647 0
1732102607997 1.5495811700820923 0
1732102628202 1.555946946144104 0
1732102648572 1.5552968978881836 0
1732102668760 1.5675712823867798 0
1732102689099 1.5585219860076904 0
1732102709327 1.5659877061843872 0
1732102729723 1.5457135438919067 0
1732102749955 1.5702507495880127 0
1732102770316 1.5455023050308228 0
1732102790544 1.5489437580108643 0
1732102810894 1.570233702659607 0
1732102831117 1.5445098876953125 0
1732102851409 1.5912960767745972 0
1732102871966 1.5456072092056274 0
1732102892309 1.561688780784607 0
1732102912527 1.542842149734497 0
1732102932925 1.5528508424758911 0
1732102953163 1.546722173690796 0
1732102973470 1.5585660934448242 0
1732102993694 1.5735905170440674 0
1732103014011 1.5581600666046143 0
1732103034266 1.5708966255187988 0
1732103054650 1.5718092918395996 0
1732103074887 1.5758377313613892 0
1732103095225 1.5798414945602417 0
1732103115473 1.5556646585464478 0
1732103135816 1.554740309715271 0
1732103156044 1.5705804824829102 0
