1732098583516 0.00301317498087883 0
1732098608755 0.001835153321735561 0
1732098634253 0.0016233846545219421 0
1732098659970 0.0016466602683067322 0
1732098685562 0.0019115827744826674 0
1732098711181 0.0018156020669266582 0
1732098736734 0.0014814329333603382 0
1732098762373 0.0012226486578583717 0
1732098787936 0.0013998188078403473 0
1732098813803 0.0013183788396418095 0
1732098839516 0.0012427556794136763 0
1732098865427 0.0014216701965779066 0
1732098891199 0.0013218624517321587 0
1732098917185 0.0014639159198850393 0
1732098942783 0.0012343088164925575 0
1732098965576 0.0013390829553827643 0
1732098988423 0.0016443374333903193 0
1732099011301 0.0011353539302945137 0
1732099034182 0.0011785980314016342 0
1732099057083 0.001296237576752901 0
1732099080022 0.0014387937262654305 0
1732099102940 0.0012271206360310316 0
1732099124725 0.0012192389694973826 0
1732099145996 0.0013516469625756145 0
1732099167389 0.0013331647496670485 0
1732099188836 0.0012237568153068423 0
1732099210336 0.00149390974547714 0
1732099231660 0.0012117146980017424 0
1732099253132 0.0014156342949718237 0
1732099274577 0.0013437995221465826 0
1732099295116 0.001100059598684311 0
1732099315608 0.0012708797585219145 0
1732099336142 0.0014242123579606414 0
1732099356721 0.0011979241389781237 0
1732099377195 0.0011224518530070782 0
1732099397721 0.0012795449001714587 0
1732099418219 0.0013351691886782646 0
1732099438193 0.0010153623297810555 0
1732099458159 0.0011538323014974594 0
1732099477948 0.0011649788357317448 0
1732099497936 0.0009973938576877117 0
1732099517830 0.0011362971272319555 0
1732099537834 0.0011564006563276052 0
1732099557738 0.0010139455553144217 0
1732099578107 0.001077205641195178 0
1732099598029 0.0012501009041443467 0
1732099618086 0.0013585984706878662 0
1732099637988 0.00105620501562953 0
1732099658012 0.0012737365905195475 0
1732099677954 0.00123304920271039 0
1732099698022 0.001307159662246704 0
1732099717955 0.0011090198531746864 0
1732099738041 0.0011756231542676687 0
1732099757953 0.0009743418777361512 0
1732099778007 0.0014119468396529555 0
1732099797888 0.0012479573488235474 0
1732099817965 0.0011907920707017183 0
1732099837896 0.001128505333326757 0
1732099857951 0.0010591185418888927 0
1732099878215 0.0010863246861845255 0
1732099898354 0.0009525128407403827 0
1732099918321 0.0009638862684369087 0
1732099938411 0.0011156847467646003 0
1732099958339 0.0011135151144117117 0
1732099978457 0.001031678169965744 0
1732099998472 0.0008052500779740512 0
1732100018583 0.001099986839108169 0
1732100038573 0.0011501340195536613 0
1732100058694 0.001088131102733314 0
1732100078661 0.0009044571779668331 0
1732100098802 0.0009021715959534049 0
1732100118817 0.0012658530613407493 0
1732100138942 0.001092454418540001 0
1732100158942 0.0011197914136573672 0
1732100179453 0.001007501152344048 0
1732100199458 0.0011109528131783009 0
1732100219604 0.0010832799598574638 0
1732100239653 0.0009146248921751976 0
1732100259827 0.0009435099782422185 0
1732100279800 0.0012637102045118809 0
1732100299987 0.0011104615405201912 0
1732100319978 0.000991019420325756 0
1732100340148 0.0009261660161428154 0
1732100360197 0.0009214280871674418 0
1732100380375 0.0007665526936762035 0
1732100400392 0.0010929300915449858 0
1732100420550 0.0011128527112305164 0
1732100440614 0.0009480642038397491 0
1732100461348 0.0010369982337579131 0
1732100481395 0.0009248461574316025 0
1732100501583 0.0008526650490239263 0
1732100521671 0.0009280256344936788 0
1732100541837 0.0010556464549154043 0
1732100561894 0.0008831552695482969 0
1732100582091 0.0009930164087563753 0
1732100602108 0.0010024623479694128 0
1732100622330 0.0009827995672821999 0
1732100642428 0.0010932455770671368 0
1732100662637 0.0009538407321088016 0
1732100682719 0.000934375450015068 0
1732100702961 0.0009265117114409804 0
1732100723063 0.0009550076792947948 0
1732100743328 0.0008649942465126514 0
1732100763789 0.0009576320881024003 0
1732100783991 0.0008901441469788551 0
1732100804092 0.00098693638574332 0
1732100824361 0.0009639497147873044 0
1732100844465 0.0009310163441114128 0
1732100864695 0.0008923326386138797 0
1732100884812 0.0010107125854119658 0
1732100905101 0.0008483108831569552 0
1732100925190 0.0008918551029637456 0
1732100945427 0.0008971416391432285 0
1732100965550 0.0009235108736902475 0
1732100985811 0.0008460130775347352 0
1732101005955 0.0009630084969103336 0
1732101026233 0.001019986579194665 0
1732101046388 0.0008743085199967027 0
1732101067037 0.0008635623380541801 0
1732101087129 0.0007328717038035393 0
1732101107391 0.0007572232279926538 0
1732101127525 0.0008582707378081977 0
1732101147827 0.0008776888716965914 0
1732101167949 0.0007369992672465742 0
1732101188214 0.0008869942976161838 0
1732101208342 0.0008243493502959609 0
1732101228549 0.0007250014459714293 0
1732101248675 0.0008435624185949564 0
1732101268952 0.0007831986295059323 0
1732101289137 0.0007633947534486651 0
1732101309487 0.000760988041292876 0
1732101329654 0.0007814232958480716 0
1732101349935 0.0008291518315672874 0
1732101370432 0.0007956288172863424 0
1732101390724 0.0008338922634720802 0
1732101410845 0.0006444050814025104 0
1732101431137 0.0007643532007932663 0
1732101451331 0.0007297660922631621 0
1732101471659 0.0008223715121857822 0
1732101491856 0.000698581978213042 0
1732101512148 0.0006999202305451035 0
1732101532296 0.0006612248253077269 0
1732101552678 0.0007795927813276649 0
1732101572854 0.0008174173417501152 0
1732101593153 0.0007303116726689041 0
1732101613329 0.0008267960511147976 0
1732101633639 0.0010513870511204004 0
1732101653826 0.0009550550021231174 0
1732101674500 0.0006877324776723981 0
1732101694684 0.0006374951335601509 0
1732101714964 0.0008667539805173874 0
1732101735145 0.0007707577897235751 0
1732101755489 0.000753554399125278 0
1732101775682 0.0007762279128655791 0
1732101796017 0.000733349472284317 0
1732101816211 0.0009055225527845323 0
1732101836540 0.0008236742578446865 0
1732101856711 0.0006726054707542062 0
1732101877056 0.0007343361503444612 0
1732101897237 0.0007483063964173198 0
1732101917567 0.0006417070981115103 0
1732101937751 0.0007235425873659551 0
1732101958395 0.0007660264964215457 0
1732101978634 0.0006579211913049221 0
1732101998959 0.0007137125357985497 0
1732102019135 0.0007793621043674648 0
1732102039478 0.0005602954188361764 0
1732102059715 0.0006695621414110065 0
1732102080042 0.0007574813207611442 0
1732102100215 0.0006608438561670482 0
1732102120618 0.0006320906686596572 0
1732102140833 0.0006135625881142914 0
1732102161150 0.0006588135729543865 0
1732102181310 0.0007158055668696761 0
1732102201663 0.0006306514260359108 0
1732102221864 0.000767157762311399 0
1732102242214 0.000664925086311996 0
1732102262783 0.0006546260556206107 0
1732102283160 0.0005804551183246076 0
1732102303363 0.0006609903648495674 0
1732102323721 0.0007006108644418418 0
1732102343919 0.0007632290944457054 0
1732102364265 0.0007412132108584046 0
1732102384503 0.0006094952113926411 0
1732102404851 0.000646038562990725 0
1732102425047 0.000660804333165288 0
1732102445379 0.0006637565093114972 0
1732102465582 0.0007052500150166452 0
1732102485962 0.0006410251371562481 0
1732102506171 0.0006418261909857392 0
1732102526536 0.0007119723595678806 0
1732102546727 0.0006559157045558095 0
1732102567428 0.0006966778310015798 0
1732102587633 0.0006897535640746355 0
1732102607999 0.0007483579101972282 0
1732102628204 0.000593645847402513 0
1732102648574 0.0006271041347645223 0
1732102668762 0.000594504876062274 0
1732102689101 0.0007880624616518617 0
1732102709329 0.0006157256430014968 0
1732102729725 0.0006134446593932807 0
1732102749958 0.0006059205043129623 0
1732102770318 0.0005451368633657694 0
1732102790546 0.000621135754045099 0
1732102810897 0.0006165971863083541 0
1732102831120 0.0007235733210109174 0
1732102851411 0.0006229893770068884 0
1732102871968 0.0005435080965980887 0
1732102892312 0.0006857755943201482 0
1732102912529 0.0006254329346120358 0
1732102932927 0.000594044744502753 0
1732102953166 0.0005562744336202741 0
1732102973473 0.0006740896496921778 0
1732102993697 0.000623502186499536 0
1732103014013 0.0005610277294181287 0
1732103034268 0.0006090156966820359 0
1732103054652 0.0006807176396250725 0
1732103074889 0.0005651218234561384 0
1732103095227 0.000596602214500308 0
1732103115475 0.0004891747958026826 0
1732103135819 0.0005761596257798374 0
1732103156046 0.0007157705258578062 0
