1732098583516 0.000678245269227773 0
1732098608755 0.0003467403003014624 0
1732098634253 0.0003162347129546106 0
1732098659970 0.00022146705305203795 0
1732098685562 0.000509475648868829 0
1732098711181 0.00033761202939786017 0
1732098736734 0.0003030511434189975 0
1732098762373 0.00019976255134679377 0
1732098787936 0.00024034277885220945 0
1732098813803 0.00023449106083717197 0
1732098839516 0.00017951379413716495 0
1732098865427 0.00022934767184779048 0
1732098891199 0.00029349373653531075 0
1732098917185 0.00030083153978921473 0
1732098942783 0.0002845121780410409 0
1732098965576 0.00019364118634257466 0
1732098988423 0.00030485796742141247 0
1732099011301 0.0002990478533320129 0
1732099034182 0.000165941019076854 0
1732099057083 0.00027756544295698404 0
1732099080022 0.00018648384138941765 0
1732099102940 0.00024100170412566513 0
1732099124725 0.00016557544586248696 0
1732099145996 0.0002484678407199681 0
1732099167389 0.00026226730551570654 0
1732099188836 0.00033909984631463885 0
1732099210336 0.00046602808288298547 0
1732099231660 0.00022839920711703598 0
1732099253132 0.00024790086899884045 0
1732099274577 0.00026522058760747313 0
1732099295116 0.00014526912127621472 0
1732099315608 0.0004787496873177588 0
1732099336142 0.0003286626888439059 0
1732099356721 0.0001931709557538852 0
1732099377195 0.000226907548494637 0
1732099397721 0.00023937772493809462 0
1732099418219 0.00014244846533983946 0
1732099438193 0.00022720532433595508 0
1732099458159 0.00021323624241631478 0
1732099477948 0.0002513254585210234 0
1732099497936 0.0002173642278648913 0
1732099517830 0.00022274453658610582 0
1732099537834 0.0002005235874094069 0
1732099557738 0.00021030983771197498 0
1732099578107 0.00017087822197936475 0
1732099598029 0.0002961958816740662 0
1732099618086 0.00017756181478034705 0
1732099637988 0.0001459781196899712 0
1732099658012 0.00015322898980230093 0
1732099677954 0.00029532291227951646 0
1732099698022 0.00018170477414969355 0
1732099717955 0.00019386757048778236 0
1732099738041 0.00013884753570891917 0
1732099757953 0.0001426945673301816 0
1732099778007 0.0002720900229178369 0
1732099797888 0.00018781534163281322 0
1732099817965 0.00010720193677116185 0
1732099837896 0.00023928951122798026 0
1732099857951 0.0001561566605232656 0
1732099878215 0.00016453865100629628 0
1732099898354 0.00018372538033872843 0
1732099918321 0.0001556175120640546 0
1732099938411 0.00020437237981241196 0
1732099958339 0.00023006726405583322 0
1732099978457 0.0001549535954836756 0
1732099998472 0.00010331737576052547 0
1732100018583 0.000117792485980317 0
1732100038573 0.0002803803072310984 0
1732100058694 0.00022717104002367705 0
1732100078661 0.00015488671488128603 0
1732100098802 0.00012253104068804532 0
1732100118817 0.00016217822849284858 0
1732100138942 0.0001861879281932488 0
1732100158942 0.0001765566412359476 0
1732100179453 0.00014462995750363916 0
1732100199458 9.82691635726951e-05 0
1732100219604 0.0001848225947469473 0
1732100239653 0.0001550198794575408 0
1732100259827 0.00012252772285137326 0
1732100279800 0.0001706765324342996 0
1732100299987 0.00016725726891309023 0
1732100319978 0.0001563228142913431 0
1732100340148 0.0001452185824746266 0
1732100360197 9.79194010142237e-05 0
1732100380375 0.0001540479570394382 0
1732100400392 0.0001706890616333112 0
1732100420550 0.00021010309865232557 0
1732100440614 0.00014550233026966453 0
1732100461348 0.00013870195834897459 0
1732100481395 0.00015417620306834579 0
1732100501583 0.00010945949179586023 0
1732100521671 0.00011838387581519783 0
1732100541837 0.00013233500067144632 0
1732100561894 7.576151983812451e-05 0
1732100582091 0.00012707825226243585 0
1732100602108 0.00016844613128341734 0
1732100622330 0.00014498426753561944 0
1732100642428 0.00020164597663097084 0
1732100662637 9.32397524593398e-05 0
1732100682719 0.00016907094686757773 0
1732100702961 0.00012588380195666105 0
1732100723063 0.0001448556431569159 0
1732100743328 0.00013250511256046593 0
1732100763789 9.235982724931091e-05 0
1732100783991 0.00013271556235849857 0
1732100804092 0.00016087223775684834 0
1732100824361 0.00011432288738433272 0
1732100844465 0.0001427111856173724 0
1732100864695 0.00013568530266638845 0
1732100884812 0.0001376834698021412 0
1732100905101 8.836585038807243e-05 0
1732100925190 0.00010741127334767953 0
1732100945427 0.00013514820602722466 0
1732100965550 0.00014537139213643968 0
1732100985811 0.00014763337094336748 0
1732101005955 0.00014621249283663929 0
1732101026233 0.00012507691280916333 0
1732101046388 0.00011429219011915848 0
1732101067037 8.10895289760083e-05 0
1732101087129 0.00010445062071084976 0
1732101107391 0.00010223321442026645 0
1732101127525 0.00012156037701060995 0
1732101147827 9.577993478160352e-05 0
1732101167949 9.70778928603977e-05 0
1732101188214 0.00011174328392371535 0
1732101208342 8.039995736908168e-05 0
1732101228549 8.969730697572231e-05 0
1732101248675 9.328614396508783e-05 0
1732101268952 0.00011173100210726261 0
1732101289137 9.679007052909583e-05 0
1732101309487 0.00010703093721531332 0
1732101329654 8.56649421621114e-05 0
1732101349935 0.00010521296644583344 0
1732101370432 0.00011360738426446915 0
1732101390724 8.591590449213982e-05 0
1732101410845 9.44152197916992e-05 0
1732101431137 0.0001018722978187725 0
1732101451331 0.00010890059638768435 0
1732101471659 8.070733747445047e-05 0
1732101491856 5.937843889114447e-05 0
1732101512148 8.643024193588644e-05 0
1732101532296 0.00010500239295652136 0
1732101552678 0.00011777168401749805 0
1732101572854 9.05822598724626e-05 0
1732101593153 9.890935325529426e-05 0
1732101613329 8.743418584344909e-05 0
1732101633639 0.00011643903417279944 0
1732101653826 9.950880485121161e-05 0
1732101674500 6.791659689042717e-05 0
1732101694684 8.786039688857272e-05 0
1732101714964 0.00012925348710268736 0
1732101735145 6.387165194610134e-05 0
1732101755489 8.806986443232745e-05 0
1732101775682 0.00011448296572780237 0
1732101796017 5.859153679921292e-05 0
1732101816211 0.00010527192353038117 0
1732101836540 8.725959924049675e-05 0
1732101856711 6.779822433600202e-05 0
1732101877056 7.486563117709011e-05 0
1732101897237 8.510061888955534e-05 0
1732101917567 8.896740473574027e-05 0
1732101937751 0.0001034013694152236 0
1732101958395 9.592938295099884e-05 0
1732101978634 8.650053496239707e-05 0
1732101998959 7.310439832508564e-05 0
1732102019135 9.862747538136318e-05 0
1732102039478 8.221353346016258e-05 0
1732102059715 6.0807498812209815e-05 0
1732102080042 9.833610965870321e-05 0
1732102100215 8.495684596709907e-05 0
1732102120618 5.867461004527286e-05 0
1732102140833 8.333608275279403e-05 0
1732102161150 9.946856880560517e-05 0
1732102181310 7.788817310938612e-05 0
1732102201663 8.612036617705598e-05 0
1732102221864 6.071354073355906e-05 0
1732102242214 7.781561726005748e-05 0
1732102262783 7.305701728910208e-05 0
1732102283160 8.554082887712866e-05 0
1732102303363 6.493732507806271e-05 0
1732102323721 0.00010520937212277204 0
1732102343919 6.844394374638796e-05 0
1732102364265 6.273798499023542e-05 0
1732102384503 8.900825923774391e-05 0
1732102404851 6.609593401663005e-05 0
1732102425047 0.00011179987632203847 0
1732102445379 6.953802949283272e-05 0
1732102465582 7.069313141983002e-05 0
1732102485962 6.850190402474254e-05 0
1732102506171 6.532495899591595e-05 0
1732102526536 9.94679139694199e-05 0
1732102546727 7.866881787776947e-05 0
1732102567428 7.290224311873317e-05 0
1732102587633 6.866088369861245e-05 0
1732102607999 6.622986984439194e-05 0
1732102628204 6.927922368049622e-05 0
1732102648574 7.614302739966661e-05 0
1732102668762 7.397987792501226e-05 0
1732102689101 8.013258047867566e-05 0
1732102709329 7.187086157500744e-05 0
1732102729725 6.472910172306001e-05 0
1732102749958 7.395932334475219e-05 0
1732102770318 6.988507811911404e-05 0
1732102790546 6.304985436145216e-05 0
1732102810897 6.042313179932535e-05 0
1732102831120 8.280284237116575e-05 0
1732102851411 6.431536166928709e-05 0
1732102871968 7.239288242999464e-05 0
1732102892312 9.92609275272116e-05 0
1732102912529 8.04698356660083e-05 0
1732102932927 7.806982466718182e-05 0
1732102953166 6.128219683887437e-05 0
1732102973473 6.478097930084914e-05 0
1732102993697 7.834754069335759e-05 0
1732103014013 5.4103558795759454e-05 0
1732103034268 7.394735439447686e-05 0
1732103054652 6.460234726546332e-05 0
1732103074889 5.2987867093179375e-05 0
1732103095227 5.396609049057588e-05 0
1732103115475 5.2269526349846274e-05 0
1732103135819 6.551035039592534e-05 0
1732103156046 6.57526616123505e-05 0
