1731968596270 0.9807981252670288 0
1731968622879 0.9786618947982788 0
1731968649260 0.9543612599372864 0
1731968675533 0.8307757377624512 0
1731968701577 0.7997291684150696 0
1731968727602 0.7498013377189636 0
1731968753375 0.8300328850746155 0
1731968779225 0.7616782784461975 0
1731968804927 0.8410159349441528 0
1731968830772 0.8231038451194763 0
1731968856491 0.8220413327217102 0
1731968882339 0.8208143711090088 0
1731968908051 0.837272047996521 0
1731968933894 0.8312476873397827 0
1731968959567 0.8198475241661072 0
1731968982049 0.8497896790504456 0
1731969004539 0.7969560027122498 0
1731969026997 0.8382388353347778 0
1731969049501 0.8227476477622986 0
1731969072017 0.8398929834365845 0
1731969094497 0.8181934952735901 0
1731969117022 0.7908533215522766 0
1731969138339 0.8207804560661316 0
1731969159091 0.8568190336227417 0
1731969179965 0.8790721297264099 0
1731969200846 0.8351426720619202 0
1731969221718 0.8260384202003479 0
1731969242511 0.8336820602416992 0
1731969263417 0.8422965407371521 0
1731969284200 0.8511419892311096 0
1731969304062 0.837061882019043 0
1731969323959 0.8114802837371826 0
1731969343822 0.82952880859375 0
1731969363762 0.8276426196098328 0
1731969383658 0.7959492802619934 0
1731969403549 0.8057413101196289 0
1731969423428 0.8550280332565308 0
1731969442737 0.806338906288147 0
1731969462035 0.8417104482650757 0
1731969481171 0.8158094882965088 0
1731969500418 0.8065215349197388 0
1731969519530 0.8220739960670471 0
1731969538806 0.8059201240539551 0
1731969557944 0.8029183745384216 0
1731969577621 0.8141200542449951 0
1731969596764 0.8259170055389404 0
1731969616016 0.8423576354980469 0
1731969635172 0.8189232349395752 0
1731969654415 0.8244655728340149 0
1731969673547 0.8497149348258972 0
1731969692816 0.8148675560951233 0
1731969711964 0.8437469005584717 0
1731969731268 0.8446145057678223 0
1731969750418 0.8808271288871765 0
1731969769708 0.8365768194198608 0
1731969788871 0.8243852257728577 0
1731969808126 0.8334233164787292 0
1731969827260 0.7976065278053284 0
1731969846525 0.7834004163742065 0
1731969865942 0.8243230581283569 0
1731969885229 0.7902268171310425 0
1731969904351 0.8285631537437439 0
1731969923614 0.8191819787025452 0
1731969942760 0.8089216947555542 0
1731969962002 0.8115965127944946 0
1731969981150 0.8105248212814331 0
1731970000461 0.8353360295295715 0
1731970019604 0.816132664680481 0
1731970038907 0.8181113004684448 0
1731970058056 0.8402678370475769 0
1731970077316 0.8270133137702942 0
1731970096452 0.825303316116333 0
1731970115732 0.8292654156684875 0
1731970134860 0.8181490898132324 0
1731970154458 0.8452073335647583 0
1731970173600 0.823464035987854 0
1731970192885 0.8148726224899292 0
1731970212039 0.7957227230072021 0
1731970231330 0.7903379797935486 0
1731970250458 0.8104614615440369 0
1731970269730 0.8223292827606201 0
1731970288857 0.7881736755371094 0
1731970308131 0.809722900390625 0
1731970327257 0.8190398216247559 0
1731970346530 0.7889296412467957 0
1731970365665 0.8533685207366943 0
1731970384962 0.804100513458252 0
1731970404081 0.7756076455116272 0
1731970423716 0.811086118221283 0
1731970442857 0.8373000621795654 0
1731970462167 0.8088515996932983 0
1731970481328 0.833806574344635 0
1731970500616 0.8163681030273438 0
1731970519707 0.8326335549354553 0
1731970538977 0.820244550704956 0
1731970558100 0.8179303407669067 0
1731970577356 0.8212611675262451 0
1731970596482 0.8016029000282288 0
1731970615783 0.8350282311439514 0
1731970634908 0.8279303312301636 0
1731970654164 0.819123387336731 0
1731970673275 0.7927430272102356 0
1731970692552 0.8171704411506653 0
1731970712062 0.8275436758995056 0
1731970731355 0.8013158440589905 0
1731970750530 0.7961922287940979 0
1731970769789 0.8502132296562195 0
1731970788909 0.8115971684455872 0
1731970808168 0.8257962465286255 0
1731970827284 0.8281827569007874 0
1731970846571 0.8071161508560181 0
1731970865721 0.8341986536979675 0
1731970885021 0.8185718059539795 0
1731970904169 0.8280323147773743 0
1731970923440 0.8420223593711853 0
1731970942610 0.8294709920883179 0
1731970961906 0.8105558753013611 0
1731970981053 0.8149381875991821 0
1731971000655 0.8001528978347778 0
1731971019804 0.810052752494812 0
1731971039124 0.8035426139831543 0
1731971058310 0.8133208751678467 0
1731971077617 0.8141084909439087 0
1731971096759 0.7974386811256409 0
1731971116029 0.80277419090271 0
1731971135196 0.8049938082695007 0
1731971154511 0.8165317177772522 0
1731971173678 0.8186997771263123 0
1731971192989 0.831611692905426 0
1731971212118 0.8143699169158936 0
1731971231403 0.8085241913795471 0
1731971250540 0.8038989901542664 0
1731971269802 0.8064695596694946 0
1731971289303 0.8027456402778625 0
1731971308571 0.8092556595802307 0
1731971327725 0.7954738140106201 0
1731971347014 0.8023703098297119 0
1731971366133 0.8127611875534058 0
1731971385442 0.7953148484230042 0
1731971404603 0.7938809990882874 0
1731971423901 0.8125395774841309 0
1731971443000 0.803781270980835 0
1731971462285 0.7995478510856628 0
1731971481425 0.8136734962463379 0
1731971500709 0.7912591695785522 0
1731971519830 0.8180989623069763 0
1731971539141 0.813092827796936 0
1731971558300 0.8213109374046326 0
1731971577923 0.8044812083244324 0
1731971597061 0.822162389755249 0
1731971616349 0.8132363557815552 0
1731971635456 0.8123759627342224 0
1731971654752 0.8093191385269165 0
1731971673868 0.8222677707672119 0
1731971693175 0.8039637804031372 0
1731971712327 0.8175131678581238 0
1731971731623 0.8143483400344849 0
1731971750759 0.8264358639717102 0
1731971770043 0.8065694570541382 0
1731971789193 0.8025591373443604 0
1731971808508 0.8021726012229919 0
1731971827645 0.8115596771240234 0
1731971847331 0.8095728158950806 0
1731971866497 0.7937988042831421 0
1731971885795 0.7983959317207336 0
1731971904930 0.8142185807228088 0
1731971924197 0.8049371242523193 0
1731971943366 0.7990225553512573 0
1731971962626 0.8039131760597229 0
1731971981748 0.8085103631019592 0
1731972001040 0.7902722358703613 0
1731972020167 0.8012253642082214 0
1731972039447 0.8004302382469177 0
1731972058578 0.8032898306846619 0
1731972077873 0.7939858436584473 0
1731972097039 0.805371105670929 0
1731972116323 0.7966598272323608 0
1731972135803 0.8000172972679138 0
1731972155114 0.7926532626152039 0
1731972174244 0.7968282103538513 0
1731972193540 0.7967986464500427 0
1731972212682 0.7930346727371216 0
1731972231966 0.8052741885185242 0
1731972251101 0.7991558909416199 0
1731972270400 0.8160189986228943 0
1731972289527 0.8040757179260254 0
1731972308828 0.8049532771110535 0
1731972327978 0.7988606691360474 0
1731972347241 0.808229923248291 0
1731972366365 0.8031472563743591 0
1731972385647 0.81220942735672 0
1731972404787 0.7931337356567383 0
1731972424672 0.8085809350013733 0
1731972443806 0.7982739210128784 0
1731972463094 0.7970272898674011 0
1731972482248 0.813788890838623 0
1731972501543 0.8122485876083374 0
1731972520660 0.8019740581512451 0
1731972539912 0.8046503663063049 0
1731972559067 0.8091503381729126 0
1731972578346 0.8123077154159546 0
1731972597482 0.8065249919891357 0
1731972616777 0.7961068749427795 0
1731972635887 0.8022675514221191 0
1731972655184 0.8106186389923096 0
1731972674336 0.8024452924728394 0
1731972693617 0.8006976842880249 0
1731972713120 0.8055760264396667 0
1731972732405 0.799615204334259 0
1731972751541 0.8044567704200745 0
1731972770820 0.7972012758255005 0
1731972789972 0.7993002533912659 0
1731972809301 0.8043941855430603 0
1731972828442 0.7976139187812805 0
1731972847729 0.8030957579612732 0
1731972866851 0.8029544949531555 0
1731972886140 0.7989760637283325 0
1731972905299 0.8092532753944397 0
1731972924594 0.7980524301528931 0
1731972943752 0.805728018283844 0
1731972963030 0.8081209659576416 0
1731972982161 0.7959160208702087 0
