1731968596270 0.41360795497894287 0
1731968622879 0.4151417315006256 0
1731968649260 0.39579543471336365 0
1731968675533 0.37264612317085266 0
1731968701577 0.3502483069896698 0
1731968727602 0.3331792950630188 0
1731968753375 0.33153802156448364 0
1731968779225 0.3323011100292206 0
1731968804927 0.3179263770580292 0
1731968830772 0.3134179711341858 0
1731968856491 0.3092164695262909 0
1731968882339 0.30034637451171875 0
1731968908051 0.30515390634536743 0
1731968933894 0.2973748743534088 0
1731968959567 0.29069918394088745 0
1731968982049 0.2901146411895752 0
1731969004539 0.2886795401573181 0
1731969026997 0.28264451026916504 0
1731969049501 0.29277557134628296 0
1731969072017 0.2818796932697296 0
1731969094497 0.2882305383682251 0
1731969117022 0.2867864966392517 0
1731969138339 0.2773408889770508 0
1731969159091 0.2823672890663147 0
1731969179965 0.28148722648620605 0
1731969200846 0.2662319540977478 0
1731969221718 0.2766597270965576 0
1731969242511 0.27564185857772827 0
1731969263417 0.27913782000541687 0
1731969284200 0.279917448759079 0
1731969304062 0.2747422456741333 0
1731969323959 0.27319446206092834 0
1731969343822 0.2733801603317261 0
1731969363762 0.26847365498542786 0
1731969383658 0.27031075954437256 0
1731969403549 0.26805514097213745 0
1731969423428 0.2656083106994629 0
1731969442737 0.2714671492576599 0
1731969462035 0.2711249887943268 0
1731969481171 0.2635878622531891 0
1731969500418 0.2684544026851654 0
1731969519530 0.2648274302482605 0
1731969538806 0.26430848240852356 0
1731969557944 0.2663850486278534 0
1731969577621 0.26619669795036316 0
1731969596764 0.25876256823539734 0
1731969616016 0.26233968138694763 0
1731969635172 0.2592278718948364 0
1731969654415 0.2618665099143982 0
1731969673547 0.25700950622558594 0
1731969692816 0.2631736397743225 0
1731969711964 0.2625208795070648 0
1731969731268 0.26095545291900635 0
1731969750418 0.26211801171302795 0
1731969769708 0.26654505729675293 0
1731969788871 0.2606138288974762 0
1731969808126 0.2610519528388977 0
1731969827260 0.26069337129592896 0
1731969846525 0.2654498517513275 0
1731969865942 0.2592807114124298 0
1731969885229 0.2558613121509552 0
1731969904351 0.2566481828689575 0
1731969923614 0.25484660267829895 0
1731969942760 0.26020553708076477 0
1731969962002 0.2606722414493561 0
1731969981150 0.2581824064254761 0
1731970000461 0.25850892066955566 0
1731970019604 0.2528311312198639 0
1731970038907 0.258258581161499 0
1731970058056 0.2524115741252899 0
1731970077316 0.25884926319122314 0
1731970096452 0.2635476291179657 0
1731970115732 0.25101518630981445 0
1731970134860 0.2530401945114136 0
1731970154458 0.25598734617233276 0
1731970173600 0.2526424527168274 0
1731970192885 0.25567176938056946 0
1731970212039 0.2547532916069031 0
1731970231330 0.2545951306819916 0
1731970250458 0.254140704870224 0
1731970269730 0.2540132403373718 0
1731970288857 0.2550375163555145 0
1731970308131 0.2489159107208252 0
1731970327257 0.2567597031593323 0
1731970346530 0.2548942267894745 0
1731970365665 0.25739192962646484 0
1731970384962 0.25304269790649414 0
1731970404081 0.251319944858551 0
1731970423716 0.24961495399475098 0
1731970442857 0.25070956349372864 0
1731970462167 0.25428372621536255 0
1731970481328 0.25175946950912476 0
1731970500616 0.2521950900554657 0
1731970519707 0.25441473722457886 0
1731970538977 0.2516171634197235 0
1731970558100 0.25061485171318054 0
1731970577356 0.2518862783908844 0
1731970596482 0.2508433163166046 0
1731970615783 0.2481624037027359 0
1731970634908 0.24925661087036133 0
1731970654164 0.24981041252613068 0
1731970673275 0.24730904400348663 0
1731970692552 0.24881544709205627 0
1731970712062 0.25268232822418213 0
1731970731355 0.24890032410621643 0
1731970750530 0.2500421106815338 0
1731970769789 0.25183627009391785 0
1731970788909 0.25134098529815674 0
1731970808168 0.25164732336997986 0
1731970827284 0.25125831365585327 0
1731970846571 0.24434757232666016 0
1731970865721 0.25185519456863403 0
1731970885021 0.24654975533485413 0
1731970904169 0.24698282778263092 0
1731970923440 0.2484385073184967 0
1731970942610 0.2536498010158539 0
1731970961906 0.25212743878364563 0
1731970981053 0.2511961758136749 0
1731971000655 0.2512505352497101 0
1731971019804 0.2496868073940277 0
1731971039124 0.2507151663303375 0
1731971058310 0.2520239055156708 0
1731971077617 0.2531965672969818 0
1731971096759 0.2478562593460083 0
1731971116029 0.24839212000370026 0
1731971135196 0.24775661528110504 0
1731971154511 0.2513324022293091 0
1731971173678 0.25142619013786316 0
1731971192989 0.24997738003730774 0
1731971212118 0.24950556457042694 0
1731971231403 0.24819323420524597 0
1731971250540 0.24680063128471375 0
1731971269802 0.2508888244628906 0
1731971289303 0.24920004606246948 0
1731971308571 0.25012239813804626 0
1731971327725 0.24793945252895355 0
1731971347014 0.25091028213500977 0
1731971366133 0.2488860785961151 0
1731971385442 0.248390331864357 0
1731971404603 0.25016987323760986 0
1731971423901 0.2484239786863327 0
1731971443000 0.2486710101366043 0
1731971462285 0.24930939078330994 0
1731971481425 0.24846498668193817 0
1731971500709 0.2496049553155899 0
1731971519830 0.2482503354549408 0
1731971539141 0.25139230489730835 0
1731971558300 0.2495547980070114 0
1731971577923 0.2498161345720291 0
1731971597061 0.24946853518486023 0
1731971616349 0.24840742349624634 0
1731971635456 0.24847543239593506 0
1731971654752 0.24786816537380219 0
1731971673868 0.24897713959217072 0
1731971693175 0.24803641438484192 0
1731971712327 0.2469412088394165 0
1731971731623 0.24912700057029724 0
1731971750759 0.24812066555023193 0
1731971770043 0.24607591331005096 0
1731971789193 0.24749810993671417 0
1731971808508 0.24865686893463135 0
1731971827645 0.24842962622642517 0
1731971847331 0.2468900829553604 0
1731971866497 0.24699467420578003 0
1731971885795 0.24742531776428223 0
1731971904930 0.2459106296300888 0
1731971924197 0.24721601605415344 0
1731971943366 0.24437318742275238 0
1731971962626 0.24680927395820618 0
1731971981748 0.24480432271957397 0
1731972001040 0.247061088681221 0
1731972020167 0.24629062414169312 0
1731972039447 0.24687893688678741 0
1731972058578 0.24739114940166473 0
1731972077873 0.24741438031196594 0
1731972097039 0.24619711935520172 0
1731972116323 0.24648350477218628 0
1731972135803 0.24581684172153473 0
1731972155114 0.2474936842918396 0
1731972174244 0.2459804117679596 0
1731972193540 0.24700449407100677 0
1731972212682 0.24492792785167694 0
1731972231966 0.24624212086200714 0
1731972251101 0.2459133118391037 0
1731972270400 0.24702207744121552 0
1731972289527 0.24438941478729248 0
1731972308828 0.24442334473133087 0
1731972327978 0.24702976644039154 0
1731972347241 0.2456684112548828 0
1731972366365 0.24520684778690338 0
1731972385647 0.2462969869375229 0
1731972404787 0.24518345296382904 0
1731972424672 0.2448582947254181 0
1731972443806 0.2449248880147934 0
1731972463094 0.2456551045179367 0
1731972482248 0.2449033558368683 0
1731972501543 0.24590520560741425 0
1731972520660 0.24578127264976501 0
1731972539912 0.2462359070777893 0
1731972559067 0.2468310445547104 0
1731972578346 0.24561062455177307 0
1731972597482 0.24461902678012848 0
1731972616777 0.24614636600017548 0
1731972635887 0.24540480971336365 0
1731972655184 0.2462310492992401 0
1731972674336 0.24563786387443542 0
1731972693617 0.24484385550022125 0
1731972713120 0.24517633020877838 0
1731972732405 0.24401313066482544 0
1731972751541 0.24465496838092804 0
1731972770820 0.24546390771865845 0
1731972789972 0.24402426183223724 0
1731972809301 0.24558453261852264 0
1731972828442 0.24355581402778625 0
1731972847729 0.24636079370975494 0
1731972866851 0.2452608197927475 0
1731972886140 0.24650618433952332 0
1731972905299 0.2468121498823166 0
1731972924594 0.24484007060527802 0
1731972943752 0.24490217864513397 0
1731972963030 0.24496042728424072 0
1731972982161 0.24472886323928833 0
