1731968596272 0.0002790193830151111 0
1731968622883 0.00018732433090917766 0
1731968649265 0.00015978731971699744 0
1731968675535 0.0001413345307810232 0
1731968701580 0.00013530324213206768 0
1731968727605 0.00012749510642606765 0
1731968753378 0.00011984630691586062 0
1731968779227 0.00011875283234985545 0
1731968804929 0.00011289273970760405 0
1731968830774 0.0001089689540094696 0
1731968856494 0.00010622839181451127 0
1731968882341 0.00010331235534977168 0
1731968908053 9.76671144599095e-05 0
1731968933896 9.853882511379197e-05 0
1731968959569 9.464300819672644e-05 0
1731968982051 9.300097008235753e-05 0
1731969004542 9.1015943326056e-05 0
1731969026999 9.069177031051368e-05 0
1731969049504 9.016319381771609e-05 0
1731969072020 8.472128683933988e-05 0
1731969094499 8.36118488223292e-05 0
1731969117025 8.252081897808239e-05 0
1731969138341 7.964590622577816e-05 0
1731969159093 7.865694351494312e-05 0
1731969179968 7.86965829320252e-05 0
1731969200849 7.483841909561306e-05 0
1731969221721 7.452539284713566e-05 0
1731969242513 7.336791168199852e-05 0
1731969263419 7.594638736918569e-05 0
1731969284203 7.122776150936261e-05 0
1731969304065 7.150740566430613e-05 0
1731969323961 7.059633935568854e-05 0
1731969343825 7.116649067029357e-05 0
1731969363764 6.688557914458215e-05 0
1731969383660 6.64573090034537e-05 0
1731969403551 6.83619364281185e-05 0
1731969423430 6.642294465564191e-05 0
1731969442740 6.34712923783809e-05 0
1731969462038 6.419810961233452e-05 0
1731969481173 6.422545266104862e-05 0
1731969500421 6.147326348582283e-05 0
1731969519533 6.301147368503734e-05 0
1731969538808 6.223638047231361e-05 0
1731969557947 6.118774763308465e-05 0
1731969577623 5.942529605817981e-05 0
1731969596766 6.212940934346989e-05 0
1731969616018 5.911688640480861e-05 0
1731969635174 5.874844646314159e-05 0
1731969654417 5.862843318027444e-05 0
1731969673549 5.7916815421776846e-05 0
1731969692818 5.777844489784911e-05 0
1731969711966 5.8755533245857805e-05 0
1731969731270 5.559527562581934e-05 0
1731969750420 5.599774158326909e-05 0
1731969769710 5.6039578339550644e-05 0
1731969788874 5.5639964557485655e-05 0
1731969808129 5.6455941376043484e-05 0
1731969827263 5.252091068541631e-05 0
1731969846527 5.3912408475298434e-05 0
1731969865944 5.369743303162977e-05 0
1731969885232 5.329175110091455e-05 0
1731969904353 5.3150321036810055e-05 0
1731969923616 5.1074650400551036e-05 0
1731969942763 5.2362727728905156e-05 0
1731969962004 5.3352778195403516e-05 0
1731969981153 5.258890087134205e-05 0
1731970000463 5.0503589591244236e-05 0
1731970019606 4.819632522412576e-05 0
1731970038912 5.1364320825086907e-05 0
1731970058058 4.9236776249017566e-05 0
1731970077319 4.976179116056301e-05 0
1731970096454 4.975493357051164e-05 0
1731970115734 4.797312794835307e-05 0
1731970134862 4.673493458540179e-05 0
1731970154460 4.7780929889995605e-05 0
1731970173602 4.744550460600294e-05 0
1731970192888 4.895217716693878e-05 0
1731970212041 4.840601468458772e-05 0
1731970231332 4.718810669146478e-05 0
1731970250460 4.544235343928449e-05 0
1731970269732 4.621436892193742e-05 0
1731970288859 4.6809778723400086e-05 0
1731970308133 4.42634045612067e-05 0
1731970327260 4.590653406921774e-05 0
1731970346533 4.574910053634085e-05 0
1731970365667 4.6618628402939066e-05 0
1731970384964 4.478807022678666e-05 0
1731970404083 4.6199791540857404e-05 0
1731970423718 4.373272167867981e-05 0
1731970442859 4.385744978208095e-05 0
1731970462169 4.394215648062527e-05 0
1731970481331 4.252517464919947e-05 0
1731970500618 4.497899499256164e-05 0
1731970519709 4.39462237409316e-05 0
1731970538979 4.2073355871252716e-05 0
1731970558102 4.4042786612408236e-05 0
1731970577358 4.010653719888069e-05 0
1731970596484 4.139498923905194e-05 0
1731970615785 4.204307697364129e-05 0
1731970634910 4.354659904493019e-05 0
1731970654166 4.3985910451738164e-05 0
1731970673277 4.40976582467556e-05 0
1731970692555 4.181062104180455e-05 0
1731970712064 4.1882882214849815e-05 0
1731970731357 4.0903876652009785e-05 0
1731970750532 4.252819053363055e-05 0
1731970769791 4.102584716747515e-05 0
1731970788912 4.135641938773915e-05 0
1731970808171 3.879986616084352e-05 0
1731970827286 3.990378536400385e-05 0
1731970846573 3.9391499740304425e-05 0
1731970865723 4.112565875402652e-05 0
1731970885024 3.988371463492513e-05 0
1731970904171 3.9438658859580755e-05 0
1731970923442 4.1147679439745843e-05 0
1731970942612 4.169928070041351e-05 0
1731970961908 4.2683059291448444e-05 0
1731970981055 4.04001293645706e-05 0
1731971000657 3.904339610016905e-05 0
1731971019806 4.0102200728142634e-05 0
1731971039126 3.906058191205375e-05 0
1731971058312 4.0425718907499686e-05 0
1731971077619 4.06644212489482e-05 0
1731971096761 3.8104972190922126e-05 0
1731971116031 3.5876229958375916e-05 0
1731971135200 3.7589288695016876e-05 0
1731971154513 3.737029692274518e-05 0
1731971173680 3.864741665893234e-05 0
1731971192991 3.692249447340146e-05 0
1731971212120 3.8280035369098186e-05 0
1731971231405 3.8497706555062905e-05 0
1731971250543 3.916090281563811e-05 0
1731971269804 3.574352012947202e-05 0
1731971289306 3.827730324701406e-05 0
1731971308573 3.82795806217473e-05 0
1731971327727 3.530815592966974e-05 0
1731971347016 3.549935718183406e-05 0
1731971366135 3.612953150877729e-05 0
1731971385444 3.7255187635309994e-05 0
1731971404606 3.602759534260258e-05 0
1731971423903 3.6217112210579216e-05 0
1731971443002 3.784529326367192e-05 0
1731971462287 3.577442475943826e-05 0
1731971481427 3.550769906723872e-05 0
1731971500712 3.723394183907658e-05 0
1731971519832 3.541269325069152e-05 0
1731971539143 3.657175329863094e-05 0
1731971558302 3.611869033193216e-05 0
1731971577925 3.4826800401788205e-05 0
1731971597063 3.773142088903114e-05 0
1731971616351 3.738377199624665e-05 0
1731971635458 3.568309693946503e-05 0
1731971654754 3.4930599213112146e-05 0
1731971673870 3.417889820411801e-05 0
1731971693177 3.522425686242059e-05 0
1731971712329 3.3648440876277164e-05 0
1731971731625 3.4416079870425165e-05 0
1731971750762 3.4698645322350785e-05 0
1731971770046 3.520439349813387e-05 0
1731971789195 3.5693774407263845e-05 0
1731971808510 3.747566370293498e-05 0
1731971827647 3.49759247910697e-05 0
1731971847333 3.4621989470906556e-05 0
1731971866499 3.553125498001464e-05 0
1731971885797 3.4711116313701496e-05 0
1731971904932 3.4475098800612614e-05 0
1731971924199 3.461975938989781e-05 0
1731971943368 3.401572030270472e-05 0
1731971962629 3.503068728605285e-05 0
1731971981750 3.550534165697172e-05 0
1731972001042 3.5769880923908204e-05 0
1731972020169 3.396272222744301e-05 0
1731972039449 3.562666825018823e-05 0
1731972058580 3.234506948501803e-05 0
1731972077875 3.345821824041195e-05 0
1731972097041 3.3590222301427275e-05 0
1731972116325 3.2772906706668437e-05 0
1731972135805 3.370711419847794e-05 0
1731972155116 3.2351905247196555e-05 0
1731972174246 3.377184839337133e-05 0
1731972193542 3.393581573618576e-05 0
1731972212684 3.288098014309071e-05 0
1731972231968 3.3021511626429856e-05 0
1731972251103 3.255939736845903e-05 0
1731972270402 3.337875386932865e-05 0
1731972289529 3.3007316233124584e-05 0
1731972308830 3.225246473448351e-05 0
1731972327980 3.323008422739804e-05 0
1731972347243 3.230464062653482e-05 0
1731972366367 3.421506335143931e-05 0
1731972385649 3.3194788557011634e-05 0
1731972404790 3.140720946248621e-05 0
1731972424674 3.246185224270448e-05 0
1731972443808 3.154553996864706e-05 0
1731972463096 3.1235587812261656e-05 0
1731972482250 3.3383184927515686e-05 0
1731972501545 3.17216690746136e-05 0
1731972520662 3.181583451805636e-05 0
1731972539914 3.2359523174818605e-05 0
1731972559069 3.2513784390175715e-05 0
1731972578348 3.076473149121739e-05 0
1731972597484 3.322478733025491e-05 0
1731972616780 3.178411134285852e-05 0
1731972635889 3.176382233505137e-05 0
1731972655186 3.326239311718382e-05 0
1731972674338 3.182608634233475e-05 0
1731972693619 3.239955913159065e-05 0
1731972713122 3.1786123145138845e-05 0
1731972732407 3.057845970033668e-05 0
1731972751543 3.1580035283695906e-05 0
1731972770822 3.2840183848747984e-05 0
1731972789974 3.2153711799765006e-05 0
1731972809304 3.206285327905789e-05 0
1731972828444 3.321583790238947e-05 0
1731972847731 3.0296179829747416e-05 0
1731972866853 3.1955943995853886e-05 0
1731972886142 3.1806950573809445e-05 0
1731972905301 3.201531944796443e-05 0
1731972924596 3.233876850572415e-05 0
1731972943755 3.108557211817242e-05 0
1731972963033 3.180230487487279e-05 0
1731972982163 3.488478250801563e-05 0
