1731968596272 0.0029832853469997644 0
1731968622883 0.00047468283446505666 0
1731968649265 0.00036817946238443255 0
1731968675535 0.00030640169279649854 0
1731968701580 0.0003289305022917688 0
1731968727605 0.00030482467263936996 0
1731968753378 0.0003049363731406629 0
1731968779227 0.0003596798051148653 0
1731968804929 0.0002897946978919208 0
1731968830774 0.00033863255521282554 0
1731968856494 0.0003145689843222499 0
1731968882341 0.00030128011712804437 0
1731968908053 0.00028429803205654025 0
1731968933896 0.00032372429268434644 0
1731968959569 0.00034814575337804854 0
1731968982051 0.00029171587084420025 0
1731969004542 0.00031008111545816064 0
1731969026999 0.0003641934017650783 0
1731969049504 0.0003348801692482084 0
1731969072020 0.0003431332006584853 0
1731969094499 0.00034759470145218074 0
1731969117025 0.0003046941419597715 0
1731969138341 0.0003366771270520985 0
1731969159093 0.00032771017868071795 0
1731969179968 0.0003196223988197744 0
1731969200849 0.0003417321131564677 0
1731969221721 0.0003045499906875193 0
1731969242513 0.00037137902108952403 0
1731969263419 0.00033834169153124094 0
1731969284203 0.000328969385009259 0
1731969304065 0.00030726497061550617 0
1731969323961 0.0003414331586100161 0
1731969343825 0.0003273885522503406 0
1731969363764 0.0003548810782376677 0
1731969383660 0.0003680916561279446 0
1731969403551 0.00042467250023037195 0
1731969423430 0.00040419024298898876 0
1731969442740 0.00038218311965465546 0
1731969462038 0.00037736445665359497 0
1731969481173 0.0003413510276004672 0
1731969500421 0.0003671318991109729 0
1731969519533 0.00039101496804505587 0
1731969538808 0.00034801039146259427 0
1731969557947 0.0003663807874545455 0
1731969577623 0.0003759136307053268 0
1731969596766 0.00037447919021360576 0
1731969616018 0.0003396845131646842 0
1731969635174 0.0003532705595716834 0
1731969654417 0.00036834037746302783 0
1731969673549 0.00039501755964010954 0
1731969692818 0.00032341189216822386 0
1731969711966 0.0004397663869895041 0
1731969731270 0.0004022197681479156 0
1731969750420 0.000349660956999287 0
1731969769710 0.0004204064898658544 0
1731969788874 0.0004007484531030059 0
1731969808129 0.00043707649456337094 0
1731969827263 0.00044318230357021093 0
1731969846527 0.0004067081317771226 0
1731969865944 0.0003856605908367783 0
1731969885232 0.00038195805973373353 0
1731969904353 0.0004269728669896722 0
1731969923616 0.0004407837113831192 0
1731969942763 0.0003884525503963232 0
1731969962004 0.00040926627116277814 0
1731969981153 0.0004209283215459436 0
1731970000463 0.0004172079497948289 0
1731970019606 0.0004188604943919927 0
1731970038912 0.00040540588088333607 0
1731970058058 0.0004051990690641105 0
1731970077319 0.0003924640768673271 0
1731970096454 0.0004056696780025959 0
1731970115734 0.00040363811422139406 0
1731970134862 0.00037297361996024847 0
1731970154460 0.000375530740711838 0
1731970173602 0.00040646351408213377 0
1731970192888 0.0004341736785136163 0
1731970212041 0.00044455649913288653 0
1731970231332 0.0004042443761136383 0
1731970250460 0.00042595682316459715 0
1731970269732 0.0004344889603089541 0
1731970288859 0.00042870204197242856 0
1731970308133 0.00045200722524896264 0
1731970327260 0.0004002467030659318 0
1731970346533 0.00039118705899454653 0
1731970365667 0.00046907117939554155 0
1731970384964 0.0004116054333280772 0
1731970404083 0.00042654250864870846 0
1731970423718 0.0004757007409352809 0
1731970442859 0.0004648241156246513 0
1731970462169 0.00040137622272595763 0
1731970481331 0.00043334890506230295 0
1731970500618 0.0005041036056354642 0
1731970519709 0.0004470135609153658 0
1731970538979 0.000422156706918031 0
1731970558102 0.00045667897211387753 0
1731970577358 0.00041610788321122527 0
1731970596484 0.0004040541243739426 0
1731970615785 0.00046851567458361387 0
1731970634910 0.00046010862570255995 0
1731970654166 0.00046935153659433126 0
1731970673277 0.00048260719631798565 0
1731970692555 0.0004498022608458996 0
1731970712064 0.0004566653224173933 0
1731970731357 0.0004378732992336154 0
1731970750532 0.00047233147779479623 0
1731970769791 0.00044549760059453547 0
1731970788912 0.0004281477304175496 0
1731970808171 0.000422703567892313 0
1731970827286 0.0004672128416132182 0
1731970846573 0.00048492231871932745 0
1731970865723 0.0004060154315084219 0
1731970885024 0.0004092734889127314 0
1731970904171 0.0004952713497914374 0
1731970923442 0.0004851011617574841 0
1731970942612 0.0004747842322103679 0
1731970961908 0.00046239979565143585 0
1731970981055 0.00043388057383708656 0
1731971000657 0.000408488413086161 0
1731971019806 0.000443420052761212 0
1731971039126 0.0004704938328359276 0
1731971058312 0.00045730514102615416 0
1731971077619 0.00044113508192822337 0
1731971096761 0.0004802589537575841 0
1731971116031 0.0004819217720068991 0
1731971135200 0.0004709968052338809 0
1731971154513 0.0004326888301875442 0
1731971173680 0.0004477277980186045 0
1731971192991 0.0004539809888228774 0
1731971212120 0.0004588287556543946 0
1731971231405 0.0005328196566551924 0
1731971250543 0.0004887827672064304 0
1731971269804 0.00047651640488766134 0
1731971289306 0.00048111332580447197 0
1731971308573 0.000464819633634761 0
1731971327727 0.00047670002095401287 0
1731971347016 0.0004912305739708245 0
1731971366135 0.0004921528161503375 0
1731971385444 0.00044559669913724065 0
1731971404606 0.00047029712004587054 0
1731971423903 0.00045923402649350464 0
1731971443002 0.0005291484412737191 0
1731971462287 0.00047782412730157375 0
1731971481427 0.00045167707139626145 0
1731971500712 0.000527075317222625 0
1731971519832 0.000446991587523371 0
1731971539143 0.0004734066314995289 0
1731971558302 0.00045328473788686097 0
1731971577925 0.0005300885532051325 0
1731971597063 0.0005100711132399738 0
1731971616351 0.0005144570604898036 0
1731971635458 0.0005001842509955168 0
1731971654754 0.000518717453815043 0
1731971673870 0.00046581137576140463 0
1731971693177 0.0004902689252048731 0
1731971712329 0.0004680434940382838 0
1731971731625 0.0005137482075951993 0
1731971750762 0.000508330122102052 0
1731971770046 0.00041885158861987293 0
1731971789195 0.0005025714635848999 0
1731971808510 0.0005226058419793844 0
1731971827647 0.0005390971782617271 0
1731971847333 0.0005040077376179397 0
1731971866499 0.0005073243519291282 0
1731971885797 0.0004527017299551517 0
1731971904932 0.0004893231089226902 0
1731971924199 0.00048824033001437783 0
1731971943368 0.00045365100959315896 0
1731971962629 0.0005262562772259116 0
1731971981750 0.0005223933258093894 0
1731972001042 0.0005202124011702836 0
1731972020169 0.0005345214158296585 0
1731972039449 0.0004632083000615239 0
1731972058580 0.0004874657606706023 0
1731972077875 0.0005292156129144132 0
1731972097041 0.0005082619027234614 0
1731972116325 0.0004946081899106503 0
1731972135805 0.0005522810970433056 0
1731972155116 0.00048278755275532603 0
1731972174246 0.0005286043160595 0
1731972193542 0.0004833232378587127 0
1731972212684 0.00048374506877735257 0
1731972231968 0.0005146993789821863 0
1731972251103 0.0004889051779173315 0
1731972270402 0.000498836045153439 0
1731972289529 0.0005732437130063772 0
1731972308830 0.00048042857088148594 0
1731972327980 0.0005216308054514229 0
1731972347243 0.0005330289714038372 0
1731972366367 0.000496150751132518 0
1731972385649 0.0005130513454787433 0
1731972404790 0.0005120082059875131 0
1731972424674 0.0005289032123982906 0
1731972443808 0.0004954104661010206 0
1731972463096 0.0005131834768690169 0
1731972482250 0.0005162747111171484 0
1731972501545 0.00050511141307652 0
1731972520662 0.0005682599148713052 0
1731972539914 0.0005569930654019117 0
1731972559069 0.0005797168705612421 0
1731972578348 0.0004792626132257283 0
1731972597484 0.0005431484896689653 0
1731972616780 0.0005172311794012785 0
1731972635889 0.0005242446786724031 0
1731972655186 0.000548558309674263 0
1731972674338 0.0005278419703245163 0
1731972693619 0.0005547790206037462 0
1731972713122 0.0004989780718460679 0
1731972732407 0.0004912843578495085 0
1731972751543 0.0005145102040842175 0
1731972770822 0.00048287937534041703 0
1731972789974 0.00047605804866179824 0
1731972809304 0.0006033582030795515 0
1731972828444 0.00048456399235874414 0
1731972847731 0.000545161310583353 0
1731972866853 0.0005413969629444182 0
1731972886142 0.0005390496226027608 0
1731972905301 0.0004845254879910499 0
1731972924596 0.0005318085313774645 0
1731972943755 0.0005191308446228504 0
1731972963033 0.0005670132813975215 0
1731972982163 0.0005486467271111906 0
