1731968596270 21.1762638092041 0
1731968622879 22.672792434692383 0
1731968649260 23.353296279907227 0
1731968675533 23.61964225769043 0
1731968701577 24.029943466186523 0
1731968727602 23.684459686279297 0
1731968753375 24.526336669921875 0
1731968779225 25.220230102539062 0
1731968804927 25.778173446655273 0
1731968830772 25.0438175201416 0
1731968856491 25.202993392944336 0
1731968882339 24.593769073486328 0
1731968908051 24.773502349853516 0
1731968933894 25.622209548950195 0
1731968959567 26.241533279418945 0
1731968982049 25.400053024291992 0
1731969004539 26.0933895111084 0
1731969026997 25.605178833007812 0
1731969049501 24.78255844116211 0
1731969072017 26.631393432617188 0
1731969094497 25.669950485229492 0
1731969117022 26.044462203979492 0
1731969138339 26.076187133789062 0
1731969159091 26.262601852416992 0
1731969179965 25.996898651123047 0
1731969200846 26.10638999938965 0
1731969221718 26.648109436035156 0
1731969242511 26.697954177856445 0
1731969263417 26.32225799560547 0
1731969284200 26.581933975219727 0
1731969304062 26.34112548828125 0
1731969323959 25.784988403320312 0
1731969343822 25.857070922851562 0
1731969363762 26.812755584716797 0
1731969383658 26.11046600341797 0
1731969403549 26.738054275512695 0
1731969423428 26.385774612426758 0
1731969442737 26.870229721069336 0
1731969462035 26.544876098632812 0
1731969481171 26.737672805786133 0
1731969500418 26.971532821655273 0
1731969519530 27.545974731445312 0
1731969538806 26.666894912719727 0
1731969557944 27.173686981201172 0
1731969577621 27.319997787475586 0
1731969596764 26.790576934814453 0
1731969616016 27.07731819152832 0
1731969635172 26.961593627929688 0
1731969654415 27.52789878845215 0
1731969673547 28.006898880004883 0
1731969692816 28.0910701751709 0
1731969711964 27.1806583404541 0
1731969731268 27.872575759887695 0
1731969750418 26.721702575683594 0
1731969769708 27.899648666381836 0
1731969788871 27.78931427001953 0
1731969808126 27.5107364654541 0
1731969827260 28.133268356323242 0
1731969846525 27.410533905029297 0
1731969865942 27.239076614379883 0
1731969885229 27.951841354370117 0
1731969904351 27.469867706298828 0
1731969923614 28.239015579223633 0
1731969942760 27.494482040405273 0
1731969962002 28.156475067138672 0
1731969981150 27.51498794555664 0
1731970000461 28.36935043334961 0
1731970019604 27.473215103149414 0
1731970038907 28.209430694580078 0
1731970058056 27.893146514892578 0
1731970077316 27.060998916625977 0
1731970096452 28.767744064331055 0
1731970115732 28.43071937561035 0
1731970134860 28.493709564208984 0
1731970154458 28.29202651977539 0
1731970173600 27.967355728149414 0
1731970192885 28.178071975708008 0
1731970212039 28.51677131652832 0
1731970231330 28.674135208129883 0
1731970250458 28.317392349243164 0
1731970269730 28.608736038208008 0
1731970288857 27.846370697021484 0
1731970308131 28.6092586517334 0
1731970327257 28.536218643188477 0
1731970346530 28.577720642089844 0
1731970365665 28.24541473388672 0
1731970384962 28.778011322021484 0
1731970404081 28.40081024169922 0
1731970423716 28.713315963745117 0
1731970442857 29.055757522583008 0
1731970462167 29.00293731689453 0
1731970481328 29.037321090698242 0
1731970500616 28.224990844726562 0
1731970519707 28.283676147460938 0
1731970538977 29.087993621826172 0
1731970558100 28.10399627685547 0
1731970577356 28.46772575378418 0
1731970596482 29.20835304260254 0
1731970615783 29.314800262451172 0
1731970634908 28.798206329345703 0
1731970654164 28.670467376708984 0
1731970673275 28.931900024414062 0
1731970692552 28.903423309326172 0
1731970712062 28.977371215820312 0
1731970731355 29.04109001159668 0
1731970750530 28.23906135559082 0
1731970769789 29.018335342407227 0
1731970788909 29.18041229248047 0
1731970808168 29.639741897583008 0
1731970827284 28.715951919555664 0
1731970846571 29.059450149536133 0
1731970865721 29.211015701293945 0
1731970885021 28.901077270507812 0
1731970904169 29.528493881225586 0
1731970923440 29.377458572387695 0
1731970942610 29.552837371826172 0
1731970961906 29.72059440612793 0
1731970981053 29.906492233276367 0
1731971000655 29.692712783813477 0
1731971019804 29.73810386657715 0
1731971039124 29.85342788696289 0
1731971058310 29.55930519104004 0
1731971077617 30.228601455688477 0
1731971096759 30.124353408813477 0
1731971116029 29.785032272338867 0
1731971135196 28.680431365966797 0
1731971154511 29.152137756347656 0
1731971173678 29.917190551757812 0
1731971192989 29.58497428894043 0
1731971212118 29.881853103637695 0
1731971231403 29.846927642822266 0
1731971250540 29.363357543945312 0
1731971269802 29.407629013061523 0
1731971289303 29.92970085144043 0
1731971308571 29.76214599609375 0
1731971327725 29.938426971435547 0
1731971347014 29.213809967041016 0
1731971366133 30.830595016479492 0
1731971385442 29.97617530822754 0
1731971404603 30.069717407226562 0
1731971423901 30.072093963623047 0
1731971443000 30.257375717163086 0
1731971462285 29.71416664123535 0
1731971481425 30.814138412475586 0
1731971500709 29.781503677368164 0
1731971519830 30.016530990600586 0
1731971539141 30.159982681274414 0
1731971558300 30.198402404785156 0
1731971577923 30.155010223388672 0
1731971597061 30.0677547454834 0
1731971616349 30.265535354614258 0
1731971635456 30.307573318481445 0
1731971654752 29.429475784301758 0
1731971673868 30.2040958404541 0
1731971693175 30.572206497192383 0
1731971712327 30.779800415039062 0
1731971731623 30.433937072753906 0
1731971750759 30.05614471435547 0
1731971770043 30.367921829223633 0
1731971789193 30.2119083404541 0
1731971808508 30.521806716918945 0
1731971827645 30.45458984375 0
1731971847331 30.700773239135742 0
1731971866497 29.718210220336914 0
1731971885795 31.347097396850586 0
1731971904930 31.111019134521484 0
1731971924197 30.865596771240234 0
1731971943366 30.567304611206055 0
1731971962626 30.349517822265625 0
1731971981748 30.420331954956055 0
1731972001040 31.33595848083496 0
1731972020167 30.918720245361328 0
1731972039447 30.822919845581055 0
1731972058578 31.00847816467285 0
1731972077873 30.83914566040039 0
1731972097039 30.438945770263672 0
1731972116323 30.84208869934082 0
1731972135803 30.519380569458008 0
1731972155114 31.310287475585938 0
1731972174244 31.068403244018555 0
1731972193540 30.700077056884766 0
1731972212682 30.475461959838867 0
1731972231966 30.947866439819336 0
1731972251101 30.971797943115234 0
1731972270400 30.85369300842285 0
1731972289527 30.935930252075195 0
1731972308828 31.297666549682617 0
1731972327978 30.59186363220215 0
1731972347241 30.36631202697754 0
1731972366365 31.235998153686523 0
1731972385647 30.67852210998535 0
1731972404787 31.046274185180664 0
1731972424672 30.539716720581055 0
1731972443806 31.21967315673828 0
1731972463094 31.42684555053711 0
1731972482248 31.78297233581543 0
1731972501543 31.093690872192383 0
1731972520660 31.207820892333984 0
1731972539912 31.048086166381836 0
1731972559067 31.301071166992188 0
1731972578346 31.80864715576172 0
1731972597482 31.31489372253418 0
1731972616777 31.2913818359375 0
1731972635887 31.45266342163086 0
1731972655184 31.383821487426758 0
1731972674336 31.53118133544922 0
1731972693617 31.61295509338379 0
1731972713120 30.9171142578125 0
1731972732405 31.485485076904297 0
1731972751541 31.769987106323242 0
1731972770820 31.01024627685547 0
1731972789972 31.411760330200195 0
1731972809301 31.226213455200195 0
1731972828442 31.384174346923828 0
1731972847729 31.684675216674805 0
1731972866851 32.18214797973633 0
1731972886140 31.37268829345703 0
1731972905299 31.255084991455078 0
1731972924594 31.685449600219727 0
1731972943752 31.42777442932129 0
1731972963030 31.249032974243164 0
1731972982161 31.80474090576172 0
