1731968596272 0.00762734841555357 0
1731968622883 0.005404066294431686 0
1731968649265 0.004620300605893135 0
1731968675535 0.0043454598635435104 0
1731968701580 0.003953717648983002 0
1731968727605 0.0042810868471860886 0
1731968753378 0.003526682034134865 0
1731968779227 0.0030059171840548515 0
1731968804929 0.002643520012497902 0
1731968830774 0.0031305309385061264 0
1731968856494 0.0030178704764693975 0
1731968882341 0.0034723468124866486 0
1731968908053 0.0033315755426883698 0
1731968933896 0.002740179654210806 0
1731968959569 0.002376001328229904 0
1731968982051 0.0028839956503361464 0
1731969004542 0.0024584466591477394 0
1731969026999 0.0027509459760040045 0
1731969049504 0.00332463625818491 0
1731969072020 0.002172003034502268 0
1731969094499 0.002710222965106368 0
1731969117025 0.0024863015860319138 0
1731969138341 0.002468203892931342 0
1731969159093 0.0023645025212317705 0
1731969179968 0.002513680374249816 0
1731969200849 0.0024510996881872416 0
1731969221721 0.0021636593155562878 0
1731969242513 0.002138968789950013 0
1731969263419 0.002332244534045458 0
1731969284203 0.00219688075594604 0
1731969304065 0.0023221345618367195 0
1731969323961 0.002639373764395714 0
1731969343825 0.0025959298945963383 0
1731969363764 0.002083168365061283 0
1731969383660 0.002448799554258585 0
1731969403551 0.002119310200214386 0
1731969423430 0.002298383042216301 0
1731969442740 0.002055780729278922 0
1731969462038 0.0022157062776386738 0
1731969481173 0.0021194959990680218 0
1731969500421 0.0020083836279809475 0
1731969519533 0.0017595536774024367 0
1731969538808 0.002154320478439331 0
1731969557947 0.0019170406740158796 0
1731969577623 0.0018535315757617354 0
1731969596766 0.0020938338711857796 0
1731969616018 0.001960054272785783 0
1731969635174 0.0020129848271608353 0
1731969654417 0.001766891567967832 0
1731969673549 0.0015823765425011516 0
1731969692818 0.0015520041342824697 0
1731969711966 0.0019139650976285338 0
1731969731270 0.0016320832073688507 0
1731969750420 0.002127304207533598 0
1731969769710 0.0016219409881159663 0
1731969788874 0.0016636750660836697 0
1731969808129 0.0017738885944709182 0
1731969827263 0.001536996802315116 0
1731969846527 0.001815292052924633 0
1731969865944 0.001888392260298133 0
1731969885232 0.0016025654040277004 0
1731969904353 0.001790660317055881 0
1731969923616 0.0015000244602560997 0
1731969942763 0.0017805397510528564 0
1731969962004 0.0015288058202713728 0
1731969981153 0.0017721527256071568 0
1731970000463 0.0014556761598214507 0
1731970019606 0.0017892804462462664 0
1731970038912 0.0015102776233106852 0
1731970058058 0.00162437092512846 0
1731970077319 0.001967433374375105 0
1731970096454 0.0013280839193612337 0
1731970115734 0.0014352509751915932 0
1731970134862 0.001414584694430232 0
1731970154460 0.0014818258350715041 0
1731970173602 0.0015968505758792162 0
1731970192888 0.0015212222933769226 0
1731970212041 0.0014070929028093815 0
1731970231332 0.001357020577415824 0
1731970250460 0.0014731966657564044 0
1731970269732 0.0013776099076494575 0
1731970288859 0.0016419603489339352 0
1731970308133 0.0013774444814771414 0
1731970327260 0.0014008062426000834 0
1731970346533 0.0013874834403395653 0
1731970365667 0.0014978153631091118 0
1731970384964 0.0013249479234218597 0
1731970404083 0.001445170259103179 0
1731970423718 0.0013448330573737621 0
1731970442859 0.0012428655754774809 0
1731970462169 0.001258073840290308 0
1731970481331 0.0012481531593948603 0
1731970500618 0.0015048765344545245 0
1731970519709 0.0014846781268715858 0
1731970538979 0.0012336743529886007 0
1731970558102 0.0015473910607397556 0
1731970577358 0.0014230736996978521 0
1731970596484 0.0011999541893601418 0
1731970615785 0.0011709004174917936 0
1731970634910 0.0013188010780140758 0
1731970654166 0.0013581672683358192 0
1731970673277 0.0012788213789463043 0
1731970692555 0.0012872342485934496 0
1731970712064 0.0012655016034841537 0
1731970731357 0.0012470702640712261 0
1731970750532 0.0015000086277723312 0
1731970769791 0.0012536215363070369 0
1731970788912 0.0012076988350600004 0
1731970808171 0.0010864899959415197 0
1731970827286 0.0013440171023830771 0
1731970846573 0.0012418091064319015 0
1731970865723 0.001199218793772161 0
1731970885024 0.0012879295973107219 0
1731970904171 0.0011146808974444866 0
1731970923442 0.0011541283456608653 0
1731970942612 0.0011084505822509527 0
1731970961908 0.0010664499131962657 0
1731970981055 0.001021763775497675 0
1731971000657 0.0010733185335993767 0
1731971019806 0.0010621589608490467 0
1731971039126 0.0010343248723074794 0
1731971058312 0.001106800395064056 0
1731971077619 0.0009487235802225769 0
1731971096761 0.0009717722423374653 0
1731971116031 0.0010507437400519848 0
1731971135200 0.0013550545554608107 0
1731971154513 0.0012155871372669935 0
1731971173680 0.0010192501358687878 0
1731971192991 0.0011002779938280582 0
1731971212120 0.0010275774402543902 0
1731971231405 0.0010358744766563177 0
1731971250543 0.0011578814592212439 0
1731971269804 0.0011461382964625955 0
1731971289306 0.0010163183324038982 0
1731971308573 0.001056295121088624 0
1731971327727 0.001014278270304203 0
1731971347016 0.0011984470766037703 0
1731971366135 0.000825924682430923 0
1731971385444 0.0010055005550384521 0
1731971404606 0.000984074897132814 0
1731971423903 0.0009835361270233989 0
1731971443002 0.0009424585150554776 0
1731971462287 0.001068029785528779 0
1731971481427 0.0008290602709166706 0
1731971500712 0.0010515977628529072 0
1731971519832 0.0009962008334696293 0
1731971539143 0.0009638324263505638 0
1731971558302 0.0009553437121212482 0
1731971577925 0.0009649367420934141 0
1731971597063 0.0009845199529081583 0
1731971616351 0.000940689817070961 0
1731971635458 0.0009316277573816478 0
1731971654754 0.0011403867974877357 0
1731971673870 0.0009540921309962869 0
1731971693177 0.0008765549282543361 0
1731971712329 0.0008356414036825299 0
1731971731625 0.0009049114305526018 0
1731971750762 0.0009871548973023891 0
1731971770046 0.0009187719551846385 0
1731971789195 0.0009523773333057761 0
1731971808510 0.0008867867290973663 0
1731971827647 0.0009006184991449118 0
1731971847333 0.0008509861072525382 0
1731971866499 0.0010670353658497334 0
1731971885797 0.0007333145476877689 0
1731971904932 0.0007742800517007709 0
1731971924199 0.000819294829852879 0
1731971943368 0.0008775449823588133 0
1731971962629 0.0009226738475263119 0
1731971981750 0.0009077509166672826 0
1731972001042 0.0007351973908953369 0
1731972020169 0.0008093341602943838 0
1731972039449 0.0008273854618892074 0
1731972058580 0.0007927787373773754 0
1731972077875 0.0008243001066148281 0
1731972097041 0.0009038682910613716 0
1731972116325 0.0008237417787313461 0
1731972135805 0.0008872823091223836 0
1731972155116 0.0007395562715828419 0
1731972174246 0.0007819146849215031 0
1731972193542 0.0008511224295943975 0
1731972212684 0.0008963006548583508 0
1731972231968 0.0008039206149987876 0
1731972251103 0.0007995030609890819 0
1731972270402 0.0008215433917939663 0
1731972289529 0.0008061333792284131 0
1731972308830 0.0007417083252221346 0
1731972327980 0.0008725963998585939 0
1731972347243 0.0009191123535856605 0
1731972366367 0.0007523157401010394 0
1731972385649 0.0008553577354177833 0
1731972404790 0.0007859094766899943 0
1731972424674 0.0008831372251734138 0
1731972443808 0.0007551489397883415 0
1731972463096 0.0007199716055765748 0
1731972482250 0.0006632885779254138 0
1731972501545 0.0007773751276545227 0
1731972520662 0.0007572124595753849 0
1731972539914 0.0007855812436901033 0
1731972559069 0.0007411271217279136 0
1731972578348 0.0006593788857571781 0
1731972597484 0.0007387720979750156 0
1731972616780 0.0007427824893966317 0
1731972635889 0.0007157039362937212 0
1731972655186 0.0007271393551491201 0
1731972674338 0.0007028811378404498 0
1731972693619 0.0006897698622196913 0
1731972713122 0.0008096336387097836 0
1731972732407 0.0007103157113306224 0
1731972751543 0.0006652751471847296 0
1731972770822 0.0007924563251435757 0
1731972789974 0.0007224769215099514 0
1731972809304 0.0007540126098319888 0
1731972828444 0.0007270804489962757 0
1731972847731 0.0006784728611819446 0
1731972866853 0.0006050416268408298 0
1731972886142 0.0007290060166269541 0
1731972905301 0.0007490163552574813 0
1731972924596 0.0006783519638702273 0
1731972943755 0.0007198175881057978 0
1731972963033 0.000750061240978539 0
1731972982163 0.0006599721382372081 0
