1731968596272 0.0009808182949200273 0
1731968622883 0.00026686431374400854 0
1731968649265 0.00019072103896178305 0
1731968675535 0.00020028123981319368 0
1731968701580 0.00014178332639858127 0
1731968727605 0.0001787801884347573 0
1731968753378 0.00016585885896347463 0
1731968779227 0.00016628265439067036 0
1731968804929 0.0001711420773062855 0
1731968830774 0.00011239559535169974 0
1731968856494 0.00018124548660125583 0
1731968882341 0.00019776620320044458 0
1731968908053 0.00014894707419443876 0
1731968933896 0.00011207820352865383 0
1731968959569 0.00014441112580243498 0
1731968982051 8.777074981480837e-05 0
1731969004542 0.00010880817717406899 0
1731969026999 0.00011816008918685839 0
1731969049504 0.00012628531840164214 0
1731969072020 0.0001211181515827775 0
1731969094499 0.00011820659710792825 0
1731969117025 9.96463350020349e-05 0
1731969138341 0.00014412069867830724 0
1731969159093 0.00010995891352649778 0
1731969179968 0.00011793044541263953 0
1731969200849 0.00011675497808028013 0
1731969221721 9.338560630567372e-05 0
1731969242513 0.00010627188021317124 0
1731969263419 0.0001064617681549862 0
1731969284203 0.00010956036567222327 0
1731969304065 9.499654697719961e-05 0
1731969323961 8.765426173340529e-05 0
1731969343825 9.97633469523862e-05 0
1731969363764 8.611810335423797e-05 0
1731969383660 0.00016330424114130437 0
1731969403551 0.00012394646182656288 0
1731969423430 7.885588274803013e-05 0
1731969442740 0.0001244748564204201 0
1731969462038 0.00011526605521794409 0
1731969481173 0.00010671623022062704 0
1731969500421 9.393352956976742e-05 0
1731969519533 7.584490958834067e-05 0
1731969538808 7.409288809867576e-05 0
1731969557947 9.75547736743465e-05 0
1731969577623 7.019547774689272e-05 0
1731969596766 0.00010683340224204585 0
1731969616018 9.24307678360492e-05 0
1731969635174 6.708145519951358e-05 0
1731969654417 7.831545372027904e-05 0
1731969673549 7.712758815614507e-05 0
1731969692818 8.289991092169657e-05 0
1731969711966 8.110872295219451e-05 0
1731969731270 5.993049489916302e-05 0
1731969750420 7.226433081086725e-05 0
1731969769710 7.247738540172577e-05 0
1731969788874 7.647702295798808e-05 0
1731969808129 8.771906868787482e-05 0
1731969827263 5.754141238867305e-05 0
1731969846527 5.669199163094163e-05 0
1731969865944 6.088265945436433e-05 0
1731969885232 6.887562631163746e-05 0
1731969904353 5.7679058954818174e-05 0
1731969923616 8.911812619771808e-05 0
1731969942763 6.689916335744783e-05 0
1731969962004 8.78763894434087e-05 0
1731969981153 5.895116555620916e-05 0
1731970000463 7.132426253519952e-05 0
1731970019606 5.889030944672413e-05 0
1731970038912 7.584946433780715e-05 0
1731970058058 8.112950308714062e-05 0
1731970077319 8.075189543887973e-05 0
1731970096454 7.780842133797705e-05 0
1731970115734 6.269438017625362e-05 0
1731970134862 6.514963752124459e-05 0
1731970154460 7.532845484092832e-05 0
1731970173602 4.798326699528843e-05 0
1731970192888 6.253540050238371e-05 0
1731970212041 7.423458737321198e-05 0
1731970231332 5.029673775425181e-05 0
1731970250460 5.5835778766777366e-05 0
1731970269732 5.8467001508688554e-05 0
1731970288859 5.793786112917587e-05 0
1731970308133 5.0496972107794136e-05 0
1731970327260 8.110061753541231e-05 0
1731970346533 5.247930675977841e-05 0
1731970365667 6.873454549349844e-05 0
1731970384964 6.0937880334677175e-05 0
1731970404083 7.56750741857104e-05 0
1731970423718 9.505693742539734e-05 0
1731970442859 6.82312820572406e-05 0
1731970462169 4.686442844104022e-05 0
1731970481331 7.067028491292149e-05 0
1731970500618 5.407708522398025e-05 0
1731970519709 5.2701834647450596e-05 0
1731970538979 6.0117388784419745e-05 0
1731970558102 6.629615381825715e-05 0
1731970577358 5.111347491038032e-05 0
1731970596484 4.1934745240723714e-05 0
1731970615785 6.010808647261001e-05 0
1731970634910 7.050817657727748e-05 0
1731970654166 6.73586837365292e-05 0
1731970673277 6.21417275397107e-05 0
1731970692555 6.226200639503077e-05 0
1731970712064 4.625248766387813e-05 0
1731970731357 7.289428322110325e-05 0
1731970750532 6.476011185441166e-05 0
1731970769791 4.848307798965834e-05 0
1731970788912 5.8575089497026056e-05 0
1731970808171 5.455542850540951e-05 0
1731970827286 5.975204112473875e-05 0
1731970846573 4.9263435357715935e-05 0
1731970865723 5.58623687538784e-05 0
1731970885024 6.138787284726277e-05 0
1731970904171 5.95078818150796e-05 0
1731970923442 6.030800432199612e-05 0
1731970942612 6.40302459942177e-05 0
1731970961908 5.5551914556417614e-05 0
1731970981055 5.902355769649148e-05 0
1731971000657 4.6183580707293004e-05 0
1731971019806 4.686431202571839e-05 0
1731971039126 6.111180118750781e-05 0
1731971058312 4.99243542435579e-05 0
1731971077619 6.029369615134783e-05 0
1731971096761 4.128210639464669e-05 0
1731971116031 6.512722029583529e-05 0
1731971135200 5.40626460860949e-05 0
1731971154513 4.669041663873941e-05 0
1731971173680 4.335135599831119e-05 0
1731971192991 3.544123319443315e-05 0
1731971212120 4.439089389052242e-05 0
1731971231405 5.338972550816834e-05 0
1731971250543 6.749801832484081e-05 0
1731971269804 7.086294499458745e-05 0
1731971289306 5.980807327432558e-05 0
1731971308573 4.249152698321268e-05 0
1731971327727 4.585866554407403e-05 0
1731971347016 5.542793951462954e-05 0
1731971366135 4.436901508597657e-05 0
1731971385444 3.8518344808835536e-05 0
1731971404606 5.3495670726988465e-05 0
1731971423903 5.5873559176689014e-05 0
1731971443002 4.868786709266715e-05 0
1731971462287 5.502316344063729e-05 0
1731971481427 4.943528620060533e-05 0
1731971500712 3.7788922782056034e-05 0
1731971519832 4.9057562137022614e-05 0
1731971539143 4.807628283742815e-05 0
1731971558302 4.399396857479587e-05 0
1731971577925 5.061872070655227e-05 0
1731971597063 4.975589399691671e-05 0
1731971616351 4.0557741158409044e-05 0
1731971635458 4.2233670683344826e-05 0
1731971654754 4.7743014874868095e-05 0
1731971673870 4.573693877318874e-05 0
1731971693177 5.388499266700819e-05 0
1731971712329 3.797249519266188e-05 0
1731971731625 5.142200825503096e-05 0
1731971750762 5.1282127969898283e-05 0
1731971770046 4.260270725353621e-05 0
1731971789195 5.483945278683677e-05 0
1731971808510 4.818170054932125e-05 0
1731971827647 3.701111563714221e-05 0
1731971847333 5.004172999178991e-05 0
1731971866499 4.3611002183752134e-05 0
1731971885797 4.693760274676606e-05 0
1731971904932 4.070132126798853e-05 0
1731971924199 4.1323099139845e-05 0
1731971943368 3.127011586911976e-05 0
1731971962629 4.565770359477028e-05 0
1731971981750 5.0523267418611795e-05 0
1731972001042 4.912708391202614e-05 0
1731972020169 4.2669886170187965e-05 0
1731972039449 5.18580709467642e-05 0
1731972058580 4.534259642241523e-05 0
1731972077875 4.5620261516887695e-05 0
1731972097041 3.672076127259061e-05 0
1731972116325 3.1548403057968244e-05 0
1731972135805 4.351292591309175e-05 0
1731972155116 4.021735367132351e-05 0
1731972174246 5.4385200201068074e-05 0
1731972193542 3.731325705302879e-05 0
1731972212684 4.235059896018356e-05 0
1731972231968 4.320349762565456e-05 0
1731972251103 4.0834438550518826e-05 0
1731972270402 4.159644595347345e-05 0
1731972289529 4.010319389635697e-05 0
1731972308830 3.877927520079538e-05 0
1731972327980 6.725458661094308e-05 0
1731972347243 4.2467778257559985e-05 0
1731972366367 4.162159893894568e-05 0
1731972385649 3.76529642380774e-05 0
1731972404790 4.365681888884865e-05 0
1731972424674 4.8172987590078264e-05 0
1731972443808 3.335104702273384e-05 0
1731972463096 4.0470615203958005e-05 0
1731972482250 4.127074498683214e-05 0
1731972501545 4.198508395347744e-05 0
1731972520662 3.425077011343092e-05 0
1731972539914 5.4778305639047176e-05 0
1731972559069 3.194746750523336e-05 0
1731972578348 3.741597174666822e-05 0
1731972597484 3.8466154364869e-05 0
1731972616780 4.6418212150456384e-05 0
1731972635889 4.4622403947869316e-05 0
1731972655186 4.1101757233263925e-05 0
1731972674338 3.756208025151864e-05 0
1731972693619 3.5448549169814214e-05 0
1731972713122 4.024000736535527e-05 0
1731972732407 4.8406229325337335e-05 0
1731972751543 3.549216125975363e-05 0
1731972770822 3.25527653330937e-05 0
1731972789974 4.123105827602558e-05 0
1731972809304 4.196615191176534e-05 0
1731972828444 3.3034521038644016e-05 0
1731972847731 3.180632120347582e-05 0
1731972866853 3.695768100442365e-05 0
1731972886142 4.432656351127662e-05 0
1731972905301 5.2183051593601704e-05 0
1731972924596 2.995706381625496e-05 0
1731972943755 4.160589014645666e-05 0
1731972963033 4.4489584979601204e-05 0
1731972982163 4.6070035750744864e-05 0
