1731879807884 0.008747383952140808 0
1731879848488 0.008810615167021751 0
1731879888683 0.008774830959737301 0
1731879928818 0.008670689538121223 0
1731879968280 0.008829767815768719 0
1731880007967 0.008721237070858479 0
1731880047406 0.008676201105117798 0
1731880087197 0.00882144644856453 0
1731880126962 0.008754012174904346 0
1731880167090 0.008866893127560616 0
1731880207217 0.008708051405847073 0
1731880247603 0.008796211332082748 0
1731880287788 0.008695736527442932 0
1731880328377 0.008779610507190228 0
1731880368172 0.008728931657969952 0
1731880402920 0.008780309930443764 0
1731880437655 0.008682074956595898 0
1731880472448 0.008731696754693985 0
1731880507283 0.008567268028855324 0
1731880542117 0.008695055730640888 0
1731880577008 0.008778323419392109 0
1731880611871 0.008674554526805878 0
1731880644750 0.008555467240512371 0
1731880676528 0.008681767620146275 0
1731880708641 0.008720139041543007 0
1731880740765 0.008706790395081043 0
1731880772865 0.00857306644320488 0
1731880804724 0.008606876246631145 0
1731880836900 0.00868805032223463 0
1731880868618 0.008733612485229969 0
1731880898918 0.008748180232942104 0
1731880929304 0.008687276393175125 0
1731880959650 0.008751137182116508 0
1731880989986 0.00874194223433733 0
1731881020424 0.008724584244191647 0
1731881050808 0.008686925284564495 0
1731881081220 0.008704135194420815 0
1731881110557 0.008650582283735275 0
1731881139885 0.008668283000588417 0
1731881169022 0.008797106333076954 0
1731881198472 0.008692889474332333 0
1731881227525 0.008658058010041714 0
1731881256943 0.008743674494326115 0
1731881286083 0.008571276441216469 0
1731881315743 0.008681167848408222 0
1731881344900 0.00874828640371561 0
1731881374314 0.008590232580900192 0
1731881403561 0.00870447512716055 0
1731881432962 0.008663947694003582 0
1731881462149 0.008672590367496014 0
1731881491592 0.008643006905913353 0
1731881520781 0.008694017305970192 0
1731881550265 0.008642544969916344 0
1731881579371 0.008670851588249207 0
1731881608883 0.008653842844069004 0
1731881638080 0.008626258932054043 0
1731881667547 0.008646179921925068 0
1731881696721 0.008538820780813694 0
1731881726176 0.008739498443901539 0
1731881755924 0.008631070144474506 0
1731881785319 0.008650598116219044 0
1731881814439 0.00862784031778574 0
1731881843819 0.00867835246026516 0
1731881872907 0.008688442409038544 0
1731881902358 0.008789562620222569 0
1731881931549 0.008575285784900188 0
1731881960892 0.008622909896075726 0
1731881990084 0.008634259924292564 0
1731882019533 0.008589216507971287 0
1731882048737 0.008641824126243591 0
1731882078191 0.008630680851638317 0
1731882107377 0.008733183145523071 0
1731882136840 0.008579986169934273 0
1731882166040 0.008690948598086834 0
1731882195857 0.008727707900106907 0
1731882225033 0.008615478873252869 0
1731882254508 0.008643236011266708 0
1731882283652 0.008620352484285831 0
1731882313123 0.008721998892724514 0
1731882342288 0.008626659400761127 0
1731882371695 0.008717683143913746 0
1731882400952 0.008649315685033798 0
1731882430436 0.008530916646122932 0
1731882459591 0.00867810845375061 0
1731882489044 0.008628091774880886 0
1731882518285 0.008597135543823242 0
1731882547743 0.008671710267663002 0
1731882576978 0.008636612445116043 0
1731882606791 0.008603842929005623 0
1731882636029 0.008581000380218029 0
1731882665537 0.008675205521285534 0
1731882694788 0.008658642880618572 0
1731882724243 0.008561443537473679 0
1731882753430 0.008610965684056282 0
1731882782900 0.008634545840322971 0
1731882812173 0.008697234094142914 0
1731882841634 0.008570116944611073 0
1731882870857 0.008625095710158348 0
1731882900276 0.008718355558812618 0
1731882929525 0.008631343021988869 0
1731882959012 0.008628549054265022 0
1731882988265 0.008616269566118717 0
1731883017802 0.008621588349342346 0
1731883047339 0.00863303616642952 0
1731883076833 0.00864702370017767 0
1731883106049 0.008653698489069939 0
1731883135485 0.00864995364099741 0
1731883164663 0.008625377900898457 0
1731883194136 0.008724945597350597 0
1731883223367 0.008610188029706478 0
1731883252824 0.008732362650334835 0
1731883282029 0.00867373589426279 0
1731883311533 0.008612618781626225 0
1731883340769 0.008672860451042652 0
1731883370286 0.008694127202033997 0
1731883399499 0.00859791599214077 0
1731883428963 0.008572951890528202 0
1731883458205 0.008644318208098412 0
1731883488103 0.0086766816675663 0
1731883517296 0.008613999001681805 0
1731883546768 0.008652406744658947 0
1731883575947 0.008632487617433071 0
1731883605365 0.008616230450570583 0
1731883634575 0.008669255301356316 0
1731883664089 0.008681796491146088 0
1731883693333 0.008631238713860512 0
1731883722817 0.008690441958606243 0
1731883752054 0.008679339662194252 0
1731883781462 0.008637879975140095 0
1731883810681 0.008629753254354 0
1731883840163 0.008585678413510323 0
1731883869376 0.008598051965236664 0
1731883898863 0.00861878227442503 0
1731883928442 0.008570176549255848 0
1731883958001 0.008639979176223278 0
1731883987257 0.008604157716035843 0
1731884016756 0.008601102977991104 0
1731884045988 0.008684184402227402 0
1731884075514 0.008645950816571712 0
1731884104707 0.00862620584666729 0
1731884134198 0.008569646626710892 0
1731884163428 0.00860836822539568 0
1731884192855 0.008628759533166885 0
1731884222098 0.008614495396614075 0
1731884251601 0.008680859580636024 0
1731884280871 0.008618002757430077 0
1731884310359 0.008593393489718437 0
1731884339617 0.008613267913460732 0
1731884369499 0.008612149395048618 0
1731884398739 0.008618079125881195 0
1731884428198 0.008580057881772518 0
1731884457453 0.008651850745081902 0
1731884486964 0.0086835827678442 0
1731884516172 0.008614213205873966 0
1731884545685 0.00862281583249569 0
1731884574916 0.008592810481786728 0
1731884604477 0.008578835055232048 0
1731884633738 0.00864370260387659 0
1731884663210 0.008633756078779697 0
1731884692440 0.00856921635568142 0
1731884721938 0.008586917072534561 0
1731884751196 0.008617058396339417 0
1731884781040 0.008612892590463161 0
1731884810261 0.008627589792013168 0
1731884839782 0.008629705756902695 0
1731884869045 0.008652809076011181 0
1731884898577 0.00862610712647438 0
1731884927851 0.008629847317934036 0
1731884957336 0.008636686950922012 0
1731884986616 0.008560084737837315 0
1731885016198 0.0086376266553998 0
1731885045463 0.008593444712460041 0
1731885074939 0.008600431494414806 0
1731885104201 0.008578404784202576 0
1731885133779 0.008643567562103271 0
1731885163158 0.00858976785093546 0
1731885192688 0.00861180480569601 0
1731885222483 0.008569697849452496 0
1731885252018 0.008612805977463722 0
1731885281296 0.008641176857054234 0
1731885310767 0.00861288607120514 0
1731885340032 0.008598052896559238 0
1731885369557 0.008653142489492893 0
1731885398793 0.008598622865974903 0
1731885428322 0.008576305583119392 0
1731885457566 0.0086338110268116 0
1731885487031 0.008626852184534073 0
1731885516298 0.00862225703895092 0
1731885545819 0.00858544372022152 0
1731885575012 0.008626666851341724 0
1731885604523 0.008603762835264206 0
1731885633822 0.008606712333858013 0
1731885663669 0.008621602319180965 0
1731885692874 0.008598907850682735 0
1731885722625 0.008614211343228817 0
1731885751888 0.008603284135460854 0
1731885781421 0.008588220924139023 0
1731885810687 0.008572403341531754 0
1731885840173 0.008590688928961754 0
1731885869469 0.008607725612819195 0
1731885898988 0.008617082610726357 0
1731885928250 0.008616087026894093 0
1731885957768 0.008630293421447277 0
1731885987083 0.008607044816017151 0
1731886016629 0.00862145610153675 0
1731886045899 0.008606397546827793 0
1731886075459 0.008580075576901436 0
1731886105314 0.008584397844970226 0
1731886134876 0.008590233512222767 0
1731886164157 0.008588348515331745 0
1731886193671 0.008603730238974094 0
1731886223001 0.008619989268481731 0
1731886252507 0.008608617819845676 0
1731886281786 0.008630077354609966 0
1731886311336 0.008603885769844055 0
1731886340652 0.00861745048314333 0
1731886370199 0.008651102893054485 0
1731886399470 0.008632532320916653 0
1731886429009 0.008649644441902637 0
1731886458323 0.008591302670538425 0
1731886487823 0.008635612204670906 0
1731886517024 0.00862152874469757 0
