1731879807884 1.5070781707763672 0
1731879848488 1.5168732404708862 0
1731879888683 1.465198278427124 0
1731879928818 1.55447518825531 0
1731879968280 1.5710065364837646 0
1731880007967 1.571467399597168 0
1731880047406 1.6317360401153564 0
1731880087197 1.5871636867523193 0
1731880126962 1.6050100326538086 0
1731880167090 1.6130437850952148 0
1731880207217 1.5822807550430298 0
1731880247603 1.6438480615615845 0
1731880287788 1.5868667364120483 0
1731880328377 1.5664401054382324 0
1731880368172 1.659296989440918 0
1731880402920 1.5664381980895996 0
1731880437655 1.676322340965271 0
1731880472448 1.6339530944824219 0
1731880507283 1.6260254383087158 0
1731880542117 1.6710492372512817 0
1731880577008 1.6866401433944702 0
1731880611871 1.7408123016357422 0
1731880644750 1.6833301782608032 0
1731880676528 1.65188729763031 0
1731880708641 1.6812551021575928 0
1731880740765 1.654892086982727 0
1731880772865 1.6395840644836426 0
1731880804724 1.7085731029510498 0
1731880836900 1.678710699081421 0
1731880868618 1.7062325477600098 0
1731880898918 1.7795802354812622 0
1731880929304 1.6417499780654907 0
1731880959650 1.694505214691162 0
1731880989986 1.7019126415252686 0
1731881020424 1.7072498798370361 0
1731881050808 1.7585489749908447 0
1731881081220 1.6915092468261719 0
1731881110557 1.7476270198822021 0
1731881139885 1.6676849126815796 0
1731881169022 1.7843934297561646 0
1731881198472 1.744315505027771 0
1731881227525 1.7560136318206787 0
1731881256943 1.6921827793121338 0
1731881286083 1.7262650728225708 0
1731881315743 1.7458964586257935 0
1731881344900 1.6609396934509277 0
1731881374314 1.6744474172592163 0
1731881403561 1.6964200735092163 0
1731881432962 1.6765719652175903 0
1731881462149 1.7015634775161743 0
1731881491592 1.725199818611145 0
1731881520781 1.7519651651382446 0
1731881550265 1.7321726083755493 0
1731881579371 1.7419465780258179 0
1731881608883 1.7740039825439453 0
1731881638080 1.7235755920410156 0
1731881667547 1.7373647689819336 0
1731881696721 1.7273674011230469 0
1731881726176 1.7297979593276978 0
1731881755924 1.7507961988449097 0
1731881785319 1.7449636459350586 0
1731881814439 1.7514090538024902 0
1731881843819 1.735798716545105 0
1731881872907 1.753577709197998 0
1731881902358 1.7526956796646118 0
1731881931549 1.7092148065567017 0
1731881960892 1.7756104469299316 0
1731881990084 1.775788426399231 0
1731882019533 1.7897688150405884 0
1731882048737 1.7430850267410278 0
1731882078191 1.7944403886795044 0
1731882107377 1.7549810409545898 0
1731882136840 1.759201169013977 0
1731882166040 1.7233335971832275 0
1731882195857 1.756884217262268 0
1731882225033 1.8150697946548462 0
1731882254508 1.7621583938598633 0
1731882283652 1.7414120435714722 0
1731882313123 1.7489795684814453 0
1731882342288 1.7599337100982666 0
1731882371695 1.732703685760498 0
1731882400952 1.7739088535308838 0
1731882430436 1.7623213529586792 0
1731882459591 1.8162930011749268 0
1731882489044 1.7903857231140137 0
1731882518285 1.7563433647155762 0
1731882547743 1.7881391048431396 0
1731882576978 1.7398114204406738 0
1731882606791 1.7750216722488403 0
1731882636029 1.7961848974227905 0
1731882665537 1.7690598964691162 0
1731882694788 1.7891016006469727 0
1731882724243 1.8012419939041138 0
1731882753430 1.7017853260040283 0
1731882782900 1.7509320974349976 0
1731882812173 1.805346131324768 0
1731882841634 1.7792001962661743 0
1731882870857 1.7548328638076782 0
1731882900276 1.7893120050430298 0
1731882929525 1.7929350137710571 0
1731882959012 1.8142050504684448 0
1731882988265 1.7941397428512573 0
1731883017802 1.7620091438293457 0
1731883047339 1.7572683095932007 0
1731883076833 1.8007843494415283 0
1731883106049 1.777499794960022 0
1731883135485 1.7542134523391724 0
1731883164663 1.8030359745025635 0
1731883194136 1.7857877016067505 0
1731883223367 1.7802281379699707 0
1731883252824 1.7999122142791748 0
1731883282029 1.790788173675537 0
1731883311533 1.8043200969696045 0
1731883340769 1.804895281791687 0
1731883370286 1.7761855125427246 0
1731883399499 1.7912174463272095 0
1731883428963 1.7645326852798462 0
1731883458205 1.8066389560699463 0
1731883488103 1.8032313585281372 0
1731883517296 1.7942771911621094 0
1731883546768 1.796329379081726 0
1731883575947 1.8131147623062134 0
1731883605365 1.8089759349822998 0
1731883634575 1.8178002834320068 0
1731883664089 1.811367392539978 0
1731883693333 1.8347076177597046 0
1731883722817 1.827141284942627 0
1731883752054 1.8163813352584839 0
1731883781462 1.8328899145126343 0
1731883810681 1.8170093297958374 0
1731883840163 1.8106704950332642 0
1731883869376 1.8135221004486084 0
1731883898863 1.8330165147781372 0
1731883928442 1.8034061193466187 0
1731883958001 1.8008790016174316 0
1731883987257 1.7970457077026367 0
1731884016756 1.793587327003479 0
1731884045988 1.7934999465942383 0
1731884075514 1.7970510721206665 0
1731884104707 1.798356294631958 0
1731884134198 1.7952260971069336 0
1731884163428 1.808077096939087 0
1731884192855 1.806222677230835 0
1731884222098 1.7925305366516113 0
1731884251601 1.785038709640503 0
1731884280871 1.8154518604278564 0
1731884310359 1.8319073915481567 0
1731884339617 1.8163484334945679 0
1731884369499 1.7920787334442139 0
1731884398739 1.8092730045318604 0
1731884428198 1.7869975566864014 0
1731884457453 1.8202400207519531 0
1731884486964 1.79118013381958 0
1731884516172 1.7951046228408813 0
1731884545685 1.8022931814193726 0
1731884574916 1.804391860961914 0
1731884604477 1.8033791780471802 0
1731884633738 1.8052101135253906 0
1731884663210 1.8155516386032104 0
1731884692440 1.8102885484695435 0
1731884721938 1.8126559257507324 0
1731884751196 1.805763602256775 0
1731884781040 1.7884539365768433 0
1731884810261 1.803510308265686 0
1731884839782 1.7891887426376343 0
1731884869045 1.8031504154205322 0
1731884898577 1.811488151550293 0
1731884927851 1.8169386386871338 0
1731884957336 1.796501636505127 0
1731884986616 1.8101673126220703 0
1731885016198 1.8056613206863403 0
1731885045463 1.8146178722381592 0
1731885074939 1.8014874458312988 0
1731885104201 1.8323718309402466 0
1731885133779 1.8223880529403687 0
1731885163158 1.8143128156661987 0
1731885192688 1.8317772150039673 0
1731885222483 1.8163745403289795 0
1731885252018 1.8152515888214111 0
1731885281296 1.823185682296753 0
1731885310767 1.8328245878219604 0
1731885340032 1.8276292085647583 0
1731885369557 1.808892846107483 0
1731885398793 1.812968373298645 0
1731885428322 1.8092350959777832 0
1731885457566 1.8168814182281494 0
1731885487031 1.8241549730300903 0
1731885516298 1.8261501789093018 0
1731885545819 1.8230061531066895 0
1731885575012 1.8342431783676147 0
1731885604523 1.8274534940719604 0
1731885633822 1.7989319562911987 0
1731885663669 1.833617091178894 0
1731885692874 1.8216800689697266 0
1731885722625 1.824975609779358 0
1731885751888 1.8274073600769043 0
1731885781421 1.819454550743103 0
1731885810687 1.810916543006897 0
1731885840173 1.842742919921875 0
1731885869469 1.8217532634735107 0
1731885898988 1.82221519947052 0
1731885928250 1.8323301076889038 0
1731885957768 1.8193879127502441 0
1731885987083 1.8128091096878052 0
1731886016629 1.820504903793335 0
1731886045899 1.810144066810608 0
1731886075459 1.804492712020874 0
1731886105314 1.8188087940216064 0
1731886134876 1.815812110900879 0
1731886164157 1.8146899938583374 0
1731886193671 1.8273570537567139 0
1731886223001 1.8194594383239746 0
1731886252507 1.7977347373962402 0
1731886281786 1.8188859224319458 0
1731886311336 1.8146367073059082 0
1731886340652 1.8376439809799194 0
1731886370199 1.8117884397506714 0
1731886399470 1.8110696077346802 0
1731886429009 1.8195616006851196 0
1731886458323 1.8310481309890747 0
1731886487823 1.8236228227615356 0
1731886517024 1.8252004384994507 0
