1731879807884 0.1561073511838913 0
1731879848488 0.12379086017608643 0
1731879888683 0.10217034816741943 0
1731879928818 0.09075295925140381 0
1731879968280 0.08592051267623901 0
1731880007967 0.07867340743541718 0
1731880047406 0.07627030462026596 0
1731880087197 0.07228345423936844 0
1731880126962 0.06777336448431015 0
1731880167090 0.06692937016487122 0
1731880207217 0.06367826461791992 0
1731880247603 0.06421084702014923 0
1731880287788 0.06240130215883255 0
1731880328377 0.06216436251997948 0
1731880368172 0.05771089345216751 0
1731880402920 0.05811167508363724 0
1731880437655 0.057702790945768356 0
1731880472448 0.05743620544672012 0
1731880507283 0.056853074580430984 0
1731880542117 0.05607563257217407 0
1731880577008 0.05541793256998062 0
1731880611871 0.05505441501736641 0
1731880644750 0.05580354481935501 0
1731880676528 0.053740181028842926 0
1731880708641 0.05442270264029503 0
1731880740765 0.05453212186694145 0
1731880772865 0.0529860258102417 0
1731880804724 0.05489453673362732 0
1731880836900 0.05355493724346161 0
1731880868618 0.05176495760679245 0
1731880898918 0.052618782967329025 0
1731880929304 0.051272809505462646 0
1731880959650 0.05183696001768112 0
1731880989986 0.05066455900669098 0
1731881020424 0.051626354455947876 0
1731881050808 0.051996923983097076 0
1731881081220 0.05080548673868179 0
1731881110557 0.04841569811105728 0
1731881139885 0.04968046769499779 0
1731881169022 0.050857581198215485 0
1731881198472 0.04941313713788986 0
1731881227525 0.04944034665822983 0
1731881256943 0.04682701453566551 0
1731881286083 0.04654044657945633 0
1731881315743 0.04645940661430359 0
1731881344900 0.047437429428100586 0
1731881374314 0.047106921672821045 0
1731881403561 0.049610685557127 0
1731881432962 0.046673502773046494 0
1731881462149 0.04521137848496437 0
1731881491592 0.045635636895895004 0
1731881520781 0.04536353796720505 0
1731881550265 0.044793546199798584 0
1731881579371 0.04680635780096054 0
1731881608883 0.04638916626572609 0
1731881638080 0.0445418618619442 0
1731881667547 0.04512574523687363 0
1731881696721 0.04468807205557823 0
1731881726176 0.04340969771146774 0
1731881755924 0.04263780638575554 0
1731881785319 0.04427166283130646 0
1731881814439 0.04454910010099411 0
1731881843819 0.042807966470718384 0
1731881872907 0.043901942670345306 0
1731881902358 0.0441339835524559 0
1731881931549 0.041664376854896545 0
1731881960892 0.04390934482216835 0
1731881990084 0.0435207225382328 0
1731882019533 0.042332135140895844 0
1731882048737 0.042784444987773895 0
1731882078191 0.04301602393388748 0
1731882107377 0.043279241770505905 0
1731882136840 0.04186900705099106 0
1731882166040 0.04232894256711006 0
1731882195857 0.04178716242313385 0
1731882225033 0.0427599772810936 0
1731882254508 0.04253207892179489 0
1731882283652 0.04145267978310585 0
1731882313123 0.04256141185760498 0
1731882342288 0.04261104017496109 0
1731882371695 0.041045643389225006 0
1731882400952 0.042548228055238724 0
1731882430436 0.04067244380712509 0
1731882459591 0.04169825464487076 0
1731882489044 0.039893001317977905 0
1731882518285 0.039741892367601395 0
1731882547743 0.040537089109420776 0
1731882576978 0.04102077707648277 0
1731882606791 0.03918243572115898 0
1731882636029 0.04051285237073898 0
1731882665537 0.03897327929735184 0
1731882694788 0.0396437831223011 0
1731882724243 0.040300942957401276 0
1731882753430 0.038673192262649536 0
1731882782900 0.038691624999046326 0
1731882812173 0.03885030001401901 0
1731882841634 0.03903703764081001 0
1731882870857 0.039244651794433594 0
1731882900276 0.03998235613107681 0
1731882929525 0.03998800367116928 0
1731882959012 0.03888500854372978 0
1731882988265 0.04157697781920433 0
1731883017802 0.03799021616578102 0
1731883047339 0.03921172767877579 0
1731883076833 0.03783530741930008 0
1731883106049 0.03807239979505539 0
1731883135485 0.03711199760437012 0
1731883164663 0.03823603689670563 0
1731883194136 0.03868955373764038 0
1731883223367 0.039077602326869965 0
1731883252824 0.038018181920051575 0
1731883282029 0.039376355707645416 0
1731883311533 0.0392674058675766 0
1731883340769 0.038768135011196136 0
1731883370286 0.03739343583583832 0
1731883399499 0.037290945649147034 0
1731883428963 0.037718165665864944 0
1731883458205 0.03858032077550888 0
1731883488103 0.038758378475904465 0
1731883517296 0.03756190836429596 0
1731883546768 0.03681519627571106 0
1731883575947 0.035092901438474655 0
1731883605365 0.03577933460474014 0
1731883634575 0.03678283095359802 0
1731883664089 0.03658546879887581 0
1731883693333 0.03673160821199417 0
1731883722817 0.03502535820007324 0
1731883752054 0.03587563335895538 0
1731883781462 0.03708476573228836 0
1731883810681 0.036174751818180084 0
1731883840163 0.03470795229077339 0
1731883869376 0.03559202700853348 0
1731883898863 0.034138984978199005 0
1731883928442 0.03662177920341492 0
1731883958001 0.03583397716283798 0
1731883987257 0.036356598138809204 0
1731884016756 0.035669565200805664 0
1731884045988 0.03463570773601532 0
1731884075514 0.03664495795965195 0
1731884104707 0.0356312021613121 0
1731884134198 0.03659997507929802 0
1731884163428 0.035383790731430054 0
1731884192855 0.03325226157903671 0
1731884222098 0.03523431718349457 0
1731884251601 0.03702794015407562 0
1731884280871 0.03500370308756828 0
1731884310359 0.034184884279966354 0
1731884339617 0.03538709878921509 0
1731884369499 0.03564518317580223 0
1731884398739 0.03494352102279663 0
1731884428198 0.035378072410821915 0
1731884457453 0.0351061150431633 0
1731884486964 0.03447020798921585 0
1731884516172 0.03521508723497391 0
1731884545685 0.0345306359231472 0
1731884574916 0.0359124094247818 0
1731884604477 0.03527276962995529 0
1731884633738 0.03473041206598282 0
1731884663210 0.03397830203175545 0
1731884692440 0.036574289202690125 0
1731884721938 0.033319905400276184 0
1731884751196 0.03415515273809433 0
1731884781040 0.03394138440489769 0
1731884810261 0.03420555964112282 0
1731884839782 0.03435567393898964 0
1731884869045 0.03372863680124283 0
1731884898577 0.03294403478503227 0
1731884927851 0.034619223326444626 0
1731884957336 0.034857697784900665 0
1731884986616 0.03281646966934204 0
1731885016198 0.03287702053785324 0
1731885045463 0.0324869267642498 0
1731885074939 0.03346502408385277 0
1731885104201 0.03281305730342865 0
1731885133779 0.03397113084793091 0
1731885163158 0.03320080786943436 0
1731885192688 0.03376081585884094 0
1731885222483 0.033512815833091736 0
1731885252018 0.03390710800886154 0
1731885281296 0.033407747745513916 0
1731885310767 0.0335286483168602 0
1731885340032 0.033197708427906036 0
1731885369557 0.03408656269311905 0
1731885398793 0.03280183672904968 0
1731885428322 0.03325868397951126 0
1731885457566 0.033122628927230835 0
1731885487031 0.033634018152952194 0
1731885516298 0.03259654343128204 0
1731885545819 0.03243130445480347 0
1731885575012 0.033784717321395874 0
1731885604523 0.03286232426762581 0
1731885633822 0.0329333059489727 0
1731885663669 0.03187216818332672 0
1731885692874 0.03205783665180206 0
1731885722625 0.03389773517847061 0
1731885751888 0.032110027968883514 0
1731885781421 0.032759763300418854 0
1731885810687 0.03343914449214935 0
1731885840173 0.03213749825954437 0
1731885869469 0.03163020312786102 0
1731885898988 0.03335052728652954 0
1731885928250 0.03192325681447983 0
1731885957768 0.03167849779129028 0
1731885987083 0.032354891300201416 0
1731886016629 0.03146790713071823 0
1731886045899 0.03141038864850998 0
1731886075459 0.03182647377252579 0
1731886105314 0.03217467665672302 0
1731886134876 0.03179915249347687 0
1731886164157 0.03186829015612602 0
1731886193671 0.029905058443546295 0
1731886223001 0.03200940787792206 0
1731886252507 0.03183814883232117 0
1731886281786 0.0314810574054718 0
1731886311336 0.03120037354528904 0
1731886340652 0.03171202167868614 0
1731886370199 0.03238687664270401 0
1731886399470 0.03157822787761688 0
1731886429009 0.03065188229084015 0
1731886458323 0.03182777762413025 0
1731886487823 0.03284262493252754 0
1731886517024 0.03125578537583351 0
