1731879807884 22.385622024536133 0
1731879848488 23.939971923828125 0
1731879888683 23.652360916137695 0
1731879928818 24.573305130004883 0
1731879968280 24.800443649291992 0
1731880007967 25.18110466003418 0
1731880047406 25.1038818359375 0
1731880087197 25.480571746826172 0
1731880126962 25.633045196533203 0
1731880167090 25.571605682373047 0
1731880207217 25.962392807006836 0
1731880247603 25.883373260498047 0
1731880287788 25.794878005981445 0
1731880328377 25.787670135498047 0
1731880368172 25.60124397277832 0
1731880402920 25.899070739746094 0
1731880437655 25.940813064575195 0
1731880472448 26.261737823486328 0
1731880507283 26.00335121154785 0
1731880542117 26.594087600708008 0
1731880577008 26.4219970703125 0
1731880611871 26.026464462280273 0
1731880644750 26.78340721130371 0
1731880676528 26.415237426757812 0
1731880708641 25.806259155273438 0
1731880740765 27.119626998901367 0
1731880772865 26.45404624938965 0
1731880804724 26.865352630615234 0
1731880836900 26.829570770263672 0
1731880868618 27.047388076782227 0
1731880898918 26.97288703918457 0
1731880929304 26.109281539916992 0
1731880959650 26.210205078125 0
1731880989986 27.304655075073242 0
1731881020424 26.622291564941406 0
1731881050808 27.182723999023438 0
1731881081220 27.197689056396484 0
1731881110557 27.163496017456055 0
1731881139885 27.094886779785156 0
1731881169022 27.177570343017578 0
1731881198472 27.819011688232422 0
1731881227525 27.439598083496094 0
1731881256943 27.10133934020996 0
1731881286083 27.377700805664062 0
1731881315743 28.1275577545166 0
1731881344900 27.688901901245117 0
1731881374314 27.393512725830078 0
1731881403561 27.09423828125 0
1731881432962 27.973854064941406 0
1731881462149 27.326400756835938 0
1731881491592 27.596670150756836 0
1731881520781 27.115585327148438 0
1731881550265 27.338096618652344 0
1731881579371 27.591459274291992 0
1731881608883 27.823293685913086 0
1731881638080 27.488357543945312 0
1731881667547 27.876171112060547 0
1731881696721 27.407907485961914 0
1731881726176 28.047351837158203 0
1731881755924 28.296260833740234 0
1731881785319 28.110471725463867 0
1731881814439 27.824953079223633 0
1731881843819 27.718971252441406 0
1731881872907 28.064672470092773 0
1731881902358 27.761215209960938 0
1731881931549 27.740461349487305 0
1731881960892 28.388900756835938 0
1731881990084 27.970966339111328 0
1731882019533 28.360017776489258 0
1731882048737 28.131568908691406 0
1731882078191 28.329713821411133 0
1731882107377 27.650835037231445 0
1731882136840 28.368009567260742 0
1731882166040 27.741567611694336 0
1731882195857 28.0257625579834 0
1731882225033 28.38273048400879 0
1731882254508 28.657146453857422 0
1731882283652 28.62542724609375 0
1731882313123 28.353408813476562 0
1731882342288 28.22800064086914 0
1731882371695 28.13135528564453 0
1731882400952 28.32939910888672 0
1731882430436 28.501346588134766 0
1731882459591 28.441919326782227 0
1731882489044 28.540990829467773 0
1731882518285 28.189428329467773 0
1731882547743 28.967283248901367 0
1731882576978 28.840391159057617 0
1731882606791 28.616785049438477 0
1731882636029 29.062423706054688 0
1731882665537 28.795568466186523 0
1731882694788 29.207387924194336 0
1731882724243 29.01520347595215 0
1731882753430 28.70016860961914 0
1731882782900 28.731664657592773 0
1731882812173 28.65110969543457 0
1731882841634 28.85051727294922 0
1731882870857 28.610097885131836 0
1731882900276 29.077247619628906 0
1731882929525 28.70492172241211 0
1731882959012 29.408281326293945 0
1731882988265 29.204011917114258 0
1731883017802 28.578317642211914 0
1731883047339 28.981185913085938 0
1731883076833 28.820695877075195 0
1731883106049 29.27629280090332 0
1731883135485 28.80510902404785 0
1731883164663 29.791807174682617 0
1731883194136 29.047618865966797 0
1731883223367 29.096296310424805 0
1731883252824 28.461584091186523 0
1731883282029 29.590768814086914 0
1731883311533 28.718135833740234 0
1731883340769 28.84942626953125 0
1731883370286 29.054574966430664 0
1731883399499 28.339645385742188 0
1731883428963 29.46190071105957 0
1731883458205 28.935348510742188 0
1731883488103 29.009876251220703 0
1731883517296 29.2487735748291 0
1731883546768 29.077884674072266 0
1731883575947 29.33540916442871 0
1731883605365 29.44036102294922 0
1731883634575 29.997039794921875 0
1731883664089 29.044878005981445 0
1731883693333 29.2663516998291 0
1731883722817 29.55320167541504 0
1731883752054 29.778806686401367 0
1731883781462 29.271169662475586 0
1731883810681 29.377368927001953 0
1731883840163 29.68451690673828 0
1731883869376 29.91118812561035 0
1731883898863 29.085693359375 0
1731883928442 29.470304489135742 0
1731883958001 29.93821907043457 0
1731883987257 29.197694778442383 0
1731884016756 29.333026885986328 0
1731884045988 29.202688217163086 0
1731884075514 30.064348220825195 0
1731884104707 29.58555030822754 0
1731884134198 30.337738037109375 0
1731884163428 29.98274803161621 0
1731884192855 30.05861473083496 0
1731884222098 29.85930824279785 0
1731884251601 29.854597091674805 0
1731884280871 29.84115219116211 0
1731884310359 29.817228317260742 0
1731884339617 29.45284080505371 0
1731884369499 30.05409812927246 0
1731884398739 29.759395599365234 0
1731884428198 29.875261306762695 0
1731884457453 29.947895050048828 0
1731884486964 30.11896514892578 0
1731884516172 30.2899227142334 0
1731884545685 29.83397102355957 0
1731884574916 30.056560516357422 0
1731884604477 30.464500427246094 0
1731884633738 30.074024200439453 0
1731884663210 30.267024993896484 0
1731884692440 30.393095016479492 0
1731884721938 30.185379028320312 0
1731884751196 30.62629508972168 0
1731884781040 30.606029510498047 0
1731884810261 31.004756927490234 0
1731884839782 30.519472122192383 0
1731884869045 30.944316864013672 0
1731884898577 30.021360397338867 0
1731884927851 30.213857650756836 0
1731884957336 30.056169509887695 0
1731884986616 30.67835235595703 0
1731885016198 30.158267974853516 0
1731885045463 30.636333465576172 0
1731885074939 30.238983154296875 0
1731885104201 30.477785110473633 0
1731885133779 30.634305953979492 0
1731885163158 30.379714965820312 0
1731885192688 30.9948673248291 0
1731885222483 31.161884307861328 0
1731885252018 29.948007583618164 0
1731885281296 30.42563819885254 0
1731885310767 30.790693283081055 0
1731885340032 31.07624053955078 0
1731885369557 29.7912654876709 0
1731885398793 31.10380744934082 0
1731885428322 30.733394622802734 0
1731885457566 31.085853576660156 0
1731885487031 30.72744369506836 0
1731885516298 30.44184684753418 0
1731885545819 30.893381118774414 0
1731885575012 30.57608985900879 0
1731885604523 30.82759666442871 0
1731885633822 30.77288818359375 0
1731885663669 30.937114715576172 0
1731885692874 30.52682113647461 0
1731885722625 30.847206115722656 0
1731885751888 31.28925895690918 0
1731885781421 31.2768611907959 0
1731885810687 30.431856155395508 0
1731885840173 30.79884910583496 0
1731885869469 31.060346603393555 0
1731885898988 30.671419143676758 0
1731885928250 31.13450050354004 0
1731885957768 30.971704483032227 0
1731885987083 30.14761734008789 0
1731886016629 31.179529190063477 0
1731886045899 31.507186889648438 0
1731886075459 30.851726531982422 0
1731886105314 31.335538864135742 0
1731886134876 30.3889102935791 0
1731886164157 29.880346298217773 0
1731886193671 30.992958068847656 0
1731886223001 31.34292984008789 0
1731886252507 31.51251792907715 0
1731886281786 31.546876907348633 0
1731886311336 31.16120719909668 0
1731886340652 31.403226852416992 0
1731886370199 30.92101287841797 0
1731886399470 31.27630615234375 0
1731886429009 31.36544418334961 0
1731886458323 30.52277946472168 0
1731886487823 30.93365478515625 0
1731886517024 31.111143112182617 0
