1731879807888 0.005773482844233513 0
1731879848494 0.004036478232592344 0
1731879888686 0.004312844481319189 0
1731879928821 0.00348874693736434 0
1731879968283 0.003310972359031439 0
1731880007970 0.0030331190209835768 0
1731880047410 0.003087533637881279 0
1731880087199 0.0028310175985097885 0
1731880126965 0.0027333516627550125 0
1731880167092 0.0027722937520593405 0
1731880207220 0.0025337310507893562 0
1731880247606 0.002580255502834916 0
1731880287791 0.0026333711575716734 0
1731880328379 0.0026377448812127113 0
1731880368175 0.002753438428044319 0
1731880402923 0.002570944372564554 0
1731880437657 0.00254635326564312 0
1731880472451 0.002364972373470664 0
1731880507286 0.0025099487975239754 0
1731880542119 0.002190741477534175 0
1731880577011 0.0022792930249124765 0
1731880611873 0.002496626228094101 0
1731880644753 0.002097293734550476 0
1731880676531 0.0022828427609056234 0
1731880708643 0.002626479137688875 0
1731880740767 0.0019410522654652596 0
1731880772867 0.0022625350393354893 0
1731880804726 0.002058090642094612 0
1731880836903 0.0020751177798956633 0
1731880868620 0.0019736094400286674 0
1731880898921 0.002007756382226944 0
1731880929306 0.0024494673125445843 0
1731880959653 0.0023932023905217648 0
1731880989989 0.0018600914627313614 0
1731881020426 0.0021765599958598614 0
1731881050811 0.0019130551954731345 0
1731881081222 0.0019064738880842924 0
1731881110560 0.0019215438514947891 0
1731881139887 0.0019521412905305624 0
1731881169025 0.0019153261091560125 0
1731881198474 0.0016523376107215881 0
1731881227528 0.0018031842773780227 0
1731881256946 0.0019492421997711062 0
1731881286086 0.0018290680600330234 0
1731881315746 0.0015390196349471807 0
1731881344902 0.001702588051557541 0
1731881374317 0.0018224207451567054 0
1731881403563 0.001952432794496417 0
1731881432965 0.0015944628976285458 0
1731881462151 0.0018508017528802156 0
1731881491595 0.0017391336150467396 0
1731881520783 0.00194285879842937 0
1731881550268 0.0018458236008882523 0
1731881579373 0.0017412218730896711 0
1731881608886 0.0016507094260305166 0
1731881638083 0.001783052459359169 0
1731881667549 0.0016307325568050146 0
1731881696724 0.0018163903150707483 0
1731881726227 0.0015677058836445212 0
1731881755927 0.0014803819358348846 0
1731881785322 0.001545086270198226 0
1731881814441 0.001650078920647502 0
1731881843822 0.0016908412799239159 0
1731881872909 0.0015614660223945975 0
1731881902360 0.0016744739841669798 0
1731881931551 0.0016824951162561774 0
1731881960895 0.00144913827534765 0
1731881990087 0.001595523557625711 0
1731882019536 0.001458807848393917 0
1731882048739 0.0015375991351902485 0
1731882078193 0.001469022361561656 0
1731882107380 0.0017175772227346897 0
1731882136843 0.0014561263378709555 0
1731882166042 0.001682066242210567 0
1731882195860 0.0015755186323076487 0
1731882225036 0.0014511984772980213 0
1731882254511 0.0013623388949781656 0
1731882283655 0.0013723255833610892 0
1731882313125 0.001461029052734375 0
1731882342291 0.0015038339188322425 0
1731882371697 0.001537674106657505 0
1731882400955 0.0014691291144117713 0
1731882430439 0.0014120995765551925 0
1731882459593 0.0014315552543848753 0
1731882489046 0.001399267464876175 0
1731882518288 0.0015172496205195785 0
1731882547746 0.0012684446992352605 0
1731882576981 0.0013060530181974173 0
1731882606794 0.0013750588987022638 0
1731882636031 0.0012409593909978867 0
1731882665540 0.001319602015428245 0
1731882694790 0.001200221013277769 0
1731882724245 0.001254525501281023 0
1731882753433 0.0013489099219441414 0
1731882782902 0.0013391626998782158 0
1731882812175 0.0013642339035868645 0
1731882841636 0.001303011318668723 0
1731882870859 0.001377177657559514 0
1731882900279 0.0012367309536784887 0
1731882929528 0.0013474344741553068 0
1731882959014 0.0011459658853709698 0
1731882988267 0.0012011541984975338 0
1731883017805 0.0013872932177037 0
1731883047341 0.0012643910013139248 0
1731883076835 0.0013119889190420508 0
1731883106051 0.0011813279706984758 0
1731883135487 0.0013167066499590874 0
1731883164666 0.0010491053108125925 0
1731883194139 0.0012451967922970653 0
1731883223370 0.0012313176412135363 0
1731883252826 0.0014250872191041708 0
1731883282031 0.0010988109279423952 0
1731883311535 0.0013433406129479408 0
1731883340772 0.0013033387949690223 0
1731883370289 0.0012432041112333536 0
1731883399502 0.00146566703915596 0
1731883428965 0.0011319046607241035 0
1731883458208 0.0012778061209246516 0
1731883488105 0.001256065908819437 0
1731883517298 0.0011888376902788877 0
1731883546770 0.0012365488801151514 0
1731883575949 0.0011653569526970387 0
1731883605367 0.0011375326430425048 0
1731883634578 0.0010006814263761044 0
1731883664091 0.0012459829449653625 0
1731883693335 0.0011840357910841703 0
1731883722819 0.0011083571007475257 0
1731883752056 0.0010522508528083563 0
1731883781464 0.001182722277007997 0
1731883810683 0.0011541517451405525 0
1731883840165 0.001075345673598349 0
1731883869378 0.0010206600418314338 0
1731883898865 0.0012343279086053371 0
1731883928444 0.0011297164019197226 0
1731883958003 0.0010143271647393703 0
1731883987259 0.0012029020581394434 0
1731884016759 0.0011659960728138685 0
1731884045990 0.001201519975438714 0
1731884075516 0.0009852926013991237 0
1731884104709 0.001100132241845131 0
1731884134200 0.000925179454497993 0
1731884163430 0.0010039799381047487 0
1731884192857 0.0009865936590358615 0
1731884222100 0.0010329256765544415 0
1731884251603 0.0010340469889342785 0
1731884280873 0.0010372530668973923 0
1731884310361 0.0010429826797917485 0
1731884339619 0.0011342683574184775 0
1731884369502 0.0009876205585896969 0
1731884398741 0.0010569642763584852 0
1731884428200 0.0010291383368894458 0
1731884457455 0.0010120694059878588 0
1731884486966 0.0009729787707328796 0
1731884516174 0.000935422140173614 0
1731884545687 0.0010389696108177304 0
1731884574918 0.0009870607173070312 0
1731884604479 0.0008985656313598156 0
1731884633740 0.0009830995695665479 0
1731884663212 0.0009403672884218395 0
1731884692442 0.0009134616702795029 0
1731884721940 0.0009582125348970294 0
1731884751198 0.0008657059515826404 0
1731884781042 0.0008697552839294076 0
1731884810263 0.0007934584282338619 0
1731884839784 0.0008872634498402476 0
1731884869047 0.0008045780705288053 0
1731884898579 0.0009950936073437333 0
1731884927854 0.0009519495069980621 0
1731884957338 0.0009871494257822633 0
1731884986618 0.0008553910884074867 0
1731885016200 0.0009642131626605988 0
1731885045466 0.0008637069258838892 0
1731885074941 0.000946458603721112 0
1731885104204 0.0008958213729783893 0
1731885133781 0.0008641101303510368 0
1731885163160 0.0009162802016362548 0
1731885192690 0.0007952674641273916 0
1731885222485 0.0007652643835172057 0
1731885252020 0.0010120435617864132 0
1731885281298 0.0009066424099728465 0
1731885310769 0.0008335478487424552 0
1731885340034 0.0007805053028278053 0
1731885369559 0.0010492366272956133 0
1731885398795 0.0007755666738376021 0
1731885428324 0.0008446181891486049 0
1731885457568 0.0007787797367200255 0
1731885487033 0.0008457759395241737 0
1731885516300 0.0009032649686560035 0
1731885545821 0.0008140699355863035 0
1731885575015 0.0008757715113461018 0
1731885604526 0.0008264951757155359 0
1731885633824 0.0008369724964722991 0
1731885663671 0.0008059134124778211 0
1731885692876 0.0008857633220031857 0
1731885722627 0.0008227715734392405 0
1731885751890 0.0007431457634083927 0
1731885781423 0.0007452701684087515 0
1731885810689 0.0009053455432876945 0
1731885840176 0.0008319843327626586 0
1731885869471 0.0007833668496459723 0
1731885898990 0.0008567575132474303 0
1731885928252 0.0007701048161834478 0
1731885957770 0.0007995201158337295 0
1731885987085 0.000966580759268254 0
1731886016631 0.0007621613331139088 0
1731886045901 0.0007067748811095953 0
1731886075461 0.0008219156879931688 0
1731886105317 0.0007352686952799559 0
1731886134878 0.0009143426432274282 0
1731886164159 0.0010279344860464334 0
1731886193673 0.0007956171175464988 0
1731886223003 0.0007340183947235346 0
1731886252510 0.0007059077615849674 0
1731886281788 0.0007003452628850937 0
1731886311338 0.0007653837092220783 0
1731886340655 0.0007238975958898664 0
1731886370201 0.0008089069160632789 0
1731886399473 0.0007453655707649887 0
1731886429011 0.0007302227313630283 0
1731886458325 0.0008865880081430078 0
1731886487825 0.0008065560250543058 0
1731886517026 0.0007742576999589801 0
