1731973237521 0.5251917839050293 0
1731973261400 0.5613805651664734 0
1731973285254 0.6003350019454956 0
1731973309325 0.5881788730621338 0
1731973333189 0.600059986114502 0
1731973357157 0.6045276522636414 0
1731973380991 0.6227805614471436 0
1731973404993 0.6391760110855103 0
1731973428849 0.6237741112709045 0
1731973452866 0.6240846514701843 0
1731973476809 0.6302112340927124 0
1731973500883 0.6333945989608765 0
1731973524796 0.619718611240387 0
1731973548862 0.6239238977432251 0
1731973572682 0.6309252977371216 0
1731973593663 0.6321302056312561 0
1731973614659 0.6169895529747009 0
1731973635672 0.6449853181838989 0
1731973656636 0.6188228726387024 0
1731973677566 0.635204017162323 0
1731973698566 0.6420021653175354 0
1731973719490 0.6313267350196838 0
1731973739394 0.6287629008293152 0
1731973758813 0.6303573846817017 0
1731973778353 0.6357851624488831 0
1731973797923 0.6254051923751831 0
1731973817430 0.6330711841583252 0
1731973836846 0.6345965266227722 0
1731973856375 0.643143892288208 0
1731973876069 0.6486613154411316 0
1731973894653 0.6293590068817139 0
1731973913246 0.6440837383270264 0
1731973931833 0.6441491842269897 0
1731973950442 0.6462005376815796 0
1731973969065 0.6450993418693542 0
1731973987676 0.6406979560852051 0
1731974006294 0.6415785551071167 0
1731974024366 0.6460832953453064 0
1731974042427 0.6490491628646851 0
1731974060371 0.6477726101875305 0
1731974078429 0.6473570466041565 0
1731974096386 0.6445533633232117 0
1731974114483 0.6574532389640808 0
1731974132458 0.6637905240058899 0
1731974151470 0.6562435626983643 0
1731974169439 0.6536484360694885 0
1731974187518 0.6511136889457703 0
1731974205476 0.64447420835495 0
1731974223559 0.654013991355896 0
1731974241513 0.644524335861206 0
1731974259612 0.6642833352088928 0
1731974277561 0.6581941843032837 0
1731974295676 0.6502458453178406 0
1731974313607 0.6453820466995239 0
1731974331733 0.6536927819252014 0
1731974349702 0.6454468369483948 0
1731974367758 0.6499472856521606 0
1731974385734 0.6514546275138855 0
1731974403801 0.6527489423751831 0
1731974422339 0.6404389142990112 0
1731974440448 0.6491219401359558 0
1731974458364 0.6423848867416382 0
1731974476462 0.6665582060813904 0
1731974494416 0.64992356300354 0
1731974512502 0.6532812118530273 0
1731974530499 0.6460917592048645 0
1731974548582 0.6494894623756409 0
1731974566541 0.6556587815284729 0
1731974584638 0.6526080369949341 0
1731974602579 0.6551469564437866 0
1731974620695 0.6527329683303833 0
1731974638655 0.6359842419624329 0
1731974656770 0.6523431539535522 0
1731974674744 0.6567661166191101 0
1731974693470 0.6483755707740784 0
1731974711413 0.6521389484405518 0
1731974729522 0.6495288014411926 0
1731974747496 0.651350200176239 0
1731974765613 0.6547127366065979 0
1731974783531 0.6538332104682922 0
1731974801629 0.6510698199272156 0
1731974819562 0.6488847732543945 0
1731974837684 0.6446775197982788 0
1731974855623 0.6480796337127686 0
1731974873746 0.6507630348205566 0
1731974891682 0.656366229057312 0
1731974909764 0.6506441831588745 0
1731974927734 0.653357207775116 0
1731974946369 0.6484588980674744 0
1731974964287 0.6470791101455688 0
1731974982430 0.6404684782028198 0
1731975000386 0.6520833373069763 0
1731975018468 0.6425179839134216 0
1731975036417 0.6501261591911316 0
1731975054504 0.6548342704772949 0
1731975072494 0.6453096270561218 0
1731975090604 0.6484627723693848 0
1731975108547 0.6544626355171204 0
1731975126627 0.6532522439956665 0
1731975144594 0.6529994010925293 0
1731975162688 0.652999758720398 0
1731975180669 0.6585246324539185 0
1731975198750 0.6464734077453613 0
1731975217443 0.6494227051734924 0
1731975235540 0.651500940322876 0
1731975253545 0.6567178964614868 0
1731975271639 0.6554371118545532 0
1731975289570 0.6582835912704468 0
1731975307649 0.6468585133552551 0
1731975325611 0.6549859642982483 0
1731975343705 0.6492897868156433 0
1731975361651 0.652507483959198 0
1731975379762 0.6504408121109009 0
1731975397705 0.6517480611801147 0
1731975415813 0.6582102179527283 0
1731975433794 0.6602398157119751 0
1731975451893 0.6547478437423706 0
1731975469837 0.6531704664230347 0
1731975488395 0.6536997556686401 0
1731975506330 0.6502382755279541 0
1731975524418 0.6484872102737427 0
1731975542400 0.6504290699958801 0
1731975560518 0.6499748826026917 0
1731975578509 0.6481889486312866 0
1731975596632 0.654818594455719 0
1731975614645 0.6580385565757751 0
1731975632741 0.6572058200836182 0
1731975650696 0.6506153345108032 0
1731975668829 0.6523686647415161 0
1731975686787 0.6558064818382263 0
1731975704907 0.652615487575531 0
1731975722886 0.6512987613677979 0
1731975741008 0.6605297923088074 0
1731975759620 0.6549708843231201 0
1731975777769 0.6477982997894287 0
1731975795728 0.656525731086731 0
1731975813787 0.6533715128898621 0
1731975831724 0.6558734774589539 0
1731975849868 0.6536688208580017 0
1731975867822 0.6500948071479797 0
1731975885939 0.6572907567024231 0
1731975903936 0.6575683951377869 0
1731975922060 0.6570867896080017 0
1731975940035 0.6565104126930237 0
1731975958160 0.6580466032028198 0
1731975976140 0.6598947048187256 0
1731975994254 0.6581498384475708 0
1731976012217 0.6545781493186951 0
1731976030988 0.6562790274620056 0
1731976048909 0.6529374718666077 0
1731976067023 0.6530817747116089 0
1731976084981 0.6517428159713745 0
1731976103068 0.6552351713180542 0
1731976120997 0.655178964138031 0
1731976139092 0.6533368825912476 0
1731976157063 0.6594511270523071 0
1731976175188 0.65581876039505 0
1731976193161 0.6553584933280945 0
1731976211228 0.6510960459709167 0
1731976229187 0.6524112820625305 0
1731976247263 0.6487339735031128 0
1731976265256 0.6542575359344482 0
1731976283996 0.6516643166542053 0
1731976301962 0.64968341588974 0
1731976320029 0.6518433690071106 0
1731976337974 0.6509007811546326 0
1731976356071 0.653103768825531 0
1731976374003 0.6550296545028687 0
1731976392081 0.6523782014846802 0
1731976410032 0.6496686935424805 0
1731976428116 0.6517958045005798 0
1731976446066 0.6527761816978455 0
1731976464145 0.6504451632499695 0
1731976482151 0.6529456973075867 0
1731976500253 0.6521739363670349 0
1731976518172 0.6507807374000549 0
1731976536232 0.6546220183372498 0
1731976554707 0.6572389006614685 0
1731976572762 0.6520851850509644 0
1731976590723 0.6510836482048035 0
1731976608795 0.6469283699989319 0
1731976626702 0.6544805765151978 0
1731976644755 0.6533529758453369 0
1731976662684 0.6528682112693787 0
1731976680706 0.6558744311332703 0
1731976698644 0.6493569016456604 0
1731976716691 0.6514067649841309 0
1731976734603 0.650432825088501 0
1731976752649 0.6538213491439819 0
1731976770561 0.6532423496246338 0
1731976788615 0.6532341241836548 0
1731976806566 0.6552858352661133 0
1731976825886 0.6517895460128784 0
1731976843805 0.6537784337997437 0
1731976861841 0.6540659666061401 0
1731976879749 0.6522454023361206 0
1731976897838 0.6538710594177246 0
1731976915762 0.6540349721908569 0
1731976933803 0.6578036546707153 0
1731976951709 0.6556228399276733 0
1731976969717 0.6558254957199097 0
1731976987650 0.6562131643295288 0
1731977005718 0.6558414697647095 0
1731977023641 0.656748354434967 0
1731977041738 0.6531078815460205 0
1731977059666 0.6546102166175842 0
1731977077738 0.6558710932731628 0
1731977096215 0.6534562706947327 0
1731977114293 0.6569240093231201 0
1731977132198 0.6541284322738647 0
1731977150256 0.6553134918212891 0
1731977168222 0.6603999733924866 0
1731977186260 0.6565336585044861 0
1731977204252 0.6542798280715942 0
1731977222302 0.6570483446121216 0
1731977240274 0.660839319229126 0
1731977258408 0.655843198299408 0
1731977276334 0.6514209508895874 0
1731977294402 0.6520243883132935 0
1731977312380 0.6530528664588928 0
1731977330462 0.6534405946731567 0
1731977348443 0.6519280076026917 0
