1731973237521 0.03172553330659866 0
1731973261400 0.03796423599123955 0
1731973285254 0.03683149814605713 0
1731973309325 0.035148587077856064 0
1731973333189 0.03095577098429203 0
1731973357157 0.03308061137795448 0
1731973380991 0.03655253350734711 0
1731973404993 0.03323271498084068 0
1731973428849 0.0394713394343853 0
1731973452866 0.0389394573867321 0
1731973476809 0.040301304310560226 0
1731973500883 0.0397082082927227 0
1731973524796 0.04012512415647507 0
1731973548862 0.04051206260919571 0
1731973572682 0.04141078144311905 0
1731973593663 0.041538968682289124 0
1731973614659 0.039990074932575226 0
1731973635672 0.042001157999038696 0
1731973656636 0.03897636756300926 0
1731973677566 0.04141780361533165 0
1731973698566 0.040357038378715515 0
1731973719490 0.040831129997968674 0
1731973739394 0.04002853110432625 0
1731973758813 0.038911350071430206 0
1731973778353 0.03893369808793068 0
1731973797923 0.040276769548654556 0
1731973817430 0.040799807757139206 0
1731973836846 0.039518434554338455 0
1731973856375 0.04215782508254051 0
1731973876069 0.038626883178949356 0
1731973894653 0.040167536586523056 0
1731973913246 0.04056196287274361 0
1731973931833 0.03969540446996689 0
1731973950442 0.040487006306648254 0
1731973969065 0.03863881528377533 0
1731973987676 0.039626188576221466 0
1731974006294 0.040127016603946686 0
1731974024366 0.038862064480781555 0
1731974042427 0.040067218244075775 0
1731974060371 0.04014545679092407 0
1731974078429 0.03966744616627693 0
1731974096386 0.03874562680721283 0
1731974114483 0.03904791176319122 0
1731974132458 0.03986751660704613 0
1731974151470 0.03973618522286415 0
1731974169439 0.04081821069121361 0
1731974187518 0.04009409248828888 0
1731974205476 0.03925371542572975 0
1731974223559 0.03978166729211807 0
1731974241513 0.04075874015688896 0
1731974259612 0.041134659200906754 0
1731974277561 0.0388747900724411 0
1731974295676 0.04037253558635712 0
1731974313607 0.04110191762447357 0
1731974331733 0.039427924901247025 0
1731974349702 0.03866041451692581 0
1731974367758 0.03897889703512192 0
1731974385734 0.03962789848446846 0
1731974403801 0.041141338646411896 0
1731974422339 0.03988339379429817 0
1731974440448 0.04104708507657051 0
1731974458364 0.04012570530176163 0
1731974476462 0.04040438309311867 0
1731974494416 0.03864024206995964 0
1731974512502 0.04005005210638046 0
1731974530499 0.04047847166657448 0
1731974548582 0.04046174883842468 0
1731974566541 0.039623599499464035 0
1731974584638 0.03789440914988518 0
1731974602579 0.039372242987155914 0
1731974620695 0.039951954036951065 0
1731974638655 0.040537476539611816 0
1731974656770 0.040046270936727524 0
1731974674744 0.04026586562395096 0
1731974693470 0.039916377514600754 0
1731974711413 0.0396072156727314 0
1731974729522 0.040720392018556595 0
1731974747496 0.039550721645355225 0
1731974765613 0.03898131847381592 0
1731974783531 0.039604976773262024 0
1731974801629 0.039000511169433594 0
1731974819562 0.03811627998948097 0
1731974837684 0.03911115601658821 0
1731974855623 0.039324913173913956 0
1731974873746 0.040433142334222794 0
1731974891682 0.03979594260454178 0
1731974909764 0.039551377296447754 0
1731974927734 0.03917457535862923 0
1731974946369 0.03972955048084259 0
1731974964287 0.040098246186971664 0
1731974982430 0.0413861908018589 0
1731975000386 0.040665123611688614 0
1731975018468 0.04095253720879555 0
1731975036417 0.039431117475032806 0
1731975054504 0.04036272317171097 0
1731975072494 0.03941735997796059 0
1731975090604 0.03957229480147362 0
1731975108547 0.03987282142043114 0
1731975126627 0.0396181158721447 0
1731975144594 0.03896095231175423 0
1731975162688 0.03952734172344208 0
1731975180669 0.04041318595409393 0
1731975198750 0.039443474262952805 0
1731975217443 0.039589256048202515 0
1731975235540 0.040065258741378784 0
1731975253545 0.04032633826136589 0
1731975271639 0.039910219609737396 0
1731975289570 0.04019169509410858 0
1731975307649 0.03944487124681473 0
1731975325611 0.03899310529232025 0
1731975343705 0.039828941226005554 0
1731975361651 0.040138646960258484 0
1731975379762 0.040213242173194885 0
1731975397705 0.03994142264127731 0
1731975415813 0.040349844843149185 0
1731975433794 0.03941068425774574 0
1731975451893 0.04023350030183792 0
1731975469837 0.03969400376081467 0
1731975488395 0.0386897511780262 0
1731975506330 0.04016922786831856 0
1731975524418 0.04021935537457466 0
1731975542400 0.039823539555072784 0
1731975560518 0.04034997522830963 0
1731975578509 0.039744727313518524 0
1731975596632 0.03995861858129501 0
1731975614645 0.03971625491976738 0
1731975632741 0.040666237473487854 0
1731975650696 0.03951321542263031 0
1731975668829 0.040686432272195816 0
1731975686787 0.03980705142021179 0
1731975704907 0.03978670388460159 0
1731975722886 0.04057751223444939 0
1731975741008 0.04024624824523926 0
1731975759620 0.04049196466803551 0
1731975777769 0.03943528234958649 0
1731975795728 0.039795003831386566 0
1731975813787 0.04007311537861824 0
1731975831724 0.039248399436473846 0
1731975849868 0.0401056706905365 0
1731975867822 0.040688466280698776 0
1731975885939 0.04025878757238388 0
1731975903936 0.039848096668720245 0
1731975922060 0.04063932225108147 0
1731975940035 0.04101209342479706 0
1731975958160 0.04007577523589134 0
1731975976140 0.040374740958213806 0
1731975994254 0.03964846208691597 0
1731976012217 0.039765335619449615 0
1731976030988 0.03948001191020012 0
1731976048909 0.04060031846165657 0
1731976067023 0.04048530012369156 0
1731976084981 0.039940882474184036 0
1731976103068 0.04065602272748947 0
1731976120997 0.04017016664147377 0
1731976139092 0.0400535874068737 0
1731976157063 0.039587173610925674 0
1731976175188 0.039787545800209045 0
1731976193161 0.04007892683148384 0
1731976211228 0.039835527539253235 0
1731976229187 0.03958858922123909 0
1731976247263 0.03988606855273247 0
1731976265256 0.03981003910303116 0
1731976283996 0.03991735354065895 0
1731976301962 0.040075428783893585 0
1731976320029 0.03984776884317398 0
1731976337974 0.040172915905714035 0
1731976356071 0.04001034051179886 0
1731976374003 0.04056168720126152 0
1731976392081 0.04007340222597122 0
1731976410032 0.04000620171427727 0
1731976428116 0.03988374397158623 0
1731976446066 0.039823710918426514 0
1731976464145 0.039924196898937225 0
1731976482151 0.03966037184000015 0
1731976500253 0.03970656916499138 0
1731976518172 0.039941951632499695 0
1731976536232 0.03974239528179169 0
1731976554707 0.03980924189090729 0
1731976572762 0.03998466208577156 0
1731976590723 0.040322158485651016 0
1731976608795 0.03968771547079086 0
1731976626702 0.04055921360850334 0
1731976644755 0.0398930124938488 0
1731976662684 0.04005647450685501 0
1731976680706 0.04025301709771156 0
1731976698644 0.04000837355852127 0
1731976716691 0.040145449340343475 0
1731976734603 0.03993983566761017 0
1731976752649 0.03983341529965401 0
1731976770561 0.04026766121387482 0
1731976788615 0.03976310417056084 0
1731976806566 0.04024713113903999 0
1731976825886 0.0403970405459404 0
1731976843805 0.03993990272283554 0
1731976861841 0.03996637091040611 0
1731976879749 0.03972216695547104 0
1731976897838 0.039985451847314835 0
1731976915762 0.03996243700385094 0
1731976933803 0.040045689791440964 0
1731976951709 0.03995661437511444 0
1731976969717 0.04002741351723671 0
1731976987650 0.03964412212371826 0
1731977005718 0.04001352936029434 0
1731977023641 0.04031996801495552 0
1731977041738 0.040043167769908905 0
1731977059666 0.03992701321840286 0
1731977077738 0.039899468421936035 0
1731977096215 0.03981776535511017 0
1731977114293 0.039834823459386826 0
1731977132198 0.03937564417719841 0
1731977150256 0.039888374507427216 0
1731977168222 0.04008602350950241 0
1731977186260 0.03987128287553787 0
1731977204252 0.03993683680891991 0
1731977222302 0.03982727602124214 0
1731977240274 0.040314797312021255 0
1731977258408 0.04010268300771713 0
1731977276334 0.03997409716248512 0
1731977294402 0.04001061990857124 0
1731977312380 0.04006385803222656 0
1731977330462 0.03974267467856407 0
1731977348443 0.039773907512426376 0
