1731973237521 24.82692527770996 0
1731973261400 27.189329147338867 0
1731973285254 28.177793502807617 0
1731973309325 28.032968521118164 0
1731973333189 27.956321716308594 0
1731973357157 28.695335388183594 0
1731973380991 27.94631576538086 0
1731973404993 29.013559341430664 0
1731973428849 28.76355743408203 0
1731973452866 27.74870491027832 0
1731973476809 28.410160064697266 0
1731973500883 28.86532211303711 0
1731973524796 28.85887336730957 0
1731973548862 28.349836349487305 0
1731973572682 29.070423126220703 0
1731973593663 28.783863067626953 0
1731973614659 28.930028915405273 0
1731973635672 28.41746711730957 0
1731973656636 28.584489822387695 0
1731973677566 29.05451774597168 0
1731973698566 28.50101661682129 0
1731973719490 28.952945709228516 0
1731973739394 28.597774505615234 0
1731973758813 28.870162963867188 0
1731973778353 29.539196014404297 0
1731973797923 29.197139739990234 0
1731973817430 29.449037551879883 0
1731973836846 29.856842041015625 0
1731973856375 29.19748878479004 0
1731973876069 29.398866653442383 0
1731973894653 28.618221282958984 0
1731973913246 29.30152130126953 0
1731973931833 28.924699783325195 0
1731973950442 29.318832397460938 0
1731973969065 29.999326705932617 0
1731973987676 29.48217010498047 0
1731974006294 29.30280113220215 0
1731974024366 29.46100425720215 0
1731974042427 29.593168258666992 0
1731974060371 30.056766510009766 0
1731974078429 29.270408630371094 0
1731974096386 29.6402587890625 0
1731974114483 30.20525360107422 0
1731974132458 30.502685546875 0
1731974151470 29.793413162231445 0
1731974169439 30.026973724365234 0
1731974187518 29.169797897338867 0
1731974205476 29.338510513305664 0
1731974223559 29.92444610595703 0
1731974241513 30.037019729614258 0
1731974259612 29.582317352294922 0
1731974277561 29.62738037109375 0
1731974295676 29.44743537902832 0
1731974313607 30.388948440551758 0
1731974331733 30.131595611572266 0
1731974349702 30.343717575073242 0
1731974367758 30.277830123901367 0
1731974385734 30.307449340820312 0
1731974403801 29.61098289489746 0
1731974422339 29.23846435546875 0
1731974440448 30.56861114501953 0
1731974458364 30.529516220092773 0
1731974476462 29.816303253173828 0
1731974494416 30.552194595336914 0
1731974512502 30.288015365600586 0
1731974530499 30.099193572998047 0
1731974548582 30.643430709838867 0
1731974566541 30.421459197998047 0
1731974584638 30.29604148864746 0
1731974602579 30.50123405456543 0
1731974620695 30.820505142211914 0
1731974638655 30.266963958740234 0
1731974656770 31.06450843811035 0
1731974674744 30.23162841796875 0
1731974693470 30.890810012817383 0
1731974711413 29.817235946655273 0
1731974729522 30.931386947631836 0
1731974747496 31.169668197631836 0
1731974765613 31.246612548828125 0
1731974783531 30.30483055114746 0
1731974801629 30.614660263061523 0
1731974819562 30.666919708251953 0
1731974837684 30.497488021850586 0
1731974855623 30.129039764404297 0
1731974873746 30.74469757080078 0
1731974891682 30.667123794555664 0
1731974909764 30.675506591796875 0
1731974927734 31.69101905822754 0
1731974946369 30.982074737548828 0
1731974964287 31.01962661743164 0
1731974982430 30.389022827148438 0
1731975000386 31.007741928100586 0
1731975018468 30.585926055908203 0
1731975036417 31.20395278930664 0
1731975054504 31.0070858001709 0
1731975072494 31.325239181518555 0
1731975090604 30.6319580078125 0
1731975108547 30.717641830444336 0
1731975126627 31.366304397583008 0
1731975144594 31.149147033691406 0
1731975162688 30.76781463623047 0
1731975180669 31.408199310302734 0
1731975198750 30.086292266845703 0
1731975217443 30.544340133666992 0
1731975235540 30.528968811035156 0
1731975253545 31.137908935546875 0
1731975271639 31.061979293823242 0
1731975289570 30.72223472595215 0
1731975307649 31.61107063293457 0
1731975325611 30.906633377075195 0
1731975343705 30.888290405273438 0
1731975361651 30.908342361450195 0
1731975379762 31.18722915649414 0
1731975397705 31.32500648498535 0
1731975415813 31.488008499145508 0
1731975433794 31.045032501220703 0
1731975451893 31.935794830322266 0
1731975469837 31.674415588378906 0
1731975488395 31.220218658447266 0
1731975506330 31.575151443481445 0
1731975524418 32.219520568847656 0
1731975542400 32.18558883666992 0
1731975560518 32.019554138183594 0
1731975578509 32.31536102294922 0
1731975596632 32.09543228149414 0
1731975614645 31.364038467407227 0
1731975632741 31.54378890991211 0
1731975650696 31.45465660095215 0
1731975668829 30.986631393432617 0
1731975686787 31.901010513305664 0
1731975704907 31.27539825439453 0
1731975722886 31.913379669189453 0
1731975741008 32.582908630371094 0
1731975759620 31.800983428955078 0
1731975777769 31.600374221801758 0
1731975795728 31.667327880859375 0
1731975813787 31.843059539794922 0
1731975831724 32.89794921875 0
1731975849868 31.577144622802734 0
1731975867822 31.12574577331543 0
1731975885939 31.503360748291016 0
1731975903936 32.45607376098633 0
1731975922060 31.563922882080078 0
1731975940035 32.03932189941406 0
1731975958160 31.158729553222656 0
1731975976140 32.37372589111328 0
1731975994254 32.1556510925293 0
1731976012217 31.996631622314453 0
1731976030988 32.0608024597168 0
1731976048909 32.754600524902344 0
1731976067023 32.06959915161133 0
1731976084981 32.09663009643555 0
1731976103068 32.532073974609375 0
1731976120997 32.02507781982422 0
1731976139092 31.555644989013672 0
1731976157063 32.6318244934082 0
1731976175188 32.0519905090332 0
1731976193161 32.36138916015625 0
1731976211228 32.39851760864258 0
1731976229187 32.17534255981445 0
1731976247263 32.92127227783203 0
1731976265256 32.427101135253906 0
1731976283996 32.12948226928711 0
1731976301962 32.55433654785156 0
1731976320029 32.37284851074219 0
1731976337974 31.768335342407227 0
1731976356071 32.174686431884766 0
1731976374003 32.71427536010742 0
1731976392081 32.19365310668945 0
1731976410032 31.63312339782715 0
1731976428116 32.75621032714844 0
1731976446066 32.783878326416016 0
1731976464145 32.253173828125 0
1731976482151 32.394866943359375 0
1731976500253 32.394012451171875 0
1731976518172 32.492244720458984 0
1731976536232 32.538841247558594 0
1731976554707 32.258052825927734 0
1731976572762 32.364013671875 0
1731976590723 32.312225341796875 0
1731976608795 31.732179641723633 0
1731976626702 32.59345245361328 0
1731976644755 32.362239837646484 0
1731976662684 32.56657028198242 0
1731976680706 32.550724029541016 0
1731976698644 32.75672149658203 0
1731976716691 32.73698806762695 0
1731976734603 32.714168548583984 0
1731976752649 32.32414627075195 0
1731976770561 32.6733283996582 0
1731976788615 32.85055923461914 0
1731976806566 33.16176986694336 0
1731976825886 32.94211196899414 0
1731976843805 33.099300384521484 0
1731976861841 32.56529998779297 0
1731976879749 32.975746154785156 0
1731976897838 33.17247009277344 0
1731976915762 32.400421142578125 0
1731976933803 33.05579376220703 0
1731976951709 32.51056671142578 0
1731976969717 32.86953353881836 0
1731976987650 33.875022888183594 0
1731977005718 33.09904479980469 0
1731977023641 32.59292984008789 0
1731977041738 32.663509368896484 0
1731977059666 32.526161193847656 0
1731977077738 32.81743240356445 0
1731977096215 33.68769454956055 0
1731977114293 33.24375534057617 0
1731977132198 32.615692138671875 0
1731977150256 32.2286376953125 0
1731977168222 32.80995559692383 0
1731977186260 33.319297790527344 0
1731977204252 33.636962890625 0
1731977222302 33.33528518676758 0
1731977240274 33.599300384521484 0
1731977258408 32.97649383544922 0
1731977276334 33.35218048095703 0
1731977294402 32.83753204345703 0
1731977312380 33.25770950317383 0
1731977330462 34.066383361816406 0
1731977348443 33.72534942626953 0
