1731849855016 0.016297930851578712 0
1731849875012 0.014357855543494225 0
1731849894679 0.013402883894741535 0
1731849914507 0.012972235679626465 0
1731849934233 0.013093242421746254 0
1731849954102 0.013675049878656864 0
1731849973859 0.013876890763640404 0
1731849993721 0.013263434171676636 0
1731850013486 0.013668736442923546 0
1731850033358 0.013760814443230629 0
1731850053112 0.0140150748193264 0
1731850072974 0.013952606357634068 0
1731850092764 0.014010540209710598 0
1731850112630 0.013792291283607483 0
1731850132444 0.013843653723597527 0
1731850149930 0.01373402401804924 0
1731850167394 0.013843501918017864 0
1731850184864 0.014048793353140354 0
1731850202314 0.014642128720879555 0
1731850219753 0.014158601872622967 0
1731850237212 0.01391797885298729 0
1731850254675 0.0143078388646245 0
1731850271285 0.014330374076962471 0
1731850287474 0.014084133319556713 0
1731850303782 0.014102348126471043 0
1731850320081 0.014355091378092766 0
1731850336401 0.014472892507910728 0
1731850352599 0.014101472683250904 0
1731850368868 0.0141530130058527 0
1731850385263 0.014214402996003628 0
1731850400847 0.014251052401959896 0
1731850416427 0.014421897009015083 0
1731850431999 0.014228190295398235 0
1731850447593 0.014268685132265091 0
1731850463189 0.01453594584017992 0
1731850478747 0.014673410914838314 0
1731850494332 0.014645559713244438 0
1731850509490 0.014541400596499443 0
1731850524614 0.01476469449698925 0
1731850539653 0.014769935980439186 0
1731850554808 0.01433416549116373 0
1731850569849 0.014958756975829601 0
1731850584987 0.01460198126733303 0
1731850600039 0.014959578402340412 0
1731850615515 0.014626208692789078 0
1731850630550 0.014408307150006294 0
1731850645679 0.014839861541986465 0
1731850660713 0.014632058329880238 0
1731850675845 0.014565817080438137 0
1731850690876 0.014407249167561531 0
1731850705982 0.014744088985025883 0
1731850721014 0.014699318446218967 0
1731850736155 0.01458550151437521 0
1731850751190 0.014634029008448124 0
1731850766335 0.014924846589565277 0
1731850781373 0.014835073612630367 0
1731850796508 0.014690395444631577 0
1731850811559 0.014695391058921814 0
1731850826684 0.014820175245404243 0
1731850842057 0.01466655358672142 0
1731850857175 0.014759455807507038 0
1731850872205 0.014759293757379055 0
1731850887339 0.01446111686527729 0
1731850902362 0.014936081133782864 0
1731850917477 0.014511588029563427 0
1731850932492 0.014461428858339787 0
1731850947618 0.0148402014747262 0
1731850962634 0.014850213192403316 0
1731850977789 0.014722319319844246 0
1731850992831 0.014863825403153896 0
1731851007976 0.015159182250499725 0
1731851023006 0.015007461421191692 0
1731851038132 0.014914863742887974 0
1731851053174 0.014890001155436039 0
1731851068673 0.014665328897535801 0
1731851083695 0.014612022787332535 0
1731851098831 0.014913834631443024 0
1731851113871 0.014940019696950912 0
1731851128976 0.014713920652866364 0
1731851144003 0.014517801813781261 0
1731851159134 0.014772636815905571 0
1731851174160 0.01495405100286007 0
1731851189286 0.014958182349801064 0
1731851204334 0.01471735816448927 0
1731851219443 0.014782014302909374 0
1731851234476 0.014821457676589489 0
1731851249603 0.014952133409678936 0
1731851264644 0.014734320342540741 0
1731851280268 0.014712123200297356 0
1731851295296 0.0150923365727067 0
1731851310435 0.014979629777371883 0
1731851325455 0.014840769581496716 0
1731851340574 0.014876673929393291 0
1731851355585 0.014785162173211575 0
1731851370735 0.014828822575509548 0
1731851385765 0.01488011796027422 0
1731851400890 0.01481944415718317 0
1731851415922 0.014647900126874447 0
1731851431059 0.014826931059360504 0
1731851446073 0.014832715503871441 0
1731851461192 0.014988988637924194 0
1731851476195 0.01475613098591566 0
1731851491321 0.014955827966332436 0
1731851506651 0.014828730374574661 0
1731851521793 0.014779106713831425 0
1731851536803 0.014974074438214302 0
1731851551934 0.014876335859298706 0
1731851566951 0.014799625612795353 0
1731851582077 0.014945650473237038 0
1731851597082 0.014949384145438671 0
1731851612195 0.01491465326398611 0
1731851627238 0.015007526613771915 0
1731851642354 0.014763696119189262 0
1731851657377 0.014974435791373253 0
1731851672510 0.014972980134189129 0
1731851687517 0.014877618290483952 0
1731851702649 0.014837454073131084 0
1731851717668 0.01503280084580183 0
1731851733120 0.01483252551406622 0
1731851748131 0.014848124235868454 0
1731851763256 0.014992347918450832 0
1731851778292 0.014901410788297653 0
1731851793416 0.015006357803940773 0
1731851808437 0.014865574426949024 0
1731851823583 0.015080350451171398 0
1731851838600 0.014967634342610836 0
1731851853719 0.014751777052879333 0
1731851868728 0.014853224158287048 0
1731851883858 0.015039238147437572 0
1731851898869 0.014835298992693424 0
1731851914000 0.015030121430754662 0
1731851929030 0.014944574795663357 0
1731851944185 0.014883453026413918 0
1731851959548 0.01477790530771017 0
1731851974641 0.014968822710216045 0
1731851989667 0.014953860081732273 0
1731852004791 0.014822665601968765 0
1731852019801 0.014964518137276173 0
1731852034941 0.014829889871180058 0
1731852049964 0.01495174691081047 0
1731852065088 0.014897463843226433 0
1731852080092 0.01496073603630066 0
1731852095227 0.015049759298563004 0
1731852110246 0.01493160706013441 0
1731852125378 0.014910681173205376 0
1731852140409 0.014981800690293312 0
1731852155537 0.015036923810839653 0
1731852170579 0.014956734143197536 0
1731852186125 0.0148635758087039 0
1731852201148 0.015060297213494778 0
1731852216286 0.014862214215099812 0
1731852231318 0.014879612252116203 0
1731852246448 0.015059889294207096 0
1731852261473 0.014946246519684792 0
1731852276603 0.014947154559195042 0
1731852291605 0.014993804506957531 0
1731852306744 0.015033137053251266 0
1731852321787 0.015048889443278313 0
1731852336933 0.014943339861929417 0
1731852351956 0.014943070709705353 0
1731852367097 0.015151438303291798 0
1731852382112 0.014984718523919582 0
1731852397578 0.014864633791148663 0
1731852412613 0.014861634001135826 0
1731852427729 0.015056324191391468 0
1731852442741 0.015076836571097374 0
1731852457859 0.014917256310582161 0
1731852472876 0.01496901921927929 0
1731852488009 0.014987550675868988 0
1731852503060 0.01498412899672985 0
1731852518177 0.014946231618523598 0
1731852533216 0.014970911666750908 0
1731852548335 0.015069226734340191 0
1731852563365 0.015085255727171898 0
1731852578493 0.015002861618995667 0
1731852593529 0.014997291378676891 0
1731852608667 0.014953787438571453 0
1731852624030 0.015171692706644535 0
1731852639166 0.015029913745820522 0
1731852654211 0.014975452795624733 0
1731852669356 0.014939124695956707 0
1731852684364 0.015021046623587608 0
1731852699507 0.01505354791879654 0
1731852714526 0.01502388995140791 0
1731852729663 0.015071127563714981 0
1731852744682 0.014957352541387081 0
1731852759810 0.014933072961866856 0
1731852774851 0.015020948834717274 0
1731852789955 0.014976304024457932 0
1731852804978 0.014942520298063755 0
1731852820115 0.014916419982910156 0
1731852835127 0.014914378523826599 0
1731852850590 0.014962079003453255 0
1731852865620 0.015007936395704746 0
1731852880750 0.014945563860237598 0
1731852895765 0.014966295100748539 0
1731852910896 0.015083475969731808 0
1731852925909 0.014989168383181095 0
1731852941043 0.01505132857710123 0
1731852956068 0.014992482028901577 0
1731852971218 0.014960089698433876 0
1731852986220 0.014851529151201248 0
1731853001364 0.014919411391019821 0
1731853016387 0.014962573535740376 0
1731853031529 0.014963115565478802 0
1731853046551 0.014978562481701374 0
1731853061683 0.014988088980317116 0
1731853077101 0.014986207708716393 0
1731853092257 0.014950134791433811 0
1731853107297 0.014911025762557983 0
1731853122415 0.014988507144153118 0
1731853137432 0.014960873872041702 0
1731853152593 0.015032276511192322 0
1731853167636 0.014873216859996319 0
1731853182748 0.014929424971342087 0
1731853197798 0.01501175481826067 0
1731853212959 0.014919192530214787 0
1731853227975 0.015033295378088951 0
1731853243130 0.015002736821770668 0
1731853258160 0.01501516904681921 0
1731853273315 0.01496112160384655 0
1731853288319 0.015054271556437016 0
