1731849855016 1.167630910873413 0
1731849875012 0.8100249171257019 0
1731849894679 0.9147001504898071 0
1731849914507 1.013939380645752 0
1731849934233 0.8426627516746521 0
1731849954102 0.8861467838287354 0
1731849973859 0.9191011786460876 0
1731849993721 0.9703773856163025 0
1731850013486 0.8616732358932495 0
1731850033358 1.061531901359558 0
1731850053112 0.897964596748352 0
1731850072974 1.0875221490859985 0
1731850092764 0.8410398364067078 0
1731850112630 0.8460504412651062 0
1731850132444 0.8965147733688354 0
1731850149930 0.9140808582305908 0
1731850167394 0.8985387682914734 0
1731850184864 0.8720132112503052 0
1731850202314 0.8656623959541321 0
1731850219753 1.003812313079834 0
1731850237212 1.0253905057907104 0
1731850254675 0.8778560161590576 0
1731850271285 0.9609039425849915 0
1731850287474 0.9568371176719666 0
1731850303782 0.9067709445953369 0
1731850320081 0.9092272520065308 0
1731850336401 0.9455108046531677 0
1731850352599 0.9789257049560547 0
1731850368868 0.9024353623390198 0
1731850385263 0.9070767164230347 0
1731850400847 0.9040797352790833 0
1731850416427 1.0730531215667725 0
1731850431999 0.8737238049507141 0
1731850447593 0.9040271639823914 0
1731850463189 0.8306392431259155 0
1731850478747 1.0034470558166504 0
1731850494332 0.8658882975578308 0
1731850509490 0.9813486933708191 0
1731850524614 0.9575228095054626 0
1731850539653 0.9189767241477966 0
1731850554808 0.9485878348350525 0
1731850569849 0.9918202757835388 0
1731850584987 0.8563880324363708 0
1731850600039 0.823203444480896 0
1731850615515 0.9358444213867188 0
1731850630550 0.8731962442398071 0
1731850645679 0.8491073250770569 0
1731850660713 0.9513400793075562 0
1731850675845 1.0161124467849731 0
1731850690876 0.934442400932312 0
1731850705982 0.9044076204299927 0
1731850721014 0.9115708470344543 0
1731850736155 1.010020136833191 0
1731850751190 0.9273521304130554 0
1731850766335 0.8580517172813416 0
1731850781373 0.864705502986908 0
1731850796508 0.8696284890174866 0
1731850811559 0.8830057978630066 0
1731850826684 0.9281800985336304 0
1731850842057 0.9535004496574402 0
1731850857175 0.9809082746505737 0
1731850872205 0.8784995079040527 0
1731850887339 0.9690158367156982 0
1731850902362 0.8892175555229187 0
1731850917477 0.9417809247970581 0
1731850932492 0.8371855020523071 0
1731850947618 0.8817493915557861 0
1731850962634 0.9673206806182861 0
1731850977789 0.9230925440788269 0
1731850992831 0.9671382904052734 0
1731851007976 0.9436025619506836 0
1731851023006 0.9220700263977051 0
1731851038132 0.9132162928581238 0
1731851053174 0.9641754031181335 0
1731851068673 0.8943644762039185 0
1731851083695 0.8905499577522278 0
1731851098831 0.9114111065864563 0
1731851113871 0.9159253239631653 0
1731851128976 0.9301199316978455 0
1731851144003 0.9048705697059631 0
1731851159134 0.920944333076477 0
1731851174160 0.9115705490112305 0
1731851189286 0.9092592597007751 0
1731851204334 0.8828448057174683 0
1731851219443 0.9544543027877808 0
1731851234476 0.9450646042823792 0
1731851249603 0.9425137639045715 0
1731851264644 0.9391777515411377 0
1731851280268 0.932302713394165 0
1731851295296 0.932299017906189 0
1731851310435 0.8417205810546875 0
1731851325455 0.8603673577308655 0
1731851340574 0.90390944480896 0
1731851355585 0.8573868274688721 0
1731851370735 0.9044290781021118 0
1731851385765 0.9649243354797363 0
1731851400890 0.913114607334137 0
1731851415922 0.891070544719696 0
1731851431059 0.8816002607345581 0
1731851446073 0.8736281991004944 0
1731851461192 0.9461290836334229 0
1731851476195 0.9551770091056824 0
1731851491321 0.9313662648200989 0
1731851506651 0.9758384823799133 0
1731851521793 0.9205456376075745 0
1731851536803 0.9342608451843262 0
1731851551934 0.9144344329833984 0
1731851566951 0.8738024234771729 0
1731851582077 0.8927746415138245 0
1731851597082 0.877515971660614 0
1731851612195 0.9367082118988037 0
1731851627238 0.9737423658370972 0
1731851642354 0.9113020300865173 0
1731851657377 0.9963038563728333 0
1731851672510 0.9721660614013672 0
1731851687517 0.9480567574501038 0
1731851702649 0.9751409292221069 0
1731851717668 0.9345533847808838 0
1731851733120 1.028729796409607 0
1731851748131 0.9263507723808289 0
1731851763256 0.9433706402778625 0
1731851778292 0.941232442855835 0
1731851793416 0.8733815550804138 0
1731851808437 0.9240801334381104 0
1731851823583 0.9518436789512634 0
1731851838600 0.907926082611084 0
1731851853719 0.9104684591293335 0
1731851868728 0.8843730092048645 0
1731851883858 0.9315723180770874 0
1731851898869 0.9350055456161499 0
1731851914000 0.992763340473175 0
1731851929030 0.9436289072036743 0
1731851944185 0.9061746001243591 0
1731851959548 0.9607909321784973 0
1731851974641 0.8852247595787048 0
1731851989667 0.9316781163215637 0
1731852004791 0.9440548419952393 0
1731852019801 0.9012348651885986 0
1731852034941 0.9169855117797852 0
1731852049964 0.924929678440094 0
1731852065088 0.9344503879547119 0
1731852080092 0.9130669236183167 0
1731852095227 0.9670729041099548 0
1731852110246 0.913875937461853 0
1731852125378 0.9134224057197571 0
1731852140409 0.901220440864563 0
1731852155537 0.9654154777526855 0
1731852170579 0.9179882407188416 0
1731852186125 0.9217362403869629 0
1731852201148 0.9244277477264404 0
1731852216286 0.9512806534767151 0
1731852231318 0.9326639771461487 0
1731852246448 0.918917179107666 0
1731852261473 0.9682856798171997 0
1731852276603 0.8974661231040955 0
1731852291605 0.9379817247390747 0
1731852306744 0.9204291105270386 0
1731852321787 0.9477142095565796 0
1731852336933 0.9531259536743164 0
1731852351956 0.9154090285301208 0
1731852367097 0.9628739953041077 0
1731852382112 0.9591304063796997 0
1731852397578 0.9427633881568909 0
1731852412613 0.9402570128440857 0
1731852427729 0.9108985066413879 0
1731852442741 0.9629241824150085 0
1731852457859 0.9508281350135803 0
1731852472876 0.9633675813674927 0
1731852488009 0.9399334192276001 0
1731852503060 0.948063313961029 0
1731852518177 0.9449966549873352 0
1731852533216 0.9386951327323914 0
1731852548335 0.9198945164680481 0
1731852563365 0.9175003170967102 0
1731852578493 0.9183782339096069 0
1731852593529 0.957876980304718 0
1731852608667 0.9347366094589233 0
1731852624030 0.9626586437225342 0
1731852639166 0.9662821888923645 0
1731852654211 0.9003816246986389 0
1731852669356 0.9368259310722351 0
1731852684364 0.9880635142326355 0
1731852699507 0.9500637650489807 0
1731852714526 0.9232379198074341 0
1731852729663 0.9287661910057068 0
1731852744682 0.9047387838363647 0
1731852759810 0.9415217041969299 0
1731852774851 0.9284859299659729 0
1731852789955 0.9445260763168335 0
1731852804978 0.940424919128418 0
1731852820115 0.9515373110771179 0
1731852835127 0.8996506929397583 0
1731852850590 0.9467290639877319 0
1731852865620 0.9192132949829102 0
1731852880750 0.9267814755439758 0
1731852895765 0.9703375101089478 0
1731852910896 0.981600821018219 0
1731852925909 0.9361178278923035 0
1731852941043 0.9532040953636169 0
1731852956068 0.9294363260269165 0
1731852971218 0.9306163191795349 0
1731852986220 0.9599573016166687 0
1731853001364 0.8857776522636414 0
1731853016387 0.9401364326477051 0
1731853031529 0.9347373843193054 0
1731853046551 0.9359186887741089 0
1731853061683 0.9638174176216125 0
1731853077101 0.9541953206062317 0
1731853092257 0.9283353686332703 0
1731853107297 0.9319153428077698 0
1731853122415 0.9233351349830627 0
1731853137432 0.9408282041549683 0
1731853152593 0.9143139123916626 0
1731853167636 0.9760668277740479 0
1731853182748 0.941632866859436 0
1731853197798 0.9308440685272217 0
1731853212959 0.9468831419944763 0
1731853227975 0.9277308583259583 0
1731853243130 0.943219006061554 0
1731853258160 0.910017728805542 0
1731853273315 0.9353910684585571 0
1731853288319 0.9453447461128235 0
