1731849855016 0.2546537518501282 0
1731849875012 0.1825380027294159 0
1731849894679 0.1224423423409462 0
1731849914507 0.09916779398918152 0
1731849934233 0.08480074256658554 0
1731849954102 0.07480986416339874 0
1731849973859 0.0698956847190857 0
1731849993721 0.06377612054347992 0
1731850013486 0.06075763329863548 0
1731850033358 0.05933447182178497 0
1731850053112 0.05689017474651337 0
1731850072974 0.053441308438777924 0
1731850092764 0.052286915481090546 0
1731850112630 0.05224775895476341 0
1731850132444 0.05256006494164467 0
1731850149930 0.04939547926187515 0
1731850167394 0.05012965947389603 0
1731850184864 0.04731716960668564 0
1731850202314 0.047014541923999786 0
1731850219753 0.04743503779172897 0
1731850237212 0.04979772865772247 0
1731850254675 0.04622186720371246 0
1731850271285 0.04532552510499954 0
1731850287474 0.04461074247956276 0
1731850303782 0.04531029611825943 0
1731850320081 0.04374035820364952 0
1731850336401 0.04519066959619522 0
1731850352599 0.04342731088399887 0
1731850368868 0.044676490128040314 0
1731850385263 0.041419412940740585 0
1731850400847 0.040673546493053436 0
1731850416427 0.04360271245241165 0
1731850431999 0.04141465947031975 0
1731850447593 0.042416200041770935 0
1731850463189 0.04060831665992737 0
1731850478747 0.041421473026275635 0
1731850494332 0.041000187397003174 0
1731850509490 0.04093129560351372 0
1731850524614 0.04051537811756134 0
1731850539653 0.04014508053660393 0
1731850554808 0.041920311748981476 0
1731850569849 0.040230512619018555 0
1731850584987 0.04083427041769028 0
1731850600039 0.04053543880581856 0
1731850615515 0.039140377193689346 0
1731850630550 0.03963867574930191 0
1731850645679 0.039504267275333405 0
1731850660713 0.04134567454457283 0
1731850675845 0.03996101766824722 0
1731850690876 0.03791477903723717 0
1731850705982 0.03978167474269867 0
1731850721014 0.040292732417583466 0
1731850736155 0.03801470249891281 0
1731850751190 0.03719857335090637 0
1731850766335 0.03712024912238121 0
1731850781373 0.03836613893508911 0
1731850796508 0.03770824521780014 0
1731850811559 0.03846495598554611 0
1731850826684 0.038667235523462296 0
1731850842057 0.037251248955726624 0
1731850857175 0.034724630415439606 0
1731850872205 0.037175245583057404 0
1731850887339 0.03568042814731598 0
1731850902362 0.03651859983801842 0
1731850917477 0.03437450900673866 0
1731850932492 0.036171477288007736 0
1731850947618 0.036405567079782486 0
1731850962634 0.036391910165548325 0
1731850977789 0.037313126027584076 0
1731850992831 0.035571008920669556 0
1731851007976 0.03397655859589577 0
1731851023006 0.03468647971749306 0
1731851038132 0.03459662199020386 0
1731851053174 0.03532607853412628 0
1731851068673 0.03495094180107117 0
1731851083695 0.035272300243377686 0
1731851098831 0.034508995711803436 0
1731851113871 0.034440115094184875 0
1731851128976 0.03308951109647751 0
1731851144003 0.034226786345243454 0
1731851159134 0.0347638875246048 0
1731851174160 0.03290281444787979 0
1731851189286 0.0326884388923645 0
1731851204334 0.03259275481104851 0
1731851219443 0.03387289494276047 0
1731851234476 0.033386945724487305 0
1731851249603 0.03318573161959648 0
1731851264644 0.033120445907115936 0
1731851280268 0.03272874653339386 0
1731851295296 0.03248225152492523 0
1731851310435 0.03343486040830612 0
1731851325455 0.032551124691963196 0
1731851340574 0.030471544712781906 0
1731851355585 0.030322778970003128 0
1731851370735 0.031585097312927246 0
1731851385765 0.02993110939860344 0
1731851400890 0.030999822542071342 0
1731851415922 0.031150277704000473 0
1731851431059 0.03182057663798332 0
1731851446073 0.030185749754309654 0
1731851461192 0.029889129102230072 0
1731851476195 0.030381683260202408 0
1731851491321 0.031609907746315 0
1731851506651 0.03030606359243393 0
1731851521793 0.03032417967915535 0
1731851536803 0.029163949191570282 0
1731851551934 0.03016805648803711 0
1731851566951 0.028971046209335327 0
1731851582077 0.029400276020169258 0
1731851597082 0.02924586832523346 0
1731851612195 0.029985330998897552 0
1731851627238 0.029339727014303207 0
1731851642354 0.030601155012845993 0
1731851657377 0.028470341116189957 0
1731851672510 0.028694184496998787 0
1731851687517 0.029071029275655746 0
1731851702649 0.028264343738555908 0
1731851717668 0.028362344950437546 0
1731851733120 0.029851410537958145 0
1731851748131 0.028639184311032295 0
1731851763256 0.02838139422237873 0
1731851778292 0.027260277420282364 0
1731851793416 0.026485785841941833 0
1731851808437 0.02758968621492386 0
1731851823583 0.027765318751335144 0
1731851838600 0.029050312936306 0
1731851853719 0.027653492987155914 0
1731851868728 0.02823401428759098 0
1731851883858 0.027924563735723495 0
1731851898869 0.0275846216827631 0
1731851914000 0.028327133506536484 0
1731851929030 0.027145028114318848 0
1731851944185 0.027155179530382156 0
1731851959548 0.02689720317721367 0
1731851974641 0.027311453595757484 0
1731851989667 0.026843968778848648 0
1731852004791 0.026698550209403038 0
1731852019801 0.027201198041439056 0
1731852034941 0.028286898508667946 0
1731852049964 0.027232257649302483 0
1731852065088 0.02779346890747547 0
1731852080092 0.027347993105649948 0
1731852095227 0.026788730174303055 0
1731852110246 0.02529991790652275 0
1731852125378 0.02664024382829666 0
1731852140409 0.026235854253172874 0
1731852155537 0.025335581973195076 0
1731852170579 0.02620742656290531 0
1731852186125 0.024602308869361877 0
1731852201148 0.025605173781514168 0
1731852216286 0.025254329666495323 0
1731852231318 0.02581426128745079 0
1731852246448 0.02517387643456459 0
1731852261473 0.026164304465055466 0
1731852276603 0.025888418778777122 0
1731852291605 0.0268733948469162 0
1731852306744 0.025208793580532074 0
1731852321787 0.02583673782646656 0
1731852336933 0.026199406012892723 0
1731852351956 0.025932885706424713 0
1731852367097 0.02578822150826454 0
1731852382112 0.025429001078009605 0
1731852397578 0.026036210358142853 0
1731852412613 0.02439454197883606 0
1731852427729 0.025609102100133896 0
1731852442741 0.025243515148758888 0
1731852457859 0.02543092519044876 0
1731852472876 0.02496100403368473 0
1731852488009 0.02447192370891571 0
1731852503060 0.0245448537170887 0
1731852518177 0.02506227418780327 0
1731852533216 0.02469102293252945 0
1731852548335 0.024112246930599213 0
1731852563365 0.02299833856523037 0
1731852578493 0.02433624677360058 0
1731852593529 0.024753354489803314 0
1731852608667 0.023870790377259254 0
1731852624030 0.02459890767931938 0
1731852639166 0.024065010249614716 0
1731852654211 0.02364272065460682 0
1731852669356 0.024141326546669006 0
1731852684364 0.02398623153567314 0
1731852699507 0.024201838299632072 0
1731852714526 0.024525385349988937 0
1731852729663 0.02433999814093113 0
1731852744682 0.02397140860557556 0
1731852759810 0.023818885907530785 0
1731852774851 0.024239689111709595 0
1731852789955 0.023196697235107422 0
1731852804978 0.022830167785286903 0
1731852820115 0.02323051542043686 0
1731852835127 0.02354362979531288 0
1731852850590 0.022993680089712143 0
1731852865620 0.02296343445777893 0
1731852880750 0.02372921258211136 0
1731852895765 0.023762790486216545 0
1731852910896 0.022779569029808044 0
1731852925909 0.02245432138442993 0
1731852941043 0.022568970918655396 0
1731852956068 0.023106027394533157 0
1731852971218 0.022867845371365547 0
1731852986220 0.023721428588032722 0
1731853001364 0.02276553213596344 0
1731853016387 0.022145414724946022 0
1731853031529 0.0227358341217041 0
1731853046551 0.0236223004758358 0
1731853061683 0.022874843329191208 0
1731853077101 0.022765658795833588 0
1731853092257 0.022903718054294586 0
1731853107297 0.022240683436393738 0
1731853122415 0.022214269265532494 0
1731853137432 0.02165481075644493 0
1731853152593 0.02244769036769867 0
1731853167636 0.023509139195084572 0
1731853182748 0.022013893350958824 0
1731853197798 0.022534577175974846 0
1731853212959 0.022137627005577087 0
1731853227975 0.02116207405924797 0
1731853243130 0.021710369735956192 0
1731853258160 0.021732566878199577 0
1731853273315 0.022479942068457603 0
1731853288319 0.022473756223917007 0
