1731849855016 19.578025817871094 0
1731849875012 20.46746063232422 0
1731849894679 21.14069366455078 0
1731849914507 21.38142967224121 0
1731849934233 21.416648864746094 0
1731849954102 21.36983871459961 0
1731849973859 21.788612365722656 0
1731849993721 21.257125854492188 0
1731850013486 22.286306381225586 0
1731850033358 21.5853214263916 0
1731850053112 22.11354637145996 0
1731850072974 22.07880210876465 0
1731850092764 22.161659240722656 0
1731850112630 22.53615951538086 0
1731850132444 22.754329681396484 0
1731850149930 22.592391967773438 0
1731850167394 22.31954002380371 0
1731850184864 22.24211311340332 0
1731850202314 22.651933670043945 0
1731850219753 22.64858055114746 0
1731850237212 22.549388885498047 0
1731850254675 22.913185119628906 0
1731850271285 22.79503059387207 0
1731850287474 23.10907554626465 0
1731850303782 22.335647583007812 0
1731850320081 23.248607635498047 0
1731850336401 22.92513084411621 0
1731850352599 23.03459358215332 0
1731850368868 22.947641372680664 0
1731850385263 22.994598388671875 0
1731850400847 22.756559371948242 0
1731850416427 22.747373580932617 0
1731850431999 23.03483772277832 0
1731850447593 23.095956802368164 0
1731850463189 22.566272735595703 0
1731850478747 22.84379768371582 0
1731850494332 23.109243392944336 0
1731850509490 23.487398147583008 0
1731850524614 23.2507381439209 0
1731850539653 23.04949378967285 0
1731850554808 23.066768646240234 0
1731850569849 22.7575740814209 0
1731850584987 23.471559524536133 0
1731850600039 23.440095901489258 0
1731850615515 23.81235694885254 0
1731850630550 23.312143325805664 0
1731850645679 23.108198165893555 0
1731850660713 23.460220336914062 0
1731850675845 23.399917602539062 0
1731850690876 23.65599822998047 0
1731850705982 23.62581443786621 0
1731850721014 23.37261199951172 0
1731850736155 23.967191696166992 0
1731850751190 23.457155227661133 0
1731850766335 23.19661521911621 0
1731850781373 23.780908584594727 0
1731850796508 23.535297393798828 0
1731850811559 23.203317642211914 0
1731850826684 23.412004470825195 0
1731850842057 23.714275360107422 0
1731850857175 23.344194412231445 0
1731850872205 23.546512603759766 0
1731850887339 23.067522048950195 0
1731850902362 23.394113540649414 0
1731850917477 24.281494140625 0
1731850932492 23.5296688079834 0
1731850947618 23.822521209716797 0
1731850962634 24.056659698486328 0
1731850977789 24.426332473754883 0
1731850992831 23.885879516601562 0
1731851007976 24.346527099609375 0
1731851023006 23.722700119018555 0
1731851038132 23.879291534423828 0
1731851053174 23.485700607299805 0
1731851068673 24.615386962890625 0
1731851083695 23.619789123535156 0
1731851098831 23.766902923583984 0
1731851113871 24.223703384399414 0
1731851128976 23.966064453125 0
1731851144003 24.866899490356445 0
1731851159134 23.988792419433594 0
1731851174160 24.294334411621094 0
1731851189286 24.088441848754883 0
1731851204334 24.323474884033203 0
1731851219443 23.875106811523438 0
1731851234476 23.80257797241211 0
1731851249603 24.425077438354492 0
1731851264644 24.8890438079834 0
1731851280268 24.54426383972168 0
1731851295296 24.322616577148438 0
1731851310435 24.302154541015625 0
1731851325455 24.428049087524414 0
1731851340574 24.653207778930664 0
1731851355585 24.88335609436035 0
1731851370735 24.17276382446289 0
1731851385765 24.607166290283203 0
1731851400890 24.2994384765625 0
1731851415922 24.50467872619629 0
1731851431059 24.702756881713867 0
1731851446073 24.78647232055664 0
1731851461192 24.856843948364258 0
1731851476195 24.96424102783203 0
1731851491321 24.527807235717773 0
1731851506651 24.427349090576172 0
1731851521793 24.422487258911133 0
1731851536803 25.20084571838379 0
1731851551934 24.676300048828125 0
1731851566951 24.824678421020508 0
1731851582077 24.247583389282227 0
1731851597082 24.310243606567383 0
1731851612195 24.52297019958496 0
1731851627238 25.309185028076172 0
1731851642354 24.600196838378906 0
1731851657377 25.36488914489746 0
1731851672510 24.87974739074707 0
1731851687517 24.433727264404297 0
1731851702649 24.406288146972656 0
1731851717668 24.719226837158203 0
1731851733120 25.011842727661133 0
1731851748131 24.927139282226562 0
1731851763256 25.52954864501953 0
1731851778292 25.050411224365234 0
1731851793416 25.03190803527832 0
1731851808437 25.500591278076172 0
1731851823583 25.23738670349121 0
1731851838600 25.264554977416992 0
1731851853719 25.677204132080078 0
1731851868728 25.013952255249023 0
1731851883858 25.58734893798828 0
1731851898869 25.467805862426758 0
1731851914000 24.118793487548828 0
1731851929030 25.96099090576172 0
1731851944185 25.279436111450195 0
1731851959548 25.47209930419922 0
1731851974641 24.700366973876953 0
1731851989667 25.244598388671875 0
1731852004791 25.356840133666992 0
1731852019801 25.16971778869629 0
1731852034941 24.89752769470215 0
1731852049964 25.113637924194336 0
1731852065088 25.3004093170166 0
1731852080092 24.82354164123535 0
1731852095227 24.729225158691406 0
1731852110246 25.769411087036133 0
1731852125378 24.89427947998047 0
1731852140409 24.189237594604492 0
1731852155537 25.04364776611328 0
1731852170579 25.059297561645508 0
1731852186125 25.69719123840332 0
1731852201148 25.54525375366211 0
1731852216286 25.358909606933594 0
1731852231318 25.669906616210938 0
1731852246448 25.33757209777832 0
1731852261473 24.897602081298828 0
1731852276603 25.599836349487305 0
1731852291605 25.04941749572754 0
1731852306744 25.766035079956055 0
1731852321787 25.838573455810547 0
1731852336933 25.07659912109375 0
1731852351956 25.0697078704834 0
1731852367097 25.712753295898438 0
1731852382112 25.72784996032715 0
1731852397578 25.249540328979492 0
1731852412613 25.427776336669922 0
1731852427729 26.06559181213379 0
1731852442741 24.918453216552734 0
1731852457859 25.73297119140625 0
1731852472876 25.355283737182617 0
1731852488009 25.601924896240234 0
1731852503060 25.66460418701172 0
1731852518177 25.19569206237793 0
1731852533216 25.583106994628906 0
1731852548335 25.368144989013672 0
1731852563365 25.734037399291992 0
1731852578493 25.963077545166016 0
1731852593529 25.625635147094727 0
1731852608667 25.424663543701172 0
1731852624030 26.016586303710938 0
1731852639166 25.985193252563477 0
1731852654211 25.957962036132812 0
1731852669356 25.6903133392334 0
1731852684364 25.54545783996582 0
1731852699507 26.031326293945312 0
1731852714526 25.981853485107422 0
1731852729663 25.499845504760742 0
1731852744682 26.020946502685547 0
1731852759810 25.772422790527344 0
1731852774851 25.90144920349121 0
1731852789955 25.927122116088867 0
1731852804978 26.012075424194336 0
1731852820115 25.635690689086914 0
1731852835127 26.161977767944336 0
1731852850590 25.783720016479492 0
1731852865620 26.3013858795166 0
1731852880750 25.757051467895508 0
1731852895765 25.93466567993164 0
1731852910896 25.955280303955078 0
1731852925909 25.76793670654297 0
1731852941043 25.947006225585938 0
1731852956068 26.18112564086914 0
1731852971218 26.75460433959961 0
1731852986220 26.183042526245117 0
1731853001364 25.811574935913086 0
1731853016387 25.998136520385742 0
1731853031529 26.078628540039062 0
1731853046551 26.521371841430664 0
1731853061683 25.93038558959961 0
1731853077101 25.783668518066406 0
1731853092257 26.2037296295166 0
1731853107297 26.245384216308594 0
1731853122415 25.71173095703125 0
1731853137432 25.674406051635742 0
1731853152593 27.25299835205078 0
1731853167636 25.973426818847656 0
1731853182748 26.3112735748291 0
1731853197798 26.4705753326416 0
1731853212959 26.18670082092285 0
1731853227975 26.163381576538086 0
1731853243130 27.011594772338867 0
1731853258160 25.623985290527344 0
1731853273315 26.263174057006836 0
1731853288319 25.80726432800293 0
