1731879798532 0.018754992634058 0
1731879820498 0.021439963951706886 0
1731879842078 0.023082902655005455 0
1731879863517 0.024646257981657982 0
1731879884647 0.0233773160725832 0
1731879905825 0.025481240823864937 0
1731879926835 0.025768013671040535 0
1731879947938 0.025786466896533966 0
1731879968905 0.02570306323468685 0
1731879989954 0.02665071003139019 0
1731880010932 0.025805052369832993 0
1731880032029 0.027331288903951645 0
1731880053010 0.026769433170557022 0
1731880074124 0.027243105694651604 0
1731880095030 0.027680272236466408 0
1731880113642 0.027474429458379745 0
1731880132274 0.027885818853974342 0
1731880150870 0.02789757028222084 0
1731880169517 0.027143508195877075 0
1731880188141 0.02799711935222149 0
1731880206760 0.027334563434123993 0
1731880225352 0.027304556220769882 0
1731880243102 0.02693280205130577 0
1731880260411 0.02803085371851921 0
1731880277856 0.027051610872149467 0
1731880295328 0.028086019679903984 0
1731880312780 0.027449816465377808 0
1731880330152 0.027833523228764534 0
1731880347533 0.02679448388516903 0
1731880364966 0.027681872248649597 0
1731880381642 0.027788756415247917 0
1731880398347 0.027268489822745323 0
1731880415073 0.027413487434387207 0
1731880431785 0.02750488556921482 0
1731880448477 0.027426138520240784 0
1731880465155 0.02763938345015049 0
1731880481882 0.02718666009604931 0
1731880498114 0.027890002354979515 0
1731880514406 0.02744618058204651 0
1731880530579 0.02777998149394989 0
1731880546880 0.027187928557395935 0
1731880563067 0.02830544486641884 0
1731880579347 0.027671324089169502 0
1731880595512 0.0272405706346035 0
1731880612088 0.027672186493873596 0
1731880628284 0.027388600632548332 0
1731880644565 0.027596771717071533 0
1731880660756 0.027585558593273163 0
1731880677065 0.02734302170574665 0
1731880693254 0.02791004814207554 0
1731880709526 0.027639329433441162 0
1731880725736 0.027414942160248756 0
1731880741984 0.028221096843481064 0
1731880758092 0.02791464887559414 0
1731880774366 0.027324045076966286 0
1731880790533 0.02814987488090992 0
1731880806804 0.027647793292999268 0
1731880823014 0.027445849031209946 0
1731880839295 0.027866648510098457 0
1731880855993 0.027604199945926666 0
1731880872268 0.027715006843209267 0
1731880888431 0.027604829519987106 0
1731880904701 0.027196990326046944 0
1731880920849 0.027665413916110992 0
1731880937125 0.027701200917363167 0
1731880953282 0.02755132131278515 0
1731880969556 0.028233516961336136 0
1731880985691 0.02758776769042015 0
1731881001987 0.027299897745251656 0
1731881018164 0.02820586785674095 0
1731881034450 0.027482178062200546 0
1731881050610 0.027787284925580025 0
1731881066872 0.02781851962208748 0
1731881083012 0.027519110590219498 0
1731881099584 0.027991877868771553 0
1731881115742 0.027749568223953247 0
1731881131992 0.02785196527838707 0
1731881148191 0.027368959039449692 0
1731881164485 0.0275452621281147 0
1731881180654 0.027330899611115456 0
1731881196983 0.028079334646463394 0
1731881213180 0.027880581095814705 0
1731881229428 0.028216952458024025 0
1731881245589 0.027768556028604507 0
1731881261898 0.02747906930744648 0
1731881278093 0.027726439759135246 0
1731881294334 0.02733200415968895 0
1731881310504 0.02773907594382763 0
1731881327136 0.027716804295778275 0
1731881343350 0.027831224724650383 0
1731881359619 0.027923332527279854 0
1731881375803 0.02772396057844162 0
1731881392080 0.02775830216705799 0
1731881408274 0.02731342986226082 0
1731881424560 0.02752894163131714 0
1731881440732 0.027533050626516342 0
1731881456979 0.027739863842725754 0
1731881473108 0.027825547382235527 0
1731881489373 0.027956830337643623 0
1731881505553 0.027484102174639702 0
1731881521816 0.027405166998505592 0
1731881537990 0.027733707800507545 0
1731881554239 0.027738656848669052 0
1731881570717 0.02802455797791481 0
1731881586974 0.027812369167804718 0
1731881603153 0.027951395139098167 0
1731881619409 0.027952399104833603 0
1731881635585 0.027319390326738358 0
1731881651873 0.027655772864818573 0
1731881668037 0.027927082031965256 0
1731881684294 0.02766244485974312 0
1731881700463 0.027930600568652153 0
1731881716732 0.027771195396780968 0
1731881733065 0.027343716472387314 0
1731881749342 0.027814241126179695 0
1731881765521 0.02797791361808777 0
1731881781796 0.02781851403415203 0
1731881797982 0.027668580412864685 0
1731881814623 0.027862943708896637 0
1731881830753 0.027512669563293457 0
1731881847056 0.027874695137143135 0
1731881863222 0.027866557240486145 0
1731881879492 0.028195349499583244 0
1731881895637 0.027889639139175415 0
1731881911900 0.027698887512087822 0
1731881928040 0.027854247018694878 0
1731881944291 0.027653954923152924 0
1731881960480 0.027720890939235687 0
1731881976729 0.02792188711464405 0
1731881992859 0.027681516483426094 0
1731882009126 0.02770526334643364 0
1731882025300 0.02800934761762619 0
1731882041542 0.027987711131572723 0
1731882057943 0.02764761820435524 0
1731882074217 0.027620194479823112 0
1731882090361 0.027670010924339294 0
1731882106580 0.027299819514155388 0
1731882122697 0.027925094589591026 0
1731882138952 0.027784176170825958 0
1731882155142 0.027604423463344574 0
1731882171426 0.02769758738577366 0
1731882187559 0.027752907946705818 0
1731882203804 0.027650276198983192 0
1731882219945 0.0276752021163702 0
1731882236217 0.02768855355679989 0
1731882252333 0.027459345757961273 0
1731882268596 0.02741502784192562 0
1731882284687 0.0276460200548172 0
1731882301283 0.02763698250055313 0
1731882317410 0.02774077095091343 0
1731882333650 0.027978332713246346 0
1731882349783 0.027781827375292778 0
1731882366002 0.027663685381412506 0
1731882382128 0.02792646922171116 0
1731882398365 0.027885518968105316 0
1731882414473 0.027983956038951874 0
1731882430732 0.027565984055399895 0
1731882446846 0.02760658785700798 0
1731882463086 0.02774820104241371 0
1731882479209 0.02768757753074169 0
1731882495414 0.02782316878437996 0
1731882511538 0.027610745280981064 0
1731882528096 0.027668660506606102 0
1731882544216 0.027675937861204147 0
1731882560441 0.02773800864815712 0
1731882576562 0.02768445573747158 0
1731882592812 0.027949215844273567 0
1731882608933 0.027812905609607697 0
1731882625164 0.027674881741404533 0
1731882641271 0.02781905047595501 0
1731882657491 0.027934471145272255 0
1731882673580 0.027744755148887634 0
1731882689813 0.02785867638885975 0
1731882705951 0.027819998562335968 0
1731882722181 0.027790410444140434 0
1731882738358 0.027963697910308838 0
1731882754625 0.027945082634687424 0
1731882771115 0.027785800397396088 0
1731882787319 0.027857061475515366 0
1731882803419 0.02785072661936283 0
1731882819651 0.027902506291866302 0
1731882835747 0.02782236598432064 0
1731882851992 0.02790101245045662 0
1731882868116 0.027906883507966995 0
1731882884359 0.027725661173462868 0
1731882900458 0.027927353978157043 0
1731882916673 0.02773987129330635 0
1731882932817 0.027760136872529984 0
1731882949071 0.027712207287549973 0
1731882965220 0.027630755677819252 0
1731882981496 0.027838878333568573 0
1731882997645 0.027847550809383392 0
1731883014267 0.027661047875881195 0
1731883030408 0.027755016461014748 0
1731883046885 0.02776551991701126 0
1731883063036 0.027952047064900398 0
1731883079280 0.027904551476240158 0
1731883095442 0.02778751030564308 0
1731883111684 0.027700204402208328 0
1731883127788 0.027695219963788986 0
1731883144081 0.02779630571603775 0
1731883160204 0.027749083936214447 0
1731883176418 0.02775607630610466 0
1731883192539 0.027762487530708313 0
1731883208786 0.02781483717262745 0
1731883224930 0.027826568111777306 0
1731883241170 0.02797577530145645 0
1731883257637 0.027818141505122185 0
1731883273873 0.027777109295129776 0
1731883290013 0.027767648920416832 0
1731883306234 0.027901165187358856 0
1731883322372 0.027730995789170265 0
1731883338609 0.02777479588985443 0
1731883354723 0.02780747599899769 0
1731883370985 0.02778111770749092 0
1731883387108 0.027845658361911774 0
1731883403320 0.02776828408241272 0
1731883419462 0.027810899540781975 0
1731883435693 0.027830347418785095 0
1731883451854 0.027598470449447632 0
1731883468084 0.027795609086751938 0
1731883484211 0.027748428285121918 0
