1731879798532 0.009206793271005154 0
1731879820498 0.009542088955640793 0
1731879842078 0.009707356803119183 0
1731879863517 0.00993496272712946 0
1731879884647 0.009926937520503998 0
1731879905825 0.009802831336855888 0
1731879926835 0.009957839734852314 0
1731879947938 0.009984372183680534 0
1731879968905 0.010101066902279854 0
1731879989954 0.010099434293806553 0
1731880010932 0.010002500377595425 0
1731880032029 0.01009687315672636 0
1731880053010 0.010171583853662014 0
1731880074124 0.010181877762079239 0
1731880095030 0.01001892052590847 0
1731880113642 0.010270948521792889 0
1731880132274 0.010163264349102974 0
1731880150870 0.010214785113930702 0
1731880169517 0.01014771405607462 0
1731880188141 0.01025545783340931 0
1731880206760 0.010322353802621365 0
1731880225352 0.010222534649074078 0
1731880243102 0.010227183811366558 0
1731880260411 0.010320357978343964 0
1731880277856 0.010239092633128166 0
1731880295328 0.010138990357518196 0
1731880312780 0.01027672365307808 0
1731880330152 0.010272436775267124 0
1731880347533 0.010104317218065262 0
1731880364966 0.010315470397472382 0
1731880381642 0.0103782769292593 0
1731880398347 0.010234666988253593 0
1731880415073 0.010138189420104027 0
1731880431785 0.010156543925404549 0
1731880448477 0.010369112715125084 0
1731880465155 0.010267410427331924 0
1731880481882 0.010276264511048794 0
1731880498114 0.010261295363307 0
1731880514406 0.010212210938334465 0
1731880530579 0.010292593389749527 0
1731880546880 0.0103093720972538 0
1731880563067 0.010297689586877823 0
1731880579347 0.010225335136055946 0
1731880595512 0.010292706079781055 0
1731880612088 0.010228597559034824 0
1731880628284 0.01042531430721283 0
1731880644565 0.010180046781897545 0
1731880660756 0.010313065722584724 0
1731880677065 0.010217773728072643 0
1731880693254 0.010273213498294353 0
1731880709526 0.010338634252548218 0
1731880725736 0.010212552733719349 0
1731880741984 0.010312060825526714 0
1731880758092 0.010248636826872826 0
1731880774366 0.010222945362329483 0
1731880790533 0.010284130461513996 0
1731880806804 0.01026433240622282 0
1731880823014 0.01019830908626318 0
1731880839295 0.010248851962387562 0
1731880855993 0.010190499015152454 0
1731880872268 0.01031271182000637 0
1731880888431 0.010287757962942123 0
1731880904701 0.010223162360489368 0
1731880920849 0.010265839286148548 0
1731880937125 0.010295987129211426 0
1731880953282 0.010247337631881237 0
1731880969556 0.010259892791509628 0
1731880985691 0.010333582758903503 0
1731881001987 0.010298742912709713 0
1731881018164 0.010326678864657879 0
1731881034450 0.01024449523538351 0
1731881050610 0.01033847313374281 0
1731881066872 0.01028655655682087 0
1731881083012 0.010275214910507202 0
1731881099584 0.01028354186564684 0
1731881115742 0.010350557044148445 0
1731881131992 0.010386859998106956 0
1731881148191 0.010200457647442818 0
1731881164485 0.01025430392473936 0
1731881180654 0.010312965139746666 0
1731881196983 0.01023118942975998 0
1731881213180 0.010295760817825794 0
1731881229428 0.010256177745759487 0
1731881245589 0.010279362089931965 0
1731881261898 0.010261748917400837 0
1731881278093 0.010315499268472195 0
1731881294334 0.010293790139257908 0
1731881310504 0.010285254567861557 0
1731881327136 0.010294630192220211 0
1731881343350 0.010325140319764614 0
1731881359619 0.010292229242622852 0
1731881375803 0.010324632748961449 0
1731881392080 0.010294308885931969 0
1731881408274 0.010320981964468956 0
1731881424560 0.01034625619649887 0
1731881440732 0.010374409146606922 0
1731881456979 0.010266806930303574 0
1731881473108 0.010340951383113861 0
1731881489373 0.01031603291630745 0
1731881505553 0.010349947027862072 0
1731881521816 0.010294468142092228 0
1731881537990 0.010331179015338421 0
1731881554239 0.01031855121254921 0
1731881570717 0.010347175411880016 0
1731881586974 0.010338852182030678 0
1731881603153 0.010272232815623283 0
1731881619409 0.01030843984335661 0
1731881635585 0.010310498997569084 0
1731881651873 0.010313660837709904 0
1731881668037 0.010338244028389454 0
1731881684294 0.010372276417911053 0
1731881700463 0.010293102823197842 0
1731881716732 0.010269369930028915 0
1731881733065 0.010249423794448376 0
1731881749342 0.010282720439136028 0
1731881765521 0.010375631973147392 0
1731881781796 0.010336851701140404 0
1731881797982 0.010272822342813015 0
1731881814623 0.010310501791536808 0
1731881830753 0.010355298407375813 0
1731881847056 0.010346546769142151 0
1731881863222 0.01033517811447382 0
1731881879492 0.010340556502342224 0
1731881895637 0.010324389673769474 0
1731881911900 0.010347883217036724 0
1731881928040 0.010282034985721111 0
1731881944291 0.010269377380609512 0
1731881960480 0.010316053405404091 0
1731881976729 0.010306508280336857 0
1731881992859 0.010350150987505913 0
1731882009126 0.01030899491161108 0
1731882025300 0.010335412807762623 0
1731882041542 0.010301131755113602 0
1731882057943 0.01029139943420887 0
1731882074217 0.010344376787543297 0
1731882090361 0.010331968776881695 0
1731882106580 0.01029035821557045 0
1731882122697 0.010314209386706352 0
1731882138952 0.010309217497706413 0
1731882155142 0.01029545534402132 0
1731882171426 0.010288972407579422 0
1731882187559 0.01031358540058136 0
1731882203804 0.010321227833628654 0
1731882219945 0.010386877693235874 0
1731882236217 0.010354747995734215 0
1731882252333 0.010330285876989365 0
1731882268596 0.010298512876033783 0
1731882284687 0.0103725241497159 0
1731882301283 0.010308888740837574 0
1731882317410 0.010304116643965244 0
1731882333650 0.010342223569750786 0
1731882349783 0.010327701456844807 0
1731882366002 0.010326676070690155 0
1731882382128 0.01034458540380001 0
1731882398365 0.01033808570355177 0
1731882414473 0.010326544754207134 0
1731882430732 0.01032023411244154 0
1731882446846 0.010350126773118973 0
1731882463086 0.01031502429395914 0
1731882479209 0.010323574766516685 0
1731882495414 0.010331064462661743 0
1731882511538 0.0103052519261837 0
1731882528096 0.010347363539040089 0
1731882544216 0.01034701056778431 0
1731882560441 0.010344875045120716 0
1731882576562 0.01030027586966753 0
1731882592812 0.010348191484808922 0
1731882608933 0.010347666218876839 0
1731882625164 0.01030929945409298 0
1731882641271 0.010317756794393063 0
1731882657491 0.010362225584685802 0
1731882673580 0.010383863002061844 0
1731882689813 0.0103579331189394 0
1731882705951 0.01030267309397459 0
1731882722181 0.010316555388271809 0
1731882738358 0.010328165255486965 0
1731882754625 0.010377801023423672 0
1731882771115 0.010309616103768349 0
1731882787319 0.010317973792552948 0
1731882803419 0.010341541841626167 0
1731882819651 0.010351376608014107 0
1731882835747 0.010298209264874458 0
1731882851992 0.010352255776524544 0
1731882868116 0.010381634347140789 0
1731882884359 0.010308015160262585 0
1731882900458 0.010343579575419426 0
1731882916673 0.010325534269213676 0
1731882932817 0.010324491187930107 0
1731882949071 0.010332549922168255 0
1731882965220 0.010302701033651829 0
1731882981496 0.010341713204979897 0
1731882997645 0.010316322557628155 0
1731883014267 0.010323704220354557 0
1731883030408 0.010319439694285393 0
1731883046885 0.010340227745473385 0
1731883063036 0.01037647482007742 0
1731883079280 0.01037562359124422 0
1731883095442 0.010348896495997906 0
1731883111684 0.010334300808608532 0
1731883127788 0.01032585371285677 0
1731883144081 0.010314825922250748 0
1731883160204 0.010344228707253933 0
1731883176418 0.010323028080165386 0
1731883192539 0.01033964566886425 0
1731883208786 0.010338963940739632 0
1731883224930 0.010331504978239536 0
1731883241170 0.010368610732257366 0
1731883257637 0.010317730717360973 0
1731883273873 0.010324393399059772 0
1731883290013 0.010340995155274868 0
1731883306234 0.010322563350200653 0
1731883322372 0.010345911607146263 0
1731883338609 0.010344917885959148 0
1731883354723 0.010327578522264957 0
1731883370985 0.010341466404497623 0
1731883387108 0.010344238020479679 0
1731883403320 0.010350434109568596 0
1731883419462 0.010345740243792534 0
1731883435693 0.010337766259908676 0
1731883451854 0.010319890454411507 0
1731883468084 0.010339826345443726 0
1731883484211 0.010346217080950737 0
