1731879798534 0.0003089214733336121 0
1731879820503 0.0002472534542903304 0
1731879842082 0.000218058776226826 0
1731879863519 0.00021093357645440847 0
1731879884650 0.00019156013149768114 0
1731879905827 0.0001744647161103785 0
1731879926838 0.0001692368823569268 0
1731879947940 0.00016244286962319165 0
1731879968908 0.00015745394921395928 0
1731879989957 0.00015127533697523177 0
1731880010934 0.00014662975445389748 0
1731880032033 0.00013953566667623818 0
1731880053012 0.00013049731205683202 0
1731880074126 0.0001281965960515663 0
1731880095033 0.00012554741988424212 0
1731880113644 0.00012032694212393835 0
1731880132277 0.00011256048310315236 0
1731880150873 0.00011274890130152926 0
1731880169519 0.00010846625082194805 0
1731880188143 0.00010495064634596929 0
1731880206763 0.00010280526475980878 0
1731880225354 9.845744352787733e-05 0
1731880243104 9.977725858334452e-05 0
1731880260414 9.572444105288014e-05 0
1731880277859 9.398563270224258e-05 0
1731880295331 9.469303768128157e-05 0
1731880312783 9.34980416786857e-05 0
1731880330154 8.845077536534518e-05 0
1731880347535 8.8293912995141e-05 0
1731880364968 8.878395601641387e-05 0
1731880381645 8.465313294436783e-05 0
1731880398349 8.639201405458152e-05 0
1731880415075 8.2247810496483e-05 0
1731880431787 8.285516378236935e-05 0
1731880448479 8.149835775839165e-05 0
1731880465157 7.977879431564361e-05 0
1731880481884 7.73833817220293e-05 0
1731880498116 7.637323869857937e-05 0
1731880514408 7.944901153678074e-05 0
1731880530582 7.673951768083498e-05 0
1731880546882 7.448703399859369e-05 0
1731880563069 7.259796984726563e-05 0
1731880579350 7.582003308925778e-05 0
1731880595514 7.110839214874431e-05 0
1731880612090 7.193726924015209e-05 0
1731880628286 6.910593947395682e-05 0
1731880644567 6.837429100414738e-05 0
1731880660757 7.032653229543939e-05 0
1731880677067 6.772168853785843e-05 0
1731880693257 6.777110684197396e-05 0
1731880709528 6.434410897782072e-05 0
1731880725738 6.450308865169063e-05 0
1731880741986 6.204317469382659e-05 0
1731880758095 6.247051351238042e-05 0
1731880774368 6.167576066218317e-05 0
1731880790535 6.070122981327586e-05 0
1731880806806 6.197312904987484e-05 0
1731880823017 6.088704685680568e-05 0
1731880839297 5.902580596739426e-05 0
1731880855995 6.13396186963655e-05 0
1731880872271 6.103206396801397e-05 0
1731880888433 6.245027179829776e-05 0
1731880904703 5.999955828883685e-05 0
1731880920851 5.937965033808723e-05 0
1731880937127 5.6109478464350104e-05 0
1731880953284 5.75161975575611e-05 0
1731880969558 5.8117573644267395e-05 0
1731880985693 5.711410631192848e-05 0
1731881001989 5.774986857431941e-05 0
1731881018166 5.570189023273997e-05 0
1731881034452 5.882338882656768e-05 0
1731881050612 5.656582288793288e-05 0
1731881066874 5.62689638172742e-05 0
1731881083015 5.695969957741909e-05 0
1731881099586 5.90549643675331e-05 0
1731881115744 5.440223321784288e-05 0
1731881131994 5.217172292759642e-05 0
1731881148193 5.233630508882925e-05 0
1731881164487 5.2251012675696984e-05 0
1731881180657 5.7706176448846236e-05 0
1731881196986 5.230804890743457e-05 0
1731881213183 5.089461410534568e-05 0
1731881229430 5.3342933824751526e-05 0
1731881245591 5.165944457985461e-05 0
1731881261900 5.1675859140232205e-05 0
1731881278095 5.2810664783464745e-05 0
1731881294336 5.1551971409935504e-05 0
1731881310507 5.03964074596297e-05 0
1731881327138 5.3304906032280996e-05 0
1731881343352 4.964802792528644e-05 0
1731881359622 4.993943002773449e-05 0
1731881375805 4.7666686441516504e-05 0
1731881392082 5.110555139253847e-05 0
1731881408277 4.778759102919139e-05 0
1731881424563 4.573178375721909e-05 0
1731881440734 4.849327160627581e-05 0
1731881456981 4.831389742321335e-05 0
1731881473110 4.576255741994828e-05 0
1731881489375 4.713724774774164e-05 0
1731881505555 4.6604745875811204e-05 0
1731881521818 4.7684985474916175e-05 0
1731881537993 4.677917968365364e-05 0
1731881554242 4.549900404526852e-05 0
1731881570719 4.424828148330562e-05 0
1731881586977 4.77618450531736e-05 0
1731881603155 4.718642958323471e-05 0
1731881619411 4.553978214971721e-05 0
1731881635588 4.4593707571038976e-05 0
1731881651876 4.7049528802745044e-05 0
1731881668039 4.4093223550589755e-05 0
1731881684296 4.5283155486686155e-05 0
1731881700466 4.576761421049014e-05 0
1731881716804 4.2853203922277316e-05 0
1731881733067 4.637387610273436e-05 0
1731881749345 4.459052797756158e-05 0
1731881765524 4.509246355155483e-05 0
1731881781798 4.288792842999101e-05 0
1731881797984 4.528833960648626e-05 0
1731881814626 4.380593600217253e-05 0
1731881830755 4.357282887212932e-05 0
1731881847058 4.4377189624356106e-05 0
1731881863225 4.576307401293889e-05 0
1731881879494 4.449263360584155e-05 0
1731881895640 4.368664667708799e-05 0
1731881911902 4.4108684960519895e-05 0
1731881928043 4.3266365537419915e-05 0
1731881944294 4.214154978399165e-05 0
1731881960482 4.218815956846811e-05 0
1731881976732 3.795904922299087e-05 0
1731881992862 4.289124990464188e-05 0
1731882009129 4.111515954718925e-05 0
1731882025302 4.225964949000627e-05 0
1731882041544 4.157181319897063e-05 0
1731882057945 4.244950832799077e-05 0
1731882074219 4.0069728129310533e-05 0
1731882090363 4.057714613736607e-05 0
1731882106582 4.0786078898236156e-05 0
1731882122700 4.160607932135463e-05 0
1731882138954 3.958440720452927e-05 0
1731882155145 4.0941915358416736e-05 0
1731882171429 4.144259946770035e-05 0
1731882187562 4.1859992052195594e-05 0
1731882203806 3.802145511144772e-05 0
1731882219948 3.9277667383430526e-05 0
1731882236219 3.952765473513864e-05 0
1731882252335 3.820500205620192e-05 0
1731882268598 3.775207733269781e-05 0
1731882284689 3.625116005423479e-05 0
1731882301286 3.807309258263558e-05 0
1731882317412 3.9111622754717246e-05 0
1731882333653 4.04980564780999e-05 0
1731882349785 3.8570346077904105e-05 0
1731882366005 3.8468810089398175e-05 0
1731882382130 3.852667214232497e-05 0
1731882398368 3.886381091433577e-05 0
1731882414475 3.791695417021401e-05 0
1731882430734 3.842739897663705e-05 0
1731882446848 3.688349170261063e-05 0
1731882463089 3.848791675409302e-05 0
1731882479211 3.8005378883099183e-05 0
1731882495416 3.6162426113151014e-05 0
1731882511540 3.860523793264292e-05 0
1731882528099 3.687524440465495e-05 0
1731882544218 3.4520380722824484e-05 0
1731882560443 3.592060602386482e-05 0
1731882576564 3.740715328603983e-05 0
1731882592814 3.535588984959759e-05 0
1731882608936 3.4904416679637507e-05 0
1731882625166 3.51604976458475e-05 0
1731882641273 3.5266290069557726e-05 0
1731882657494 3.5387442039791495e-05 0
1731882673582 3.662412927951664e-05 0
1731882689815 3.533308699843474e-05 0
1731882705953 3.513537012622692e-05 0
1731882722183 3.838496922980994e-05 0
1731882738360 3.568009924492799e-05 0
1731882754627 3.493873737170361e-05 0
1731882771117 3.373414438101463e-05 0
1731882787321 3.388056575204246e-05 0
1731882803422 3.3481592254247516e-05 0
1731882819654 3.502950130496174e-05 0
1731882835749 3.460362131590955e-05 0
1731882851994 3.47025015798863e-05 0
1731882868118 3.434624522924423e-05 0
1731882884361 3.5277411370771006e-05 0
1731882900460 3.5540328099159524e-05 0
1731882916676 3.265051054768264e-05 0
1731882932819 3.6052180803380907e-05 0
1731882949074 3.3593572879908606e-05 0
1731882965223 3.392684811842628e-05 0
1731882981498 3.443159948801622e-05 0
1731882997647 3.3302003430435434e-05 0
1731883014270 3.4374250390101224e-05 0
1731883030410 3.297835064586252e-05 0
1731883046887 3.333515633130446e-05 0
1731883063039 3.209813803550787e-05 0
1731883079282 3.379520421731286e-05 0
1731883095444 3.317819573567249e-05 0
1731883111686 3.153409852529876e-05 0
1731883127790 3.158161780447699e-05 0
1731883144083 3.258847209508531e-05 0
1731883160206 3.2725438359193504e-05 0
1731883176421 3.1363229936687276e-05 0
1731883192541 3.2066200219560415e-05 0
1731883208789 3.217428456991911e-05 0
1731883224932 3.303171251900494e-05 0
1731883241172 3.093155464739539e-05 0
1731883257640 2.9641150831594132e-05 0
1731883273876 3.2284446206176654e-05 0
1731883290016 3.366892269696109e-05 0
1731883306236 3.375420783413574e-05 0
1731883322374 3.0337227144627832e-05 0
1731883338612 3.0248107577790506e-05 0
1731883354725 3.171973366988823e-05 0
1731883370988 3.240636578993872e-05 0
1731883387110 3.2605948945274577e-05 0
1731883403322 3.11470175802242e-05 0
1731883419464 3.098981687799096e-05 0
1731883435696 3.250847657909617e-05 0
1731883451857 3.2701194868423045e-05 0
1731883468086 3.1581501389155164e-05 0
1731883484213 3.1451345421373844e-05 0
