1731879798534 0.004286295734345913 0
1731879820503 0.0023160960990935564 0
1731879842082 0.002327411901205778 0
1731879863519 0.0021052644588053226 0
1731879884650 0.0020789369009435177 0
1731879905827 0.0020846768748015165 0
1731879926838 0.002006594557315111 0
1731879947940 0.0017750911647453904 0
1731879968908 0.001765830791555345 0
1731879989957 0.0016757631674408913 0
1731880010934 0.0016074860468506813 0
1731880032033 0.0016937317559495568 0
1731880053012 0.0015357342781499028 0
1731880074126 0.0015846386086195707 0
1731880095033 0.001800182624720037 0
1731880113644 0.0018916396657004952 0
1731880132277 0.0017006394919008017 0
1731880150873 0.0016532661393284798 0
1731880169519 0.001705456874333322 0
1731880188143 0.0016865895595401525 0
1731880206763 0.00183398206718266 0
1731880225354 0.0018204564694315195 0
1731880243104 0.0017889197915792465 0
1731880260414 0.001584894023835659 0
1731880277859 0.0016368424985557795 0
1731880295331 0.0015908200293779373 0
1731880312783 0.0018112107645720243 0
1731880330154 0.0017993261571973562 0
1731880347535 0.0017242366448044777 0
1731880364968 0.0017383152153342962 0
1731880381645 0.0018879328854382038 0
1731880398349 0.0018023689044639468 0
1731880415075 0.0016685412265360355 0
1731880431787 0.0017176482360810041 0
1731880448479 0.0019482537172734737 0
1731880465157 0.0016778295394033194 0
1731880481884 0.001803907798603177 0
1731880498116 0.0016163894906640053 0
1731880514408 0.001803599065169692 0
1731880530582 0.0017038299702107906 0
1731880546882 0.0018084603361785412 0
1731880563069 0.0018501393496990204 0
1731880579350 0.001633187523111701 0
1731880595514 0.0017862748354673386 0
1731880612090 0.001970836892724037 0
1731880628286 0.001736741280183196 0
1731880644567 0.001770365983247757 0
1731880660757 0.0016853164415806532 0
1731880677067 0.0017202809685841203 0
1731880693257 0.0017485759453848004 0
1731880709528 0.001744598732329905 0
1731880725738 0.0018785169813781977 0
1731880741986 0.001869576284661889 0
1731880758095 0.0018507782369852066 0
1731880774368 0.001821749610826373 0
1731880790535 0.0018415064550936222 0
1731880806806 0.0017108237370848656 0
1731880823017 0.00176662253215909 0
1731880839297 0.0016253245994448662 0
1731880855995 0.001844893442466855 0
1731880872271 0.0017013277392834425 0
1731880888433 0.001760158920660615 0
1731880904703 0.0017227812204509974 0
1731880920851 0.0017525359289720654 0
1731880937127 0.0018197321332991123 0
1731880953284 0.0017166291363537312 0
1731880969558 0.0016686522867530584 0
1731880985693 0.0018132494296878576 0
1731881001989 0.0016801146557554603 0
1731881018166 0.0016629123128950596 0
1731881034452 0.001727712107822299 0
1731881050612 0.0016602869145572186 0
1731881066874 0.0017324562650173903 0
1731881083015 0.00168145215138793 0
1731881099586 0.0016100052744150162 0
1731881115744 0.0017736715963110328 0
1731881131994 0.0017875425983220339 0
1731881148193 0.0016260079573839903 0
1731881164487 0.0017795744352042675 0
1731881180657 0.001751102739945054 0
1731881196986 0.0017273324774578214 0
1731881213183 0.0018405566224828362 0
1731881229430 0.0017865963745862246 0
1731881245591 0.0016965288668870926 0
1731881261900 0.0016234911745414138 0
1731881278095 0.0017221432644873857 0
1731881294336 0.0017858737846836448 0
1731881310507 0.0016045693773776293 0
1731881327138 0.0016945762326940894 0
1731881343352 0.0017139995470643044 0
1731881359622 0.0016979490173980594 0
1731881375805 0.0017215923871845007 0
1731881392082 0.0017384047387167811 0
1731881408277 0.001665997551754117 0
1731881424563 0.0016755718970671296 0
1731881440734 0.001764184795320034 0
1731881456981 0.00172452034894377 0
1731881473110 0.0017028790898621082 0
1731881489375 0.001717687351629138 0
1731881505555 0.0017688678344711661 0
1731881521818 0.0016361281741410494 0
1731881537993 0.0016809279331937432 0
1731881554242 0.0016430903924629092 0
1731881570719 0.0018051868537440896 0
1731881586977 0.0017080876277759671 0
1731881603155 0.0015941316960379481 0
1731881619411 0.0017826247494667768 0
1731881635588 0.0017036309000104666 0
1731881651876 0.0017445498378947377 0
1731881668039 0.0017497492954134941 0
1731881684296 0.0017158823320642114 0
1731881700466 0.0016056906897574663 0
1731881716804 0.0017087727319449186 0
1731881733067 0.00173104926943779 0
1731881749345 0.0017385679529979825 0
1731881765524 0.0018349240999668837 0
1731881781798 0.0018459840212017298 0
1731881797984 0.0017187197227030993 0
1731881814626 0.0016658819513395429 0
1731881830755 0.001656436244957149 0
1731881847058 0.0015667242696508765 0
1731881863225 0.0017741033807396889 0
1731881879494 0.0016209193272516131 0
1731881895640 0.0016542116645723581 0
1731881911902 0.0016558710485696793 0
1731881928043 0.0016120201908051968 0
1731881944294 0.0017001074738800526 0
1731881960482 0.0017207839991897345 0
1731881976732 0.00183456065133214 0
1731881992862 0.0017505013383924961 0
1731882009129 0.0018342710100114346 0
1731882025302 0.0018214124720543623 0
1731882041544 0.0016420065658167005 0
1731882057945 0.0017196960980072618 0
1731882074219 0.001772006624378264 0
1731882090363 0.0016743431333452463 0
1731882106582 0.0017672735266387463 0
1731882122700 0.0017943806014955044 0
1731882138954 0.0016440926119685173 0
1731882155145 0.0017739897593855858 0
1731882171429 0.001749546965584159 0
1731882187562 0.00179163902066648 0
1731882203806 0.0017657421994954348 0
1731882219948 0.0017973080975934863 0
1731882236219 0.0017176278633996844 0
1731882252335 0.0017700751777738333 0
1731882268598 0.0016833132831379771 0
1731882284689 0.0017797145992517471 0
1731882301286 0.001684949267655611 0
1731882317412 0.0017117364332079887 0
1731882333653 0.0016106971306726336 0
1731882349785 0.0017189806094393134 0
1731882366005 0.001796612050384283 0
1731882382130 0.0017281846376135945 0
1731882398368 0.0017118629766628146 0
1731882414475 0.0016223709098994732 0
1731882430734 0.0017432309687137604 0
1731882446848 0.0019732308574020863 0
1731882463089 0.0017461312236264348 0
1731882479211 0.0017196416156366467 0
1731882495416 0.0016645073192194104 0
1731882511540 0.0017953204223886132 0
1731882528099 0.0016539228381589055 0
1731882544218 0.0016729934141039848 0
1731882560443 0.0016136658377945423 0
1731882576564 0.001737284241244197 0
1731882592814 0.0016646618023514748 0
1731882608936 0.001820706413127482 0
1731882625166 0.0017098318785429 0
1731882641273 0.0018023306038230658 0
1731882657494 0.0016706832684576511 0
1731882673582 0.001790473936125636 0
1731882689815 0.0016845428617671132 0
1731882705953 0.0016703198198229074 0
1731882722183 0.0017005028203129768 0
1731882738360 0.0017008275026455522 0
1731882754627 0.001828076783567667 0
1731882771117 0.00178803619928658 0
1731882787321 0.0017023691907525063 0
1731882803422 0.001718871877528727 0
1731882819654 0.0016695568338036537 0
1731882835749 0.0017234452534466982 0
1731882851994 0.0017917503137141466 0
1731882868118 0.0017398451454937458 0
1731882884361 0.0017927854787558317 0
1731882900460 0.0017557521350681782 0
1731882916676 0.001734286779537797 0
1731882932819 0.001755319070070982 0
1731882949074 0.0018353384220972657 0
1731882965223 0.0016914677107706666 0
1731882981498 0.0016996492631733418 0
1731882997647 0.0017403331585228443 0
1731883014270 0.0017355477903038263 0
1731883030410 0.0017201611772179604 0
1731883046887 0.0017219160217791796 0
1731883063039 0.0018360365647822618 0
1731883079282 0.0016533283051103354 0
1731883095444 0.0016257122624665499 0
1731883111686 0.0017252452671527863 0
1731883127790 0.001705529517494142 0
1731883144083 0.001618630951270461 0
1731883160206 0.0017902068793773651 0
1731883176421 0.0018383099231868982 0
1731883192541 0.001665624906308949 0
1731883208789 0.0016288574552163482 0
1731883224932 0.0016877232119441032 0
1731883241172 0.0016563031822443008 0
1731883257640 0.001759887207299471 0
1731883273876 0.0016916819149628282 0
1731883290016 0.0017542069545015693 0
1731883306236 0.0017677182331681252 0
1731883322374 0.0017979263793677092 0
1731883338612 0.0017657196149230003 0
1731883354725 0.001650713849812746 0
1731883370988 0.0016982791712507606 0
1731883387110 0.0017996883252635598 0
1731883403322 0.0017910825554281473 0
1731883419464 0.0016507289838045835 0
1731883435696 0.0017211921513080597 0
1731883451857 0.001726925140246749 0
1731883468086 0.0017131537897512317 0
1731883484213 0.0017378662014380097 0
