1731879798532 19.349979400634766 0
1731879820498 21.447803497314453 0
1731879842078 22.433151245117188 0
1731879863517 22.407123565673828 0
1731879884647 22.87084197998047 0
1731879905825 22.91782569885254 0
1731879926835 23.235641479492188 0
1731879947938 23.676895141601562 0
1731879968905 24.132463455200195 0
1731879989954 23.543062210083008 0
1731880010932 23.782724380493164 0
1731880032029 24.208744049072266 0
1731880053010 24.316415786743164 0
1731880074124 24.335866928100586 0
1731880095030 24.2575626373291 0
1731880113642 24.376922607421875 0
1731880132274 25.13681983947754 0
1731880150870 25.109458923339844 0
1731880169517 25.45289421081543 0
1731880188141 25.140302658081055 0
1731880206760 24.841697692871094 0
1731880225352 25.420787811279297 0
1731880243102 25.116437911987305 0
1731880260411 24.668575286865234 0
1731880277856 25.077186584472656 0
1731880295328 24.864490509033203 0
1731880312780 25.2908992767334 0
1731880330152 25.440826416015625 0
1731880347533 25.322240829467773 0
1731880364966 26.114473342895508 0
1731880381642 25.615032196044922 0
1731880398347 25.84930419921875 0
1731880415073 24.990863800048828 0
1731880431785 25.316999435424805 0
1731880448477 25.751934051513672 0
1731880465155 25.972326278686523 0
1731880481882 26.600906372070312 0
1731880498114 26.709033966064453 0
1731880514406 26.07871437072754 0
1731880530579 26.05498504638672 0
1731880546880 26.209938049316406 0
1731880563067 25.815528869628906 0
1731880579347 26.175844192504883 0
1731880595512 25.973247528076172 0
1731880612088 25.83159065246582 0
1731880628284 26.689266204833984 0
1731880644565 26.872888565063477 0
1731880660756 26.600170135498047 0
1731880677065 26.150671005249023 0
1731880693254 27.1505126953125 0
1731880709526 26.730005264282227 0
1731880725736 27.19951629638672 0
1731880741984 27.181644439697266 0
1731880758092 27.586942672729492 0
1731880774366 26.568843841552734 0
1731880790533 26.668737411499023 0
1731880806804 26.720659255981445 0
1731880823014 26.713848114013672 0
1731880839295 27.367807388305664 0
1731880855993 27.177324295043945 0
1731880872268 27.09492301940918 0
1731880888431 27.46748161315918 0
1731880904701 26.972320556640625 0
1731880920849 26.69857406616211 0
1731880937125 26.91295051574707 0
1731880953282 26.940645217895508 0
1731880969556 27.324800491333008 0
1731880985691 26.978515625 0
1731881001987 27.16396141052246 0
1731881018164 27.235319137573242 0
1731881034450 28.0380859375 0
1731881050610 27.14653968811035 0
1731881066872 27.18761444091797 0
1731881083012 27.316465377807617 0
1731881099584 26.950925827026367 0
1731881115742 27.431182861328125 0
1731881131992 28.45404815673828 0
1731881148191 27.55364418029785 0
1731881164485 27.59864616394043 0
1731881180654 27.331588745117188 0
1731881196983 28.234149932861328 0
1731881213180 27.48308753967285 0
1731881229428 27.51447105407715 0
1731881245589 27.204952239990234 0
1731881261898 28.33525848388672 0
1731881278093 27.544815063476562 0
1731881294334 28.447965621948242 0
1731881310504 27.851106643676758 0
1731881327136 28.299768447875977 0
1731881343350 28.55360984802246 0
1731881359619 27.886978149414062 0
1731881375803 28.577228546142578 0
1731881392080 28.36053466796875 0
1731881408274 28.594675064086914 0
1731881424560 28.064027786254883 0
1731881440732 28.542510986328125 0
1731881456979 28.200660705566406 0
1731881473108 28.36794090270996 0
1731881489373 27.604515075683594 0
1731881505553 28.758686065673828 0
1731881521816 28.538480758666992 0
1731881537990 28.400392532348633 0
1731881554239 28.69431495666504 0
1731881570717 28.540185928344727 0
1731881586974 27.866029739379883 0
1731881603153 29.328351974487305 0
1731881619409 28.187118530273438 0
1731881635585 29.1368408203125 0
1731881651873 28.927040100097656 0
1731881668037 28.884601593017578 0
1731881684294 29.085798263549805 0
1731881700463 28.96735382080078 0
1731881716732 29.184062957763672 0
1731881733065 28.506982803344727 0
1731881749342 29.452180862426758 0
1731881765521 28.791194915771484 0
1731881781796 29.443647384643555 0
1731881797982 29.06920051574707 0
1731881814623 29.316295623779297 0
1731881830753 28.951278686523438 0
1731881847056 29.38351058959961 0
1731881863222 29.195878982543945 0
1731881879492 29.20801544189453 0
1731881895637 29.202167510986328 0
1731881911900 29.43387222290039 0
1731881928040 29.383506774902344 0
1731881944291 29.281049728393555 0
1731881960480 29.03630256652832 0
1731881976729 29.857484817504883 0
1731881992859 29.07895278930664 0
1731882009126 29.335662841796875 0
1731882025300 29.257591247558594 0
1731882041542 29.035165786743164 0
1731882057943 29.02835464477539 0
1731882074217 29.43278694152832 0
1731882090361 30.10196876525879 0
1731882106580 29.814632415771484 0
1731882122697 30.223031997680664 0
1731882138952 30.090862274169922 0
1731882155142 29.48998260498047 0
1731882171426 29.304973602294922 0
1731882187559 29.505056381225586 0
1731882203804 30.110164642333984 0
1731882219945 28.73211097717285 0
1731882236217 29.390199661254883 0
1731882252333 29.405563354492188 0
1731882268596 30.63241195678711 0
1731882284687 28.97987937927246 0
1731882301283 30.018407821655273 0
1731882317410 30.29545783996582 0
1731882333650 29.665908813476562 0
1731882349783 30.22197914123535 0
1731882366002 29.58686065673828 0
1731882382128 30.111921310424805 0
1731882398365 30.38196563720703 0
1731882414473 30.608524322509766 0
1731882430732 30.553390502929688 0
1731882446846 29.88934326171875 0
1731882463086 30.387422561645508 0
1731882479209 30.085193634033203 0
1731882495414 30.331743240356445 0
1731882511538 30.550569534301758 0
1731882528096 30.324905395507812 0
1731882544216 30.661178588867188 0
1731882560441 30.337711334228516 0
1731882576562 30.275056838989258 0
1731882592812 30.707242965698242 0
1731882608933 30.483694076538086 0
1731882625164 29.60277557373047 0
1731882641271 30.95847511291504 0
1731882657491 31.16023826599121 0
1731882673580 30.52166175842285 0
1731882689813 30.18128204345703 0
1731882705951 31.1497745513916 0
1731882722181 30.385026931762695 0
1731882738358 31.01609230041504 0
1731882754625 30.671031951904297 0
1731882771115 30.80974578857422 0
1731882787319 31.30906105041504 0
1731882803419 30.91688346862793 0
1731882819651 30.90541648864746 0
1731882835747 31.101064682006836 0
1731882851992 30.598289489746094 0
1731882868116 30.977907180786133 0
1731882884359 30.247329711914062 0
1731882900458 31.35135269165039 0
1731882916673 30.844463348388672 0
1731882932817 31.144453048706055 0
1731882949071 31.076292037963867 0
1731882965220 31.024497985839844 0
1731882981496 31.016868591308594 0
1731882997645 31.266193389892578 0
1731883014267 31.49412727355957 0
1731883030408 31.35211753845215 0
1731883046885 31.260313034057617 0
1731883063036 31.7047119140625 0
1731883079280 31.41422462463379 0
1731883095442 31.735504150390625 0
1731883111684 31.643762588500977 0
1731883127788 31.24170684814453 0
1731883144081 31.362146377563477 0
1731883160204 31.27073097229004 0
1731883176418 31.824800491333008 0
1731883192539 31.936349868774414 0
1731883208786 31.832063674926758 0
1731883224930 31.237089157104492 0
1731883241170 31.58062171936035 0
1731883257637 32.044189453125 0
1731883273873 31.58536720275879 0
1731883290013 31.698394775390625 0
1731883306234 30.986894607543945 0
1731883322372 31.504409790039062 0
1731883338609 31.629520416259766 0
1731883354723 31.654109954833984 0
1731883370985 31.8587589263916 0
1731883387108 31.674951553344727 0
1731883403320 31.588037490844727 0
1731883419462 31.61603355407715 0
1731883435693 31.697114944458008 0
1731883451854 31.650165557861328 0
1731883468084 31.938020706176758 0
1731883484211 31.94308853149414 0
