1731879798534 0.011614540591835976 0
1731879820503 0.0071650538593530655 0
1731879842082 0.0057106404565274715 0
1731879863519 0.005744969006627798 0
1731879884650 0.005163160152733326 0
1731879905827 0.005107605829834938 0
1731879926838 0.004747179336845875 0
1731879947940 0.004288548603653908 0
1731879968908 0.003861478064209223 0
1731879989957 0.0044227647595107555 0
1731880010934 0.004185308702290058 0
1731880032033 0.0037942458875477314 0
1731880053012 0.0037013348191976547 0
1731880074126 0.0036847940646111965 0
1731880095033 0.0037518348544836044 0
1731880113644 0.0036501239519566298 0
1731880132277 0.003064206801354885 0
1731880150873 0.003083571558818221 0
1731880169519 0.0028491183184087276 0
1731880188143 0.003061749506741762 0
1731880206763 0.0032796699088066816 0
1731880225354 0.002870259340852499 0
1731880243104 0.003078620880842209 0
1731880260414 0.003413047641515732 0
1731880277859 0.0031065717339515686 0
1731880295331 0.003262503072619438 0
1731880312783 0.002957399468868971 0
1731880330154 0.002857046900317073 0
1731880347535 0.00293613295070827 0
1731880364968 0.0024465410970151424 0
1731880381645 0.002744710771366954 0
1731880398349 0.002600575564429164 0
1731880415075 0.003168936586007476 0
1731880431787 0.0029396796599030495 0
1731880448479 0.00265954015776515 0
1731880465157 0.0025279433466494083 0
1731880481884 0.002187304897233844 0
1731880498116 0.002133519621565938 0
1731880514408 0.0024667689576745033 0
1731880530582 0.002480283845216036 0
1731880546882 0.002393350237980485 0
1731880563069 0.002620880026370287 0
1731880579350 0.0024122116155922413 0
1731880595514 0.002527406672015786 0
1731880612090 0.002611204981803894 0
1731880628286 0.002143251709640026 0
1731880644567 0.0020545232109725475 0
1731880660757 0.0021876762621104717 0
1731880677067 0.00242623477242887 0
1731880693257 0.0019272969802841544 0
1731880709528 0.0021232417784631252 0
1731880725738 0.0019056722521781921 0
1731880741986 0.0019135302864015102 0
1731880758095 0.001743033528327942 0
1731880774368 0.002203512703999877 0
1731880790535 0.0021534068509936333 0
1731880806806 0.002127815969288349 0
1731880823017 0.0021311549935489893 0
1731880839297 0.0018332389881834388 0
1731880855995 0.001915434841066599 0
1731880872271 0.001952124759554863 0
1731880888433 0.0017916439101099968 0
1731880904703 0.0020080190151929855 0
1731880920851 0.002138663548976183 0
1731880937127 0.0020356583409011364 0
1731880953284 0.0020227183122187853 0
1731880969558 0.0018514834810048342 0
1731880985693 0.002005155896767974 0
1731881001989 0.00192133744712919 0
1731881018166 0.0018900269642472267 0
1731881034452 0.001571054570376873 0
1731881050612 0.0019290605559945107 0
1731881066874 0.0019109019776806235 0
1731881083015 0.0018550404347479343 0
1731881099586 0.0020179355051368475 0
1731881115744 0.0018066817428916693 0
1731881131994 0.0014275626745074987 0
1731881148193 0.0017564489971846342 0
1731881164487 0.0017383415251970291 0
1731881180657 0.0018485914915800095 0
1731881196986 0.0015017058467492461 0
1731881213183 0.0017852172022685409 0
1731881229430 0.001772363088093698 0
1731881245591 0.0019032887648791075 0
1731881261900 0.0014671487733721733 0
1731881278095 0.0017600235296413302 0
1731881294336 0.0014295629225671291 0
1731881310507 0.0016401712782680988 0
1731881327138 0.0014791864668950438 0
1731881343352 0.001395207829773426 0
1731881359622 0.0016266804886981845 0
1731881375805 0.0013876408338546753 0
1731881392082 0.001458634389564395 0
1731881408277 0.0013820778112858534 0
1731881424563 0.001561698503792286 0
1731881440734 0.0013987775892019272 0
1731881456981 0.0015133307315409184 0
1731881473110 0.0014561492716893554 0
1731881489375 0.001735994592308998 0
1731881505555 0.0013308569323271513 0
1731881521818 0.0014000765513628721 0
1731881537993 0.001445308793336153 0
1731881554242 0.0013507296098396182 0
1731881570719 0.0013995268382132053 0
1731881586977 0.0016345445765182376 0
1731881603155 0.0011672521941363811 0
1731881619411 0.0015180567279458046 0
1731881635588 0.0012198762269690633 0
1731881651876 0.001280253054574132 0
1731881668039 0.0012928247451782227 0
1731881684296 0.0012342979898676276 0
1731881700466 0.0012684243265539408 0
1731881716804 0.0012066839262843132 0
1731881733067 0.0014102676650509238 0
1731881749345 0.0011344405356794596 0
1731881765524 0.0013209320604801178 0
1731881781798 0.0011366717517375946 0
1731881797984 0.001239024568349123 0
1731881814626 0.0011704971548169851 0
1731881830755 0.001273128087632358 0
1731881847058 0.0011525207664817572 0
1731881863225 0.001203405437991023 0
1731881879494 0.0012000474380329251 0
1731881895640 0.001201664563268423 0
1731881911902 0.0011392332380637527 0
1731881928043 0.001152522163465619 0
1731881944294 0.001180035062134266 0
1731881960482 0.0012484458275139332 0
1731881976732 0.001033359207212925 0
1731881992862 0.0012362452689558268 0
1731882009129 0.0011652883840724826 0
1731882025302 0.001186426030471921 0
1731882041544 0.0012487724889069796 0
1731882057945 0.0012507324572652578 0
1731882074219 0.0011395178735256195 0
1731882090363 0.000976793933659792 0
1731882106582 0.0010436060838401318 0
1731882122700 0.0009499412262812257 0
1731882138954 0.0009792952332645655 0
1731882155145 0.0011246087960898876 0
1731882171429 0.0011735528241842985 0
1731882187562 0.001120712491683662 0
1731882203806 0.0009749521850608289 0
1731882219948 0.0013390255626291037 0
1731882236219 0.0011507469462230802 0
1731882252335 0.0011466830037534237 0
1731882268598 0.0008644876070320606 0
1731882284689 0.001264771563000977 0
1731882301286 0.0009957703296095133 0
1731882317412 0.0009342306293547153 0
1731882333653 0.0010799632873386145 0
1731882349785 0.0009501713793724775 0
1731882366005 0.0010998004581779242 0
1731882382130 0.0009745580609887838 0
1731882398368 0.0009158055181615055 0
1731882414475 0.0008692555129528046 0
1731882430734 0.0008803607779555023 0
1731882446848 0.001025806530378759 0
1731882463089 0.000914655567612499 0
1731882479211 0.0009805744048207998 0
1731882495416 0.00092645752010867 0
1731882511540 0.0008809330756776035 0
1731882528099 0.0009279173682443798 0
1731882544218 0.0008587799966335297 0
1731882560443 0.0009251851006411016 0
1731882576564 0.0009386292658746243 0
1731882592814 0.0008497195085510612 0
1731882608936 0.0008946034358814359 0
1731882625166 0.0010957776103168726 0
1731882641273 0.0008019594242796302 0
1731882657494 0.000765554141253233 0
1731882673582 0.0008868164150044322 0
1731882689815 0.0009591171401552856 0
1731882705953 0.0007674011285416782 0
1731882722183 0.0009151602862402797 0
1731882738360 0.0007913901354186237 0
1731882754627 0.0008568338816985488 0
1731882771117 0.0008298992179334164 0
1731882787321 0.0007397652370855212 0
1731882803422 0.0008096764795482159 0
1731882819654 0.0008118173573166132 0
1731882835749 0.0007760566659271717 0
1731882851994 0.0008713062852621078 0
1731882868118 0.0007983792456798255 0
1731882884361 0.0009446413023397326 0
1731882900460 0.0007325963815674186 0
1731882916676 0.000823291193228215 0
1731882932819 0.0007683420553803444 0
1731882949074 0.0007804961642250419 0
1731882965223 0.0007898600306361914 0
1731882981498 0.0007912488654255867 0
1731882997647 0.0007471030112355947 0
1731883014270 0.0007089035934768617 0
1731883030410 0.0007324669859372079 0
1731883046887 0.0007481155917048454 0
1731883063039 0.0006753494963049889 0
1731883079282 0.0007220669649541378 0
1731883095444 0.0006705783307552338 0
1731883111686 0.0006848943885415792 0
1731883127790 0.0007513272576034069 0
1731883144083 0.0007307779742404819 0
1731883160206 0.0007463227957487106 0
1731883176421 0.0006569311372004449 0
1731883192541 0.000640272512100637 0
1731883208789 0.0006558333407156169 0
1731883224932 0.0007521266816183925 0
1731883241172 0.000694924674462527 0
1731883257640 0.0006245695985853672 0
1731883273876 0.0006941657047718763 0
1731883290016 0.0006763329729437828 0
1731883306236 0.0007967286510393023 0
1731883322374 0.0007072269800119102 0
1731883338612 0.0006871439982205629 0
1731883354725 0.0006832643412053585 0
1731883370988 0.0006518144509755075 0
1731883387110 0.0006799935363233089 0
1731883403322 0.0006937391008250415 0
1731883419464 0.0006892813253216445 0
1731883435696 0.0006765321595594287 0
1731883451857 0.000683885533362627 0
1731883468086 0.000640026293694973 0
1731883484213 0.0006392797222360969 0
