1731973223234 0.4242926836013794 0
1731973243232 0.33646103739738464 0
1731973262889 0.349385529756546 0
1731973282672 0.32678914070129395 0
1731973302371 0.3272556960582733 0
1731973322221 0.31418925523757935 0
1731973341941 0.30665984749794006 0
1731973361789 0.32150036096572876 0
1731973381545 0.29795563220977783 0
1731973401387 0.31320106983184814 0
1731973421111 0.32418909668922424 0
1731973440971 0.30961114168167114 0
1731973460729 0.3026300072669983 0
1731973480587 0.3148137331008911 0
1731973500609 0.31090500950813293 0
1731973518078 0.3018670976161957 0
1731973535563 0.3115096688270569 0
1731973553015 0.3087472915649414 0
1731973570471 0.29621249437332153 0
1731973587914 0.30257585644721985 0
1731973605363 0.30756106972694397 0
1731973622842 0.29090216755867004 0
1731973639452 0.30548083782196045 0
1731973655648 0.29908180236816406 0
1731973671938 0.29582369327545166 0
1731973688248 0.2952263057231903 0
1731973704567 0.3046957850456238 0
1731973720773 0.3131891191005707 0
1731973737065 0.2944258153438568 0
1731973753839 0.30123621225357056 0
1731973769427 0.3043534457683563 0
1731973785017 0.30170968174934387 0
1731973800601 0.29136383533477783 0
1731973816187 0.3035222887992859 0
1731973831788 0.29157668352127075 0
1731973847354 0.30757808685302734 0
1731973862945 0.31055787205696106 0
1731973878100 0.30172261595726013 0
1731973893256 0.30474695563316345 0
1731973908298 0.2897624969482422 0
1731973923468 0.29212436079978943 0
1731973938505 0.2967788577079773 0
1731973953661 0.29500100016593933 0
1731973968725 0.2947179973125458 0
1731973984550 0.28267356753349304 0
1731973999607 0.29150936007499695 0
1731974014763 0.30638715624809265 0
1731974029813 0.29041722416877747 0
1731974044968 0.29539141058921814 0
1731974060021 0.2923336327075958 0
1731974075174 0.2918199896812439 0
1731974090221 0.284911572933197 0
1731974105385 0.29500940442085266 0
1731974120449 0.3018083870410919 0
1731974135623 0.29488182067871094 0
1731974150673 0.28711217641830444 0
1731974165839 0.2971211373806 0
1731974180884 0.28869450092315674 0
1731974196043 0.29185962677001953 0
1731974211772 0.29854705929756165 0
1731974226922 0.2910325229167938 0
1731974241968 0.2940177023410797 0
1731974257127 0.29537150263786316 0
1731974272164 0.2948209345340729 0
1731974287301 0.30011242628097534 0
1731974302317 0.2851772904396057 0
1731974317450 0.2915460467338562 0
1731974332454 0.2937985360622406 0
1731974347600 0.2861894369125366 0
1731974362617 0.281723290681839 0
1731974377758 0.28875109553337097 0
1731974392781 0.29228273034095764 0
1731974407897 0.2940511703491211 0
1731974422937 0.2989101707935333 0
1731974438743 0.2888990342617035 0
1731974453755 0.28655967116355896 0
1731974468888 0.2908177971839905 0
1731974483919 0.29379481077194214 0
1731974499034 0.28849416971206665 0
1731974514047 0.29044514894485474 0
1731974529187 0.28506308794021606 0
1731974544202 0.2863883972167969 0
1731974559323 0.28426843881607056 0
1731974574365 0.28893834352493286 0
1731974589488 0.2845500707626343 0
1731974604508 0.2912738025188446 0
1731974619634 0.2911430895328522 0
1731974634650 0.2898690104484558 0
1731974650561 0.2905197739601135 0
1731974665586 0.29615309834480286 0
1731974680728 0.28683334589004517 0
1731974695752 0.2948293387889862 0
1731974710863 0.2978443503379822 0
1731974725869 0.2969951033592224 0
1731974741008 0.29357999563217163 0
1731974756034 0.2851652204990387 0
1731974771155 0.28848570585250854 0
1731974786168 0.2922740876674652 0
1731974801297 0.28775665163993835 0
1731974816305 0.28941377997398376 0
1731974831417 0.2963624596595764 0
1731974846402 0.28505852818489075 0
1731974861508 0.2885843515396118 0
1731974877100 0.2908206284046173 0
1731974892227 0.2884275019168854 0
1731974907236 0.2943924069404602 0
1731974922353 0.2882465124130249 0
1731974937359 0.2977951765060425 0
1731974952479 0.2901245653629303 0
1731974967463 0.2870975732803345 0
1731974982574 0.28945809602737427 0
1731974997594 0.288200706243515 0
1731975012702 0.2889610826969147 0
1731975027713 0.29297611117362976 0
1731975042826 0.2925533056259155 0
1731975057819 0.28502652049064636 0
1731975072929 0.28513237833976746 0
1731975087933 0.2928588390350342 0
1731975103765 0.2867249548435211 0
1731975118763 0.2856726050376892 0
1731975133896 0.29147985577583313 0
1731975148915 0.292025089263916 0
1731975164026 0.2874254286289215 0
1731975179040 0.2887498736381531 0
1731975194174 0.2963069677352905 0
1731975209173 0.28317952156066895 0
1731975224289 0.2929784655570984 0
1731975239286 0.2923741936683655 0
1731975254413 0.29095274209976196 0
1731975269414 0.28706708550453186 0
1731975284526 0.2891288995742798 0
1731975299544 0.2894864082336426 0
1731975314688 0.2870786190032959 0
1731975330620 0.29306545853614807 0
1731975345705 0.2844928801059723 0
1731975360724 0.28958094120025635 0
1731975375831 0.28782036900520325 0
1731975390828 0.2862834334373474 0
1731975405945 0.2951696515083313 0
1731975420947 0.2836810350418091 0
1731975436042 0.29148274660110474 0
1731975451029 0.2874361276626587 0
1731975466142 0.29175689816474915 0
1731975481153 0.2869918942451477 0
1731975496261 0.29020005464553833 0
1731975511281 0.289344847202301 0
1731975526380 0.2853938341140747 0
1731975541409 0.28883472084999084 0
1731975557320 0.2898564040660858 0
1731975572332 0.28966906666755676 0
1731975587434 0.2861193120479584 0
1731975602440 0.28852349519729614 0
1731975617546 0.28633198142051697 0
1731975632549 0.2889440655708313 0
1731975647653 0.28868183493614197 0
1731975662650 0.28876185417175293 0
1731975677768 0.2888832688331604 0
1731975692782 0.2899637818336487 0
1731975707887 0.28836870193481445 0
1731975722892 0.289741188287735 0
1731975738000 0.2863995432853699 0
1731975752997 0.29048600792884827 0
1731975768633 0.2859981060028076 0
1731975783656 0.2865661680698395 0
1731975798743 0.2863348722457886 0
1731975813736 0.28809863328933716 0
1731975828827 0.2878221273422241 0
1731975843834 0.28286582231521606 0
1731975858937 0.2855730354785919 0
1731975873957 0.28520676493644714 0
1731975889050 0.2840055227279663 0
1731975904073 0.2880162298679352 0
1731975919164 0.2813494801521301 0
1731975934177 0.28464382886886597 0
1731975949275 0.2875014841556549 0
1731975964288 0.2821962237358093 0
1731975979391 0.2863445580005646 0
1731975995072 0.2848691940307617 0
1731976010160 0.2866985499858856 0
1731976025181 0.2798955738544464 0
1731976040291 0.2829087972640991 0
1731976055296 0.2850359082221985 0
1731976070401 0.2842482030391693 0
1731976085404 0.2864874303340912 0
1731976100507 0.2881580591201782 0
1731976115531 0.286029577255249 0
1731976130621 0.28595277667045593 0
1731976145632 0.28714749217033386 0
1731976160727 0.28556686639785767 0
1731976175741 0.2857484221458435 0
1731976190848 0.2842426896095276 0
1731976205849 0.28557249903678894 0
1731976221677 0.28492239117622375 0
1731976236694 0.2883591651916504 0
1731976251798 0.28697511553764343 0
1731976266803 0.2828262746334076 0
1731976281911 0.2860979735851288 0
1731976296906 0.28570201992988586 0
1731976312006 0.28282785415649414 0
1731976327012 0.28286778926849365 0
1731976342135 0.28222501277923584 0
1731976357115 0.28520438075065613 0
1731976372227 0.28477638959884644 0
1731976387237 0.2868283689022064 0
1731976402345 0.2853102385997772 0
1731976417339 0.28557559847831726 0
1731976432438 0.2849324941635132 0
1731976448139 0.2849329710006714 0
1731976463255 0.28458064794540405 0
1731976478276 0.28435346484184265 0
1731976493356 0.28742390871047974 0
1731976508341 0.28662681579589844 0
1731976523477 0.2843609154224396 0
1731976538501 0.2855919897556305 0
1731976553595 0.2869541347026825 0
1731976568613 0.28378498554229736 0
1731976583740 0.2860214114189148 0
1731976598741 0.28399458527565 0
1731976613856 0.28410854935646057 0
1731976628859 0.2863258123397827 0
1731976643973 0.2823542356491089 0
1731976658960 0.28421398997306824 0
