1731973223234 1.167630910873413 0
1731973243232 0.8100249171257019 0
1731973262889 0.9147001504898071 0
1731973282672 1.013939380645752 0
1731973302371 0.8426627516746521 0
1731973322221 0.8861467838287354 0
1731973341941 0.8956145644187927 0
1731973361789 0.9352747201919556 0
1731973381545 0.9350977540016174 0
1731973401387 1.0476523637771606 0
1731973421111 0.9180230498313904 0
1731973440971 0.9584836959838867 0
1731973460729 0.8886581659317017 0
1731973480587 0.8245230317115784 0
1731973500609 0.9825977683067322 0
1731973518078 0.9101717472076416 0
1731973535563 0.8949166536331177 0
1731973553015 0.8337071537971497 0
1731973570471 0.8160079717636108 0
1731973587914 0.9852006435394287 0
1731973605363 0.9595260620117188 0
1731973622842 0.8417788147926331 0
1731973639452 1.099214792251587 0
1731973655648 0.965269148349762 0
1731973671938 0.9870244860649109 0
1731973688248 0.8399702906608582 0
1731973704567 0.9584090113639832 0
1731973720773 0.9670344591140747 0
1731973737065 0.8989154100418091 0
1731973753839 0.9043076038360596 0
1731973769427 0.9073081016540527 0
1731973785017 1.0211189985275269 0
1731973800601 0.9037674069404602 0
1731973816187 0.9306219816207886 0
1731973831788 0.9710801839828491 0
1731973847354 0.8957425355911255 0
1731973862945 0.8686718940734863 0
1731973878100 0.9669324159622192 0
1731973893256 1.0531729459762573 0
1731973908298 0.9390807151794434 0
1731973923468 0.8727293610572815 0
1731973938505 0.8802427053451538 0
1731973953661 0.7844108939170837 0
1731973968725 0.8802996277809143 0
1731973984550 0.930921196937561 0
1731973999607 0.8893395066261292 0
1731974014763 0.919364333152771 0
1731974029813 0.9230933785438538 0
1731974044968 0.9628562927246094 0
1731974060021 1.0275975465774536 0
1731974075174 0.8474255800247192 0
1731974090221 0.8929318189620972 0
1731974105385 1.048720121383667 0
1731974120449 0.9447502493858337 0
1731974135623 1.0500997304916382 0
1731974150673 0.8930513858795166 0
1731974165839 0.8620960712432861 0
1731974180884 0.9732497334480286 0
1731974196043 0.87220299243927 0
1731974211772 0.7917119860649109 0
1731974226922 0.9869133830070496 0
1731974241968 0.9496118426322937 0
1731974257127 0.9437190890312195 0
1731974272164 0.8780205249786377 0
1731974287301 0.9993399977684021 0
1731974302317 0.8237550258636475 0
1731974317450 0.9457167983055115 0
1731974332454 0.9353784322738647 0
1731974347600 0.9414408802986145 0
1731974362617 1.0042433738708496 0
1731974377758 0.9419398903846741 0
1731974392781 0.9596939086914062 0
1731974407897 0.8714537620544434 0
1731974422937 1.002681851387024 0
1731974438743 0.9104567170143127 0
1731974453755 0.9167176485061646 0
1731974468888 1.0054343938827515 0
1731974483919 0.9805577993392944 0
1731974499034 0.9233236908912659 0
1731974514047 0.9160054922103882 0
1731974529187 0.8579781651496887 0
1731974544202 0.9637647271156311 0
1731974559323 0.8862924575805664 0
1731974574365 0.8946493864059448 0
1731974589488 0.9330052733421326 0
1731974604508 0.8557014465332031 0
1731974619634 0.9322481751441956 0
1731974634650 0.9696333408355713 0
1731974650561 0.9797657132148743 0
1731974665586 0.8987785577774048 0
1731974680728 0.9096134901046753 0
1731974695752 0.9249095916748047 0
1731974710863 0.9182665944099426 0
1731974725869 0.9254579544067383 0
1731974741008 0.8746874332427979 0
1731974756034 0.9790204763412476 0
1731974771155 0.8535987734794617 0
1731974786168 0.8532359600067139 0
1731974801297 0.8421317338943481 0
1731974816305 0.8686413764953613 0
1731974831417 0.8757507801055908 0
1731974846402 0.9546769261360168 0
1731974861508 0.8760840892791748 0
1731974877100 0.9394994974136353 0
1731974892227 0.8901022672653198 0
1731974907236 0.9003585577011108 0
1731974922353 0.8843545317649841 0
1731974937359 0.9253848195075989 0
1731974952479 0.9721799492835999 0
1731974967463 0.8867132663726807 0
1731974982574 0.9037753939628601 0
1731974997594 0.9775348901748657 0
1731975012702 0.9283344149589539 0
1731975027713 0.9564418792724609 0
1731975042826 0.9877972602844238 0
1731975057819 0.8393090963363647 0
1731975072929 0.9887809157371521 0
1731975087933 0.9103460311889648 0
1731975103765 0.9619908928871155 0
1731975118763 0.9201216101646423 0
1731975133896 0.9130384922027588 0
1731975148915 0.9319175481796265 0
1731975164026 0.8866349458694458 0
1731975179040 0.9323074221611023 0
1731975194174 0.9093302488327026 0
1731975209173 0.9192066192626953 0
1731975224289 0.865927517414093 0
1731975239286 0.8350881338119507 0
1731975254413 0.9632132053375244 0
1731975269414 0.9207281470298767 0
1731975284526 0.9517620205879211 0
1731975299544 0.9249069094657898 0
1731975314688 0.963085949420929 0
1731975330620 0.9230504035949707 0
1731975345705 0.9159794449806213 0
1731975360724 0.9275439977645874 0
1731975375831 0.8853679299354553 0
1731975390828 0.9088820219039917 0
1731975405945 0.8836039900779724 0
1731975420947 0.9327805042266846 0
1731975436042 0.9399320483207703 0
1731975451029 0.9105085730552673 0
1731975466142 0.9282355904579163 0
1731975481153 0.8735734224319458 0
1731975496261 0.946535587310791 0
1731975511281 0.9188406467437744 0
1731975526380 0.9455507397651672 0
1731975541409 0.9118381142616272 0
1731975557320 0.8745819926261902 0
1731975572332 0.9042649269104004 0
1731975587434 0.9109083414077759 0
1731975602440 0.9213208556175232 0
1731975617546 0.8934520483016968 0
1731975632549 0.9063544273376465 0
1731975647653 0.9200875759124756 0
1731975662650 0.9191845059394836 0
1731975677768 0.9111560583114624 0
1731975692782 0.9241442680358887 0
1731975707887 0.9482543468475342 0
1731975722892 0.9155857563018799 0
1731975738000 0.9211978316307068 0
1731975752997 0.8876018524169922 0
1731975768633 0.9027073979377747 0
1731975783656 0.9730696678161621 0
1731975798743 0.9211348295211792 0
1731975813736 0.9422633647918701 0
1731975828827 0.9432824850082397 0
1731975843834 0.9469665884971619 0
1731975858937 0.9374793767929077 0
1731975873957 0.9274163842201233 0
1731975889050 0.9207050800323486 0
1731975904073 0.9253872632980347 0
1731975919164 0.9122660756111145 0
1731975934177 0.9477127194404602 0
1731975949275 0.9328675866127014 0
1731975964288 0.9222418665885925 0
1731975979391 0.9203625917434692 0
1731975995072 0.9575204253196716 0
1731976010160 0.949395477771759 0
1731976025181 0.8920839428901672 0
1731976040291 0.9264672994613647 0
1731976055296 0.9493332505226135 0
1731976070401 0.9356459975242615 0
1731976085404 0.9140711426734924 0
1731976100507 0.9180481433868408 0
1731976115531 0.8992306590080261 0
1731976130621 0.9177989363670349 0
1731976145632 0.9145472049713135 0
1731976160727 0.9216310977935791 0
1731976175741 0.8891111016273499 0
1731976190848 0.9307733178138733 0
1731976205849 0.9022935628890991 0
1731976221677 0.9013413786888123 0
1731976236694 0.9361308217048645 0
1731976251798 0.914386510848999 0
1731976266803 0.9302207231521606 0
1731976281911 0.92626953125 0
1731976296906 0.9180763959884644 0
1731976312006 0.9320710301399231 0
1731976327012 0.9028550982475281 0
1731976342135 0.9145148992538452 0
1731976357115 0.9259282350540161 0
1731976372227 0.868086576461792 0
1731976387237 0.8998463153839111 0
1731976402345 0.9080169200897217 0
1731976417339 0.9001237750053406 0
1731976432438 0.9222476482391357 0
1731976448139 0.9421974420547485 0
1731976463255 0.9447670578956604 0
1731976478276 0.936279296875 0
1731976493356 0.9240553975105286 0
1731976508341 0.9202016592025757 0
1731976523477 0.9008599519729614 0
1731976538501 0.9311463832855225 0
1731976553595 0.9328585267066956 0
1731976568613 0.9226958751678467 0
1731976583740 0.9234687685966492 0
1731976598741 0.9398120045661926 0
1731976613856 0.9252166152000427 0
1731976628859 0.9250675439834595 0
1731976643973 0.9120855927467346 0
1731976658960 0.9368266463279724 0
