1731973223234 0.016297930851578712 0
1731973243232 0.014357855543494225 0
1731973262889 0.013402883894741535 0
1731973282672 0.012972235679626465 0
1731973302371 0.013093242421746254 0
1731973322221 0.013675049878656864 0
1731973341941 0.013952790759503841 0
1731973361789 0.013394332490861416 0
1731973381545 0.013849715702235699 0
1731973401387 0.013789640739560127 0
1731973421111 0.014080236665904522 0
1731973440971 0.014194629155099392 0
1731973460729 0.014230401255190372 0
1731973480587 0.01410710159689188 0
1731973500609 0.013948867097496986 0
1731973518078 0.013893352821469307 0
1731973535563 0.014083483256399632 0
1731973553015 0.01405766885727644 0
1731973570471 0.014633464626967907 0
1731973587914 0.014504220336675644 0
1731973605363 0.013954847119748592 0
1731973622842 0.014093013480305672 0
1731973639452 0.014175751246511936 0
1731973655648 0.014123302884399891 0
1731973671938 0.014352011494338512 0
1731973688248 0.014423251152038574 0
1731973704567 0.014637432992458344 0
1731973720773 0.014370127581059933 0
1731973737065 0.0141583401709795 0
1731973753839 0.01458572968840599 0
1731973769427 0.014270303770899773 0
1731973785017 0.014450576156377792 0
1731973800601 0.014448100700974464 0
1731973816187 0.01444598101079464 0
1731973831788 0.01486961916089058 0
1731973847354 0.01461481861770153 0
1731973862945 0.014732304029166698 0
1731973878100 0.014695880934596062 0
1731973893256 0.0147889768704772 0
1731973908298 0.014850115403532982 0
1731973923468 0.014432204887270927 0
1731973938505 0.015087266452610493 0
1731973953661 0.01455006841570139 0
1731973968725 0.015015611425042152 0
1731973984550 0.014871773310005665 0
1731973999607 0.01466662622988224 0
1731974014763 0.014863196760416031 0
1731974029813 0.014792133122682571 0
1731974044968 0.014943504706025124 0
1731974060021 0.014848483726382256 0
1731974075174 0.014627792872488499 0
1731974090221 0.014695696532726288 0
1731974105385 0.014712939038872719 0
1731974120449 0.01488400623202324 0
1731974135623 0.015035245567560196 0
1731974150673 0.015000898391008377 0
1731974165839 0.014629359357059002 0
1731974180884 0.014569569379091263 0
1731974196043 0.014695555903017521 0
1731974211772 0.014833619818091393 0
1731974226922 0.014733800664544106 0
1731974241968 0.014720786362886429 0
1731974257127 0.014356309548020363 0
1731974272164 0.014820307493209839 0
1731974287301 0.014633439481258392 0
1731974302317 0.014544549398124218 0
1731974317450 0.014907815493643284 0
1731974332454 0.014903493225574493 0
1731974347600 0.014471771195530891 0
1731974362617 0.014847802929580212 0
1731974377758 0.015258869156241417 0
1731974392781 0.015011087991297245 0
1731974407897 0.014794365502893925 0
1731974422937 0.014860996045172215 0
1731974438743 0.014483874663710594 0
1731974453755 0.014480995945632458 0
1731974468888 0.014856035821139812 0
1731974483919 0.014863593503832817 0
1731974499034 0.014847423881292343 0
1731974514047 0.014665280468761921 0
1731974529187 0.014879846945405006 0
1731974544202 0.014920035377144814 0
1731974559323 0.014883436262607574 0
1731974574365 0.014794280752539635 0
1731974589488 0.01483218651264906 0
1731974604508 0.014958871528506279 0
1731974619634 0.014966921880841255 0
1731974634650 0.015042740851640701 0
1731974650561 0.014798641204833984 0
1731974665586 0.01481468416750431 0
1731974680728 0.014568080194294453 0
1731974695752 0.014975224621593952 0
1731974710863 0.01459894236177206 0
1731974725869 0.014743824489414692 0
1731974741008 0.014814670197665691 0
1731974756034 0.014901061542332172 0
1731974771155 0.01474203821271658 0
1731974786168 0.014619402587413788 0
1731974801297 0.014856875874102116 0
1731974816305 0.01488921046257019 0
1731974831417 0.014873526990413666 0
1731974846402 0.014922363683581352 0
1731974861508 0.014868940226733685 0
1731974877100 0.014844159595668316 0
1731974892227 0.01490853726863861 0
1731974907236 0.01492841076105833 0
1731974922353 0.014893293380737305 0
1731974937359 0.015032975934445858 0
1731974952479 0.015012403018772602 0
1731974967463 0.014966780319809914 0
1731974982574 0.015052566304802895 0
1731974997594 0.015038085170090199 0
1731975012702 0.014779032208025455 0
1731975027713 0.014974182471632957 0
1731975042826 0.015028652735054493 0
1731975057819 0.014909068122506142 0
1731975072929 0.014827919192612171 0
1731975087933 0.015159854665398598 0
1731975103765 0.01490285899490118 0
1731975118763 0.01490059308707714 0
1731975133896 0.015077179297804832 0
1731975148915 0.014913754537701607 0
1731975164026 0.015043756924569607 0
1731975179040 0.01477641612291336 0
1731975194174 0.015057665295898914 0
1731975209173 0.01514474954456091 0
1731975224289 0.01496384758502245 0
1731975239286 0.014948299154639244 0
1731975254413 0.015228726901113987 0
1731975269414 0.015036829747259617 0
1731975284526 0.014957581646740437 0
1731975299544 0.014923594892024994 0
1731975314688 0.014970031566917896 0
1731975330620 0.015036280266940594 0
1731975345705 0.01507884543389082 0
1731975360724 0.014959962107241154 0
1731975375831 0.014944631606340408 0
1731975390828 0.014845797792077065 0
1731975405945 0.014763077720999718 0
1731975420947 0.01499638520181179 0
1731975436042 0.01488197036087513 0
1731975451029 0.015016278252005577 0
1731975466142 0.015044400468468666 0
1731975481153 0.01502288319170475 0
1731975496261 0.014986356720328331 0
1731975511281 0.015004812739789486 0
1731975526380 0.014970635995268822 0
1731975541409 0.014898275956511497 0
1731975557320 0.014852742664515972 0
1731975572332 0.015003065578639507 0
1731975587434 0.014779660850763321 0
1731975602440 0.014986066147685051 0
1731975617546 0.015154086984694004 0
1731975632549 0.015096545219421387 0
1731975647653 0.014898679219186306 0
1731975662650 0.015033663250505924 0
1731975677768 0.014989365823566914 0
1731975692782 0.01491257268935442 0
1731975707887 0.014958453364670277 0
1731975722892 0.015117177739739418 0
1731975738000 0.01510692946612835 0
1731975752997 0.014971254393458366 0
1731975768633 0.014942890964448452 0
1731975783656 0.0149075360968709 0
1731975798743 0.015170453116297722 0
1731975813736 0.01506880670785904 0
1731975828827 0.014962018467485905 0
1731975843834 0.01503443531692028 0
1731975858937 0.0150383859872818 0
1731975873957 0.014935454353690147 0
1731975889050 0.014960408210754395 0
1731975904073 0.014961279928684235 0
1731975919164 0.015007706359028816 0
1731975934177 0.015060990117490292 0
1731975949275 0.015085048973560333 0
1731975964288 0.014999127946794033 0
1731975979391 0.014939026907086372 0
1731975995072 0.015056109987199306 0
1731976010160 0.01501389592885971 0
1731976025181 0.01490742526948452 0
1731976040291 0.01491234079003334 0
1731976055296 0.014929779805243015 0
1731976070401 0.015084601007401943 0
1731976085404 0.015056195668876171 0
1731976100507 0.015011969953775406 0
1731976115531 0.015020710416138172 0
1731976130621 0.015038114972412586 0
1731976145632 0.01515741366893053 0
1731976160727 0.014985283836722374 0
1731976175741 0.015007643029093742 0
1731976190848 0.014921678230166435 0
1731976205849 0.015110703185200691 0
1731976221677 0.01501318160444498 0
1731976236694 0.015050641261041164 0
1731976251798 0.01502707228064537 0
1731976266803 0.014914816245436668 0
1731976281911 0.015015131793916225 0
1731976296906 0.014999771490693092 0
1731976312006 0.015166651457548141 0
1731976327012 0.014987559989094734 0
1731976342135 0.01502846647053957 0
1731976357115 0.014926238916814327 0
1731976372227 0.01497699785977602 0
1731976387237 0.015019986778497696 0
1731976402345 0.015045471489429474 0
1731976417339 0.014914733357727528 0
1731976432438 0.014977522194385529 0
1731976448139 0.015003292821347713 0
1731976463255 0.014945561066269875 0
1731976478276 0.014996756799519062 0
1731976493356 0.015017214231193066 0
1731976508341 0.014992746524512768 0
1731976523477 0.015025570057332516 0
1731976538501 0.014933978207409382 0
1731976553595 0.014972131699323654 0
1731976568613 0.015009259805083275 0
1731976583740 0.014993241056799889 0
1731976598741 0.014952579513192177 0
1731976613856 0.014995076693594456 0
1731976628859 0.01497623696923256 0
1731976643973 0.014952026307582855 0
1731976658960 0.015080371871590614 0
