1731973223234 0.2546537518501282 0
1731973243232 0.1825380027294159 0
1731973262889 0.1224423423409462 0
1731973282672 0.09916779398918152 0
1731973302371 0.08480074256658554 0
1731973322221 0.07480986416339874 0
1731973341941 0.07001301646232605 0
1731973361789 0.06461226940155029 0
1731973381545 0.060648009181022644 0
1731973401387 0.05864505469799042 0
1731973421111 0.05658689886331558 0
1731973440971 0.053614214062690735 0
1731973460729 0.05194126442074776 0
1731973480587 0.05276864767074585 0
1731973500609 0.052341826260089874 0
1731973518078 0.049440816044807434 0
1731973535563 0.050078991800546646 0
1731973553015 0.04776884615421295 0
1731973570471 0.046372849494218826 0
1731973587914 0.04709810018539429 0
1731973605363 0.049331631511449814 0
1731973622842 0.04726613312959671 0
1731973639452 0.0459238737821579 0
1731973655648 0.04503116011619568 0
1731973671938 0.046071719378232956 0
1731973688248 0.04389951378107071 0
1731973704567 0.04567667096853256 0
1731973720773 0.04314520210027695 0
1731973737065 0.04296189174056053 0
1731973753839 0.0419185608625412 0
1731973769427 0.04124554246664047 0
1731973785017 0.043421391397714615 0
1731973800601 0.041257087141275406 0
1731973816187 0.0420914925634861 0
1731973831788 0.03959231823682785 0
1731973847354 0.04051912575960159 0
1731973862945 0.04086963087320328 0
1731973878100 0.039952486753463745 0
1731973893256 0.03976002335548401 0
1731973908298 0.03914286941289902 0
1731973923468 0.041505858302116394 0
1731973938505 0.03929905593395233 0
1731973953661 0.03947926685214043 0
1731973968725 0.03965400531888008 0
1731973984550 0.03874535486102104 0
1731973999607 0.03864121064543724 0
1731974014763 0.03878279775381088 0
1731974029813 0.04013644903898239 0
1731974044968 0.03830491751432419 0
1731974060021 0.037606362253427505 0
1731974075174 0.03930099308490753 0
1731974090221 0.039336711168289185 0
1731974105385 0.036800581961870193 0
1731974120449 0.03620443493127823 0
1731974135623 0.0369877964258194 0
1731974150673 0.03770698606967926 0
1731974165839 0.037454504519701004 0
1731974180884 0.03785465657711029 0
1731974196043 0.037487879395484924 0
1731974211772 0.036351751536130905 0
1731974226922 0.03537425026297569 0
1731974241968 0.036071501672267914 0
1731974257127 0.035663001239299774 0
1731974272164 0.03585416451096535 0
1731974287301 0.03451529145240784 0
1731974302317 0.03443728759884834 0
1731974317450 0.03598751127719879 0
1731974332454 0.03657950460910797 0
1731974347600 0.03488444164395332 0
1731974362617 0.03586742654442787 0
1731974377758 0.033970385789871216 0
1731974392781 0.034720055758953094 0
1731974407897 0.03308216854929924 0
1731974422937 0.03419182822108269 0
1731974438743 0.03443644195795059 0
1731974453755 0.03448766842484474 0
1731974468888 0.03424111008644104 0
1731974483919 0.03328961879014969 0
1731974499034 0.0320809930562973 0
1731974514047 0.03283063322305679 0
1731974529187 0.033811599016189575 0
1731974544202 0.03216837719082832 0
1731974559323 0.0326547771692276 0
1731974574365 0.03153342753648758 0
1731974589488 0.03247692435979843 0
1731974604508 0.032140038907527924 0
1731974619634 0.03236943855881691 0
1731974634650 0.03265839070081711 0
1731974650561 0.03217391297221184 0
1731974665586 0.03156910464167595 0
1731974680728 0.03291219472885132 0
1731974695752 0.03208495303988457 0
1731974710863 0.029782872647047043 0
1731974725869 0.02998333051800728 0
1731974741008 0.031162884086370468 0
1731974756034 0.029028430581092834 0
1731974771155 0.030758382752537727 0
1731974786168 0.03012920171022415 0
1731974801297 0.031170472502708435 0
1731974816305 0.03034808486700058 0
1731974831417 0.029220910742878914 0
1731974846402 0.02974274940788746 0
1731974861508 0.030980361625552177 0
1731974877100 0.02902977541089058 0
1731974892227 0.028767481446266174 0
1731974907236 0.028645291924476624 0
1731974922353 0.02875533327460289 0
1731974937359 0.028540432453155518 0
1731974952479 0.029488317668437958 0
1731974967463 0.028364457190036774 0
1731974982574 0.029319465160369873 0
1731974997594 0.029131276533007622 0
1731975012702 0.030042080208659172 0
1731975027713 0.02758028358221054 0
1731975042826 0.02816343493759632 0
1731975057819 0.02863764762878418 0
1731975072929 0.02854263409972191 0
1731975087933 0.027871329337358475 0
1731975103765 0.029442282393574715 0
1731975118763 0.028534451499581337 0
1731975133896 0.028003837913274765 0
1731975148915 0.026332303881645203 0
1731975164026 0.025860927999019623 0
1731975179040 0.02681465446949005 0
1731975194174 0.026732001453638077 0
1731975209173 0.027835212647914886 0
1731975224289 0.027367886155843735 0
1731975239286 0.030458342283964157 0
1731975254413 0.030724285170435905 0
1731975269414 0.02868923544883728 0
1731975284526 0.028738562017679214 0
1731975299544 0.028007274493575096 0
1731975314688 0.027626391500234604 0
1731975330620 0.026369204744696617 0
1731975345705 0.027471642941236496 0
1731975360724 0.027044042944908142 0
1731975375831 0.027348127216100693 0
1731975390828 0.02687666565179825 0
1731975405945 0.028053298592567444 0
1731975420947 0.026946481317281723 0
1731975436042 0.027006693184375763 0
1731975451029 0.027561044320464134 0
1731975466142 0.02663879655301571 0
1731975481153 0.026240220293402672 0
1731975496261 0.026769425719976425 0
1731975511281 0.02677827700972557 0
1731975526380 0.025948554277420044 0
1731975541409 0.026072265580296516 0
1731975557320 0.024761222302913666 0
1731975572332 0.025653518736362457 0
1731975587434 0.025261441245675087 0
1731975602440 0.02568162977695465 0
1731975617546 0.02541557513177395 0
1731975632549 0.026414945721626282 0
1731975647653 0.025293096899986267 0
1731975662650 0.02489994838833809 0
1731975677768 0.02461768314242363 0
1731975692782 0.025097493082284927 0
1731975707887 0.025680847465991974 0
1731975722892 0.02506866306066513 0
1731975738000 0.025755416601896286 0
1731975752997 0.024674151092767715 0
1731975768633 0.02542361617088318 0
1731975783656 0.024299263954162598 0
1731975798743 0.024617552757263184 0
1731975813736 0.024724861606955528 0
1731975828827 0.02516189217567444 0
1731975843834 0.024442100897431374 0
1731975858937 0.02358205057680607 0
1731975873957 0.0237595047801733 0
1731975889050 0.024383094161748886 0
1731975904073 0.024351682513952255 0
1731975919164 0.02396761253476143 0
1731975934177 0.022808706387877464 0
1731975949275 0.024119902402162552 0
1731975964288 0.02397276647388935 0
1731975979391 0.023504607379436493 0
1731975995072 0.023891959339380264 0
1731976010160 0.02346637099981308 0
1731976025181 0.02322562411427498 0
1731976040291 0.023629210889339447 0
1731976055296 0.023603515699505806 0
1731976070401 0.023256763815879822 0
1731976085404 0.023658044636249542 0
1731976100507 0.023511111736297607 0
1731976115531 0.0232708640396595 0
1731976130621 0.024098873138427734 0
1731976145632 0.023552630096673965 0
1731976160727 0.02338925376534462 0
1731976175741 0.022546835243701935 0
1731976190848 0.023045379668474197 0
1731976205849 0.022653307765722275 0
1731976221677 0.022787461057305336 0
1731976236694 0.02265048772096634 0
1731976251798 0.023212458938360214 0
1731976266803 0.023534713312983513 0
1731976281911 0.023142347112298012 0
1731976296906 0.022211533039808273 0
1731976312006 0.022106584161520004 0
1731976327012 0.022498998790979385 0
1731976342135 0.02297397516667843 0
1731976357115 0.02376747876405716 0
1731976372227 0.021638263016939163 0
1731976387237 0.022151349112391472 0
1731976402345 0.022210735827684402 0
1731976417339 0.023069780319929123 0
1731976432438 0.022261954843997955 0
1731976448139 0.022630475461483 0
1731976463255 0.02162608876824379 0
1731976478276 0.021933631971478462 0
1731976493356 0.02167493849992752 0
1731976508341 0.021884895861148834 0
1731976523477 0.022344239056110382 0
1731976538501 0.022950531914830208 0
1731976553595 0.021811384707689285 0
1731976568613 0.022403955459594727 0
1731976583740 0.021270733326673508 0
1731976598741 0.02081822231411934 0
1731976613856 0.021337728947401047 0
1731976628859 0.021141372621059418 0
1731976643973 0.02187960594892502 0
1731976658960 0.024012083187699318 0
