1731973223236 0.0005093075451441109 0
1731973243243 0.00036507603363133967 0
1731973262892 0.00024488469352945685 0
1731973282682 0.00019833559053950012 0
1731973302377 0.00016960149514488876 0
1731973322224 0.00014961973647587 0
1731973341944 0.00014002603711560369 0
1731973361791 0.00012922454334329814 0
1731973381548 0.00012129602691857144 0
1731973401389 0.0001172901174868457 0
1731973421113 0.00011317380267428234 0
1731973440974 0.00010722843580879271 0
1731973460732 0.00010388253576820716 0
1731973480589 0.00010553729953244328 0
1731973500612 0.00010468365508131683 0
1731973518080 9.888163913274184e-05 0
1731973535565 0.0001001579876174219 0
1731973553017 9.55376963247545e-05 0
1731973570474 9.274570038542151e-05 0
1731973587917 9.419620619155467e-05 0
1731973605365 9.866326581686735e-05 0
1731973622844 9.453226812183857e-05 0
1731973639455 9.18477526283823e-05 0
1731973655651 9.006232721731067e-05 0
1731973671940 9.21434402698651e-05 0
1731973688250 8.77990314620547e-05 0
1731973704570 9.135334403254092e-05 0
1731973720775 8.629040530649945e-05 0
1731973737067 8.592378435423598e-05 0
1731973753841 8.383712702197954e-05 0
1731973769430 8.249108941527084e-05 0
1731973785019 8.684278873261064e-05 0
1731973800603 8.251417602878064e-05 0
1731973816189 8.418298966716975e-05 0
1731973831791 7.918463961686939e-05 0
1731973847356 8.103825530270115e-05 0
1731973862947 8.173926471499726e-05 0
1731973878103 7.990497397258878e-05 0
1731973893258 7.952005398692563e-05 0
1731973908300 7.828574598534033e-05 0
1731973923471 8.301172056235373e-05 0
1731973938507 7.859811739763245e-05 0
1731973953664 7.895853923400864e-05 0
1731973968728 7.93080180301331e-05 0
1731973984552 7.749071664875373e-05 0
1731973999610 7.72824278101325e-05 0
1731974014765 7.756560080451891e-05 0
1731974029815 8.02729045972228e-05 0
1731974044970 7.660983828827739e-05 0
1731974060023 7.521273073507473e-05 0
1731974075176 7.86019882070832e-05 0
1731974090224 7.867342355893925e-05 0
1731974105388 7.360116433119401e-05 0
1731974120451 7.240887498483062e-05 0
1731974135625 7.397559966193512e-05 0
1731974150675 7.541397644672543e-05 0
1731974165842 7.490901043638587e-05 0
1731974180886 7.570931484224275e-05 0
1731974196045 7.497576007153839e-05 0
1731974211774 7.270350761245936e-05 0
1731974226925 7.074850145727396e-05 0
1731974241970 7.214300421765074e-05 0
1731974257129 7.132600876502693e-05 0
1731974272167 7.170833123382181e-05 0
1731974287304 6.903058965690434e-05 0
1731974302319 6.887457857374102e-05 0
1731974317452 7.197502418421209e-05 0
1731974332456 7.31590116629377e-05 0
1731974347603 6.976888835197315e-05 0
1731974362620 7.173485937528312e-05 0
1731974377760 6.79407748975791e-05 0
1731974392783 6.944011693121865e-05 0
1731974407899 6.61643425701186e-05 0
1731974422939 6.838366243755445e-05 0
1731974438745 6.887289055157453e-05 0
1731974453757 6.897534331073985e-05 0
1731974468890 6.848222255939618e-05 0
1731974483922 6.657923950115219e-05 0
1731974499037 6.416199175873771e-05 0
1731974514049 6.566126830875874e-05 0
1731974529189 6.762320117559284e-05 0
1731974544204 6.43367602606304e-05 0
1731974559325 6.530955579364672e-05 0
1731974574367 6.306685827439651e-05 0
1731974589490 6.495384877780452e-05 0
1731974604511 6.428008055081591e-05 0
1731974619636 6.473888061009347e-05 0
1731974634652 6.531678809551522e-05 0
1731974650563 6.434782699216157e-05 0
1731974665589 6.31382135907188e-05 0
1731974680730 6.582439527846873e-05 0
1731974695754 6.416990800062194e-05 0
1731974710865 5.95657475059852e-05 0
1731974725871 5.996666368446313e-05 0
1731974741011 6.232577288756147e-05 0
1731974756036 5.805686305393465e-05 0
1731974771157 6.151676643639803e-05 0
1731974786171 6.025840775691904e-05 0
1731974801299 6.234095053514466e-05 0
1731974816307 6.0696173022734e-05 0
1731974831419 5.844182305736467e-05 0
1731974846404 5.948550096945837e-05 0
1731974861510 6.196072354214266e-05 0
1731974877102 5.8059555158251897e-05 0
1731974892229 5.7534965890226886e-05 0
1731974907238 5.729058830183931e-05 0
1731974922355 5.751066782977432e-05 0
1731974937362 5.7080866099568084e-05 0
1731974952481 5.897663868381642e-05 0
1731974967466 5.672891711583361e-05 0
1731974982576 5.863893238711171e-05 0
1731974997597 5.8262554375687614e-05 0
1731975012704 6.0084163123974577e-05 0
1731975027716 5.5160569900181144e-05 0
1731975042829 5.6326873163925484e-05 0
1731975057821 5.72752978769131e-05 0
1731975072931 5.708527169190347e-05 0
1731975087935 5.574266106123105e-05 0
1731975103767 5.888456871616654e-05 0
1731975118765 5.7068904425250366e-05 0
1731975133898 5.600767690339126e-05 0
1731975148917 5.2664610848296434e-05 0
1731975164028 5.172185774426907e-05 0
1731975179042 5.362931187846698e-05 0
1731975194177 5.346400575945154e-05 0
1731975209175 5.567042899201624e-05 0
1731975224291 5.4735774028813466e-05 0
1731975239288 6.0916689108125865e-05 0
1731975254415 6.14485761616379e-05 0
1731975269416 5.737847459386103e-05 0
1731975284528 5.7477125665172935e-05 0
1731975299546 5.601455268333666e-05 0
1731975314691 5.5252785386983305e-05 0
1731975330622 5.2738410886377096e-05 0
1731975345708 5.4943287977948785e-05 0
1731975360727 5.40880901098717e-05 0
1731975375833 5.4696258303010836e-05 0
1731975390830 5.375333421397954e-05 0
1731975405947 5.6106600823113695e-05 0
1731975420949 5.389296347857453e-05 0
1731975436045 5.401338785304688e-05 0
1731975451031 5.5122090998338535e-05 0
1731975466144 5.327759572537616e-05 0
1731975481155 5.248044180916622e-05 0
1731975496263 5.353885353542864e-05 0
1731975511283 5.355655594030395e-05 0
1731975526382 5.18971100973431e-05 0
1731975541411 5.2144532673992217e-05 0
1731975557322 4.952244853484444e-05 0
1731975572334 5.130704084876925e-05 0
1731975587436 5.052288543083705e-05 0
1731975602443 5.136326217325404e-05 0
1731975617548 5.0831153203034773e-05 0
1731975632551 5.282989513943903e-05 0
1731975647655 5.058619717601687e-05 0
1731975662652 4.979989898856729e-05 0
1731975677770 4.923536835121922e-05 0
1731975692784 5.019498712499626e-05 0
1731975707889 5.1361697842366993e-05 0
1731975722894 5.013732879888266e-05 0
1731975738002 5.151083678356372e-05 0
1731975752999 4.934830576530658e-05 0
1731975768635 5.084723306936212e-05 0
1731975783658 4.8598529247101396e-05 0
1731975798745 4.923510641674511e-05 0
1731975813738 4.944972533849068e-05 0
1731975828830 5.0323786126682535e-05 0
1731975843836 4.888420517090708e-05 0
1731975858939 4.716410330729559e-05 0
1731975873959 4.751901360577904e-05 0
1731975889052 4.8766189138405025e-05 0
1731975904075 4.8703368520364165e-05 0
1731975919166 4.7935227485140786e-05 0
1731975934179 4.561741661746055e-05 0
1731975949277 4.823980634682812e-05 0
1731975964290 4.7945533879101276e-05 0
1731975979393 4.700921635958366e-05 0
1731975995074 4.7783920308575034e-05 0
1731976010162 4.693274604505859e-05 0
1731976025183 4.6451248636003584e-05 0
1731976040293 4.725842518382706e-05 0
1731976055299 4.720703509519808e-05 0
1731976070403 4.6513530833180994e-05 0
1731976085406 4.731609078589827e-05 0
1731976100519 4.702222577179782e-05 0
1731976115534 4.654172880691476e-05 0
1731976130623 4.819774767383933e-05 0
1731976145634 4.710526263806969e-05 0
1731976160730 4.677851029555313e-05 0
1731976175743 4.509367136051878e-05 0
1731976190850 4.6090761316008866e-05 0
1731976205851 4.530661681201309e-05 0
1731976221680 4.557492502499372e-05 0
1731976236696 4.53009779448621e-05 0
1731976251800 4.642492058337666e-05 0
1731976266805 4.7069428546819836e-05 0
1731976281913 4.628469469025731e-05 0
1731976296908 4.442306817509234e-05 0
1731976312008 4.4213171349838376e-05 0
1731976327014 4.4997999793849885e-05 0
1731976342138 4.594795245793648e-05 0
1731976357118 4.753495886689052e-05 0
1731976372229 4.327652641222812e-05 0
1731976387239 4.43027020082809e-05 0
1731976402347 4.442147474037483e-05 0
1731976417341 4.6139561163727194e-05 0
1731976432440 4.452391294762492e-05 0
1731976448141 4.5260952902026474e-05 0
1731976463258 4.3252181058051065e-05 0
1731976478278 4.386726504890248e-05 0
1731976493358 4.334987897891551e-05 0
1731976508343 4.3769792682724074e-05 0
1731976523479 4.468848055694252e-05 0
1731976538503 4.590106618707068e-05 0
1731976553597 4.3622771045193076e-05 0
1731976568615 4.4807911763200536e-05 0
1731976583742 4.2541469156276435e-05 0
1731976598743 4.163644553045742e-05 0
1731976613858 4.267545955372043e-05 0
1731976628861 4.228274701745249e-05 0
1731976643976 4.375921344035305e-05 0
1731976658962 4.8024168791016564e-05 0
