1731973223236 0.0004970566369593143 0
1731973243243 0.00021212620777077973 0
1731973262892 0.00020107737509533763 0
1731973282682 0.00017492212646175176 0
1731973302377 0.0002074623480439186 0
1731973322224 0.00018168962560594082 0
1731973341944 0.00019681219418998808 0
1731973361791 0.0002242191112600267 0
1731973381548 0.00018607274978421628 0
1731973401389 0.0001939493085956201 0
1731973421113 0.0002499890106264502 0
1731973440974 0.00018924821051768959 0
1731973460732 0.00022675376385450363 0
1731973480589 0.00019949482521042228 0
1731973500612 0.00021149369422346354 0
1731973518080 0.0002234444546047598 0
1731973535565 0.000298043160000816 0
1731973553017 0.0002700338955037296 0
1731973570474 0.0002756392350420356 0
1731973587917 0.0002767808618955314 0
1731973605365 0.0002705790684558451 0
1731973622844 0.00030502345180138946 0
1731973639455 0.00024036334070842713 0
1731973655651 0.0002864454872906208 0
1731973671940 0.0003792131319642067 0
1731973688250 0.00026676413835957646 0
1731973704570 0.0003686546115204692 0
1731973720775 0.00031694959034211934 0
1731973737067 0.0003702476969920099 0
1731973753841 0.0002989429631270468 0
1731973769430 0.00035484053660184145 0
1731973785019 0.00036139399162493646 0
1731973800603 0.0003383771108929068 0
1731973816189 0.00038262997986748815 0
1731973831791 0.0003483454929664731 0
1731973847356 0.00034591747680678964 0
1731973862947 0.0003953688428737223 0
1731973878103 0.0004138106887694448 0
1731973893258 0.00042659416794776917 0
1731973908300 0.00040215603075921535 0
1731973923471 0.0003724385460373014 0
1731973938507 0.00043610658030956984 0
1731973953664 0.00037202518433332443 0
1731973968728 0.00038624496664851904 0
1731973984552 0.00037415200495161116 0
1731973999610 0.00044284845353104174 0
1731974014765 0.00039233436109498143 0
1731974029815 0.0003707777359522879 0
1731974044970 0.0004605756839737296 0
1731974060023 0.0004025221278425306 0
1731974075176 0.0004383338091429323 0
1731974090224 0.0004352282849140465 0
1731974105388 0.0004401423502713442 0
1731974120451 0.00041321374010294676 0
1731974135625 0.00046805531019344926 0
1731974150675 0.00043586635729297996 0
1731974165842 0.0004180776886641979 0
1731974180886 0.0004212820203974843 0
1731974196045 0.0004274485690984875 0
1731974211774 0.00044007343240082264 0
1731974226925 0.00040594101301394403 0
1731974241970 0.0004528593271970749 0
1731974257129 0.0004286379262339324 0
1731974272167 0.0004327400238253176 0
1731974287304 0.00037484386120922863 0
1731974302319 0.0004410706751514226 0
1731974317452 0.00042220373870804906 0
1731974332456 0.0004046242975164205 0
1731974347603 0.00041828042594715953 0
1731974362620 0.0004785803030245006 0
1731974377760 0.00039492425275966525 0
1731974392783 0.000456016743555665 0
1731974407899 0.00047048472333699465 0
1731974422939 0.000461426330730319 0
1731974438745 0.0004506222903728485 0
1731974453757 0.0004030534182675183 0
1731974468890 0.00044497085036709905 0
1731974483922 0.00040632730815559626 0
1731974499037 0.0004758882860187441 0
1731974514049 0.0004177805967628956 0
1731974529189 0.00048541693831793964 0
1731974544204 0.00039892643690109253 0
1731974559325 0.00045017461525276303 0
1731974574367 0.0004916631733067334 0
1731974589490 0.0004065232933498919 0
1731974604511 0.0004557375214062631 0
1731974619636 0.00041153698111884296 0
1731974634652 0.0004938422353006899 0
1731974650563 0.0004774280823767185 0
1731974665589 0.00047247239854186773 0
1731974680730 0.0004300877044443041 0
1731974695754 0.0004414399154484272 0
1731974710865 0.0004313770041335374 0
1731974725871 0.0004722439916804433 0
1731974741011 0.0004436905146576464 0
1731974756036 0.0004700216231867671 0
1731974771157 0.0004487390979193151 0
1731974786171 0.0004400429897941649 0
1731974801299 0.0004414395079948008 0
1731974816307 0.00048674875870347023 0
1731974831419 0.00039852302870713174 0
1731974846404 0.0004429272667039186 0
1731974861510 0.000460867362562567 0
1731974877102 0.00046551640843972564 0
1731974892229 0.00043882985482923687 0
1731974907238 0.00045763456728309393 0
1731974922355 0.00045379181392490864 0
1731974937362 0.00042376824421808124 0
1731974952481 0.00046016243868507445 0
1731974967466 0.00048163189785555005 0
1731974982576 0.0004328426148276776 0
1731974997597 0.0005232705152593553 0
1731975012704 0.00048207753570750356 0
1731975027716 0.0006078154547140002 0
1731975042829 0.0005301244673319161 0
1731975057821 0.0005165135953575373 0
1731975072931 0.0004612584598362446 0
1731975087935 0.0004949280992150307 0
1731975103767 0.0004628222668543458 0
1731975118765 0.0004622010746970773 0
1731975133898 0.00045937823597341776 0
1731975148917 0.00045966985635459423 0
1731975164028 0.0004493845044635236 0
1731975179042 0.0004277809930499643 0
1731975194177 0.0004429275286383927 0
1731975209175 0.00046896515414118767 0
1731975224291 0.0005075667868368328 0
1731975239288 0.0005394627223722637 0
1731975254415 0.0005158940330147743 0
1731975269416 0.00044636696111410856 0
1731975284528 0.0005741054774262011 0
1731975299546 0.000501922972034663 0
1731975314691 0.00047377176815643907 0
1731975330622 0.00048060325207188725 0
1731975345708 0.00047800145694054663 0
1731975360727 0.000524385366588831 0
1731975375833 0.0004762403841596097 0
1731975390830 0.0004933910677209496 0
1731975405947 0.0004980323719792068 0
1731975420949 0.0004969864967279136 0
1731975436045 0.0005255957948975265 0
1731975451031 0.0005161416484043002 0
1731975466144 0.0004872812714893371 0
1731975481155 0.0004882928333245218 0
1731975496263 0.0005049386527389288 0
1731975511283 0.0004632303607650101 0
1731975526382 0.00045879255048930645 0
1731975541411 0.00046133570140227675 0
1731975557322 0.00045765022514387965 0
1731975572334 0.0005872694309800863 0
1731975587436 0.0005323178484104574 0
1731975602443 0.0005151223158463836 0
1731975617548 0.0004649310722015798 0
1731975632551 0.00048512843204662204 0
1731975647655 0.0005213117110542953 0
1731975662652 0.0004853786085732281 0
1731975677770 0.000487143755890429 0
1731975692784 0.000473577412776649 0
1731975707889 0.0004889377159997821 0
1731975722894 0.0004653566575143486 0
1731975738002 0.0004783732583746314 0
1731975752999 0.0005055315559729934 0
1731975768635 0.0005882271798327565 0
1731975783658 0.0004906372050754726 0
1731975798745 0.00048474903451278806 0
1731975813738 0.0005728070973418653 0
1731975828830 0.0004926329129375517 0
1731975843836 0.0005385241820476949 0
1731975858939 0.0005790306022390723 0
1731975873959 0.0004868757678195834 0
1731975889052 0.0005244015483185649 0
1731975904075 0.0005892846966162324 0
1731975919166 0.0005322105716913939 0
1731975934179 0.0004471218853723258 0
1731975949277 0.0005226011853665113 0
1731975964290 0.0005138851120136678 0
1731975979393 0.00046658405335620046 0
1731975995074 0.0005008020671084523 0
1731976010162 0.0005074342479929328 0
1731976025183 0.0004816056462004781 0
1731976040293 0.0005022095865570009 0
1731976055299 0.0004854100407101214 0
1731976070403 0.0005243998602963984 0
1731976085406 0.0005519401165656745 0
1731976100519 0.00048305277596227825 0
1731976115534 0.0005302578210830688 0
1731976130623 0.0005198953440412879 0
1731976145634 0.0005519600817933679 0
1731976160730 0.00047162192640826106 0
1731976175743 0.0005100044654682279 0
1731976190850 0.00046543392818421125 0
1731976205851 0.0004826218937523663 0
1731976221680 0.0005515158409252763 0
1731976236696 0.0005549563211388886 0
1731976251800 0.0005264796200208366 0
1731976266805 0.0004985362756997347 0
1731976281913 0.0005370938451960683 0
1731976296908 0.0005180708249099553 0
1731976312008 0.0004813972918782383 0
1731976327014 0.0004997517680749297 0
1731976342138 0.0005297201569192111 0
1731976357118 0.0005285920342430472 0
1731976372229 0.000523904338479042 0
1731976387239 0.0005083553260192275 0
1731976402347 0.0005282586207613349 0
1731976417341 0.0005364641547203064 0
1731976432440 0.0005239545716904104 0
1731976448141 0.000561193679459393 0
1731976463258 0.000556779676117003 0
1731976478278 0.0005116001702845097 0
1731976493358 0.0005389857105910778 0
1731976508343 0.0005286353989504278 0
1731976523479 0.0005587455816566944 0
1731976538503 0.0005419946974143386 0
1731976553597 0.0005260551115497947 0
1731976568615 0.0005489079630933702 0
1731976583742 0.0004895030870102346 0
1731976598743 0.0005524230655282736 0
1731976613858 0.0005517989629879594 0
1731976628861 0.0005595413385890424 0
1731976643976 0.0005373018211685121 0
1731976658962 0.0005648579681292176 0
