1731973223234 19.578025817871094 0
1731973243232 20.46746063232422 0
1731973262889 21.14069366455078 0
1731973282672 21.38142967224121 0
1731973302371 21.416648864746094 0
1731973322221 21.36983871459961 0
1731973341941 21.72975730895996 0
1731973361789 21.24465560913086 0
1731973381545 22.276683807373047 0
1731973401387 21.564678192138672 0
1731973421111 22.007020950317383 0
1731973440971 22.310352325439453 0
1731973460729 22.02892303466797 0
1731973480587 22.511110305786133 0
1731973500609 22.65128517150879 0
1731973518078 22.61040687561035 0
1731973535563 22.27604866027832 0
1731973553015 22.349306106567383 0
1731973570471 22.56375503540039 0
1731973587914 22.882980346679688 0
1731973605363 22.517866134643555 0
1731973622842 22.655628204345703 0
1731973639452 22.8797664642334 0
1731973655648 23.09362030029297 0
1731973671938 22.568485260009766 0
1731973688248 23.091611862182617 0
1731973704567 22.8505916595459 0
1731973720773 22.881425857543945 0
1731973737065 22.971078872680664 0
1731973753839 23.09300422668457 0
1731973769427 22.859893798828125 0
1731973785017 22.71673011779785 0
1731973800601 23.252681732177734 0
1731973816187 23.22780418395996 0
1731973831788 22.393402099609375 0
1731973847354 22.66791534423828 0
1731973862945 23.124706268310547 0
1731973878100 23.44581413269043 0
1731973893256 23.18522071838379 0
1731973908298 23.004894256591797 0
1731973923468 23.027393341064453 0
1731973938505 22.86949348449707 0
1731973953661 23.605501174926758 0
1731973968725 23.479833602905273 0
1731973984550 23.844669342041016 0
1731973999607 23.338903427124023 0
1731974014763 23.110980987548828 0
1731974029813 23.4531307220459 0
1731974044968 23.37883758544922 0
1731974060021 23.544118881225586 0
1731974075174 23.574413299560547 0
1731974090221 23.280244827270508 0
1731974105385 24.1977481842041 0
1731974120449 23.111286163330078 0
1731974135623 23.120988845825195 0
1731974150673 23.687580108642578 0
1731974165839 23.582138061523438 0
1731974180884 23.382888793945312 0
1731974196043 23.36997413635254 0
1731974211772 23.474092483520508 0
1731974226922 23.247888565063477 0
1731974241968 23.923118591308594 0
1731974257127 23.358245849609375 0
1731974272164 23.345443725585938 0
1731974287301 24.017765045166016 0
1731974302317 23.504812240600586 0
1731974317450 23.80238914489746 0
1731974332454 23.735015869140625 0
1731974347600 24.755861282348633 0
1731974362617 23.77495002746582 0
1731974377758 24.426300048828125 0
1731974392781 23.78119659423828 0
1731974407897 23.980892181396484 0
1731974422937 23.65108299255371 0
1731974438743 24.768280029296875 0
1731974453755 23.67643165588379 0
1731974468888 23.799604415893555 0
1731974483919 24.039915084838867 0
1731974499034 24.00922203063965 0
1731974514047 24.76869010925293 0
1731974529187 24.398244857788086 0
1731974544202 24.18254852294922 0
1731974559323 24.463714599609375 0
1731974574365 24.420351028442383 0
1731974589488 23.778356552124023 0
1731974604508 23.845922470092773 0
1731974619634 24.26187515258789 0
1731974634650 24.613130569458008 0
1731974650561 24.580345153808594 0
1731974665586 24.436193466186523 0
1731974680728 24.32569694519043 0
1731974695752 24.514175415039062 0
1731974710863 24.552202224731445 0
1731974725869 24.560951232910156 0
1731974741008 24.275171279907227 0
1731974756034 24.892879486083984 0
1731974771155 24.191875457763672 0
1731974786168 24.409215927124023 0
1731974801297 24.753128051757812 0
1731974816305 24.719728469848633 0
1731974831417 24.923057556152344 0
1731974846402 24.62706756591797 0
1731974861508 24.35268783569336 0
1731974877100 24.435291290283203 0
1731974892227 24.70094108581543 0
1731974907236 25.20286750793457 0
1731974922353 24.73185920715332 0
1731974937359 25.01355743408203 0
1731974952479 24.390243530273438 0
1731974967463 24.44529151916504 0
1731974982574 24.34632110595703 0
1731974997594 24.928470611572266 0
1731975012702 24.592485427856445 0
1731975027713 25.35446548461914 0
1731975042826 24.83462142944336 0
1731975057819 24.479700088500977 0
1731975072929 24.283098220825195 0
1731975087933 24.91282844543457 0
1731975103765 24.894081115722656 0
1731975118763 24.94001579284668 0
1731975133896 25.66619300842285 0
1731975148915 25.03664779663086 0
1731975164026 25.04629898071289 0
1731975179040 25.482492446899414 0
1731975194174 25.056303024291992 0
1731975209173 25.189559936523438 0
1731975224289 25.890501022338867 0
1731975239286 25.155717849731445 0
1731975254413 25.413846969604492 0
1731975269414 25.57515525817871 0
1731975284526 24.090065002441406 0
1731975299544 26.022008895874023 0
1731975314688 25.118946075439453 0
1731975330620 25.399721145629883 0
1731975345705 24.98419189453125 0
1731975360724 25.16624641418457 0
1731975375831 25.173381805419922 0
1731975390828 25.179872512817383 0
1731975405945 25.025474548339844 0
1731975420947 25.063020706176758 0
1731975436042 25.278738021850586 0
1731975451029 24.820995330810547 0
1731975466142 24.686330795288086 0
1731975481153 25.88652992248535 0
1731975496261 25.03523826599121 0
1731975511281 24.35793685913086 0
1731975526380 24.998123168945312 0
1731975541409 24.763566970825195 0
1731975557320 25.75715446472168 0
1731975572332 25.75815200805664 0
1731975587434 25.175434112548828 0
1731975602440 25.475807189941406 0
1731975617546 25.315650939941406 0
1731975632549 24.81818199157715 0
1731975647653 25.55438232421875 0
1731975662650 25.271785736083984 0
1731975677768 25.76875114440918 0
1731975692782 25.93657684326172 0
1731975707887 25.14775848388672 0
1731975722892 24.96749496459961 0
1731975738000 25.60244369506836 0
1731975752997 25.697431564331055 0
1731975768633 25.20034408569336 0
1731975783656 25.686765670776367 0
1731975798743 26.226964950561523 0
1731975813736 25.19831085205078 0
1731975828827 25.673233032226562 0
1731975843834 25.354188919067383 0
1731975858937 25.490732192993164 0
1731975873957 25.573129653930664 0
1731975889050 25.14091682434082 0
1731975904073 25.495677947998047 0
1731975919164 25.380517959594727 0
1731975934177 25.506731033325195 0
1731975949275 25.50342559814453 0
1731975964288 25.782390594482422 0
1731975979391 25.470460891723633 0
1731975995072 25.979372024536133 0
1731976010160 25.51740837097168 0
1731976025181 25.99971580505371 0
1731976040291 25.65599822998047 0
1731976055296 25.937759399414062 0
1731976070401 25.842805862426758 0
1731976085404 25.84505271911621 0
1731976100507 25.594270706176758 0
1731976115531 26.110788345336914 0
1731976130621 25.663272857666016 0
1731976145632 25.91585350036621 0
1731976160727 25.42402458190918 0
1731976175741 25.94144630432129 0
1731976190848 25.586938858032227 0
1731976205849 26.058103561401367 0
1731976221677 25.773271560668945 0
1731976236694 26.136737823486328 0
1731976251798 25.88719940185547 0
1731976266803 25.779539108276367 0
1731976281911 26.145673751831055 0
1731976296906 26.002267837524414 0
1731976312006 25.684816360473633 0
1731976327012 26.046144485473633 0
1731976342135 26.559356689453125 0
1731976357115 26.127267837524414 0
1731976372227 25.83527183532715 0
1731976387237 26.19206428527832 0
1731976402345 26.509521484375 0
1731976417339 26.144495010375977 0
1731976432438 25.93304443359375 0
1731976448139 25.66785430908203 0
1731976463255 26.1879825592041 0
1731976478276 26.41810417175293 0
1731976493356 25.623544692993164 0
1731976508341 25.91812515258789 0
1731976523477 27.038087844848633 0
1731976538501 25.694591522216797 0
1731976553595 26.474475860595703 0
1731976568613 26.50604248046875 0
1731976583740 26.029804229736328 0
1731976598741 26.347028732299805 0
1731976613856 26.97815704345703 0
1731976628859 25.65845489501953 0
1731976643973 26.327312469482422 0
1731976658960 26.00726318359375 0
