1731973223236 0.011020402424037457 0
1731973243243 0.008979536592960358 0
1731973262892 0.007690073922276497 0
1731973282682 0.0072754016146063805 0
1731973302377 0.007216639816761017 0
1731973322224 0.007294845767319202 0
1731973341944 0.006714663468301296 0
1731973361791 0.007508178241550922 0
1731973381548 0.005920132156461477 0
1731973401389 0.006974807940423489 0
1731973421113 0.006299378350377083 0
1731973440974 0.005874413996934891 0
1731973460732 0.0062676905654370785 0
1731973480589 0.0056090448051691055 0
1731973500612 0.0054308949038386345 0
1731973518080 0.005482254549860954 0
1731973535565 0.005921000149101019 0
1731973553017 0.005821960046887398 0
1731973570474 0.005541461519896984 0
1731973587917 0.005148751195520163 0
1731973605365 0.005600327160209417 0
1731973622844 0.005425466224551201 0
1731973639455 0.005152562167495489 0
1731973655651 0.00490498635917902 0
1731973671940 0.0055354293435812 0
1731973688250 0.0049072569236159325 0
1731973704570 0.0051872930489480495 0
1731973720775 0.005150593351572752 0
1731973737067 0.005045357625931501 0
1731973753841 0.004905682988464832 0
1731973769430 0.00517619401216507 0
1731973785019 0.005349668674170971 0
1731973800603 0.004728592466562986 0
1731973816189 0.004755755420774221 0
1731973831791 0.00576314702630043 0
1731973847356 0.005410138517618179 0
1731973862947 0.004870004020631313 0
1731973878103 0.004522914066910744 0
1731973893258 0.004802616313099861 0
1731973908300 0.005006227642297745 0
1731973923471 0.004980357363820076 0
1731973938507 0.005164765287190676 0
1731973953664 0.004359632730484009 0
1731973968728 0.004487624391913414 0
1731973984552 0.004126034677028656 0
1731973999610 0.004635638557374477 0
1731974014765 0.004885418340563774 0
1731974029815 0.0045153009705245495 0
1731974044970 0.004593209829181433 0
1731974060023 0.004421687684953213 0
1731974075176 0.004390953108668327 0
1731974090224 0.004698674660176039 0
1731974105388 0.0038038648199290037 0
1731974120451 0.004885075613856316 0
1731974135625 0.0048741744831204414 0
1731974150675 0.004278011620044708 0
1731974165842 0.0043831467628479 0
1731974180886 0.004588926210999489 0
1731974196045 0.004602592438459396 0
1731974211774 0.004493560642004013 0
1731974226925 0.0047338129952549934 0
1731974241970 0.004052174277603626 0
1731974257129 0.004615039099007845 0
1731974272167 0.004628663416951895 0
1731974287304 0.003964819945394993 0
1731974302319 0.0044618877582252026 0
1731974317452 0.004166399594396353 0
1731974332456 0.004231540020555258 0
1731974347603 0.0033451372291892767 0
1731974362620 0.004192808177322149 0
1731974377760 0.003608858911320567 0
1731974392783 0.004186781123280525 0
1731974407899 0.003998624160885811 0
1731974422939 0.004314113408327103 0
1731974438745 0.0033355848863720894 0
1731974453757 0.004289005883038044 0
1731974468890 0.004169072490185499 0
1731974483922 0.003944649361073971 0
1731974499037 0.003972626756876707 0
1731974514049 0.003335269633680582 0
1731974529189 0.0036322474479675293 0
1731974544204 0.0038172004278749228 0
1731974559325 0.0035779010504484177 0
1731974574367 0.0036138060968369246 0
1731974589490 0.004189520142972469 0
1731974604511 0.00412484398111701 0
1731974619636 0.0037481095641851425 0
1731974634652 0.0034569003619253635 0
1731974650563 0.0034830961376428604 0
1731974665589 0.003600647207349539 0
1731974680730 0.0036934316158294678 0
1731974695754 0.003536572214215994 0
1731974710865 0.0035057393833994865 0
1731974725871 0.003498684149235487 0
1731974741011 0.003736654296517372 0
1731974756036 0.0032412454020231962 0
1731974771157 0.003809011308476329 0
1731974786171 0.0036230820696800947 0
1731974801299 0.003347241785377264 0
1731974816307 0.0033730834256857634 0
1731974831419 0.0032188016921281815 0
1731974846404 0.0034458243753761053 0
1731974861510 0.003670550649985671 0
1731974877102 0.003601395059376955 0
1731974892229 0.0033877063542604446 0
1731974907238 0.003017957089468837 0
1731974922355 0.003363674506545067 0
1731974937362 0.003152419812977314 0
1731974952481 0.0036389462184160948 0
1731974967466 0.0035931128077208996 0
1731974982576 0.0036759336944669485 0
1731974997597 0.003214792814105749 0
1731975012704 0.0034733738284558058 0
1731975027716 0.0029144277796149254 0
1731975042829 0.0032850175630301237 0
1731975057821 0.003564756363630295 0
1731975072931 0.0037298393435776234 0
1731975087935 0.0032263908069580793 0
1731975103767 0.003240349469706416 0
1731975118765 0.003206257475540042 0
1731975133898 0.0027125682681798935 0
1731975148917 0.003135703969746828 0
1731975164028 0.0031287437304854393 0
1731975179042 0.0028297672979533672 0
1731975194177 0.003121544374153018 0
1731975209175 0.003027218859642744 0
1731975224291 0.002576023805886507 0
1731975239288 0.0030509009957313538 0
1731975254415 0.0028748500626534224 0
1731975269416 0.0027700297068804502 0
1731975284528 0.0038993607740849257 0
1731975299546 0.0024991887621581554 0
1731975314691 0.0030768439173698425 0
1731975330622 0.0028842154424637556 0
1731975345708 0.0031738090328872204 0
1731975360727 0.003043514210730791 0
1731975375833 0.003038517665117979 0
1731975390830 0.003033979795873165 0
1731975405947 0.0031437817960977554 0
1731975420949 0.0031167208217084408 0
1731975436045 0.00296569149941206 0
1731975451031 0.0032953410409390926 0
1731975466144 0.003399122040718794 0
1731975481155 0.002578380052000284 0
1731975496263 0.003136721905320883 0
1731975511283 0.003666116390377283 0
1731975526382 0.003163643879815936 0
1731975541411 0.0033392072655260563 0
1731975557322 0.002656344324350357 0
1731975572334 0.002655734308063984 0
1731975587436 0.003037080867215991 0
1731975602443 0.0028341268189251423 0
1731975617548 0.002940592123195529 0
1731975632551 0.0032974767964333296 0
1731975647655 0.002783311065286398 0
1731975662652 0.0029704435728490353 0
1731975677770 0.0026492606848478317 0
1731975692784 0.0025488375686109066 0
1731975707889 0.0030564970802515745 0
1731975722894 0.0031860340386629105 0
1731975738002 0.0027526794001460075 0
1731975752999 0.002693125745281577 0
1731975768635 0.0030197128653526306 0
1731975783658 0.0026997483801096678 0
1731975798745 0.0023839850910007954 0
1731975813738 0.0030211247503757477 0
1731975828830 0.002708174753934145 0
1731975843836 0.002914613811299205 0
1731975858939 0.0028244033455848694 0
1731975873959 0.0027713212184607983 0
1731975889052 0.0030613159760832787 0
1731975904075 0.0028211891185492277 0
1731975919166 0.0028969976119697094 0
1731975934179 0.0028140167705714703 0
1731975949277 0.002816159278154373 0
1731975964290 0.0026409539859741926 0
1731975979393 0.002837617415934801 0
1731975995074 0.0025238452944904566 0
1731976010162 0.0028071068227291107 0
1731976025183 0.002512050326913595 0
1731976040293 0.002718942239880562 0
1731976055299 0.0025481432676315308 0
1731976070403 0.0026044694241136312 0
1731976085406 0.00260312226600945 0
1731976100519 0.0027578638400882483 0
1731976115534 0.0024486188776791096 0
1731976130623 0.0027143917977809906 0
1731976145634 0.0025610283482819796 0
1731976160730 0.002868120325729251 0
1731976175743 0.002545982366427779 0
1731976190850 0.0027625232469290495 0
1731976205851 0.0024785036221146584 0
1731976221680 0.002646505367010832 0
1731976236696 0.00243403110653162 0
1731976251800 0.0025779823772609234 0
1731976266805 0.0026426890399307013 0
1731976281913 0.002429027808830142 0
1731976296908 0.002510574646294117 0
1731976312008 0.0027009607292711735 0
1731976327014 0.002485338132828474 0
1731976342138 0.002208331134170294 0
1731976357118 0.002439343836158514 0
1731976372229 0.0026089916937053204 0
1731976387239 0.0024032206274569035 0
1731976402347 0.0022338181734085083 0
1731976417341 0.002429686486721039 0
1731976432440 0.002550911856815219 0
1731976448141 0.0027115298435091972 0
1731976463258 0.0024054802488535643 0
1731976478278 0.002281337743625045 0
1731976493358 0.0027393358759582043 0
1731976508343 0.002559690037742257 0
1731976523479 0.001977839507162571 0
1731976538503 0.002694888738915324 0
1731976553597 0.002251917263492942 0
1731976568615 0.00223560887388885 0
1731976583742 0.002494706306606531 0
1731976598743 0.0023189792409539223 0
1731976613858 0.00200532260350883 0
1731976628861 0.0027174055576324463 0
1731976643976 0.0023295325227081776 0
1731976658962 0.002507688943296671 0
