1731973223236 0.0007086406694725156 0
1731973243243 0.0004187535960227251 0
1731973262892 0.00040924636414274573 0
1731973282682 0.0005278247990645468 0
1731973302377 0.00044599364628084004 0
1731973322224 0.00039446045411750674 0
1731973341944 0.0004465447855181992 0
1731973361791 0.0003641321090981364 0
1731973381548 0.00041400844929739833 0
1731973401389 0.0003545474319253117 0
1731973421113 0.0005512206116691232 0
1731973440974 0.00042953487718477845 0
1731973460732 0.0005502306157723069 0
1731973480589 0.0003403868468012661 0
1731973500612 0.00032207975164055824 0
1731973518080 0.0003237339551560581 0
1731973535565 0.0002646659850142896 0
1731973553017 0.0004975596675649285 0
1731973570474 0.0003556051815394312 0
1731973587917 0.0006770486943423748 0
1731973605365 0.00038389168912544847 0
1731973622844 0.0003333930508233607 0
1731973639455 0.0003121171612292528 0
1731973655651 0.0003660740330815315 0
1731973671940 0.0003143816429655999 0
1731973688250 0.00033823534613475204 0
1731973704570 0.0003377730608917773 0
1731973720775 0.00032809621188789606 0
1731973737067 0.000339935882948339 0
1731973753841 0.00044777675066143274 0
1731973769430 0.00038159306859597564 0
1731973785019 0.00035341939656063914 0
1731973800603 0.0003440790460444987 0
1731973816189 0.00034376492840237916 0
1731973831791 0.0003399766865186393 0
1731973847356 0.00033741266815923154 0
1731973862947 0.00026823539519682527 0
1731973878103 0.00033545540645718575 0
1731973893258 0.00037431277451105416 0
1731973908300 0.00029903746326453984 0
1731973923471 0.0003284682461526245 0
1731973938507 0.00027329561999067664 0
1731973953664 0.00041773030534386635 0
1731973968728 0.00030107548809610307 0
1731973984552 0.00034024222986772656 0
1731973999610 0.0003669815487228334 0
1731974014765 0.00032428299891762435 0
1731974029815 0.0003232870949432254 0
1731974044970 0.00033322189119644463 0
1731974060023 0.00027217206661589444 0
1731974075176 0.0003483748296275735 0
1731974090224 0.0003218960773665458 0
1731974105388 0.00028703411226160824 0
1731974120451 0.00028355064569041133 0
1731974135625 0.00029032264137640595 0
1731974150675 0.0002777164918370545 0
1731974165842 0.0002807453856803477 0
1731974180886 0.0002817563945427537 0
1731974196045 0.0002623693144414574 0
1731974211774 0.0002930700429715216 0
1731974226925 0.00034659873927012086 0
1731974241970 0.00031719912658445537 0
1731974257129 0.00028104352531954646 0
1731974272167 0.0003320740652270615 0
1731974287304 0.00025842487229965627 0
1731974302319 0.00028412844403646886 0
1731974317452 0.00025481294142082334 0
1731974332456 0.0002743406221270561 0
1731974347603 0.00027909164782613516 0
1731974362620 0.0003443438617978245 0
1731974377760 0.00029060139786452055 0
1731974392783 0.0002893205382861197 0
1731974407899 0.00029961077962070704 0
1731974422939 0.00026905658887699246 0
1731974438745 0.00029805939993821084 0
1731974453757 0.0002539405832067132 0
1731974468890 0.0002739359042607248 0
1731974483922 0.0002712202549446374 0
1731974499037 0.00026644812896847725 0
1731974514049 0.0002817179192788899 0
1731974529189 0.00025971652939915657 0
1731974544204 0.000252475991146639 0
1731974559325 0.0002441427786834538 0
1731974574367 0.00027995480922982097 0
1731974589490 0.0002587632043287158 0
1731974604511 0.0002865684509743005 0
1731974619636 0.00025600058143027127 0
1731974634652 0.0003089014790020883 0
1731974650563 0.0002569147036410868 0
1731974665589 0.0002485104196239263 0
1731974680730 0.0003005006001330912 0
1731974695754 0.0002829466830007732 0
1731974710865 0.00022144053946249187 0
1731974725871 0.00026613197405822575 0
1731974741011 0.00025677477242425084 0
1731974756036 0.00027771282475441694 0
1731974771157 0.0002659736492205411 0
1731974786171 0.0002507067401893437 0
1731974801299 0.0002778474590741098 0
1731974816307 0.00027820729883387685 0
1731974831419 0.00028756679967045784 0
1731974846404 0.00026522757252678275 0
1731974861510 0.00025925718364305794 0
1731974877102 0.00023191008949652314 0
1731974892229 0.0002661026665009558 0
1731974907238 0.0002772407606244087 0
1731974922355 0.00022644788259640336 0
1731974937362 0.00027169770328328013 0
1731974952481 0.00025109294801950455 0
1731974967466 0.0002877208753488958 0
1731974982576 0.000291083415504545 0
1731974997597 0.000269387848675251 0
1731975012704 0.00024486082838848233 0
1731975027716 0.00028982662479393184 0
1731975042829 0.00026214547688141465 0
1731975057821 0.0002585840120445937 0
1731975072931 0.00027160352328792214 0
1731975087935 0.0002704578801058233 0
1731975103767 0.00026798382168635726 0
1731975118765 0.00021950239897705615 0
1731975133898 0.0002777162007987499 0
1731975148917 0.0002753562876023352 0
1731975164028 0.0002723035868257284 0
1731975179042 0.00024335879425052553 0
1731975194177 0.00023006969422567636 0
1731975209175 0.0002246834192192182 0
1731975224291 0.00029857686604373157 0
1731975239288 0.00033674895530566573 0
1731975254415 0.000257667968980968 0
1731975269416 0.0002583793248049915 0
1731975284528 0.0002815576153807342 0
1731975299546 0.00026555059594102204 0
1731975314691 0.00023791144485585392 0
1731975330622 0.0002574427053332329 0
1731975345708 0.00023402812075801194 0
1731975360727 0.0002558511623647064 0
1731975375833 0.00024173366546165198 0
1731975390830 0.0002513565414119512 0
1731975405947 0.0002294136502314359 0
1731975420949 0.00026736335712485015 0
1731975436045 0.0002627939684316516 0
1731975451031 0.00024319638032466173 0
1731975466144 0.0002462856355123222 0
1731975481155 0.0002473298809491098 0
1731975496263 0.00022405810886994004 0
1731975511283 0.00022315500245895237 0
1731975526382 0.0002275084116263315 0
1731975541411 0.0002518306428100914 0
1731975557322 0.00023073777265381068 0
1731975572334 0.0002325861860299483 0
1731975587436 0.0002580482978373766 0
1731975602443 0.00022305865422822535 0
1731975617548 0.0002346985857002437 0
1731975632551 0.00024226668756455183 0
1731975647655 0.00025666473084129393 0
1731975662652 0.00023216508270706981 0
1731975677770 0.0002502265851944685 0
1731975692784 0.000246694078668952 0
1731975707889 0.0002354298922000453 0
1731975722894 0.00026686073397286236 0
1731975738002 0.0002413008187431842 0
1731975752999 0.00023003682144917548 0
1731975768635 0.00023821459035389125 0
1731975783658 0.0003776179510168731 0
1731975798745 0.00022147491108626127 0
1731975813738 0.0002223754854639992 0
1731975828830 0.00023582836729474366 0
1731975843836 0.00021681105135940015 0
1731975858939 0.0002450992469675839 0
1731975873959 0.00023248943034559488 0
1731975889052 0.0002224193449364975 0
1731975904075 0.0002142536104656756 0
1731975919166 0.0002188783255405724 0
1731975934179 0.00022580452787224203 0
1731975949277 0.00025261641712859273 0
1731975964290 0.00021725852275267243 0
1731975979393 0.00022851917310617864 0
1731975995074 0.00022465504298452288 0
1731976010162 0.00020929978927597404 0
1731976025183 0.00021930414368398488 0
1731976040293 0.00020840702927671373 0
1731976055299 0.00022853954578749835 0
1731976070403 0.00022318161791190505 0
1731976085406 0.00023312306439038366 0
1731976100519 0.0002419164520688355 0
1731976115534 0.00020829624554608017 0
1731976130623 0.00020496529759839177 0
1731976145634 0.0002512586652301252 0
1731976160730 0.00024127750657498837 0
1731976175743 0.00022642475960310549 0
1731976190850 0.00022455381986219436 0
1731976205851 0.00023826019605621696 0
1731976221680 0.000237120664678514 0
1731976236696 0.00023062105174176395 0
1731976251800 0.00019286568567622453 0
1731976266805 0.00025648894370533526 0
1731976281913 0.00022892489505466074 0
1731976296908 0.0002542061556596309 0
1731976312008 0.00024052971275523305 0
1731976327014 0.00023341858468484133 0
1731976342138 0.00023663011961616576 0
1731976357118 0.00023756767041049898 0
1731976372229 0.00021778029622510076 0
1731976387239 0.00020885004778392613 0
1731976402347 0.00022409867960959673 0
1731976417341 0.00022972607985138893 0
1731976432440 0.00027966423658654094 0
1731976448141 0.00018787503358907998 0
1731976463258 0.0002061780251096934 0
1731976478278 0.00022949761478230357 0
1731976493358 0.0002307727700099349 0
1731976508343 0.00022741650172974914 0
1731976523479 0.00023940257960930467 0
1731976538503 0.0001912511943373829 0
1731976553597 0.0002385335974395275 0
1731976568615 0.00022672343766316772 0
1731976583742 0.00022912543499842286 0
1731976598743 0.00020495618809945881 0
1731976613858 0.00025913253193721175 0
1731976628861 0.00021426216699182987 0
1731976643976 0.00020102463895455003 0
1731976658962 0.0004735506954602897 0
