1731954724405 0.015613960102200508 0
1731954748787 0.014313580468297005 0
1731954773325 0.013449256308376789 0
1731954798076 0.012943912297487259 0
1731954822701 0.012534980662167072 0
1731954847396 0.01241371314972639 0
1731954871992 0.01203842367976904 0
1731954896748 0.012013153173029423 0
1731954921356 0.0119750602170825 0
1731954946148 0.011635866016149521 0
1731954970788 0.011608417145907879 0
1731954995728 0.011644824407994747 0
1731955020396 0.011363068595528603 0
1731955045270 0.011465410701930523 0
1731955069727 0.011335589922964573 0
1731955091467 0.011598862707614899 0
1731955113249 0.0112665556371212 0
1731955135040 0.011347410269081593 0
1731955156832 0.011151166632771492 0
1731955178593 0.011213632300496101 0
1731955200485 0.011215136386454105 0
1731955222328 0.011340226978063583 0
1731955242988 0.0110631687566638 0
1731955263215 0.01109461672604084 0
1731955283571 0.010964959859848022 0
1731955303881 0.011040282435715199 0
1731955324171 0.011086354032158852 0
1731955344333 0.011074217036366463 0
1731955364654 0.010946384631097317 0
1731955384891 0.010964476503431797 0
1731955404307 0.010897379368543625 0
1731955423680 0.010889198631048203 0
1731955443107 0.010810161009430885 0
1731955462521 0.010779407806694508 0
1731955481979 0.010658659040927887 0
1731955501404 0.01084485836327076 0
1731955520818 0.010853778570890427 0
1731955539611 0.01079268753528595 0
1731955558435 0.010800376534461975 0
1731955577147 0.010943270288407803 0
1731955596021 0.010776570066809654 0
1731955614751 0.01081429235637188 0
1731955633628 0.010872707702219486 0
1731955652388 0.010663166642189026 0
1731955671593 0.010702093131840229 0
1731955690387 0.010671913623809814 0
1731955709211 0.01059112697839737 0
1731955727933 0.010599292814731598 0
1731955746834 0.010716610588133335 0
1731955765581 0.01057945005595684 0
1731955784439 0.010673552751541138 0
1731955803198 0.010742099024355412 0
1731955822091 0.010640386492013931 0
1731955840799 0.01058202888816595 0
1731955859669 0.010492944158613682 0
1731955878413 0.010493624955415726 0
1731955897288 0.010592266917228699 0
1731955916026 0.01041010208427906 0
1731955934934 0.010499902069568634 0
1731955954001 0.01047488208860159 0
1731955972871 0.010626218281686306 0
1731955991663 0.010631793178617954 0
1731956010533 0.010344460606575012 0
1731956029307 0.010584156028926373 0
1731956048226 0.010528174228966236 0
1731956066976 0.010504637844860554 0
1731956085873 0.010441681370139122 0
1731956104636 0.010458555072546005 0
1731956123497 0.010423005558550358 0
1731956142287 0.010464968159794807 0
1731956161203 0.010429092682898045 0
1731956179967 0.010395719669759274 0
1731956198871 0.010419354774057865 0
1731956217652 0.010369516909122467 0
1731956236935 0.010366187430918217 0
1731956255705 0.010426336899399757 0
1731956274622 0.010404439643025398 0
1731956293451 0.010369008406996727 0
1731956312332 0.010394720360636711 0
1731956331076 0.010326173156499863 0
1731956349990 0.010325941257178783 0
1731956368745 0.010267489589750767 0
1731956387692 0.010337361134588718 0
1731956406448 0.010320262983441353 0
1731956425352 0.010308035649359226 0
1731956444142 0.01029823999851942 0
1731956463056 0.010339422151446342 0
1731956481850 0.010368919931352139 0
1731956501063 0.010303441435098648 0
1731956519837 0.010329083539545536 0
1731956538738 0.010382244363427162 0
1731956557547 0.010342095978558064 0
1731956576454 0.010363184846937656 0
1731956595276 0.010273914784193039 0
1731956614190 0.010312885977327824 0
1731956632959 0.010190551169216633 0
1731956651899 0.010300676338374615 0
1731956670653 0.010332712903618813 0
1731956689561 0.010224501602351665 0
1731956708322 0.010261434130370617 0
1731956727230 0.0102694071829319 0
1731956746017 0.010286598466336727 0
1731956764902 0.010310808196663857 0
1731956783990 0.01019564550369978 0
1731956802920 0.010277681984007359 0
1731956821705 0.010254258289933205 0
1731956840589 0.010303528979420662 0
1731956859358 0.010179263539612293 0
1731956878327 0.010156504809856415 0
1731956897091 0.010228698141872883 0
1731956916019 0.01017671450972557 0
1731956934801 0.010250918567180634 0
1731956953729 0.01013164408504963 0
1731956972496 0.010165763087570667 0
1731956991366 0.010224775411188602 0
1731957010144 0.010152354836463928 0
1731957029082 0.010140580125153065 0
1731957047881 0.010168390348553658 0
1731957067152 0.01021004281938076 0
1731957085896 0.01026032492518425 0
1731957104839 0.010234723798930645 0
1731957123594 0.010197295807301998 0
1731957142455 0.010180823504924774 0
1731957161255 0.010147457011044025 0
1731957180142 0.010198847390711308 0
1731957198966 0.010172378271818161 0
1731957217872 0.01012088917195797 0
1731957236626 0.010171232745051384 0
1731957255559 0.010177806951105595 0
1731957274385 0.010083730332553387 0
1731957293307 0.010096495971083641 0
1731957312108 0.01019132137298584 0
1731957331057 0.01009081955999136 0
1731957350134 0.010149134323000908 0
1731957369048 0.010161440819501877 0
1731957387810 0.010129129514098167 0
1731957406696 0.010136147029697895 0
1731957425495 0.010145953856408596 0
1731957444438 0.010093225166201591 0
1731957463235 0.010109003633260727 0
1731957482174 0.01012271735817194 0
1731957500949 0.010074242018163204 0
1731957519815 0.010026746429502964 0
1731957538588 0.010142629034817219 0
1731957557516 0.010038253851234913 0
1731957576337 0.01008479855954647 0
1731957595248 0.010087321512401104 0
1731957614017 0.010058390907943249 0
1731957633255 0.010067196562886238 0
1731957651997 0.010092671029269695 0
1731957670906 0.01010326761752367 0
1731957689682 0.010084610432386398 0
1731957708597 0.01006749365478754 0
1731957727376 0.010107793845236301 0
1731957746276 0.010074970312416553 0
1731957765060 0.010070853866636753 0
1731957783971 0.010068544186651707 0
1731957802742 0.010115657933056355 0
1731957821678 0.01002159621566534 0
1731957840483 0.010118109174072742 0
1731957859380 0.010067378170788288 0
1731957878206 0.010090701282024384 0
1731957897414 0.010027286596596241 0
1731957916159 0.009985500946640968 0
1731957935065 0.010062028653919697 0
1731957953838 0.010015580803155899 0
1731957972771 0.010070222429931164 0
1731957991507 0.010075676254928112 0
1731958010438 0.010084839537739754 0
1731958029172 0.010053086094558239 0
1731958048080 0.010055764578282833 0
1731958066850 0.010050192475318909 0
1731958085778 0.010043956339359283 0
1731958104551 0.010053523816168308 0
1731958123476 0.009997215121984482 0
1731958142245 0.010118438862264156 0
1731958161112 0.01005038432776928 0
1731958180217 0.010026008822023869 0
1731958199086 0.01005499716848135 0
1731958217875 0.010043610818684101 0
1731958236757 0.01001797802746296 0
1731958255446 0.010000348091125488 0
1731958274348 0.009984085336327553 0
1731958293142 0.010042421519756317 0
1731958311991 0.010035072453320026 0
1731958330732 0.009990961290895939 0
1731958349626 0.010045304894447327 0
1731958368375 0.00998896174132824 0
1731958387257 0.010012187995016575 0
1731958405976 0.010058221407234669 0
1731958424873 0.01006883941590786 0
1731958443648 0.010017468594014645 0
1731958462865 0.010010190308094025 0
1731958481658 0.010053031146526337 0
1731958500561 0.010047348216176033 0
1731958519257 0.010003137402236462 0
1731958538134 0.01002491544932127 0
1731958556872 0.010044506751000881 0
1731958575736 0.009986082091927528 0
1731958594500 0.009978008456528187 0
1731958613348 0.009970447979867458 0
1731958632056 0.009987865574657917 0
1731958650929 0.009986674413084984 0
1731958669663 0.010035824030637741 0
1731958688534 0.010006370022892952 0
1731958707225 0.009939589537680149 0
1731958726082 0.009988480247557163 0
1731958745137 0.009988539852201939 0
1731958764019 0.010001528076827526 0
1731958782741 0.010021739639341831 0
1731958801644 0.009984421543776989 0
1731958820385 0.010006113909184933 0
1731958839225 0.009982122108340263 0
1731958857955 0.010003064759075642 0
1731958876778 0.01001113560050726 0
1731958895521 0.009968523867428303 0
1731958914412 0.009961686097085476 0
1731958933135 0.009975002147257328 0
1731958952030 0.009963972494006157 0
1731958970763 0.00999455526471138 0
1731958989663 0.00996638834476471 0
1731959008359 0.009962460957467556 0
