1731954724405 0.7278788685798645 0
1731954748787 0.6476879715919495 0
1731954773325 0.6287005543708801 0
1731954798076 0.5978214144706726 0
1731954822701 0.5707196593284607 0
1731954847396 0.5589038729667664 0
1731954871992 0.5631418824195862 0
1731954896748 0.5528217554092407 0
1731954921356 0.5352523326873779 0
1731954946148 0.5281563997268677 0
1731954970788 0.5364990830421448 0
1731954995728 0.52801913022995 0
1731955020396 0.5313794016838074 0
1731955045270 0.526118814945221 0
1731955069727 0.5276271104812622 0
1731955091467 0.518001914024353 0
1731955113249 0.5065647959709167 0
1731955135040 0.5155217051506042 0
1731955156832 0.5271701812744141 0
1731955178593 0.5130181312561035 0
1731955200485 0.5042761564254761 0
1731955222328 0.5003299117088318 0
1731955242988 0.4950399100780487 0
1731955263215 0.5130510330200195 0
1731955283571 0.5029895901679993 0
1731955303881 0.49698954820632935 0
1731955324171 0.49248477816581726 0
1731955344333 0.49733367562294006 0
1731955364654 0.4940916895866394 0
1731955384891 0.505513072013855 0
1731955404307 0.4921073615550995 0
1731955423680 0.5004002451896667 0
1731955443107 0.5021600723266602 0
1731955462521 0.48804688453674316 0
1731955481979 0.5037686228752136 0
1731955501404 0.4925737977027893 0
1731955520818 0.4925936460494995 0
1731955539611 0.49245062470436096 0
1731955558435 0.48635923862457275 0
1731955577147 0.490644633769989 0
1731955596021 0.4833856523036957 0
1731955614751 0.4905269742012024 0
1731955633628 0.4862912595272064 0
1731955652388 0.49040916562080383 0
1731955671593 0.49459654092788696 0
1731955690387 0.4980217218399048 0
1731955709211 0.48904797434806824 0
1731955727933 0.4833345115184784 0
1731955746834 0.48825040459632874 0
1731955765581 0.49151158332824707 0
1731955784439 0.49443113803863525 0
1731955803198 0.4852365255355835 0
1731955822091 0.4813394546508789 0
1731955840799 0.48660996556282043 0
1731955859669 0.4883556663990021 0
1731955878413 0.4855782389640808 0
1731955897288 0.4904356300830841 0
1731955916026 0.48503577709198 0
1731955934934 0.48827674984931946 0
1731955954001 0.4924113154411316 0
1731955972871 0.4940892457962036 0
1731955991663 0.48771342635154724 0
1731956010533 0.48397091031074524 0
1731956029307 0.4876834452152252 0
1731956048226 0.491450697183609 0
1731956066976 0.49370548129081726 0
1731956085873 0.4779685139656067 0
1731956104636 0.49104559421539307 0
1731956123497 0.4904951751232147 0
1731956142287 0.48884791135787964 0
1731956161203 0.4814450144767761 0
1731956179967 0.48163172602653503 0
1731956198871 0.48930656909942627 0
1731956217652 0.4887301027774811 0
1731956236935 0.48392027616500854 0
1731956255705 0.4904978275299072 0
1731956274622 0.48509612679481506 0
1731956293451 0.48535048961639404 0
1731956312332 0.47728222608566284 0
1731956331076 0.4896036684513092 0
1731956349990 0.48864316940307617 0
1731956368745 0.4875849783420563 0
1731956387692 0.4843516945838928 0
1731956406448 0.48756805062294006 0
1731956425352 0.48448750376701355 0
1731956444142 0.48491400480270386 0
1731956463056 0.48764505982398987 0
1731956481850 0.4838360548019409 0
1731956501063 0.4859851598739624 0
1731956519837 0.4844568073749542 0
1731956538738 0.47959083318710327 0
1731956557547 0.4823302626609802 0
1731956576454 0.4892817437648773 0
1731956595276 0.48272445797920227 0
1731956614190 0.47908690571784973 0
1731956632959 0.4844428300857544 0
1731956651899 0.4889224171638489 0
1731956670653 0.48764660954475403 0
1731956689561 0.4853109121322632 0
1731956708322 0.4877580404281616 0
1731956727230 0.48847344517707825 0
1731956746017 0.4860343039035797 0
1731956764902 0.48306071758270264 0
1731956783990 0.48131364583969116 0
1731956802920 0.4856700301170349 0
1731956821705 0.4804841876029968 0
1731956840589 0.4903411865234375 0
1731956859358 0.48753055930137634 0
1731956878327 0.48562726378440857 0
1731956897091 0.4843479096889496 0
1731956916019 0.4834197461605072 0
1731956934801 0.4861489236354828 0
1731956953729 0.48102426528930664 0
1731956972496 0.4829697906970978 0
1731956991366 0.485747754573822 0
1731957010144 0.4856409430503845 0
1731957029082 0.4923969507217407 0
1731957047881 0.48614978790283203 0
1731957067152 0.48838603496551514 0
1731957085896 0.4885078966617584 0
1731957104839 0.4899635314941406 0
1731957123594 0.48337170481681824 0
1731957142455 0.48280203342437744 0
1731957161255 0.4848666787147522 0
1731957180142 0.4881158173084259 0
1731957198966 0.48785707354545593 0
1731957217872 0.48330235481262207 0
1731957236626 0.48367661237716675 0
1731957255559 0.48780205845832825 0
1731957274385 0.4847930371761322 0
1731957293307 0.48295512795448303 0
1731957312108 0.4846208989620209 0
1731957331057 0.4825521409511566 0
1731957350134 0.4869556427001953 0
1731957369048 0.4886675179004669 0
1731957387810 0.4867861270904541 0
1731957406696 0.48876574635505676 0
1731957425495 0.48580053448677063 0
1731957444438 0.48150041699409485 0
1731957463235 0.4897167980670929 0
1731957482174 0.48372864723205566 0
1731957500949 0.48474740982055664 0
1731957519815 0.4847896099090576 0
1731957538588 0.48254674673080444 0
1731957557516 0.4912518858909607 0
1731957576337 0.48370271921157837 0
1731957595248 0.4840846061706543 0
1731957614017 0.4862986207008362 0
1731957633255 0.4882471263408661 0
1731957651997 0.48423635959625244 0
1731957670906 0.48238977789878845 0
1731957689682 0.4862540066242218 0
1731957708597 0.48633068799972534 0
1731957727376 0.48613131046295166 0
1731957746276 0.48371434211730957 0
1731957765060 0.4885045886039734 0
1731957783971 0.48680800199508667 0
1731957802742 0.48161032795906067 0
1731957821678 0.48373472690582275 0
1731957840483 0.48433470726013184 0
1731957859380 0.48312774300575256 0
1731957878206 0.48862743377685547 0
1731957897414 0.48884567618370056 0
1731957916159 0.48595213890075684 0
1731957935065 0.48567354679107666 0
1731957953838 0.48689132928848267 0
1731957972771 0.4818892478942871 0
1731957991507 0.483337938785553 0
1731958010438 0.4839523732662201 0
1731958029172 0.4842107594013214 0
1731958048080 0.4834851026535034 0
1731958066850 0.48267269134521484 0
1731958085778 0.48594599962234497 0
1731958104551 0.484019935131073 0
1731958123476 0.482619971036911 0
1731958142245 0.48455557227134705 0
1731958161112 0.4828464388847351 0
1731958180217 0.48337411880493164 0
1731958199086 0.4869478642940521 0
1731958217875 0.4847806394100189 0
1731958236757 0.4855501055717468 0
1731958255446 0.4873683750629425 0
1731958274348 0.48229333758354187 0
1731958293142 0.483333557844162 0
1731958311991 0.4818635880947113 0
1731958330732 0.4870074689388275 0
1731958349626 0.48710015416145325 0
1731958368375 0.48556724190711975 0
1731958387257 0.48418429493904114 0
1731958405976 0.4830843210220337 0
1731958424873 0.48578810691833496 0
1731958443648 0.48536568880081177 0
1731958462865 0.48440995812416077 0
1731958481658 0.48283955454826355 0
1731958500561 0.4843066930770874 0
1731958519257 0.4844767153263092 0
1731958538134 0.48586025834083557 0
1731958556872 0.48745936155319214 0
1731958575736 0.4867247939109802 0
1731958594500 0.48584648966789246 0
1731958613348 0.48607519268989563 0
1731958632056 0.4875957667827606 0
1731958650929 0.4878915846347809 0
1731958669663 0.48696669936180115 0
1731958688534 0.48633426427841187 0
1731958707225 0.484281986951828 0
1731958726082 0.48462045192718506 0
1731958745137 0.4874661862850189 0
1731958764019 0.48913809657096863 0
1731958782741 0.4871266186237335 0
1731958801644 0.4851558804512024 0
1731958820385 0.48565754294395447 0
1731958839225 0.48724165558815 0
1731958857955 0.48611220717430115 0
1731958876778 0.48518165946006775 0
1731958895521 0.48556333780288696 0
1731958914412 0.4866037666797638 0
1731958933135 0.48722490668296814 0
1731958952030 0.4856966435909271 0
1731958970763 0.48712143301963806 0
1731958989663 0.48652592301368713 0
1731959008359 0.48603299260139465 0
