1731954724405 1.899454116821289 0
1731954748787 1.6511149406433105 0
1731954773325 1.6620008945465088 0
1731954798076 1.5152733325958252 0
1731954822701 1.386164903640747 0
1731954847396 1.4259942770004272 0
1731954871992 1.5230205059051514 0
1731954896748 1.4353091716766357 0
1731954921356 1.4697608947753906 0
1731954946148 1.2969481945037842 0
1731954970788 1.5903433561325073 0
1731954995728 1.5177243947982788 0
1731955020396 1.5511833429336548 0
1731955045270 1.6480282545089722 0
1731955069727 1.5069539546966553 0
1731955091467 1.5658730268478394 0
1731955113249 1.505959391593933 0
1731955135040 1.627906084060669 0
1731955156832 1.6067286729812622 0
1731955178593 1.462306261062622 0
1731955200485 1.5762813091278076 0
1731955222328 1.5844398736953735 0
1731955242988 1.5249766111373901 0
1731955263215 1.4693225622177124 0
1731955283571 1.5962435007095337 0
1731955303881 1.4925538301467896 0
1731955324171 1.5278476476669312 0
1731955344333 1.597335696220398 0
1731955364654 1.566292643547058 0
1731955384891 1.5425262451171875 0
1731955404307 1.6203022003173828 0
1731955423680 1.5324100255966187 0
1731955443107 1.3604851961135864 0
1731955462521 1.6266971826553345 0
1731955481979 1.4858171939849854 0
1731955501404 1.5885934829711914 0
1731955520818 1.4719737768173218 0
1731955539611 1.55376398563385 0
1731955558435 1.53244948387146 0
1731955577147 1.5374842882156372 0
1731955596021 1.5694888830184937 0
1731955614751 1.573599100112915 0
1731955633628 1.5172467231750488 0
1731955652388 1.5340769290924072 0
1731955671593 1.4435614347457886 0
1731955690387 1.549255609512329 0
1731955709211 1.5304932594299316 0
1731955727933 1.4839669466018677 0
1731955746834 1.5593113899230957 0
1731955765581 1.5185370445251465 0
1731955784439 1.5411272048950195 0
1731955803198 1.604038119316101 0
1731955822091 1.5151054859161377 0
1731955840799 1.5366400480270386 0
1731955859669 1.5528446435928345 0
1731955878413 1.466367244720459 0
1731955897288 1.5090113878250122 0
1731955916026 1.5230348110198975 0
1731955934934 1.5992215871810913 0
1731955954001 1.5834379196166992 0
1731955972871 1.5500611066818237 0
1731955991663 1.5337544679641724 0
1731956010533 1.5390647649765015 0
1731956029307 1.5797401666641235 0
1731956048226 1.5832514762878418 0
1731956066976 1.5792982578277588 0
1731956085873 1.545725703239441 0
1731956104636 1.563981294631958 0
1731956123497 1.4851887226104736 0
1731956142287 1.5516266822814941 0
1731956161203 1.4641326665878296 0
1731956179967 1.5164263248443604 0
1731956198871 1.5773152112960815 0
1731956217652 1.5203601121902466 0
1731956236935 1.5615828037261963 0
1731956255705 1.5919312238693237 0
1731956274622 1.5761924982070923 0
1731956293451 1.5845005512237549 0
1731956312332 1.5030921697616577 0
1731956331076 1.5650179386138916 0
1731956349990 1.5482138395309448 0
1731956368745 1.5969133377075195 0
1731956387692 1.5858298540115356 0
1731956406448 1.565760612487793 0
1731956425352 1.5447667837142944 0
1731956444142 1.5760984420776367 0
1731956463056 1.6148773431777954 0
1731956481850 1.5471113920211792 0
1731956501063 1.6012132167816162 0
1731956519837 1.568313717842102 0
1731956538738 1.5000011920928955 0
1731956557547 1.5595606565475464 0
1731956576454 1.5941524505615234 0
1731956595276 1.572615146636963 0
1731956614190 1.5610204935073853 0
1731956632959 1.5865825414657593 0
1731956651899 1.5980095863342285 0
1731956670653 1.575652837753296 0
1731956689561 1.565132737159729 0
1731956708322 1.585464358329773 0
1731956727230 1.5099021196365356 0
1731956746017 1.5828596353530884 0
1731956764902 1.5754060745239258 0
1731956783990 1.5994819402694702 0
1731956802920 1.5698293447494507 0
1731956821705 1.5723700523376465 0
1731956840589 1.512159824371338 0
1731956859358 1.5398555994033813 0
1731956878327 1.5473514795303345 0
1731956897091 1.5965074300765991 0
1731956916019 1.532345175743103 0
1731956934801 1.5686216354370117 0
1731956953729 1.5773776769638062 0
1731956972496 1.6046568155288696 0
1731956991366 1.6096320152282715 0
1731957010144 1.5767195224761963 0
1731957029082 1.5604010820388794 0
1731957047881 1.5403566360473633 0
1731957067152 1.5401932001113892 0
1731957085896 1.5683480501174927 0
1731957104839 1.5154304504394531 0
1731957123594 1.5723824501037598 0
1731957142455 1.5484126806259155 0
1731957161255 1.5637277364730835 0
1731957180142 1.6000268459320068 0
1731957198966 1.5315728187561035 0
1731957217872 1.5678775310516357 0
1731957236626 1.5502140522003174 0
1731957255559 1.5778905153274536 0
1731957274385 1.5731916427612305 0
1731957293307 1.4811463356018066 0
1731957312108 1.4645777940750122 0
1731957331057 1.5426173210144043 0
1731957350134 1.5929805040359497 0
1731957369048 1.566086769104004 0
1731957387810 1.6031184196472168 0
1731957406696 1.562750220298767 0
1731957425495 1.5457115173339844 0
1731957444438 1.5717257261276245 0
1731957463235 1.5479720830917358 0
1731957482174 1.5055500268936157 0
1731957500949 1.5485169887542725 0
1731957519815 1.5737333297729492 0
1731957538588 1.5389494895935059 0
1731957557516 1.5678377151489258 0
1731957576337 1.5574331283569336 0
1731957595248 1.562591314315796 0
1731957614017 1.576635718345642 0
1731957633255 1.5711613893508911 0
1731957651997 1.5538932085037231 0
1731957670906 1.5541801452636719 0
1731957689682 1.5792009830474854 0
1731957708597 1.555925965309143 0
1731957727376 1.5542337894439697 0
1731957746276 1.5640982389450073 0
1731957765060 1.5933592319488525 0
1731957783971 1.534464955329895 0
1731957802742 1.5643818378448486 0
1731957821678 1.5806330442428589 0
1731957840483 1.5704858303070068 0
1731957859380 1.5923317670822144 0
1731957878206 1.600167989730835 0
1731957897414 1.5845330953598022 0
1731957916159 1.5709888935089111 0
1731957935065 1.5843037366867065 0
1731957953838 1.5953811407089233 0
1731957972771 1.5694488286972046 0
1731957991507 1.550563931465149 0
1731958010438 1.5457239151000977 0
1731958029172 1.5749881267547607 0
1731958048080 1.5328291654586792 0
1731958066850 1.5568689107894897 0
1731958085778 1.531338095664978 0
1731958104551 1.5831241607666016 0
1731958123476 1.5357255935668945 0
1731958142245 1.5707073211669922 0
1731958161112 1.5828297138214111 0
1731958180217 1.5501220226287842 0
1731958199086 1.5695306062698364 0
1731958217875 1.5528416633605957 0
1731958236757 1.5829769372940063 0
1731958255446 1.5569480657577515 0
1731958274348 1.5542833805084229 0
1731958293142 1.5804044008255005 0
1731958311991 1.5815813541412354 0
1731958330732 1.55762779712677 0
1731958349626 1.5738979578018188 0
1731958368375 1.5765184164047241 0
1731958387257 1.5737606287002563 0
1731958405976 1.5843520164489746 0
1731958424873 1.5793063640594482 0
1731958443648 1.5674110651016235 0
1731958462865 1.575530767440796 0
1731958481658 1.5521972179412842 0
1731958500561 1.5508898496627808 0
1731958519257 1.5313043594360352 0
1731958538134 1.5625321865081787 0
1731958556872 1.5483407974243164 0
1731958575736 1.5534526109695435 0
1731958594500 1.5693833827972412 0
1731958613348 1.5552436113357544 0
1731958632056 1.569314956665039 0
1731958650929 1.595695972442627 0
1731958669663 1.5812915563583374 0
1731958688534 1.5887497663497925 0
1731958707225 1.5710119009017944 0
1731958726082 1.5749528408050537 0
1731958745137 1.5824249982833862 0
1731958764019 1.598474383354187 0
1731958782741 1.5650060176849365 0
1731958801644 1.548202633857727 0
1731958820385 1.5570247173309326 0
1731958839225 1.5711065530776978 0
1731958857955 1.5855623483657837 0
1731958876778 1.5760129690170288 0
1731958895521 1.549437165260315 0
1731958914412 1.5766823291778564 0
1731958933135 1.585618495941162 0
1731958952030 1.593615174293518 0
1731958970763 1.5772674083709717 0
1731958989663 1.5783212184906006 0
1731959008359 1.5776417255401611 0
