1731954724425 0.00040379251004196703 0
1731954748790 0.0003472051757853478 0
1731954773328 0.0003092481638304889 0
1731954798079 0.00028324578306637704 0
1731954822703 0.00027132328250445426 0
1731954847399 0.00026005288236774504 0
1731954871995 0.0002424176491331309 0
1731954896750 0.0002357450284762308 0
1731954921358 0.0002255567378597334 0
1731954946150 0.00021635121083818376 0
1731954970790 0.000213963576243259 0
1731954995730 0.00021034518431406468 0
1731955020399 0.0002037717931671068 0
1731955045272 0.00020499134552665055 0
1731955069729 0.0002021238033194095 0
1731955091469 0.00019355074618943036 0
1731955113252 0.00019140807853545994 0
1731955135042 0.00018715376791078597 0
1731955156834 0.00018345708667766303 0
1731955178596 0.00018359658133704215 0
1731955200487 0.00017524660506751388 0
1731955222330 0.00017450214363634586 0
1731955242991 0.00017347150424029678 0
1731955263218 0.00016969215357676148 0
1731955283573 0.0001686508912825957 0
1731955303884 0.00016501641948707402 0
1731955324173 0.00016254819638561457 0
1731955344335 0.0001673857623245567 0
1731955364656 0.00015984324272722006 0
1731955384893 0.00015561821055598557 0
1731955404309 0.00016173381300177425 0
1731955423682 0.00015546278154943138 0
1731955443109 0.0001521537924418226 0
1731955462524 0.00015551217074971646 0
1731955481981 0.00015112868277356029 0
1731955501406 0.0001525056577520445 0
1731955520820 0.00015091971727088094 0
1731955539614 0.00015071826055645943 0
1731955558437 0.0001441213535144925 0
1731955577150 0.00014582689618691802 0
1731955596023 0.0001416280574630946 0
1731955614753 0.0001410933182341978 0
1731955633630 0.0001385358045808971 0
1731955652390 0.00014287738304119557 0
1731955671597 0.00013517723709810525 0
1731955690390 0.00013850789400748909 0
1731955709213 0.00013497608597390354 0
1731955727935 0.00013448420213535428 0
1731955746836 0.00013324928295332938 0
1731955765583 0.00013339701399672776 0
1731955784441 0.00012761859397869557 0
1731955803200 0.00012751613394357264 0
1731955822094 0.00012960804451722652 0
1731955840801 0.00012466919724829495 0
1731955859672 0.00012725852138828486 0
1731955878415 0.00012651426368393004 0
1731955897290 0.00012718737707473338 0
1731955916028 0.00012407412577886134 0
1731955934936 0.0001234713854501024 0
1731955954004 0.00012093026452930644 0
1731955972874 0.0001234447699971497 0
1731955991665 0.00011728893150575459 0
1731956010535 0.00011959593393839896 0
1731956029309 0.00011689891834976152 0
1731956048228 0.00011548957991180941 0
1731956066978 0.00011727811943273991 0
1731956085876 0.00011504238500492647 0
1731956104638 0.00011436326167313382 0
1731956123500 0.00011133887164760381 0
1731956142289 0.0001116757994168438 0
1731956161205 0.00011046649888157845 0
1731956179969 0.00010914533777395263 0
1731956198874 0.00010757138079497963 0
1731956217654 0.00010871463746298105 0
1731956236937 0.00010647708404576406 0
1731956255707 0.00010235775698674843 0
1731956274624 0.00010556323104538023 0
1731956293453 0.00010462637874297798 0
1731956312334 0.0001033751541399397 0
1731956331078 0.00010440363257657737 0
1731956349992 0.00010120969091076404 0
1731956368747 9.954279084922746e-05 0
1731956387694 0.00010049736010842025 0
1731956406451 9.95107984635979e-05 0
1731956425354 0.00010084251698572189 0
1731956444144 9.933560795616359e-05 0
1731956463059 9.714238694868982e-05 0
1731956481852 9.41720645641908e-05 0
1731956501065 9.800887346500531e-05 0
1731956519839 9.403084550285712e-05 0
1731956538740 9.640816278988495e-05 0
1731956557549 9.427187615074217e-05 0
1731956576457 9.042853343999013e-05 0
1731956595279 9.256877092411742e-05 0
1731956614192 9.409765334567055e-05 0
1731956632961 8.73157405294478e-05 0
1731956651902 9.17553115868941e-05 0
1731956670655 8.735779556445777e-05 0
1731956689563 8.747424726607278e-05 0
1731956708324 9.206026152241975e-05 0
1731956727232 8.714205614523962e-05 0
1731956746019 8.72651653480716e-05 0
1731956764905 8.817761408863589e-05 0
1731956783992 8.628566865809262e-05 0
1731956802922 8.57748746057041e-05 0
1731956821707 8.957004320109263e-05 0
1731956840591 8.774763409746811e-05 0
1731956859360 8.486470323987305e-05 0
1731956878329 8.334188169101253e-05 0
1731956897093 8.311902638524771e-05 0
1731956916022 7.934999302960932e-05 0
1731956934803 7.89682671893388e-05 0
1731956953732 8.317532046930864e-05 0
1731956972498 8.088304457487538e-05 0
1731956991368 8.088389586191624e-05 0
1731957010147 8.271639671875164e-05 0
1731957029085 8.121453720377758e-05 0
1731957047883 8.225627971114591e-05 0
1731957067154 8.255106513388455e-05 0
1731957085898 7.967664714669809e-05 0
1731957104841 7.676925451960415e-05 0
1731957123596 7.879488839535043e-05 0
1731957142457 7.78986286604777e-05 0
1731957161257 7.69503167248331e-05 0
1731957180144 7.713177910773084e-05 0
1731957198968 7.419898611260578e-05 0
1731957217874 7.791765528963879e-05 0
1731957236629 8.0014557170216e-05 0
1731957255561 7.658316462766379e-05 0
1731957274387 7.336226553888991e-05 0
1731957293309 7.627286686329171e-05 0
1731957312110 7.409264799207449e-05 0
1731957331059 7.608683517901227e-05 0
1731957350137 7.504607492592186e-05 0
1731957369050 7.62318741180934e-05 0
1731957387812 7.586209540022537e-05 0
1731957406698 7.372407708317041e-05 0
1731957425497 7.67940582591109e-05 0
1731957444440 7.383567572105676e-05 0
1731957463238 7.352024113060907e-05 0
1731957482176 7.301591540453956e-05 0
1731957500951 7.155086495913565e-05 0
1731957519818 7.514868775615469e-05 0
1731957538591 7.234774966491386e-05 0
1731957557518 7.332109089475125e-05 0
1731957576339 7.137443753890693e-05 0
1731957595250 7.184988498920575e-05 0
1731957614019 6.706986459903419e-05 0
1731957633257 7.228495815070346e-05 0
1731957652000 6.87741267029196e-05 0
1731957670908 7.172209006967023e-05 0
1731957689684 7.011023262748495e-05 0
1731957708599 7.231786730699241e-05 0
1731957727378 6.974636198719963e-05 0
1731957746278 7.076289330143481e-05 0
1731957765062 7.05885686329566e-05 0
1731957783974 6.988282984821126e-05 0
1731957802744 6.853019294794649e-05 0
1731957821680 6.803391443099827e-05 0
1731957840485 6.98004660080187e-05 0
1731957859382 6.596279126824811e-05 0
1731957878208 6.61957310512662e-05 0
1731957897416 6.905087502673268e-05 0
1731957916161 6.628005940001458e-05 0
1731957935067 6.818171823397279e-05 0
1731957953841 7.184834976214916e-05 0
1731957972773 6.811122875660658e-05 0
1731957991509 6.604705413337797e-05 0
1731958010440 6.583496724488214e-05 0
1731958029174 6.613277219003066e-05 0
1731958048083 6.486959318863228e-05 0
1731958066852 6.491752719739452e-05 0
1731958085780 6.713477341691032e-05 0
1731958104553 6.62434904370457e-05 0
1731958123478 6.804418808314949e-05 0
1731958142247 6.804758595535532e-05 0
1731958161115 6.818964175181463e-05 0
1731958180219 6.614588346565142e-05 0
1731958199088 6.585994560737163e-05 0
1731958217877 6.433734961319715e-05 0
1731958236760 6.69579385430552e-05 0
1731958255448 6.374462100211531e-05 0
1731958274350 6.707957072649151e-05 0
1731958293145 6.364088039845228e-05 0
1731958311993 6.419658893719316e-05 0
1731958330734 6.415922689484432e-05 0
1731958349629 6.427589687518775e-05 0
1731958368377 6.524221680592746e-05 0
1731958387259 6.467515777330846e-05 0
1731958405978 6.532802945002913e-05 0
1731958424876 6.360706902341917e-05 0
1731958443650 6.434863462345675e-05 0
1731958462867 6.623722583753988e-05 0
1731958481661 6.195824244059622e-05 0
1731958500563 6.592947465833277e-05 0
1731958519259 6.229048449313268e-05 0
1731958538137 6.001470683258958e-05 0
1731958556874 6.201596988830715e-05 0
1731958575739 6.204564851941541e-05 0
1731958594502 6.361521809594706e-05 0
1731958613350 6.223320087883621e-05 0
1731958632058 6.314388156170025e-05 0
1731958650932 6.313069752650335e-05 0
1731958669665 5.938379399594851e-05 0
1731958688536 6.084440974518657e-05 0
1731958707228 6.125487561803311e-05 0
1731958726084 6.064982881071046e-05 0
1731958745139 6.0945061704842374e-05 0
1731958764021 5.914652138017118e-05 0
1731958782743 6.143300561234355e-05 0
1731958801646 5.936433808528818e-05 0
1731958820388 5.990507997921668e-05 0
1731958839226 6.019976353854872e-05 0
1731958857958 6.22292427578941e-05 0
1731958876781 5.839332879986614e-05 0
1731958895523 6.090023089200258e-05 0
1731958914414 6.02549480390735e-05 0
1731958933137 6.172960274852812e-05 0
1731958952032 6.330625183181837e-05 0
1731958970765 5.950222475803457e-05 0
1731958989665 5.967633842374198e-05 0
1731959008361 5.765154492110014e-05 0
