1731954724425 0.0008819069480523467 0
1731954748790 0.0004038130573462695 0
1731954773328 0.000384996528737247 0
1731954798079 0.00040077860467135906 0
1731954822703 0.0003657169290818274 0
1731954847399 0.00038094446063041687 0
1731954871995 0.0003491374372970313 0
1731954896750 0.0003155007434543222 0
1731954921358 0.00031039697933010757 0
1731954946150 0.00032415182795375586 0
1731954970790 0.0003206110268365592 0
1731954995730 0.00026920350501313806 0
1731955020399 0.00024501144071109593 0
1731955045272 0.0002366880071349442 0
1731955069729 0.00027775514172390103 0
1731955091469 0.00030115299159660935 0
1731955113252 0.00030985649209469557 0
1731955135042 0.0002409297158010304 0
1731955156834 0.00036201716284267604 0
1731955178596 0.00027121836319565773 0
1731955200487 0.0003072690451517701 0
1731955222330 0.000264370086370036 0
1731955242991 0.0002927717287093401 0
1731955263218 0.00032204939634539187 0
1731955283573 0.00029169738991186023 0
1731955303884 0.0002820409135892987 0
1731955324173 0.000283216533716768 0
1731955344335 0.00030351540772244334 0
1731955364656 0.00025188561994582415 0
1731955384893 0.000318839680403471 0
1731955404309 0.0002914786455221474 0
1731955423682 0.0002840207307599485 0
1731955443109 0.0003460085135884583 0
1731955462524 0.00030403060372918844 0
1731955481981 0.0002978341362904757 0
1731955501406 0.00031852597021497786 0
1731955520820 0.0003165892558172345 0
1731955539614 0.00027092418167740107 0
1731955558437 0.0003294830094091594 0
1731955577150 0.0002959545818157494 0
1731955596023 0.00032409559935331345 0
1731955614753 0.00035217308322899044 0
1731955633630 0.0003179238992743194 0
1731955652390 0.00030350370798259974 0
1731955671597 0.0003250545123592019 0
1731955690390 0.000320087478030473 0
1731955709213 0.00027460604906082153 0
1731955727935 0.00030204583890736103 0
1731955746836 0.0003214244497939944 0
1731955765583 0.0003348094178363681 0
1731955784441 0.0002903768909163773 0
1731955803200 0.00029899447690695524 0
1731955822094 0.000283624860458076 0
1731955840801 0.0003354158252477646 0
1731955859672 0.00033470476046204567 0
1731955878415 0.0003466410271357745 0
1731955897290 0.0003212116425856948 0
1731955916028 0.00029659224674105644 0
1731955934936 0.00028849983937107027 0
1731955954004 0.0002912846684921533 0
1731955972874 0.00034827858326025307 0
1731955991665 0.00034096973831765354 0
1731956010535 0.00033018941758200526 0
1731956029309 0.0003235228650737554 0
1731956048228 0.00031761237187311053 0
1731956066978 0.0002968794433400035 0
1731956085876 0.00030580838210880756 0
1731956104638 0.00034538315958343446 0
1731956123500 0.00034010049421340227 0
1731956142289 0.00035533244954422116 0
1731956161205 0.0003534309216775 0
1731956179969 0.00034045157372020185 0
1731956198874 0.00034192175371572375 0
1731956217654 0.0003287806757725775 0
1731956236937 0.00035679922439157963 0
1731956255707 0.00033226737286895514 0
1731956274624 0.0003299954114481807 0
1731956293453 0.0003030192165169865 0
1731956312334 0.00036050821654498577 0
1731956331078 0.0003569900000002235 0
1731956349992 0.00035550942993722856 0
1731956368747 0.0003143654903396964 0
1731956387694 0.0003471979289315641 0
1731956406451 0.00037891787360422313 0
1731956425354 0.00035810648114420474 0
1731956444144 0.00033337256172671914 0
1731956463059 0.00032715097768232226 0
1731956481852 0.00036188680678606033 0
1731956501065 0.000376292533474043 0
1731956519839 0.00038930823211558163 0
1731956538740 0.0003819539269898087 0
1731956557549 0.0003601314965635538 0
1731956576457 0.0003425503382459283 0
1731956595279 0.00032747036311775446 0
1731956614192 0.00037969235563650727 0
1731956632961 0.0003535429132170975 0
1731956651902 0.0003441191802266985 0
1731956670655 0.00034164648968726397 0
1731956689563 0.0003732492041308433 0
1731956708324 0.0003647847624961287 0
1731956727232 0.00034346256870776415 0
1731956746019 0.0003586693783290684 0
1731956764905 0.0003548541571944952 0
1731956783992 0.0003692631726153195 0
1731956802922 0.00037322015850804746 0
1731956821707 0.0003972978738602251 0
1731956840591 0.0003740806714631617 0
1731956859360 0.0003588452818803489 0
1731956878329 0.0004298746644053608 0
1731956897093 0.0003722572873812169 0
1731956916022 0.00037414030521176755 0
1731956934803 0.00041399121982976794 0
1731956953732 0.0004314605612307787 0
1731956972498 0.00036767657729797065 0
1731956991368 0.0003628224949352443 0
1731957010147 0.00038243038579821587 0
1731957029085 0.0003661799128167331 0
1731957047883 0.00037198513746261597 0
1731957067154 0.00037473184056580067 0
1731957085898 0.0003665572148747742 0
1731957104841 0.0003969010431319475 0
1731957123596 0.0003532591217663139 0
1731957142457 0.00038120837416499853 0
1731957161257 0.00037909307866357267 0
1731957180144 0.0003695095656439662 0
1731957198968 0.0003520179889164865 0
1731957217874 0.00037184631219133735 0
1731957236629 0.0003744366695173085 0
1731957255561 0.000398055010009557 0
1731957274387 0.00039618113078176975 0
1731957293309 0.00032544106943532825 0
1731957312110 0.0003676227934192866 0
1731957331059 0.00040298819658346474 0
1731957350137 0.000375081057427451 0
1731957369050 0.0004182674456387758 0
1731957387812 0.00037674378836527467 0
1731957406698 0.0004172234039288014 0
1731957425497 0.0003872099914588034 0
1731957444440 0.0003432294470258057 0
1731957463238 0.0003527323133312166 0
1731957482176 0.0003246902779210359 0
1731957500951 0.00036694586742669344 0
1731957519818 0.0003954174753744155 0
1731957538591 0.0004226507153362036 0
1731957557518 0.000374700000975281 0
1731957576339 0.00041499303188174963 0
1731957595250 0.000442716758698225 0
1731957614019 0.00040507724042981863 0
1731957633257 0.0003969250828959048 0
1731957652000 0.0003403936862014234 0
1731957670908 0.00037870852975174785 0
1731957689684 0.00036297261249274015 0
1731957708599 0.0003965107025578618 0
1731957727378 0.0004196271183900535 0
1731957746278 0.00041682133451104164 0
1731957765062 0.00043481533066369593 0
1731957783974 0.00043083837954327464 0
1731957802744 0.0004449334228411317 0
1731957821680 0.0003956194268539548 0
1731957840485 0.00036136264679953456 0
1731957859382 0.00042258412577211857 0
1731957878208 0.0003958771121688187 0
1731957897416 0.0004082131781615317 0
1731957916161 0.0004344320623204112 0
1731957935067 0.0003958044690079987 0
1731957953841 0.0004382883198559284 0
1731957972773 0.0003863238380290568 0
1731957991509 0.0003957725712098181 0
1731958010440 0.0003737978986464441 0
1731958029174 0.000458130962215364 0
1731958048083 0.0003956310683861375 0
1731958066852 0.000417469535022974 0
1731958085780 0.0004162721452303231 0
1731958104553 0.0004144836566410959 0
1731958123478 0.0004064113018102944 0
1731958142247 0.00042964774183928967 0
1731958161115 0.00039432471385225654 0
1731958180219 0.00043978053145110607 0
1731958199088 0.0003910924424417317 0
1731958217877 0.0004246037860866636 0
1731958236760 0.0004290127253625542 0
1731958255448 0.0003893225803039968 0
1731958274350 0.0004268632619641721 0
1731958293145 0.0004339128499850631 0
1731958311993 0.00041627013706602156 0
1731958330734 0.00039749176357872784 0
1731958349629 0.00041415172745473683 0
1731958368377 0.00042913557263091207 0
1731958387259 0.00041792425327003 0
1731958405978 0.00042715290328487754 0
1731958424876 0.00038896233309060335 0
1731958443650 0.00039428507443517447 0
1731958462867 0.0004284792230464518 0
1731958481661 0.00039697400643490255 0
1731958500563 0.0004219688707962632 0
1731958519259 0.00041245738975703716 0
1731958538137 0.00041799485916271806 0
1731958556874 0.00040382565930485725 0
1731958575739 0.00042037616367451847 0
1731958594502 0.0004261293215677142 0
1731958613350 0.0004138797230552882 0
1731958632058 0.00044188782339915633 0
1731958650932 0.0004495808097999543 0
1731958669665 0.00043152039870619774 0
1731958688536 0.0004339773440733552 0
1731958707228 0.0004791853134520352 0
1731958726084 0.0004230267950333655 0
1731958745139 0.0004020995693281293 0
1731958764021 0.00039714298327453434 0
1731958782743 0.00044127937871962786 0
1731958801646 0.0004316585836932063 0
1731958820388 0.00043851009104400873 0
1731958839226 0.0004751543456222862 0
1731958857958 0.0004507945850491524 0
1731958876781 0.0004475413588806987 0
1731958895523 0.0004296746337786317 0
1731958914414 0.00043254572665318847 0
1731958933137 0.0004718221025541425 0
1731958952032 0.0004214370565023273 0
1731958970765 0.00044387977686710656 0
1731958989665 0.00046748414752073586 0
1731959008361 0.00046915223356336355 0
