1731954724405 21.379150390625 0
1731954748787 24.641340255737305 0
1731954773325 24.501571655273438 0
1731954798076 25.251005172729492 0
1731954822701 24.910770416259766 0
1731954847396 25.955442428588867 0
1731954871992 25.8732967376709 0
1731954896748 25.778547286987305 0
1731954921356 26.444507598876953 0
1731954946148 25.506511688232422 0
1731954970788 26.388755798339844 0
1731954995728 26.354795455932617 0
1731955020396 26.499401092529297 0
1731955045270 27.295398712158203 0
1731955069727 26.43030548095703 0
1731955091467 26.44980239868164 0
1731955113249 27.06121826171875 0
1731955135040 26.777578353881836 0
1731955156832 27.625566482543945 0
1731955178593 27.918581008911133 0
1731955200485 26.68739891052246 0
1731955222328 27.380563735961914 0
1731955242988 27.528852462768555 0
1731955263215 27.38947868347168 0
1731955283571 27.62175750732422 0
1731955303881 27.425966262817383 0
1731955324171 27.190338134765625 0
1731955344333 27.68602180480957 0
1731955364654 26.88491439819336 0
1731955384891 27.481813430786133 0
1731955404307 27.108951568603516 0
1731955423680 28.37353515625 0
1731955443107 27.593446731567383 0
1731955462521 28.22198486328125 0
1731955481979 27.955530166625977 0
1731955501404 27.614885330200195 0
1731955520818 26.945093154907227 0
1731955539611 27.294607162475586 0
1731955558435 28.06346321105957 0
1731955577147 28.08366584777832 0
1731955596021 28.46794891357422 0
1731955614751 28.717470169067383 0
1731955633628 27.790279388427734 0
1731955652388 27.589834213256836 0
1731955671593 27.910139083862305 0
1731955690387 27.968875885009766 0
1731955709211 27.852136611938477 0
1731955727933 28.123960494995117 0
1731955746834 28.40363311767578 0
1731955765581 28.20391082763672 0
1731955784439 28.203380584716797 0
1731955803198 27.342580795288086 0
1731955822091 28.43354606628418 0
1731955840799 28.58036994934082 0
1731955859669 28.690519332885742 0
1731955878413 28.227468490600586 0
1731955897288 28.9675350189209 0
1731955916026 28.58203125 0
1731955934934 28.872793197631836 0
1731955954001 28.061904907226562 0
1731955972871 27.781286239624023 0
1731955991663 28.619108200073242 0
1731956010533 28.459381103515625 0
1731956029307 28.131736755371094 0
1731956048226 29.55553436279297 0
1731956066976 28.755651473999023 0
1731956085873 29.335491180419922 0
1731956104636 28.685710906982422 0
1731956123497 28.758567810058594 0
1731956142287 28.45796775817871 0
1731956161203 29.009984970092773 0
1731956179967 28.183897018432617 0
1731956198871 28.215755462646484 0
1731956217652 29.037185668945312 0
1731956236935 28.87807846069336 0
1731956255705 28.937767028808594 0
1731956274622 29.547290802001953 0
1731956293451 28.433135986328125 0
1731956312332 29.279075622558594 0
1731956331076 29.253995895385742 0
1731956349990 28.923538208007812 0
1731956368745 29.54780387878418 0
1731956387692 28.82075309753418 0
1731956406448 29.414226531982422 0
1731956425352 29.44845199584961 0
1731956444142 28.913864135742188 0
1731956463056 28.76814842224121 0
1731956481850 28.659852981567383 0
1731956501063 28.928224563598633 0
1731956519837 29.008926391601562 0
1731956538738 29.362703323364258 0
1731956557547 29.4291934967041 0
1731956576454 29.92835235595703 0
1731956595276 29.14008331298828 0
1731956614190 28.374326705932617 0
1731956632959 29.332847595214844 0
1731956651899 29.695646286010742 0
1731956670653 29.612972259521484 0
1731956689561 29.27263641357422 0
1731956708322 30.00726318359375 0
1731956727230 29.534666061401367 0
1731956746017 29.994678497314453 0
1731956764902 29.33550262451172 0
1731956783990 29.823062896728516 0
1731956802920 30.304481506347656 0
1731956821705 30.133420944213867 0
1731956840589 30.38812828063965 0
1731956859358 28.88535499572754 0
1731956878327 30.09501838684082 0
1731956897091 29.58249282836914 0
1731956916019 30.03877067565918 0
1731956934801 30.10676383972168 0
1731956953729 29.79239845275879 0
1731956972496 30.15374755859375 0
1731956991366 29.61393928527832 0
1731957010144 29.35380744934082 0
1731957029082 29.674537658691406 0
1731957047881 30.50234031677246 0
1731957067152 29.956335067749023 0
1731957085896 29.476863861083984 0
1731957104839 30.467100143432617 0
1731957123594 30.09377670288086 0
1731957142455 29.694730758666992 0
1731957161255 30.74362564086914 0
1731957180142 29.86745834350586 0
1731957198966 29.872129440307617 0
1731957217872 30.466951370239258 0
1731957236626 30.54024887084961 0
1731957255559 30.295530319213867 0
1731957274385 29.98332977294922 0
1731957293307 30.261337280273438 0
1731957312108 29.955188751220703 0
1731957331057 31.02015495300293 0
1731957350134 30.73018455505371 0
1731957369048 31.406633377075195 0
1731957387810 30.092626571655273 0
1731957406696 30.853078842163086 0
1731957425495 30.784122467041016 0
1731957444438 30.68648910522461 0
1731957463235 31.098299026489258 0
1731957482174 30.554861068725586 0
1731957500949 29.877702713012695 0
1731957519815 31.11651039123535 0
1731957538588 30.63481903076172 0
1731957557516 30.921619415283203 0
1731957576337 30.695337295532227 0
1731957595248 30.3391170501709 0
1731957614017 31.041942596435547 0
1731957633255 31.01386070251465 0
1731957651997 30.179733276367188 0
1731957670906 30.897891998291016 0
1731957689682 30.426713943481445 0
1731957708597 30.960468292236328 0
1731957727376 29.51481819152832 0
1731957746276 30.745275497436523 0
1731957765060 31.293752670288086 0
1731957783971 30.67690086364746 0
1731957802742 30.628530502319336 0
1731957821678 31.613033294677734 0
1731957840483 31.266403198242188 0
1731957859380 30.625045776367188 0
1731957878206 31.331533432006836 0
1731957897414 30.979265213012695 0
1731957916159 31.732542037963867 0
1731957935065 31.468585968017578 0
1731957953838 31.65721893310547 0
1731957972771 31.614639282226562 0
1731957991507 31.165742874145508 0
1731958010438 31.047334671020508 0
1731958029172 31.099472045898438 0
1731958048080 31.61351203918457 0
1731958066850 31.40705108642578 0
1731958085778 31.230558395385742 0
1731958104551 31.19826316833496 0
1731958123476 31.245655059814453 0
1731958142245 31.419044494628906 0
1731958161112 31.58190155029297 0
1731958180217 31.275209426879883 0
1731958199086 31.378171920776367 0
1731958217875 31.519939422607422 0
1731958236757 32.05460739135742 0
1731958255446 32.234195709228516 0
1731958274348 30.99675178527832 0
1731958293142 31.429109573364258 0
1731958311991 31.427188873291016 0
1731958330732 31.72690773010254 0
1731958349626 31.212181091308594 0
1731958368375 31.4028263092041 0
1731958387257 32.198768615722656 0
1731958405976 31.199403762817383 0
1731958424873 30.962663650512695 0
1731958443648 32.02537536621094 0
1731958462865 31.31606674194336 0
1731958481658 31.833566665649414 0
1731958500561 31.446353912353516 0
1731958519257 31.622760772705078 0
1731958538134 31.775957107543945 0
1731958556872 32.17860794067383 0
1731958575736 32.25508499145508 0
1731958594500 31.49200439453125 0
1731958613348 32.196014404296875 0
1731958632056 32.04784393310547 0
1731958650929 31.38397789001465 0
1731958669663 31.85750389099121 0
1731958688534 31.850664138793945 0
1731958707225 32.68159866333008 0
1731958726082 32.016944885253906 0
1731958745137 31.74346923828125 0
1731958764019 31.833192825317383 0
1731958782741 32.25933837890625 0
1731958801644 33.06216049194336 0
1731958820385 32.157432556152344 0
1731958839225 31.778316497802734 0
1731958857955 31.65903663635254 0
1731958876778 31.89491844177246 0
1731958895521 31.61505699157715 0
1731958914412 31.9333553314209 0
1731958933135 31.61275291442871 0
1731958952030 32.579246520996094 0
1731958970763 32.36662292480469 0
1731958989663 32.168827056884766 0
1731959008359 32.3508186340332 0
