1731946078904 0.04257185384631157 0
1731946099467 0.045308712869882584 0
1731946119802 0.048539672046899796 0
1731946140161 0.048967935144901276 0
1731946160318 0.04977128654718399 0
1731946180422 0.04975338280200958 0
1731946200406 0.050172846764326096 0
1731946220407 0.05232531949877739 0
1731946240243 0.05125221237540245 0
1731946260208 0.05185834690928459 0
1731946280069 0.05181211233139038 0
1731946299996 0.05182855948805809 0
1731946319784 0.0527615025639534 0
1731946339692 0.05145114287734032 0
1731946359597 0.05291832983493805 0
1731946377282 0.05259910970926285 0
1731946394910 0.05211220309138298 0
1731946412569 0.051980532705783844 0
1731946430204 0.052175749093294144 0
1731946447834 0.05190706625580788 0
1731946465442 0.05103844031691551 0
1731946483013 0.05050567165017128 0
1731946499838 0.0514526441693306 0
1731946516289 0.05169917643070221 0
1731946532819 0.050644416362047195 0
1731946549319 0.05126086249947548 0
1731946565864 0.05107680708169937 0
1731946582322 0.05034781992435455 0
1731946598910 0.05118623375892639 0
1731946615509 0.05122171714901924 0
1731946631402 0.05142003297805786 0
1731946647239 0.05025016888976097 0
1731946663087 0.05066227540373802 0
1731946678901 0.04923698306083679 0
1731946694731 0.05084601044654846 0
1731946710552 0.0504576750099659 0
1731946726405 0.05030842125415802 0
1731946741845 0.05042868107557297 0
1731946757304 0.049817971885204315 0
1731946772642 0.05107156187295914 0
1731946788096 0.05008269473910332 0
1731946803434 0.049393098801374435 0
1731946818895 0.05017451196908951 0
1731946834246 0.04989516735076904 0
1731946850039 0.04978692904114723 0
1731946865373 0.04994254931807518 0
1731946880811 0.04954776167869568 0
1731946896146 0.050082799047231674 0
1731946911572 0.04939059168100357 0
1731946926871 0.049876172095537186 0
1731946942317 0.04956695809960365 0
1731946957663 0.04957953095436096 0
1731946973065 0.04964452236890793 0
1731946988395 0.04914593696594238 0
1731947003781 0.0497315376996994 0
1731947019090 0.049652207642793655 0
1731947034516 0.04998704046010971 0
1731947049799 0.0492890402674675 0
1731947065180 0.0508432611823082 0
1731947080836 0.05022929981350899 0
1731947096193 0.04946518316864967 0
1731947111516 0.04935286566615105 0
1731947126914 0.04974997043609619 0
1731947142226 0.05009809136390686 0
1731947157627 0.0500233918428421 0
1731947172930 0.04952496662735939 0
1731947188306 0.049321986734867096 0
1731947203615 0.049519412219524384 0
1731947219016 0.049638401716947556 0
1731947234311 0.04967140778899193 0
1731947249702 0.0497606135904789 0
1731947265017 0.04942774772644043 0
1731947280415 0.04948729649186134 0
1731947295689 0.04937591031193733 0
1731947311413 0.049517322331666946 0
1731947326673 0.049821168184280396 0
1731947342039 0.049750011414289474 0
1731947357308 0.05021578073501587 0
1731947372715 0.04989296942949295 0
1731947387999 0.04970046505331993 0
1731947403351 0.049728523939847946 0
1731947418644 0.04956745728850365 0
1731947434036 0.049441151320934296 0
1731947449297 0.049397289752960205 0
1731947464670 0.05006207153201103 0
1731947479931 0.049624886363744736 0
1731947495290 0.04966006055474281 0
1731947510551 0.04965875670313835 0
1731947526250 0.04955863207578659 0
1731947541530 0.0494542196393013 0
1731947556915 0.049492184072732925 0
1731947572159 0.04990880563855171 0
1731947587523 0.04970090463757515 0
1731947602780 0.04942851886153221 0
1731947618167 0.049888499081134796 0
1731947633437 0.04979972541332245 0
1731947648792 0.049508292227983475 0
1731947664049 0.049365896731615067 0
1731947679427 0.04959888011217117 0
1731947694705 0.04898214340209961 0
1731947710076 0.04920761287212372 0
1731947725377 0.050128526985645294 0
1731947740726 0.049615781754255295 0
1731947756286 0.049452751874923706 0
1731947771644 0.049228452146053314 0
1731947786898 0.04972920939326286 0
1731947802265 0.04965656250715256 0
1731947817505 0.04952270910143852 0
1731947832868 0.04952746629714966 0
1731947848118 0.04931383952498436 0
1731947863472 0.04938207566738129 0
1731947878720 0.04980269446969032 0
1731947894074 0.04957446828484535 0
1731947909326 0.049659620970487595 0
1731947924680 0.049637626856565475 0
1731947939932 0.049600616097450256 0
1731947955280 0.04972432181239128 0
1731947970537 0.0497543141245842 0
1731947986234 0.04966721683740616 0
1731948001505 0.04981787130236626 0
1731948016855 0.04951728507876396 0
1731948032117 0.04987368360161781 0
1731948047448 0.04973505809903145 0
1731948062716 0.04993916302919388 0
1731948078064 0.04952337592840195 0
1731948093331 0.04928538575768471 0
1731948108694 0.04932758957147598 0
1731948123942 0.04944733530282974 0
1731948139306 0.04960482195019722 0
1731948154572 0.04973151907324791 0
1731948169928 0.04950013756752014 0
1731948185181 0.04991628974676132 0
1731948200549 0.04957006126642227 0
1731948216150 0.049749936908483505 0
1731948231488 0.04971224442124367 0
1731948246742 0.04943025857210159 0
1731948262085 0.0496194027364254 0
1731948277336 0.04983251541852951 0
1731948292694 0.04924973100423813 0
1731948307953 0.04963420331478119 0
1731948323293 0.04977353662252426 0
1731948338549 0.04953473061323166 0
1731948353883 0.04929542541503906 0
1731948369135 0.049197036772966385 0
1731948384472 0.049689073115587234 0
1731948399724 0.04985857009887695 0
1731948415051 0.04932895302772522 0
1731948430294 0.04938461631536484 0
1731948446239 0.04931371659040451 0
1731948461459 0.04958710819482803 0
1731948476782 0.049307309091091156 0
1731948491999 0.04928285628557205 0
1731948507333 0.04966175556182861 0
1731948522559 0.04987453296780586 0
1731948537893 0.04960279539227486 0
1731948553121 0.04936564341187477 0
1731948568427 0.0497579388320446 0
1731948583663 0.04967919737100601 0
1731948598978 0.04979252442717552 0
1731948614197 0.04970477148890495 0
1731948629504 0.049826882779598236 0
1731948644726 0.0497075617313385 0
1731948660391 0.049435291439294815 0
1731948675638 0.049836527556180954 0
1731948690938 0.04984407126903534 0
1731948706138 0.049815673381090164 0
1731948721456 0.04978359118103981 0
1731948736656 0.04938121885061264 0
1731948751934 0.04941558837890625 0
1731948767125 0.04951045662164688 0
1731948782414 0.049803655594587326 0
1731948797610 0.04983820393681526 0
1731948812929 0.04961484670639038 0
1731948828129 0.04951618239283562 0
1731948843443 0.049700524657964706 0
1731948858639 0.04955693334341049 0
1731948873943 0.049561962485313416 0
1731948889572 0.04986059293150902 0
1731948904874 0.05009133368730545 0
1731948920085 0.05004527419805527 0
1731948935413 0.04980744421482086 0
1731948950619 0.050351180136203766 0
1731948965927 0.049875397235155106 0
1731948981117 0.049744635820388794 0
1731948996430 0.049495138227939606 0
1731949011630 0.0496954470872879 0
1731949026903 0.049571406096220016 0
1731949042075 0.04965728893876076 0
1731949057378 0.04967714846134186 0
1731949072550 0.0497015155851841 0
1731949087832 0.049246180802583694 0
1731949102998 0.049541547894477844 0
1731949118930 0.04965859651565552 0
1731949134096 0.04952958598732948 0
1731949149395 0.04968201741576195 0
1731949164596 0.04969918355345726 0
1731949179893 0.04984990134835243 0
1731949195075 0.04971829429268837 0
1731949210368 0.04991580545902252 0
1731949225536 0.0495990589261055 0
1731949240821 0.04938047379255295 0
1731949255996 0.04956758767366409 0
1731949271274 0.049644410610198975 0
1731949286470 0.049460120499134064 0
1731949301743 0.049897700548172 0
1731949316900 0.04986979439854622 0
1731949332181 0.04948316514492035 0
1731949347685 0.04965983331203461 0
1731949362974 0.04955682158470154 0
1731949378144 0.04980142414569855 0
1731949393409 0.049719713628292084 0
1731949408588 0.0496370829641819 0
1731949423879 0.04972375929355621 0
1731949439074 0.049641791731119156 0
1731949454378 0.049610599875450134 0
1731949469571 0.04953894764184952 0
1731949484851 0.049665920436382294 0
1731949500015 0.04978393763303757 0
1731949515305 0.049591466784477234 0
1731949530489 0.049450866878032684 0
1731949545738 0.049608487635850906 0
1731949560895 0.04987093433737755 0
