1731946078904 0.668211042881012 0
1731946099467 0.6927924156188965 0
1731946119802 0.7184297442436218 0
1731946140161 0.7424633502960205 0
1731946160318 0.7724220752716064 0
1731946180422 0.7943577766418457 0
1731946200406 0.7959563136100769 0
1731946220407 0.8165808916091919 0
1731946240243 0.8140017986297607 0
1731946260208 0.8255913257598877 0
1731946280069 0.8215373754501343 0
1731946299996 0.8329181671142578 0
1731946319784 0.8396677374839783 0
1731946339692 0.8282448649406433 0
1731946359597 0.836881697177887 0
1731946377282 0.8424078822135925 0
1731946394910 0.8435254096984863 0
1731946412569 0.8345845341682434 0
1731946430204 0.8391998410224915 0
1731946447834 0.8519883751869202 0
1731946465442 0.8406580090522766 0
1731946483013 0.8440640568733215 0
1731946499838 0.8513787388801575 0
1731946516289 0.8459494709968567 0
1731946532819 0.8341581225395203 0
1731946549319 0.8343455195426941 0
1731946565864 0.8433939814567566 0
1731946582322 0.8448972105979919 0
1731946598910 0.8397645950317383 0
1731946615509 0.8503937125205994 0
1731946631402 0.8521960973739624 0
1731946647239 0.8524118065834045 0
1731946663087 0.844859778881073 0
1731946678901 0.8474660515785217 0
1731946694731 0.8538032174110413 0
1731946710552 0.8517828583717346 0
1731946726405 0.8373590111732483 0
1731946741845 0.8414917588233948 0
1731946757304 0.8452242016792297 0
1731946772642 0.8437200784683228 0
1731946788096 0.8514237403869629 0
1731946803434 0.8415143489837646 0
1731946818895 0.8370063304901123 0
1731946834246 0.8438196778297424 0
1731946850039 0.8488293886184692 0
1731946865373 0.8453225493431091 0
1731946880811 0.8471454381942749 0
1731946896146 0.8389653563499451 0
1731946911572 0.8412489295005798 0
1731946926871 0.8412792682647705 0
1731946942317 0.8421432375907898 0
1731946957663 0.8371632099151611 0
1731946973065 0.8348662257194519 0
1731946988395 0.8384279012680054 0
1731947003781 0.8377129435539246 0
1731947019090 0.8393590450286865 0
1731947034516 0.8361656665802002 0
1731947049799 0.8447229862213135 0
1731947065180 0.8370360732078552 0
1731947080836 0.8334033489227295 0
1731947096193 0.8381448984146118 0
1731947111516 0.8377948999404907 0
1731947126914 0.8444451689720154 0
1731947142226 0.8385852575302124 0
1731947157627 0.8392300009727478 0
1731947172930 0.8408591747283936 0
1731947188306 0.8418205976486206 0
1731947203615 0.8401980996131897 0
1731947219016 0.8368316888809204 0
1731947234311 0.8467482924461365 0
1731947249702 0.8373636603355408 0
1731947265017 0.8342832326889038 0
1731947280415 0.8391929268836975 0
1731947295689 0.8377187848091125 0
1731947311413 0.837748110294342 0
1731947326673 0.8396413326263428 0
1731947342039 0.8324970602989197 0
1731947357308 0.8284987807273865 0
1731947372715 0.8361352682113647 0
1731947387999 0.834815263748169 0
1731947403351 0.8365099430084229 0
1731947418644 0.8400618433952332 0
1731947434036 0.8371479511260986 0
1731947449297 0.8415259718894958 0
1731947464670 0.8386601805686951 0
1731947479931 0.8381571769714355 0
1731947495290 0.8408231735229492 0
1731947510551 0.8347011804580688 0
1731947526250 0.8316748738288879 0
1731947541530 0.8352999091148376 0
1731947556915 0.834050178527832 0
1731947572159 0.8367652297019958 0
1731947587523 0.8395609855651855 0
1731947602780 0.8348349928855896 0
1731947618167 0.8297140002250671 0
1731947633437 0.8347088098526001 0
1731947648792 0.8337611556053162 0
1731947664049 0.8354106545448303 0
1731947679427 0.8376602530479431 0
1731947694705 0.8356295824050903 0
1731947710076 0.8295405507087708 0
1731947725377 0.8360698819160461 0
1731947740726 0.8358221650123596 0
1731947756286 0.8315999507904053 0
1731947771644 0.8316055536270142 0
1731947786898 0.8323595523834229 0
1731947802265 0.8317362666130066 0
1731947817505 0.8369134068489075 0
1731947832868 0.8327438235282898 0
1731947848118 0.8323303461074829 0
1731947863472 0.8339636921882629 0
1731947878720 0.8340656757354736 0
1731947894074 0.8308367729187012 0
1731947909326 0.8402306437492371 0
1731947924680 0.8311781883239746 0
1731947939932 0.8397008180618286 0
1731947955280 0.8321719169616699 0
1731947970537 0.8381111025810242 0
1731947986234 0.8334636092185974 0
1731948001505 0.8338884711265564 0
1731948016855 0.8339899778366089 0
1731948032117 0.8299671411514282 0
1731948047448 0.8329029679298401 0
1731948062716 0.8316526412963867 0
1731948078064 0.8291309475898743 0
1731948093331 0.8334342837333679 0
1731948108694 0.8366108536720276 0
1731948123942 0.8339925408363342 0
1731948139306 0.8362866640090942 0
1731948154572 0.8335264921188354 0
1731948169928 0.8401577472686768 0
1731948185181 0.832468569278717 0
1731948200549 0.8324680328369141 0
1731948216150 0.831153154373169 0
1731948231488 0.8321377635002136 0
1731948246742 0.8336144685745239 0
1731948262085 0.8328454494476318 0
1731948277336 0.8319310545921326 0
1731948292694 0.8356068730354309 0
1731948307953 0.8346500396728516 0
1731948323293 0.8364171981811523 0
1731948338549 0.8328667879104614 0
1731948353883 0.8332315683364868 0
1731948369135 0.8353268504142761 0
1731948384472 0.8354974389076233 0
1731948399724 0.833642840385437 0
1731948415051 0.8322393298149109 0
1731948430294 0.8354848027229309 0
1731948446239 0.8369836211204529 0
1731948461459 0.8328083157539368 0
1731948476782 0.833453357219696 0
1731948491999 0.8337693214416504 0
1731948507333 0.832263171672821 0
1731948522559 0.8313847780227661 0
1731948537893 0.8346701860427856 0
1731948553121 0.8357141613960266 0
1731948568427 0.8330191373825073 0
1731948583663 0.8327420949935913 0
1731948598978 0.831335186958313 0
1731948614197 0.8324280381202698 0
1731948629504 0.8326964378356934 0
1731948644726 0.8322635293006897 0
1731948660391 0.8337748050689697 0
1731948675638 0.8312922716140747 0
1731948690938 0.8309746980667114 0
1731948706138 0.8361639380455017 0
1731948721456 0.8293449878692627 0
1731948736656 0.8329064846038818 0
1731948751934 0.8319553732872009 0
1731948767125 0.8326435685157776 0
1731948782414 0.8343992829322815 0
1731948797610 0.8302971124649048 0
1731948812929 0.8352687358856201 0
1731948828129 0.8335422277450562 0
1731948843443 0.831716001033783 0
1731948858639 0.8325490355491638 0
1731948873943 0.8326022624969482 0
1731948889572 0.8327233195304871 0
1731948904874 0.8315919041633606 0
1731948920085 0.8337894678115845 0
1731948935413 0.8326048851013184 0
1731948950619 0.829750657081604 0
1731948965927 0.8312197327613831 0
1731948981117 0.831977367401123 0
1731948996430 0.8325238227844238 0
1731949011630 0.8342600464820862 0
1731949026903 0.832222044467926 0
1731949042075 0.8301289677619934 0
1731949057378 0.833744466304779 0
1731949072550 0.8334699273109436 0
1731949087832 0.8327689170837402 0
1731949102998 0.8328472375869751 0
1731949118930 0.834831953048706 0
1731949134096 0.8346347808837891 0
1731949149395 0.8309600949287415 0
1731949164596 0.8318743109703064 0
1731949179893 0.831487238407135 0
1731949195075 0.8320955634117126 0
1731949210368 0.8309183716773987 0
1731949225536 0.8319535851478577 0
1731949240821 0.8330016732215881 0
1731949255996 0.8328230977058411 0
1731949271274 0.8333789110183716 0
1731949286470 0.8341190218925476 0
1731949301743 0.8325222730636597 0
1731949316900 0.8314880132675171 0
1731949332181 0.8310458660125732 0
1731949347685 0.8312987089157104 0
1731949362974 0.831964910030365 0
1731949378144 0.8328734636306763 0
1731949393409 0.833721935749054 0
1731949408588 0.8313577175140381 0
1731949423879 0.8308390974998474 0
1731949439074 0.8336213827133179 0
1731949454378 0.832221508026123 0
1731949469571 0.828542947769165 0
1731949484851 0.8306421041488647 0
1731949500015 0.8328540921211243 0
1731949515305 0.8307979702949524 0
1731949530489 0.8343198299407959 0
1731949545738 0.8325343728065491 0
1731949560895 0.8341059684753418 0
