1731946078904 0.1355578601360321 0
1731946099467 0.11202934384346008 0
1731946119802 0.09994480758905411 0
1731946140161 0.08971704542636871 0
1731946160318 0.08206912875175476 0
1731946180422 0.0792190283536911 0
1731946200406 0.07326042652130127 0
1731946220407 0.06953869760036469 0
1731946240243 0.06864297389984131 0
1731946260208 0.06604614853858948 0
1731946280069 0.06238721311092377 0
1731946299996 0.06259883940219879 0
1731946319784 0.05880613625049591 0
1731946339692 0.060031190514564514 0
1731946359597 0.0599086731672287 0
1731946377282 0.05523700267076492 0
1731946394910 0.055346596986055374 0
1731946412569 0.052575334906578064 0
1731946430204 0.051574721932411194 0
1731946447834 0.05320284515619278 0
1731946465442 0.04963669180870056 0
1731946483013 0.05081022530794144 0
1731946499838 0.05129961296916008 0
1731946516289 0.047960858792066574 0
1731946532819 0.04902230575680733 0
1731946549319 0.04801233857870102 0
1731946565864 0.04523086920380592 0
1731946582322 0.0424237996339798 0
1731946598910 0.04556281119585037 0
1731946615509 0.04349132627248764 0
1731946631402 0.0452762134373188 0
1731946647239 0.04257163405418396 0
1731946663087 0.042650386691093445 0
1731946678901 0.04100417345762253 0
1731946694731 0.04027670621871948 0
1731946710552 0.04112070053815842 0
1731946726405 0.040434498339891434 0
1731946741845 0.03953799977898598 0
1731946757304 0.03793785348534584 0
1731946772642 0.03917834907770157 0
1731946788096 0.039630476385354996 0
1731946803434 0.03947964310646057 0
1731946818895 0.0380978137254715 0
1731946834246 0.03520103916525841 0
1731946850039 0.03792619705200195 0
1731946865373 0.03995634615421295 0
1731946880811 0.037945766001939774 0
1731946896146 0.037499718368053436 0
1731946911572 0.036184825003147125 0
1731946926871 0.03642582148313522 0
1731946942317 0.03424087539315224 0
1731946957663 0.03537985682487488 0
1731946973065 0.034509338438510895 0
1731946988395 0.03348173201084137 0
1731947003781 0.03413446247577667 0
1731947019090 0.035225555300712585 0
1731947034516 0.03381703794002533 0
1731947049799 0.03430328518152237 0
1731947065180 0.03191748633980751 0
1731947080836 0.03345223516225815 0
1731947096193 0.03218487650156021 0
1731947111516 0.03232434764504433 0
1731947126914 0.03175584599375725 0
1731947142226 0.03253079205751419 0
1731947157627 0.03343033418059349 0
1731947172930 0.03384697064757347 0
1731947188306 0.032586343586444855 0
1731947203615 0.030304912477731705 0
1731947219016 0.03257880359888077 0
1731947234311 0.030210336670279503 0
1731947249702 0.03124607726931572 0
1731947265017 0.03048495203256607 0
1731947280415 0.030598921701312065 0
1731947295689 0.030035091564059258 0
1731947311413 0.02876250445842743 0
1731947326673 0.029047321528196335 0
1731947342039 0.028842415660619736 0
1731947357308 0.029249446466565132 0
1731947372715 0.03129255399107933 0
1731947387999 0.029796844348311424 0
1731947403351 0.02940583974123001 0
1731947418644 0.028334632515907288 0
1731947434036 0.029643040150403976 0
1731947449297 0.02809828892350197 0
1731947464670 0.028211675584316254 0
1731947479931 0.029126375913619995 0
1731947495290 0.028741303831338882 0
1731947510551 0.028504887595772743 0
1731947526250 0.027921713888645172 0
1731947541530 0.027838775888085365 0
1731947556915 0.027383608743548393 0
1731947572159 0.028181061148643494 0
1731947587523 0.028586044907569885 0
1731947602780 0.02729148603975773 0
1731947618167 0.02775496616959572 0
1731947633437 0.02750043198466301 0
1731947648792 0.027687594294548035 0
1731947664049 0.027466196566820145 0
1731947679427 0.02716432511806488 0
1731947694705 0.027027677744627 0
1731947710076 0.028951067477464676 0
1731947725377 0.02615906298160553 0
1731947740726 0.027065835893154144 0
1731947756286 0.028159447014331818 0
1731947771644 0.02619067393243313 0
1731947786898 0.026889050379395485 0
1731947802265 0.02690182439982891 0
1731947817505 0.02512398175895214 0
1731947832868 0.024787763133645058 0
1731947848118 0.026572439819574356 0
1731947863472 0.025791937485337257 0
1731947878720 0.02509067766368389 0
1731947894074 0.025646576657891273 0
1731947909326 0.02529464289546013 0
1731947924680 0.02499447576701641 0
1731947939932 0.0255582295358181 0
1731947955280 0.024843936786055565 0
1731947970537 0.024016287177801132 0
1731947986234 0.024787988513708115 0
1731948001505 0.025341350585222244 0
1731948016855 0.024213839322328568 0
1731948032117 0.024246806278824806 0
1731948047448 0.024639245122671127 0
1731948062716 0.025429995730519295 0
1731948078064 0.023719944059848785 0
1731948093331 0.025237295776605606 0
1731948108694 0.025831300765275955 0
1731948123942 0.022870324552059174 0
1731948139306 0.023740805685520172 0
1731948154572 0.0250781811773777 0
1731948169928 0.02353692054748535 0
1731948185181 0.025387585163116455 0
1731948200549 0.023798959329724312 0
1731948216150 0.023995548486709595 0
1731948231488 0.023568633943796158 0
1731948246742 0.023972664028406143 0
1731948262085 0.02406109869480133 0
1731948277336 0.02326505072414875 0
1731948292694 0.022847577929496765 0
1731948307953 0.0236518494784832 0
1731948323293 0.02201244607567787 0
1731948338549 0.022664176300168037 0
1731948353883 0.023420412093400955 0
1731948369135 0.022762376815080643 0
1731948384472 0.022071097046136856 0
1731948399724 0.022856587544083595 0
1731948415051 0.02316751703619957 0
1731948430294 0.022270340472459793 0
1731948446239 0.023333754390478134 0
1731948461459 0.02205439656972885 0
1731948476782 0.022441677749156952 0
1731948491999 0.022044921293854713 0
1731948507333 0.02176256850361824 0
1731948522559 0.02199530228972435 0
1731948537893 0.021511171013116837 0
1731948553121 0.02250467799603939 0
1731948568427 0.02211110107600689 0
1731948583663 0.0210181325674057 0
1731948598978 0.022897467017173767 0
1731948614197 0.02239651419222355 0
1731948629504 0.02216263674199581 0
1731948644726 0.02249506115913391 0
1731948660391 0.02207178995013237 0
1731948675638 0.021851934492588043 0
1731948690938 0.02012559026479721 0
1731948706138 0.022181684151291847 0
1731948721456 0.02243148721754551 0
1731948736656 0.0216386578977108 0
1731948751934 0.021367602050304413 0
1731948767125 0.021683622151613235 0
1731948782414 0.021417882293462753 0
1731948797610 0.02011938765645027 0
1731948812929 0.0210735984146595 0
1731948828129 0.02105318382382393 0
1731948843443 0.01991410180926323 0
1731948858639 0.020947104319930077 0
1731948873943 0.020818160846829414 0
1731948889572 0.021215878427028656 0
1731948904874 0.020552989095449448 0
1731948920085 0.02130707912147045 0
1731948935413 0.02029299922287464 0
1731948950619 0.019655613228678703 0
1731948965927 0.01935027912259102 0
1731948981117 0.01998901553452015 0
1731948996430 0.021148214116692543 0
1731949011630 0.020190801471471786 0
1731949026903 0.020395316183567047 0
1731949042075 0.020765753462910652 0
1731949057378 0.020985379815101624 0
1731949072550 0.019813885912299156 0
1731949087832 0.020648621022701263 0
1731949102998 0.020787332206964493 0
1731949118930 0.020093418657779694 0
1731949134096 0.020400896668434143 0
1731949149395 0.02026289701461792 0
1731949164596 0.020437486469745636 0
1731949179893 0.01961355283856392 0
1731949195075 0.01934026926755905 0
1731949210368 0.019337909296154976 0
1731949225536 0.01946931704878807 0
1731949240821 0.021127954125404358 0
1731949255996 0.019493060186505318 0
1731949271274 0.02094210311770439 0
1731949286470 0.020439505577087402 0
1731949301743 0.020264841616153717 0
1731949316900 0.01846218854188919 0
1731949332181 0.019805006682872772 0
1731949347685 0.018819887191057205 0
1731949362974 0.01943616196513176 0
1731949378144 0.020103922113776207 0
1731949393409 0.01945003680884838 0
1731949408588 0.019626712426543236 0
1731949423879 0.01886192336678505 0
1731949439074 0.019428126513957977 0
1731949454378 0.019770992919802666 0
1731949469571 0.01910942792892456 0
1731949484851 0.019792165607213974 0
1731949500015 0.019609887152910233 0
1731949515305 0.01863253116607666 0
1731949530489 0.019352659583091736 0
1731949545738 0.018205907195806503 0
1731949560895 0.019634883850812912 0
