1731946078924 0.0026719733141362667 0
1731946099473 0.0011015794007107615 0
1731946119804 0.0008523126598447561 0
1731946140164 0.0007995682535693049 0
1731946160321 0.0006854931707493961 0
1731946180424 0.0006998266326263547 0
1731946200409 0.0006344678113237023 0
1731946220409 0.000628435576800257 0
1731946240246 0.0006937654688954353 0
1731946260210 0.0005706879892386496 0
1731946280071 0.0006377769750542939 0
1731946299999 0.0006069027585908771 0
1731946319787 0.0005655435379594564 0
1731946339694 0.0005382556701079011 0
1731946359600 0.0006399175035767257 0
1731946377284 0.0006056134589016438 0
1731946394912 0.0006095196586102247 0
1731946412572 0.0006548680830746889 0
1731946430206 0.0006927275680936873 0
1731946447837 0.0006424692110158503 0
1731946465445 0.0006204691017046571 0
1731946483016 0.0006388077745214105 0
1731946499841 0.0006589140393771231 0
1731946516291 0.0005923011340200901 0
1731946532821 0.0006404115119948983 0
1731946549322 0.0006339526735246181 0
1731946565866 0.0006873501697555184 0
1731946582324 0.0008254713611677289 0
1731946598913 0.0007265268359333277 0
1731946615511 0.000825576251372695 0
1731946631404 0.0007783642504364252 0
1731946647242 0.0007892221910879016 0
1731946663090 0.0007362412288784981 0
1731946678904 0.0007144137052819133 0
1731946694733 0.0007408226374536753 0
1731946710555 0.0007916222675703466 0
1731946726407 0.0007464097579941154 0
1731946741847 0.0009154672734439373 0
1731946757306 0.0007395875873044133 0
1731946772645 0.0007385656936094165 0
1731946788098 0.0008329184493049979 0
1731946803436 0.0007489033159799874 0
1731946818897 0.0007461273344233632 0
1731946834249 0.0007816350553184748 0
1731946850041 0.0008394233882427216 0
1731946865375 0.0008250207174569368 0
1731946880813 0.0008699247846379876 0
1731946896149 0.0008103353902697563 0
1731946911574 0.0008026282303035259 0
1731946926873 0.0008830996230244637 0
1731946942319 0.0007655437802895904 0
1731946957665 0.0007921924698166549 0
1731946973068 0.0008164967875927687 0
1731946988397 0.0008639442967250943 0
1731947003784 0.000800411100499332 0
1731947019092 0.0008208184153772891 0
1731947034518 0.0008740070043131709 0
1731947049801 0.0008951171766966581 0
1731947065182 0.0008636106504127383 0
1731947080838 0.0008023738628253341 0
1731947096195 0.0008739842451177537 0
1731947111519 0.000853867270052433 0
1731947126916 0.0008687668014317751 0
1731947142228 0.0009590020636096597 0
1731947157630 0.0009304319974035025 0
1731947172933 0.000852051773108542 0
1731947188309 0.0009587618405930698 0
1731947203618 0.0008523822179995477 0
1731947219018 0.0009373867651447654 0
1731947234314 0.0008377751801162958 0
1731947249704 0.0009077617432922125 0
1731947265019 0.0010249328333884478 0
1731947280418 0.000895911653060466 0
1731947295692 0.0009603297803550959 0
1731947311415 0.0008524872246198356 0
1731947326675 0.0010057155741378665 0
1731947342042 0.0009113114792853594 0
1731947357311 0.000939051213208586 0
1731947372717 0.0009382794960401952 0
1731947388002 0.0009568866807967424 0
1731947403354 0.0009575676522217691 0
1731947418646 0.0009581544436514378 0
1731947434038 0.0010067152325063944 0
1731947449299 0.0009495255653746426 0
1731947464672 0.0009982791962102056 0
1731947479933 0.0009791150223463774 0
1731947495293 0.000969731598161161 0
1731947510554 0.0011050979373976588 0
1731947526252 0.0009845778113231063 0
1731947541532 0.0009704612893983722 0
1731947556918 0.0009821807034313679 0
1731947572162 0.0010159974917769432 0
1731947587525 0.0010017581516876817 0
1731947602782 0.0010866697411984205 0
1731947618169 0.0009151302510872483 0
1731947633439 0.0010637803934514523 0
1731947648794 0.0010239100083708763 0
1731947664051 0.0011174851097166538 0
1731947679430 0.0010631453478708863 0
1731947694707 0.0010057389736175537 0
1731947710078 0.0011569024063646793 0
1731947725379 0.0010619235690683126 0
1731947740728 0.0010933985468000174 0
1731947756288 0.0010598734952509403 0
1731947771646 0.0011001015082001686 0
1731947786901 0.001204450149089098 0
1731947802268 0.001083703013136983 0
1731947817507 0.0011466480791568756 0
1731947832872 0.00114720209967345 0
1731947848121 0.001126798684708774 0
1731947863474 0.0012064767070114613 0
1731947878723 0.001066773314960301 0
1731947894076 0.0011305073276162148 0
1731947909329 0.0010683209402486682 0
1731947924684 0.0011744305957108736 0
1731947939934 0.001088783610612154 0
1731947955282 0.001199744176119566 0
1731947970540 0.00113471201620996 0
1731947986237 0.0011648181825876236 0
1731948001507 0.0011290938127785921 0
1731948016858 0.0011441156966611743 0
1731948032120 0.0011882034596055746 0
1731948047450 0.001217878656461835 0
1731948062718 0.0012097719591110945 0
1731948078066 0.0011044025886803865 0
1731948093333 0.0012439340353012085 0
1731948108697 0.0012024178868159652 0
1731948123944 0.0013610344612970948 0
1731948139309 0.0011684573255479336 0
1731948154574 0.0011968075996264815 0
1731948169930 0.0011508828029036522 0
1731948185183 0.001239468576386571 0
1731948200551 0.001251148758456111 0
1731948216152 0.0011928017484024167 0
1731948231490 0.0012408810434862971 0
1731948246744 0.0010460179764777422 0
1731948262087 0.0011954199289903045 0
1731948277338 0.001301485812291503 0
1731948292697 0.001313214423134923 0
1731948307956 0.0010982683161273599 0
1731948323296 0.001249566674232483 0
1731948338552 0.0011608093045651913 0
1731948353885 0.0012815867085009813 0
1731948369137 0.0012888789642602205 0
1731948384474 0.0012805673759430647 0
1731948399727 0.001292663742788136 0
1731948415054 0.0012414513621479273 0
1731948430297 0.0012412079377099872 0
1731948446241 0.0012485370971262455 0
1731948461461 0.0013118204660713673 0
1731948476785 0.001353047788143158 0
1731948492001 0.001331503503024578 0
1731948507336 0.0011816154001280665 0
1731948522561 0.0013135718181729317 0
1731948537895 0.0012066346826031804 0
1731948553123 0.0012588909594342113 0
1731948568429 0.0012991020921617746 0
1731948583665 0.0013852824922651052 0
1731948598981 0.0013492811704054475 0
1731948614200 0.0013267886824905872 0
1731948629506 0.001343987649306655 0
1731948644729 0.0012662006774917245 0
1731948660394 0.0012999901082366705 0
1731948675640 0.0012753414921462536 0
1731948690941 0.0013466328382492065 0
1731948706140 0.0013470242265611887 0
1731948721458 0.0013486132957041264 0
1731948736659 0.001353815314359963 0
1731948751936 0.0012962697073817253 0
1731948767127 0.0014091555494815111 0
1731948782416 0.0014052093029022217 0
1731948797612 0.0013008506502956152 0
1731948812932 0.001379103516228497 0
1731948828131 0.0013947021216154099 0
1731948843445 0.0013392387190833688 0
1731948858641 0.0013554333709180355 0
1731948873945 0.0012865758035331964 0
1731948889575 0.0013087769038975239 0
1731948904876 0.0013330026995390654 0
1731948920087 0.0013832037802785635 0
1731948935416 0.0014044612180441618 0
1731948950622 0.0013170138699933887 0
1731948965929 0.0013746037147939205 0
1731948981120 0.0013695602538064122 0
1731948996433 0.0013909190893173218 0
1731949011632 0.00134930235799402 0
1731949026905 0.0014106068992987275 0
1731949042078 0.0013020085170865059 0
1731949057381 0.001375144231133163 0
1731949072552 0.0014750141417607665 0
1731949087834 0.0013712674845010042 0
1731949103001 0.0014411831507459283 0
1731949118933 0.0013347428757697344 0
1731949134098 0.0014186091721057892 0
1731949149398 0.0013313404051586986 0
1731949164599 0.001388234319165349 0
1731949179895 0.001396882114931941 0
1731949195077 0.0014207062777131796 0
1731949210371 0.0013852540869265795 0
1731949225539 0.0014186461921781301 0
1731949240823 0.0015109048690646887 0
1731949255999 0.0013881358318030834 0
1731949271277 0.0013987567508593202 0
1731949286472 0.0014101353008300066 0
1731949301745 0.001419407781213522 0
1731949316902 0.0013877702876925468 0
1731949332183 0.0014876872301101685 0
1731949347687 0.001463935011997819 0
1731949362976 0.0014403013046830893 0
1731949378146 0.0014647924108430743 0
1731949393411 0.0014942905399948359 0
1731949408590 0.0015081091551110148 0
1731949423882 0.0014962881105020642 0
1731949439076 0.0014882627874612808 0
1731949454380 0.0014353049919009209 0
1731949469574 0.0014175822725519538 0
1731949484854 0.0014171211514621973 0
1731949500018 0.0014779838966205716 0
1731949515308 0.0013748380588367581 0
1731949530491 0.0015435414388775826 0
1731949545740 0.0014310867991298437 0
1731949560897 0.001518958481028676 0
