1731946078904 18.647611618041992 0
1731946099467 21.216054916381836 0
1731946119802 22.338943481445312 0
1731946140161 21.79346466064453 0
1731946160318 23.169273376464844 0
1731946180422 23.09754180908203 0
1731946200406 23.438779830932617 0
1731946220407 24.000173568725586 0
1731946240243 23.688583374023438 0
1731946260208 24.0111083984375 0
1731946280069 23.884265899658203 0
1731946299996 24.554668426513672 0
1731946319784 24.123865127563477 0
1731946339692 24.034006118774414 0
1731946359597 24.05402946472168 0
1731946377282 24.840417861938477 0
1731946394910 24.431013107299805 0
1731946412569 24.906076431274414 0
1731946430204 25.19915199279785 0
1731946447834 24.97394371032715 0
1731946465442 25.53571319580078 0
1731946483013 25.031518936157227 0
1731946499838 25.006731033325195 0
1731946516289 25.103885650634766 0
1731946532819 25.57834815979004 0
1731946549319 25.03901481628418 0
1731946565864 24.864971160888672 0
1731946582322 25.27029800415039 0
1731946598910 25.369579315185547 0
1731946615509 25.53936004638672 0
1731946631402 25.808021545410156 0
1731946647239 24.940080642700195 0
1731946663087 25.617122650146484 0
1731946678901 25.737163543701172 0
1731946694731 26.757837295532227 0
1731946710552 25.57713508605957 0
1731946726405 26.1112117767334 0
1731946741845 25.778766632080078 0
1731946757304 26.081140518188477 0
1731946772642 25.914445877075195 0
1731946788096 25.67951011657715 0
1731946803434 25.806941986083984 0
1731946818895 25.6746883392334 0
1731946834246 26.31745719909668 0
1731946850039 25.699031829833984 0
1731946865373 26.43161392211914 0
1731946880811 25.910890579223633 0
1731946896146 26.541967391967773 0
1731946911572 26.212970733642578 0
1731946926871 25.960281372070312 0
1731946942317 25.942462921142578 0
1731946957663 26.46867561340332 0
1731946973065 26.332456588745117 0
1731946988395 26.463138580322266 0
1731947003781 26.58248519897461 0
1731947019090 25.581396102905273 0
1731947034516 26.56451988220215 0
1731947049799 26.23663902282715 0
1731947065180 26.6025447845459 0
1731947080836 26.920751571655273 0
1731947096193 26.75006103515625 0
1731947111516 26.606115341186523 0
1731947126914 27.26632308959961 0
1731947142226 26.758392333984375 0
1731947157627 26.45359230041504 0
1731947172930 26.765583038330078 0
1731947188306 26.185903549194336 0
1731947203615 26.71504020690918 0
1731947219016 26.66217613220215 0
1731947234311 26.8371524810791 0
1731947249702 26.603878021240234 0
1731947265017 26.750951766967773 0
1731947280415 27.17385482788086 0
1731947295689 27.552581787109375 0
1731947311413 26.728919982910156 0
1731947326673 26.821949005126953 0
1731947342039 27.25094985961914 0
1731947357308 26.85459327697754 0
1731947372715 27.70506477355957 0
1731947387999 26.765901565551758 0
1731947403351 26.521610260009766 0
1731947418644 27.230377197265625 0
1731947434036 27.22979736328125 0
1731947449297 26.8109073638916 0
1731947464670 28.1735897064209 0
1731947479931 27.60221290588379 0
1731947495290 27.626331329345703 0
1731947510551 27.724475860595703 0
1731947526250 27.517574310302734 0
1731947541530 27.125473022460938 0
1731947556915 27.5219669342041 0
1731947572159 27.585174560546875 0
1731947587523 27.74236297607422 0
1731947602780 27.26718521118164 0
1731947618167 27.3287410736084 0
1731947633437 27.150585174560547 0
1731947648792 27.667695999145508 0
1731947664049 27.586700439453125 0
1731947679427 27.879199981689453 0
1731947694705 28.149389266967773 0
1731947710076 27.52509880065918 0
1731947725377 27.996213912963867 0
1731947740726 27.656126022338867 0
1731947756286 27.78456687927246 0
1731947771644 27.740703582763672 0
1731947786898 27.82185935974121 0
1731947802265 28.361711502075195 0
1731947817505 28.009252548217773 0
1731947832868 28.20734977722168 0
1731947848118 28.080888748168945 0
1731947863472 28.36058807373047 0
1731947878720 28.324987411499023 0
1731947894074 27.58838653564453 0
1731947909326 28.688495635986328 0
1731947924680 28.56217384338379 0
1731947939932 27.53118133544922 0
1731947955280 28.426841735839844 0
1731947970537 27.82276725769043 0
1731947986234 28.76703643798828 0
1731948001505 28.458852767944336 0
1731948016855 28.413339614868164 0
1731948032117 28.125072479248047 0
1731948047448 28.198122024536133 0
1731948062716 27.96841049194336 0
1731948078064 27.858325958251953 0
1731948093331 28.142780303955078 0
1731948108694 27.6245059967041 0
1731948123942 27.782960891723633 0
1731948139306 28.62493324279785 0
1731948154572 28.75287437438965 0
1731948169928 28.303768157958984 0
1731948185181 28.443326950073242 0
1731948200549 28.563865661621094 0
1731948216150 28.4247989654541 0
1731948231488 28.162229537963867 0
1731948246742 28.470582962036133 0
1731948262085 28.942338943481445 0
1731948277336 29.270389556884766 0
1731948292694 29.32679557800293 0
1731948307953 28.577800750732422 0
1731948323293 29.071426391601562 0
1731948338549 28.69005584716797 0
1731948353883 28.899850845336914 0
1731948369135 28.74558448791504 0
1731948384472 29.018230438232422 0
1731948399724 28.742687225341797 0
1731948415051 29.049259185791016 0
1731948430294 29.311344146728516 0
1731948446239 28.76167106628418 0
1731948461459 28.79302215576172 0
1731948476782 28.808238983154297 0
1731948491999 29.08850860595703 0
1731948507333 29.110858917236328 0
1731948522559 28.554006576538086 0
1731948537893 29.183767318725586 0
1731948553121 29.350191116333008 0
1731948568427 28.845077514648438 0
1731948583663 28.939897537231445 0
1731948598978 29.827451705932617 0
1731948614197 29.390201568603516 0
1731948629504 29.687055587768555 0
1731948644726 28.974153518676758 0
1731948660391 29.51854705810547 0
1731948675638 29.37497901916504 0
1731948690938 29.674400329589844 0
1731948706138 28.523502349853516 0
1731948721456 29.832660675048828 0
1731948736656 29.411222457885742 0
1731948751934 29.77410888671875 0
1731948767125 29.503955841064453 0
1731948782414 29.239662170410156 0
1731948797610 29.782848358154297 0
1731948812929 29.866455078125 0
1731948828129 29.522998809814453 0
1731948843443 29.43960189819336 0
1731948858639 29.774396896362305 0
1731948873943 29.47180938720703 0
1731948889572 29.641401290893555 0
1731948904874 29.412851333618164 0
1731948920085 29.502044677734375 0
1731948935413 30.359397888183594 0
1731948950619 29.605998992919922 0
1731948965927 29.474178314208984 0
1731948981117 29.791297912597656 0
1731948996430 29.914915084838867 0
1731949011630 29.90609359741211 0
1731949026903 29.869281768798828 0
1731949042075 29.627323150634766 0
1731949057378 29.46577262878418 0
1731949072550 29.770357131958008 0
1731949087832 29.212448120117188 0
1731949102998 30.17897605895996 0
1731949118930 30.32539176940918 0
1731949134096 29.9019718170166 0
1731949149395 30.060779571533203 0
1731949164596 30.232563018798828 0
1731949179893 30.09573745727539 0
1731949195075 30.35348892211914 0
1731949210368 29.560043334960938 0
1731949225536 29.972824096679688 0
1731949240821 29.622365951538086 0
1731949255996 30.344593048095703 0
1731949271274 29.716808319091797 0
1731949286470 30.094749450683594 0
1731949301743 30.105369567871094 0
1731949316900 30.591476440429688 0
1731949332181 30.081777572631836 0
1731949347685 29.924755096435547 0
1731949362974 30.249629974365234 0
1731949378144 29.898881912231445 0
1731949393409 29.928955078125 0
1731949408588 30.132366180419922 0
1731949423879 29.852279663085938 0
1731949439074 29.996898651123047 0
1731949454378 29.711162567138672 0
1731949469571 30.522066116333008 0
1731949484851 30.430662155151367 0
1731949500015 30.57712173461914 0
1731949515305 30.51251792907715 0
1731949530489 30.19316291809082 0
1731949545738 30.929224014282227 0
1731949560895 30.270641326904297 0
