1731946078924 0.013653336092829704 0
1731946099473 0.007557782344520092 0
1731946119804 0.0058358702808618546 0
1731946140164 0.006616882514208555 0
1731946160321 0.0048202816396951675 0
1731946180424 0.0049005597829818726 0
1731946200409 0.004530247300863266 0
1731946220409 0.003980911336839199 0
1731946240246 0.004277023486793041 0
1731946260210 0.003970900550484657 0
1731946280071 0.0040885875932872295 0
1731946299999 0.003503750544041395 0
1731946319787 0.0038691293448209763 0
1731946339694 0.003950018901377916 0
1731946359600 0.003931849729269743 0
1731946377284 0.003280635690316558 0
1731946394912 0.003604944795370102 0
1731946412572 0.0032314127311110497 0
1731946430206 0.003020539879798889 0
1731946447837 0.003181306179612875 0
1731946465445 0.0027953009121119976 0
1731946483016 0.0031394099351018667 0
1731946499841 0.0031573798041790724 0
1731946516291 0.003087531542405486 0
1731946532821 0.002767993602901697 0
1731946549322 0.0031339949928224087 0
1731946565866 0.0032621414866298437 0
1731946582324 0.0029714619740843773 0
1731946598913 0.0029043033719062805 0
1731946615511 0.002792955143377185 0
1731946631404 0.0026254139374941587 0
1731946647242 0.0032062081154435873 0
1731946663090 0.0027433917857706547 0
1731946678904 0.0026686000637710094 0
1731946694733 0.0021096772979944944 0
1731946710555 0.0027687668334692717 0
1731946726407 0.0024483785964548588 0
1731946741847 0.0026431584265083075 0
1731946757306 0.0024653906002640724 0
1731946772645 0.0025618593208491802 0
1731946788098 0.002704262500628829 0
1731946803436 0.0026260665617883205 0
1731946818897 0.002707266714423895 0
1731946834249 0.00233482476323843 0
1731946850041 0.00269213505089283 0
1731946865375 0.002274251077324152 0
1731946880813 0.002563958056271076 0
1731946896149 0.0022171917371451855 0
1731946911574 0.002391678746789694 0
1731946926873 0.0025349643547087908 0
1731946942319 0.0025453863199800253 0
1731946957665 0.0022549263667315245 0
1731946973068 0.002326774410903454 0
1731946988397 0.002257802989333868 0
1731947003784 0.0021966013591736555 0
1731947019092 0.002766051096841693 0
1731947034518 0.002205707598477602 0
1731947049801 0.0023786798119544983 0
1731947065182 0.002186479978263378 0
1731947080838 0.0020320049952715635 0
1731947096195 0.0021134589333087206 0
1731947111519 0.002184683457016945 0
1731947126916 0.0018765818094834685 0
1731947142228 0.0021094083786010742 0
1731947157630 0.0022627708967775106 0
1731947172933 0.00210591871291399 0
1731947188309 0.0024066315963864326 0
1731947203618 0.0021305703558027744 0
1731947219018 0.0021566632203757763 0
1731947234314 0.002071498893201351 0
1731947249704 0.0021858077961951494 0
1731947265019 0.0021130256354808807 0
1731947280418 0.0019169659353792667 0
1731947295692 0.0017568785697221756 0
1731947311415 0.0021237721666693687 0
1731947326675 0.0020787627436220646 0
1731947342042 0.0018832359928637743 0
1731947357311 0.002063196152448654 0
1731947372717 0.0016962641384452581 0
1731947388002 0.002105764579027891 0
1731947403354 0.0022276081144809723 0
1731947418646 0.001892179250717163 0
1731947434038 0.0018924318719655275 0
1731947449299 0.002084054984152317 0
1731947464672 0.001522793434560299 0
1731947479933 0.0017369149718433619 0
1731947495293 0.0017272962722927332 0
1731947510554 0.0016886992380023003 0
1731947526252 0.0017710970714688301 0
1731947541532 0.0019384415354579687 0
1731947556918 0.0017693074187263846 0
1731947572162 0.0017437429632991552 0
1731947587525 0.001681758090853691 0
1731947602782 0.001876210211776197 0
1731947618169 0.0018498040735721588 0
1731947633439 0.0019272640347480774 0
1731947648794 0.0017109219916164875 0
1731947664051 0.0017431306187063456 0
1731947679430 0.0016295964596793056 0
1731947694707 0.0015313024632632732 0
1731947710078 0.0017680315067991614 0
1731947725379 0.0015862751752138138 0
1731947740728 0.0017154859378933907 0
1731947756288 0.0016654948703944683 0
1731947771646 0.0016824014019221067 0
1731947786901 0.001651254715397954 0
1731947802268 0.001458238810300827 0
1731947817507 0.0015815201913937926 0
1731947832872 0.0015110017266124487 0
1731947848121 0.0015556467697024345 0
1731947863474 0.0014586159959435463 0
1731947878723 0.001470622606575489 0
1731947894076 0.001742454245686531 0
1731947909329 0.0013525409158319235 0
1731947924684 0.0013924589147791266 0
1731947939934 0.00176555709913373 0
1731947955282 0.001436533173546195 0
1731947970540 0.0016509091947227716 0
1731947986237 0.0013283002190291882 0
1731948001507 0.0014259841991588473 0
1731948016858 0.0014410059666261077 0
1731948032120 0.0015399003168568015 0
1731948047450 0.001514215487986803 0
1731948062718 0.0015964629128575325 0
1731948078066 0.0016374470433220267 0
1731948093333 0.001533634727820754 0
1731948108697 0.0017280224710702896 0
1731948123944 0.0016661107074469328 0
1731948139309 0.0013724816963076591 0
1731948154574 0.0013326386688277125 0
1731948169930 0.0014778254553675652 0
1731948185183 0.001431090640835464 0
1731948200551 0.0013919168850407004 0
1731948216152 0.0014372095465660095 0
1731948231490 0.0015267813578248024 0
1731948246744 0.0014221372548490763 0
1731948262087 0.001275750808417797 0
1731948277338 0.0011829349678009748 0
1731948292697 0.0011676704743877053 0
1731948307956 0.0013874577125534415 0
1731948323296 0.0012383897555992007 0
1731948338552 0.0013520549982786179 0
1731948353885 0.0012882929295301437 0
1731948369137 0.0013348779175430536 0
1731948384474 0.0012536514550447464 0
1731948399727 0.0013357683783397079 0
1731948415054 0.00124472682364285 0
1731948430297 0.00117183243855834 0
1731948446241 0.001329942373558879 0
1731948461461 0.0013203765265643597 0
1731948476785 0.0013157579815015197 0
1731948492001 0.0012335279025137424 0
1731948507336 0.0012271961895748973 0
1731948522561 0.0013950805878266692 0
1731948537895 0.0012067665811628103 0
1731948553123 0.0011613973183557391 0
1731948568429 0.001304644625633955 0
1731948583665 0.0012764682760462165 0
1731948598981 0.0010405306238681078 0
1731948614200 0.001150746364146471 0
1731948629506 0.0010747171472758055 0
1731948644729 0.001266439794562757 0
1731948660394 0.001117236795835197 0
1731948675640 0.001154787139967084 0
1731948690941 0.0010778538417071104 0
1731948706140 0.001404913840815425 0
1731948721458 0.001039283350110054 0
1731948736659 0.001145190210081637 0
1731948751936 0.00105338916182518 0
1731948767127 0.0011209964286535978 0
1731948782416 0.0011913346825167537 0
1731948797612 0.0010512715671211481 0
1731948812932 0.0010312276426702738 0
1731948828131 0.001116091851145029 0
1731948843445 0.0011377318296581507 0
1731948858641 0.001053319312632084 0
1731948873945 0.001129325246438384 0
1731948889575 0.0010860745096579194 0
1731948904876 0.0011447605211287737 0
1731948920087 0.0011214899132028222 0
1731948935416 0.0009205768583342433 0
1731948950622 0.0010949645657092333 0
1731948965929 0.0011287089437246323 0
1731948981120 0.0010492285946384072 0
1731948996433 0.0010197844821959734 0
1731949011632 0.0010218580719083548 0
1731949026905 0.0010305562755092978 0
1731949042078 0.001089600962586701 0
1731949057381 0.001130895921960473 0
1731949072552 0.0010542997624725103 0
1731949087834 0.0011988228652626276 0
1731949103001 0.0009596263989806175 0
1731949118933 0.0009278133511543274 0
1731949134098 0.0010228280443698168 0
1731949149398 0.0009861020371317863 0
1731949164599 0.0009478586725890636 0
1731949179895 0.0009781965054571629 0
1731949195077 0.0009218304185196757 0
1731949210371 0.001106612617149949 0
1731949225539 0.0010062768124043941 0
1731949240823 0.0010908455587923527 0
1731949255999 0.0009237205376848578 0
1731949271277 0.001067379955202341 0
1731949286472 0.0009784193243831396 0
1731949301745 0.0009760293178260326 0
1731949316902 0.000872674398124218 0
1731949332183 0.000981345772743225 0
1731949347687 0.0010174764320254326 0
1731949362976 0.0009441410074941814 0
1731949378146 0.0010235561057925224 0
1731949393411 0.0010164928389713168 0
1731949408590 0.0009699810179881752 0
1731949423882 0.0010345987975597382 0
1731949439076 0.001000713906250894 0
1731949454380 0.0010687685571610928 0
1731949469574 0.0008867340511642396 0
1731949484854 0.0009055942064151168 0
1731949500018 0.0008755635353736579 0
1731949515308 0.0008886853465810418 0
1731949530491 0.0009564972715452313 0
1731949545740 0.0008073790231719613 0
1731949560897 0.0009395840461365879 0
