1731973277047 1.4209256172180176 0
1731973297206 0.9467155933380127 0
1731973317102 0.7757130265235901 0
1731973337225 0.7945071458816528 0
1731973357272 0.6605885028839111 0
1731973377437 0.6843652129173279 0
1731973397490 0.723211407661438 0
1731973417671 0.5952683687210083 0
1731973437783 0.6027239561080933 0
1731973457975 0.7129982113838196 0
1731973478058 0.6134926080703735 0
1731973498270 0.7945843935012817 0
1731973518408 0.6285415887832642 0
1731973538694 0.5554158687591553 0
1731973559125 0.6742386817932129 0
1731973577076 0.6752987504005432 0
1731973595022 0.6562373042106628 0
1731973612958 0.539209246635437 0
1731973630909 0.6389725804328918 0
1731973648886 0.5285866856575012 0
1731973666863 0.6839674115180969 0
1731973684867 0.6322112679481506 0
1731973702029 0.6088863015174866 0
1731973718817 0.6486519575119019 0
1731973735687 0.6260547041893005 0
1731973752558 0.6304762363433838 0
1731973769461 0.7030465006828308 0
1731973786248 0.5190487504005432 0
1731973803143 0.5249631404876709 0
1731973820166 0.6092397570610046 0
1731973836358 0.638634443283081 0
1731973852501 0.5505891442298889 0
1731973868663 0.696898877620697 0
1731973884827 0.5456687211990356 0
1731973901015 0.5495476126670837 0
1731973917209 0.6353849172592163 0
1731973933409 0.5620856285095215 0
1731973949174 0.5820450782775879 0
1731973964965 0.5927465558052063 0
1731973980645 0.6792061924934387 0
1731973996432 0.6324751377105713 0
1731974012119 0.509553074836731 0
1731974027872 0.5476890802383423 0
1731974043537 0.4938327372074127 0
1731974060095 0.49134930968284607 0
1731974075803 0.5276519060134888 0
1731974091597 0.5834600925445557 0
1731974107293 0.4906841218471527 0
1731974123079 0.5836390256881714 0
1731974138786 0.5781301259994507 0
1731974154563 0.6855975985527039 0
1731974170238 0.466907262802124 0
1731974186024 0.4912097156047821 0
1731974201726 0.4625467360019684 0
1731974217520 0.48825523257255554 0
1731974233219 0.586990237236023 0
1731974249040 0.5200868844985962 0
1731974264775 0.5152825117111206 0
1731974280579 0.4858643710613251 0
1731974296755 0.5264198780059814 0
1731974312573 0.49072265625 0
1731974328291 0.6435407400131226 0
1731974344127 0.4639752507209778 0
1731974359819 0.5460406541824341 0
1731974375644 0.6134009957313538 0
1731974391396 0.4722592532634735 0
1731974407221 0.5014378428459167 0
1731974423032 0.461299329996109 0
1731974438933 0.5064753890037537 0
1731974454650 0.47776561975479126 0
1731974470489 0.5088567137718201 0
1731974486237 0.47351181507110596 0
1731974502070 0.45805802941322327 0
1731974517776 0.5171981453895569 0
1731974534097 0.4709181487560272 0
1731974549831 0.518036425113678 0
1731974565674 0.4625101387500763 0
1731974581409 0.4618069529533386 0
1731974597233 0.5415398478507996 0
1731974612966 0.48356014490127563 0
1731974628795 0.45277199149131775 0
1731974644548 0.5206460952758789 0
1731974660398 0.5168683528900146 0
1731974676165 0.4824155867099762 0
1731974692011 0.46931156516075134 0
1731974707769 0.4937303364276886 0
1731974723610 0.5031073689460754 0
1731974739392 0.471326619386673 0
1731974755681 0.562067985534668 0
1731974771403 0.5105859637260437 0
1731974787232 0.5430521965026855 0
1731974802992 0.4623628556728363 0
1731974818825 0.45888739824295044 0
1731974834541 0.5179517865180969 0
1731974850384 0.4703506529331207 0
1731974866114 0.47398841381073 0
1731974881941 0.4738970696926117 0
1731974897687 0.45555880665779114 0
1731974913549 0.47413286566734314 0
1731974929273 0.4461195468902588 0
1731974945140 0.48441529273986816 0
1731974960891 0.4680158495903015 0
1731974976746 0.500184178352356 0
1731974992980 0.44246524572372437 0
1731975008845 0.44061610102653503 0
1731975024582 0.4725017249584198 0
1731975040463 0.4481275677680969 0
1731975056214 0.4810985028743744 0
1731975072089 0.4638441503047943 0
1731975087839 0.5043063759803772 0
1731975103688 0.46673381328582764 0
1731975119426 0.48801928758621216 0
1731975135294 0.46461841464042664 0
1731975151047 0.5070258378982544 0
1731975166875 0.47697827219963074 0
1731975182632 0.48509883880615234 0
1731975198476 0.4748294949531555 0
1731975214214 0.4738788306713104 0
1731975230582 0.44599252939224243 0
1731975246349 0.46577972173690796 0
1731975262192 0.46111634373664856 0
1731975277945 0.46110203862190247 0
1731975293808 0.4426816701889038 0
1731975309579 0.46136799454689026 0
1731975325439 0.46080881357192993 0
1731975341192 0.4483705759048462 0
1731975357050 0.47679585218429565 0
1731975372787 0.4732758402824402 0
1731975388638 0.4690595865249634 0
1731975404398 0.4711645543575287 0
1731975420262 0.4297691881656647 0
1731975436020 0.40873125195503235 0
1731975451847 0.42813506722450256 0
1731975468083 0.4948101341724396 0
1731975483911 0.4576624035835266 0
1731975499624 0.43917346000671387 0
1731975515471 0.4518114924430847 0
1731975531199 0.44770991802215576 0
1731975547021 0.5131511688232422 0
1731975562745 0.4424586296081543 0
1731975578576 0.4493120610713959 0
1731975594283 0.4723534882068634 0
1731975610110 0.4520914852619171 0
1731975625820 0.4674179255962372 0
1731975641639 0.5556115508079529 0
1731975657359 0.44308164715766907 0
1731975673187 0.4341517388820648 0
1731975688910 0.4446709454059601 0
1731975705288 0.43765711784362793 0
1731975721008 0.439505934715271 0
1731975736844 0.46756696701049805 0
1731975752537 0.481041818857193 0
1731975768384 0.43251514434814453 0
1731975784105 0.4381090998649597 0
1731975799915 0.436326801776886 0
1731975815642 0.4598998725414276 0
1731975831463 0.4470527172088623 0
1731975847184 0.4514427185058594 0
1731975863013 0.4653506875038147 0
1731975878704 0.4525451362133026 0
1731975894526 0.4474279582500458 0
1731975910267 0.4253283441066742 0
1731975926554 0.45444270968437195 0
1731975942286 0.4526260495185852 0
1731975958123 0.4450278580188751 0
1731975973856 0.4464678168296814 0
1731975989674 0.42634353041648865 0
1731976005390 0.43699362874031067 0
1731976021198 0.4400177001953125 0
1731976036908 0.4459766447544098 0
1731976052729 0.44175785779953003 0
1731976068447 0.4342299699783325 0
1731976084303 0.4308185875415802 0
1731976100045 0.4396216571331024 0
1731976115888 0.4320235550403595 0
1731976131608 0.41811370849609375 0
1731976147451 0.4439901113510132 0
1731976163615 0.44508033990859985 0
1731976179439 0.4851653277873993 0
1731976195167 0.42779597640037537 0
1731976210991 0.48969581723213196 0
1731976226703 0.43063706159591675 0
1731976242525 0.4307001233100891 0
1731976258240 0.45238062739372253 0
1731976274061 0.49986353516578674 0
1731976289771 0.47694411873817444 0
1731976305596 0.47216373682022095 0
1731976321329 0.477900892496109 0
1731976337141 0.4376279413700104 0
1731976352827 0.48662737011909485 0
1731976368641 0.4603898227214813 0
1731976384374 0.4518287181854248 0
1731976400626 0.43684348464012146 0
1731976416355 0.4301369786262512 0
1731976432183 0.43797188997268677 0
1731976447891 0.46207109093666077 0
1731976463701 0.4417283236980438 0
1731976479433 0.4869542121887207 0
1731976495221 0.42668768763542175 0
1731976510952 0.4409688115119934 0
1731976526746 0.4807018041610718 0
1731976542456 0.4386788606643677 0
1731976558280 0.4479500949382782 0
1731976574012 0.43590348958969116 0
1731976589823 0.4456724524497986 0
1731976605530 0.44919276237487793 0
1731976621336 0.445681631565094 0
1731976637434 0.4423757791519165 0
1731976653270 0.44047486782073975 0
1731976668980 0.43976926803588867 0
1731976684792 0.4488336443901062 0
1731976700506 0.43541309237480164 0
1731976716318 0.43629375100135803 0
1731976732012 0.4577942192554474 0
1731976747833 0.4322626292705536 0
1731976763546 0.4279405474662781 0
1731976779358 0.44280993938446045 0
1731976795070 0.4354194700717926 0
1731976810894 0.43689656257629395 0
1731976826606 0.46159663796424866 0
1731976842414 0.43406617641448975 0
1731976858090 0.4280325472354889 0
