1731973277175 0.0004951070877723396 0
1731973297211 0.00035212954389862716 0
1731973317105 0.0001663206348894164 0
1731973337227 0.00012230798893142492 0
1731973357275 0.00010875651787500829 0
1731973377440 0.00010482365905772895 0
1731973397493 9.161073103314266e-05 0
1731973417673 8.645362686365843e-05 0
1731973437786 8.419564983341843e-05 0
1731973457977 8.159237040672451e-05 0
1731973478060 7.810473471181467e-05 0
1731973498272 7.405340147670358e-05 0
1731973518411 7.053953595459461e-05 0
1731973538697 6.985473009990528e-05 0
1731973559128 6.67502245050855e-05 0
1731973577079 7.089696737239137e-05 0
1731973595024 6.494447734439746e-05 0
1731973612960 6.52564485790208e-05 0
1731973630912 6.587558891624212e-05 0
1731973648889 6.341933476505801e-05 0
1731973666866 6.117365410318598e-05 0
1731973684870 6.388532347045839e-05 0
1731973702031 6.125815707491711e-05 0
1731973718819 5.9112928283866495e-05 0
1731973735689 6.162005593068898e-05 0
1731973752561 6.022127854521386e-05 0
1731973769464 5.734627120546065e-05 0
1731973786250 5.945597149548121e-05 0
1731973803145 5.806382978335023e-05 0
1731973820169 5.809672802570276e-05 0
1731973836361 5.8628666010918096e-05 0
1731973852504 5.382027302403003e-05 0
1731973868665 5.768192932009697e-05 0
1731973884830 5.5876345868455246e-05 0
1731973901017 5.597181370831095e-05 0
1731973917211 5.3830775868846104e-05 0
1731973933411 5.634581611957401e-05 0
1731973949177 5.643966142088175e-05 0
1731973964967 5.4319138143910095e-05 0
1731973980648 5.4206357162911445e-05 0
1731973996434 5.436097853817046e-05 0
1731974012122 5.3947958804201335e-05 0
1731974027874 5.3902262152405456e-05 0
1731974043539 5.03601913806051e-05 0
1731974060097 5.349044658942148e-05 0
1731974075806 5.281985067995265e-05 0
1731974091599 4.98767476528883e-05 0
1731974107295 4.9226920964429155e-05 0
1731974123082 4.751289452542551e-05 0
1731974138788 5.04527342854999e-05 0
1731974154565 4.812989936908707e-05 0
1731974170241 4.64981458208058e-05 0
1731974186027 4.919499406241812e-05 0
1731974201729 4.6815970563329756e-05 0
1731974217522 4.776368587044999e-05 0
1731974233222 4.451494896784425e-05 0
1731974249043 4.468020415515639e-05 0
1731974264778 4.524089308688417e-05 0
1731974280581 4.6351851779036224e-05 0
1731974296757 4.564018308883533e-05 0
1731974312576 4.1852508729789406e-05 0
1731974328294 4.525745680439286e-05 0
1731974344129 4.4031279685441405e-05 0
1731974359821 4.162641562288627e-05 0
1731974375646 4.198170790914446e-05 0
1731974391399 4.203193384455517e-05 0
1731974407224 4.317744969739579e-05 0
1731974423034 4.107703352929093e-05 0
1731974438935 3.877582639688626e-05 0
1731974454653 3.922543692169711e-05 0
1731974470491 3.8484686228912324e-05 0
1731974486239 3.9845228457124904e-05 0
1731974502072 3.9274589653359726e-05 0
1731974517779 3.861299774143845e-05 0
1731974534100 3.843604645226151e-05 0
1731974549834 3.8600006519118324e-05 0
1731974565676 3.718088919413276e-05 0
1731974581412 3.796160308411345e-05 0
1731974597235 3.703086622408591e-05 0
1731974612968 3.49459660355933e-05 0
1731974628798 3.545302388374694e-05 0
1731974644550 3.769649629248306e-05 0
1731974660400 3.505872518871911e-05 0
1731974676167 3.558424214133993e-05 0
1731974692014 3.5003500670427456e-05 0
1731974707771 3.617105176090263e-05 0
1731974723612 3.491344614303671e-05 0
1731974739394 3.4121665521524847e-05 0
1731974755684 3.31736373482272e-05 0
1731974771405 3.249561268603429e-05 0
1731974787235 3.4616285120137036e-05 0
1731974802995 3.274190748925321e-05 0
1731974818828 3.251468297094107e-05 0
1731974834544 3.0166553187882528e-05 0
1731974850386 3.321705662528984e-05 0
1731974866116 3.210165596101433e-05 0
1731974881944 3.167025715811178e-05 0
1731974897690 3.2028172427089885e-05 0
1731974913551 3.1508872780250385e-05 0
1731974929275 3.0918421543901786e-05 0
1731974945143 3.1040250178193673e-05 0
1731974960894 3.114754508715123e-05 0
1731974976749 3.0181996407918632e-05 0
1731974992982 3.12725460389629e-05 0
1731975008848 3.0249995688791387e-05 0
1731975024585 2.949083318526391e-05 0
1731975040465 2.8293379727983847e-05 0
1731975056217 2.8698188543785363e-05 0
1731975072092 2.6980960683431476e-05 0
1731975087841 2.9441205697366968e-05 0
1731975103691 2.8261409170227125e-05 0
1731975119429 2.9815593734383583e-05 0
1731975135296 2.931725794041995e-05 0
1731975151051 2.7333744583302177e-05 0
1731975166878 2.8123306037741713e-05 0
1731975182635 2.8268887035665102e-05 0
1731975198478 2.868438787118066e-05 0
1731975214216 2.7971056624664925e-05 0
1731975230585 2.830425728461705e-05 0
1731975246351 2.7778301955549978e-05 0
1731975262194 2.7035417588194832e-05 0
1731975277947 2.7507001505000517e-05 0
1731975293810 2.7412452254793607e-05 0
1731975309581 2.707416206249036e-05 0
1731975325441 2.7042287911172025e-05 0
1731975341195 2.4975312044261955e-05 0
1731975357052 2.7329449949320406e-05 0
1731975372789 2.646321627253201e-05 0
1731975388640 2.4399008907494135e-05 0
1731975404400 2.635902819747571e-05 0
1731975420265 2.5914998332154937e-05 0
1731975436023 2.62620687863091e-05 0
1731975451850 2.588563074823469e-05 0
1731975468086 2.526863681850955e-05 0
1731975483914 2.6012630769400857e-05 0
1731975499626 2.5603925678296946e-05 0
1731975515474 2.4660428607603535e-05 0
1731975531202 2.444606798235327e-05 0
1731975547023 2.4622955606901087e-05 0
1731975562747 2.418529402348213e-05 0
1731975578578 2.4271403162856586e-05 0
1731975594286 2.3917065846035257e-05 0
1731975610113 2.40657009271672e-05 0
1731975625822 2.37256408581743e-05 0
1731975641641 2.2627880753134377e-05 0
1731975657362 2.362587292736862e-05 0
1731975673190 2.5102493964368477e-05 0
1731975688912 2.4094420950859785e-05 0
1731975705290 2.405567647656426e-05 0
1731975721011 2.425472848699428e-05 0
1731975736847 2.3916556529002264e-05 0
1731975752539 2.3429189241142012e-05 0
1731975768386 2.3115862859413028e-05 0
1731975784108 2.434210546198301e-05 0
1731975799918 2.298202525707893e-05 0
1731975815644 2.2793830794398673e-05 0
1731975831466 2.249957833555527e-05 0
1731975847187 2.3911230528028682e-05 0
1731975863015 2.447367114655208e-05 0
1731975878707 2.2695070583722554e-05 0
1731975894528 2.3698834411334246e-05 0
1731975910270 2.1596250007860363e-05 0
1731975926556 2.3406784748658538e-05 0
1731975942288 2.2281525161815807e-05 0
1731975958125 2.3463438992621377e-05 0
1731975973859 2.15014169953065e-05 0
1731975989677 2.3173899535322562e-05 0
1731976005392 2.1333155018510297e-05 0
1731976021200 2.3227912606671453e-05 0
1731976036910 2.1632915377267636e-05 0
1731976052731 2.219169255113229e-05 0
1731976068449 2.217688233940862e-05 0
1731976084306 2.2339296265272424e-05 0
1731976100051 2.128437699866481e-05 0
1731976115891 2.2395488485926762e-05 0
1731976131610 2.1858126274310052e-05 0
1731976147454 2.319076520507224e-05 0
1731976163617 2.0894707631669007e-05 0
1731976179442 2.165592559322249e-05 0
1731976195169 2.153074456145987e-05 0
1731976210993 2.2035590518498793e-05 0
1731976226705 2.168134415114764e-05 0
1731976242528 2.1480260329553857e-05 0
1731976258243 2.1085032130940817e-05 0
1731976274063 2.0987687094020657e-05 0
1731976289773 2.1030673451605253e-05 0
1731976305599 2.1087178538437e-05 0
1731976321331 2.093748298648279e-05 0
1731976337143 2.078966463159304e-05 0
1731976352829 2.0581388525897637e-05 0
1731976368643 2.1291862140060402e-05 0
1731976384376 2.167841921618674e-05 0
1731976400628 2.2541133148479275e-05 0
1731976416358 2.0154815501882695e-05 0
1731976432185 2.099169978464488e-05 0
1731976447893 2.205009695899207e-05 0
1731976463704 2.0586245227605104e-05 0
1731976479436 2.023385422944557e-05 0
1731976495223 2.1411724446807057e-05 0
1731976510954 2.0363029761938378e-05 0
1731976526748 2.0906622012262233e-05 0
1731976542458 2.0369549019960687e-05 0
1731976558282 2.066018532786984e-05 0
1731976574014 2.1351699615479447e-05 0
1731976589825 2.080807098536752e-05 0
1731976605532 1.935088585014455e-05 0
1731976621338 2.1209665646892972e-05 0
1731976637436 2.059931466646958e-05 0
1731976653272 2.126338404195849e-05 0
1731976668982 2.0322644559200853e-05 0
1731976684794 2.1708190615754575e-05 0
1731976700508 2.0306177248130552e-05 0
1731976716321 2.003458394028712e-05 0
1731976732014 2.104582563333679e-05 0
1731976747835 1.954030267370399e-05 0
1731976763549 2.0795920136151835e-05 0
1731976779360 2.0753735952894203e-05 0
1731976795072 2.0925022909068502e-05 0
1731976810896 1.9668248569360003e-05 0
1731976826608 2.0105810108361766e-05 0
1731976842417 1.9970248104073107e-05 0
1731976858092 1.9529486962710507e-05 0
