1731973277047 0.2475535273551941 0
1731973297206 0.17606475949287415 0
1731973317102 0.08316031098365784 0
1731973337225 0.061153993010520935 0
1731973357272 0.05437825620174408 0
1731973377437 0.05241182819008827 0
1731973397490 0.04580536484718323 0
1731973417671 0.04322681203484535 0
1731973437783 0.042097821831703186 0
1731973457975 0.0407961830496788 0
1731973478058 0.039052367210388184 0
1731973498270 0.037026699632406235 0
1731973518408 0.03526976704597473 0
1731973538694 0.0349273644387722 0
1731973559125 0.03337511047720909 0
1731973577076 0.035448480397462845 0
1731973595022 0.032472237944602966 0
1731973612958 0.032628223299980164 0
1731973630909 0.03293779119849205 0
1731973648886 0.031709667295217514 0
1731973666863 0.03058682382106781 0
1731973684867 0.031942661851644516 0
1731973702029 0.030629076063632965 0
1731973718817 0.029556462541222572 0
1731973735687 0.030810028314590454 0
1731973752558 0.030110638588666916 0
1731973769461 0.028673134744167328 0
1731973786248 0.029727984219789505 0
1731973803143 0.029031913727521896 0
1731973820166 0.029048362746834755 0
1731973836358 0.029314331710338593 0
1731973852501 0.02691013552248478 0
1731973868663 0.028840962797403336 0
1731973884827 0.027938172221183777 0
1731973901015 0.02798590622842312 0
1731973917209 0.02691538631916046 0
1731973933409 0.02817290648818016 0
1731973949174 0.028219830244779587 0
1731973964965 0.027159567922353745 0
1731973980645 0.027103178203105927 0
1731973996432 0.027180487290024757 0
1731974012119 0.02697397768497467 0
1731974027872 0.026951130479574203 0
1731974043537 0.025180093944072723 0
1731974060095 0.026745222508907318 0
1731974075803 0.026409924030303955 0
1731974091597 0.024938372895121574 0
1731974107293 0.024613458663225174 0
1731974123079 0.023756446316838264 0
1731974138786 0.02522636577486992 0
1731974154563 0.02406494878232479 0
1731974170238 0.023249071091413498 0
1731974186024 0.024597495794296265 0
1731974201726 0.023407984524965286 0
1731974217520 0.02388184145092964 0
1731974233219 0.022257473319768906 0
1731974249040 0.02234010025858879 0
1731974264775 0.022620445117354393 0
1731974280579 0.023175925016403198 0
1731974296755 0.022820090875029564 0
1731974312573 0.020926253870129585 0
1731974328291 0.022628726437687874 0
1731974344127 0.022015638649463654 0
1731974359819 0.02081320621073246 0
1731974375644 0.020990852266550064 0
1731974391396 0.021015966311097145 0
1731974407221 0.021588724106550217 0
1731974423032 0.020538516342639923 0
1731974438933 0.01938791200518608 0
1731974454650 0.019612718373537064 0
1731974470489 0.019242342561483383 0
1731974486237 0.019922614097595215 0
1731974502070 0.019637294113636017 0
1731974517776 0.019306497648358345 0
1731974534097 0.019218022003769875 0
1731974549831 0.019300002604722977 0
1731974565674 0.018590442836284637 0
1731974581409 0.018980801105499268 0
1731974597233 0.018515432253479958 0
1731974612966 0.01747298240661621 0
1731974628795 0.017726510763168335 0
1731974644548 0.018848247826099396 0
1731974660398 0.017529360949993134 0
1731974676165 0.017792120575904846 0
1731974692011 0.017501749098300934 0
1731974707769 0.018085524439811707 0
1731974723610 0.017456721514463425 0
1731974739392 0.01706083118915558 0
1731974755681 0.016586817800998688 0
1731974771403 0.016247805207967758 0
1731974787232 0.01730814203619957 0
1731974802992 0.016370952129364014 0
1731974818825 0.01625734008848667 0
1731974834541 0.015083275735378265 0
1731974850384 0.016608526930212975 0
1731974866114 0.016050826758146286 0
1731974881941 0.015835128724575043 0
1731974897687 0.016014086082577705 0
1731974913549 0.01575443521142006 0
1731974929273 0.015459209680557251 0
1731974945140 0.015520123764872551 0
1731974960891 0.015573771670460701 0
1731974976746 0.015090997330844402 0
1731974992980 0.015636272728443146 0
1731975008845 0.01512499712407589 0
1731975024582 0.01474541611969471 0
1731975040463 0.01414668932557106 0
1731975056214 0.014349093660712242 0
1731975072089 0.013490479439496994 0
1731975087839 0.014720601961016655 0
1731975103688 0.01413070410490036 0
1731975119426 0.014907795935869217 0
1731975135294 0.014658628031611443 0
1731975151047 0.013666871935129166 0
1731975166875 0.01406165212392807 0
1731975182632 0.014134442433714867 0
1731975198476 0.014342193491756916 0
1731975214214 0.01398552767932415 0
1731975230582 0.014152128249406815 0
1731975246349 0.013889150694012642 0
1731975262192 0.013517708517611027 0
1731975277945 0.013753499835729599 0
1731975293808 0.013706225901842117 0
1731975309579 0.013537080027163029 0
1731975325439 0.013521143235266209 0
1731975341192 0.012487655505537987 0
1731975357050 0.013664724305272102 0
1731975372787 0.013231607154011726 0
1731975388638 0.012199504300951958 0
1731975404398 0.01317951362580061 0
1731975420262 0.01295749843120575 0
1731975436020 0.013131033629179 0
1731975451847 0.012942815199494362 0
1731975468083 0.012634317390620708 0
1731975483911 0.013006314635276794 0
1731975499624 0.012801961973309517 0
1731975515471 0.012330213561654091 0
1731975531199 0.012223033234477043 0
1731975547021 0.012311477214097977 0
1731975562745 0.012092646211385727 0
1731975578576 0.0121357012540102 0
1731975594283 0.0119585320353508 0
1731975610110 0.012032849714159966 0
1731975625820 0.011862820014357567 0
1731975641639 0.011313939467072487 0
1731975657359 0.011812935583293438 0
1731975673187 0.012551246210932732 0
1731975688910 0.012047209776937962 0
1731975705288 0.012027837336063385 0
1731975721008 0.012127364054322243 0
1731975736844 0.01195827778428793 0
1731975752537 0.011714594438672066 0
1731975768384 0.011557931080460548 0
1731975784105 0.012171052396297455 0
1731975799915 0.011491011828184128 0
1731975815642 0.011396914720535278 0
1731975831463 0.011249789036810398 0
1731975847184 0.011955615133047104 0
1731975863013 0.012236835435032845 0
1731975878704 0.011347535066306591 0
1731975894526 0.0118494164198637 0
1731975910267 0.010798124596476555 0
1731975926554 0.011703391559422016 0
1731975942286 0.011140761896967888 0
1731975958123 0.01173171866685152 0
1731975973856 0.010750708170235157 0
1731975989674 0.011586949229240417 0
1731976005390 0.010666577145457268 0
1731976021198 0.011613955721259117 0
1731976036908 0.010816456750035286 0
1731976052729 0.011095846071839333 0
1731976068447 0.01108844019472599 0
1731976084303 0.011169647797942162 0
1731976100045 0.010642187669873238 0
1731976115888 0.011197743937373161 0
1731976131608 0.010929062962532043 0
1731976147451 0.01159538235515356 0
1731976163615 0.01044735312461853 0
1731976179439 0.010827962309122086 0
1731976195167 0.010765371844172478 0
1731976210991 0.011017794720828533 0
1731976226703 0.010840671136975288 0
1731976242525 0.0107401292771101 0
1731976258240 0.01054251566529274 0
1731976274061 0.010493842884898186 0
1731976289771 0.010515335947275162 0
1731976305596 0.010543588548898697 0
1731976321329 0.010468740947544575 0
1731976337141 0.010394832119345665 0
1731976352827 0.010290693491697311 0
1731976368641 0.010645930655300617 0
1731976384374 0.010839208960533142 0
1731976400626 0.011270565912127495 0
1731976416355 0.010077407583594322 0
1731976432183 0.010495848953723907 0
1731976447891 0.011025047861039639 0
1731976463701 0.010293122380971909 0
1731976479433 0.01011692639440298 0
1731976495221 0.010705861262977123 0
1731976510952 0.010181514546275139 0
1731976526746 0.010453310795128345 0
1731976542456 0.010184774175286293 0
1731976558280 0.010330092161893845 0
1731976574012 0.01067584939301014 0
1731976589823 0.010404035449028015 0
1731976605530 0.00967544224113226 0
1731976621336 0.01060483232140541 0
1731976637434 0.01029965654015541 0
1731976653270 0.010631691664457321 0
1731976668980 0.010161321610212326 0
1731976684792 0.010854095220565796 0
1731976700506 0.01015308778733015 0
1731976716318 0.010017291642725468 0
1731976732012 0.010522912256419659 0
1731976747833 0.009770151227712631 0
1731976763546 0.010397959500551224 0
1731976779358 0.010376867838203907 0
1731976795070 0.010462511330842972 0
1731976810894 0.009834123775362968 0
1731976826606 0.010052904486656189 0
1731976842414 0.009985123760998249 0
1731976858090 0.00976474303752184 0
