1731973277175 0.005766677670180798 0
1731973297211 0.004692143760621548 0
1731973317105 0.004353568889200687 0
1731973337227 0.004057561978697777 0
1731973357275 0.003733559977263212 0
1731973377440 0.003281049896031618 0
1731973397493 0.0034621180966496468 0
1731973417673 0.003000238910317421 0
1731973437786 0.003459800500422716 0
1731973457977 0.0032372414134442806 0
1731973478060 0.003003892255946994 0
1731973498272 0.0028429366648197174 0
1731973518411 0.0029387525282800198 0
1731973538697 0.0031152942683547735 0
1731973559128 0.0027111934032291174 0
1731973577079 0.0028484812937676907 0
1731973595024 0.002773588988929987 0
1731973612960 0.002985855331644416 0
1731973630912 0.002680877223610878 0
1731973648889 0.0029881910886615515 0
1731973666866 0.0024245427921414375 0
1731973684870 0.0027393177151679993 0
1731973702031 0.00252501736395061 0
1731973718819 0.002699644770473242 0
1731973735689 0.0028939179610460997 0
1731973752561 0.0026577794924378395 0
1731973769464 0.0024141394533216953 0
1731973786250 0.002903890563175082 0
1731973803145 0.002595999976620078 0
1731973820169 0.0027606263756752014 0
1731973836361 0.0024681221693754196 0
1731973852504 0.0023799620103091 0
1731973868665 0.002280311193317175 0
1731973884830 0.0026283252518624067 0
1731973901017 0.002719732467085123 0
1731973917211 0.002486845711246133 0
1731973933411 0.0023266635835170746 0
1731973949177 0.002357594668865204 0
1731973964967 0.0022527475375682116 0
1731973980648 0.0027191415429115295 0
1731973996434 0.002674986608326435 0
1731974012122 0.002377500291913748 0
1731974027874 0.002168590435758233 0
1731974043539 0.0022762822918593884 0
1731974060097 0.001964074093848467 0
1731974075806 0.0022400410380214453 0
1731974091599 0.002214308362454176 0
1731974107295 0.002009679563343525 0
1731974123082 0.0022647341247648 0
1731974138788 0.0022650002501904964 0
1731974154565 0.0022338933777064085 0
1731974170241 0.0021002215798944235 0
1731974186027 0.002387207467108965 0
1731974201729 0.002122623845934868 0
1731974217522 0.002091258531436324 0
1731974233222 0.0021456927061080933 0
1731974249043 0.002155863679945469 0
1731974264778 0.001958611886948347 0
1731974280581 0.002334482502192259 0
1731974296757 0.002324539003893733 0
1731974312576 0.0020875767804682255 0
1731974328294 0.0020184272434562445 0
1731974344129 0.0021885945461690426 0
1731974359821 0.0016765788896009326 0
1731974375646 0.0020157089456915855 0
1731974391399 0.0022473258432000875 0
1731974407224 0.002007952891290188 0
1731974423034 0.0018963537877425551 0
1731974438935 0.002047085203230381 0
1731974454653 0.0017935297219082713 0
1731974470491 0.0019685733132064342 0
1731974486239 0.0019191870233044028 0
1731974502072 0.0019938405603170395 0
1731974517779 0.0017872224561870098 0
1731974534100 0.001903793541714549 0
1731974549834 0.0018776357173919678 0
1731974565676 0.0018051167717203498 0
1731974581412 0.0019398913718760014 0
1731974597235 0.0017618881538510323 0
1731974612968 0.00197284622117877 0
1731974628798 0.0018285874975845218 0
1731974644550 0.0018005275633186102 0
1731974660400 0.001953199040144682 0
1731974676167 0.0016500841593369842 0
1731974692014 0.0018746023997664452 0
1731974707771 0.0019332518568262458 0
1731974723612 0.0017124861478805542 0
1731974739394 0.0017605036264285445 0
1731974755684 0.0018162018386647105 0
1731974771405 0.0018797973170876503 0
1731974787235 0.0020804558880627155 0
1731974802995 0.0018978132866322994 0
1731974818828 0.0019129596184939146 0
1731974834544 0.0015869573689997196 0
1731974850386 0.0017226136988028884 0
1731974866116 0.0020522759296000004 0
1731974881944 0.00172360148280859 0
1731974897690 0.0017221325542777777 0
1731974913551 0.001511205337010324 0
1731974929275 0.001565521932207048 0
1731974945143 0.0017107753083109856 0
1731974960894 0.0019046202069148421 0
1731974976749 0.001829676330089569 0
1731974992982 0.0015424925368279219 0
1731975008848 0.0015799524262547493 0
1731975024585 0.001706982497125864 0
1731975040465 0.0014059621607884765 0
1731975056217 0.0016252485802397132 0
1731975072092 0.0014847784768790007 0
1731975087841 0.0016495989402756095 0
1731975103691 0.0017783588264137506 0
1731975119429 0.0017449536826461554 0
1731975135296 0.001568792387843132 0
1731975151051 0.0014636212727054954 0
1731975166878 0.0016252740751951933 0
1731975182635 0.0016381319146603346 0
1731975198478 0.0015579331666231155 0
1731975214216 0.0014090817421674728 0
1731975230585 0.001508905552327633 0
1731975246351 0.0015609472757205367 0
1731975262194 0.001689153490588069 0
1731975277947 0.0015186106320470572 0
1731975293810 0.0016229496104642749 0
1731975309581 0.0015694084577262402 0
1731975325441 0.0017044231062754989 0
1731975341195 0.0014425830449908972 0
1731975357052 0.0014593980740755796 0
1731975372789 0.0016770751681178808 0
1731975388640 0.0012006345205008984 0
1731975404400 0.0015881609870120883 0
1731975420265 0.0015581827610731125 0
1731975436023 0.0013166156131774187 0
1731975451850 0.001328652142547071 0
1731975468086 0.0016496123280376196 0
1731975483914 0.0018246646504849195 0
1731975499626 0.0016029754187911749 0
1731975515474 0.0013338299468159676 0
1731975531202 0.0015156802255660295 0
1731975547023 0.0012135683791711926 0
1731975562747 0.0015811489429324865 0
1731975578578 0.0013354129623621702 0
1731975594286 0.0014395387843251228 0
1731975610113 0.001217772951349616 0
1731975625822 0.0012345485156401992 0
1731975641641 0.0012757962103933096 0
1731975657362 0.0014572854852303863 0
1731975673190 0.001265664934180677 0
1731975688912 0.0013951454311609268 0
1731975705290 0.0014647701755166054 0
1731975721011 0.0015176646411418915 0
1731975736847 0.0012872412335127592 0
1731975752539 0.0013369116932153702 0
1731975768386 0.0013077681651338935 0
1731975784108 0.0013786929193884134 0
1731975799918 0.001400308101437986 0
1731975815644 0.0012920356821268797 0
1731975831466 0.0013331184163689613 0
1731975847187 0.0013587367720901966 0
1731975863015 0.0013491210993379354 0
1731975878707 0.0012482637539505959 0
1731975894528 0.0014541035052388906 0
1731975910270 0.0012528634397312999 0
1731975926556 0.001289196079596877 0
1731975942288 0.0011884358245879412 0
1731975958125 0.0011827272828668356 0
1731975973859 0.001203390653245151 0
1731975989677 0.0014383349334821105 0
1731976005392 0.0013520093634724617 0
1731976021200 0.0012966659851372242 0
1731976036910 0.00151835975702852 0
1731976052731 0.0011023040860891342 0
1731976068449 0.001326660974882543 0
1731976084306 0.0013124526012688875 0
1731976100051 0.001260033342987299 0
1731976115891 0.0013486151583492756 0
1731976131610 0.0011856064666062593 0
1731976147454 0.0013466663658618927 0
1731976163617 0.0011565755121409893 0
1731976179442 0.0012455473188310862 0
1731976195169 0.0011624281760305166 0
1731976210993 0.0011874279007315636 0
1731976226705 0.0011635494884103537 0
1731976242528 0.0012693570461124182 0
1731976258243 0.0010837055742740631 0
1731976274063 0.001260278164409101 0
1731976289773 0.0011380889918655157 0
1731976305599 0.001182878389954567 0
1731976321331 0.001069472054950893 0
1731976337143 0.001198142534121871 0
1731976352829 0.0011993686202913523 0
1731976368643 0.0012011764338240027 0
1731976384376 0.0011411730665713549 0
1731976400628 0.0010540102375671268 0
1731976416358 0.0011427098652347922 0
1731976432185 0.0010915029561147094 0
1731976447893 0.001130970660597086 0
1731976463704 0.0010431486880406737 0
1731976479436 0.0012918033171445131 0
1731976495223 0.0012046786723658442 0
1731976510954 0.0011658805888146162 0
1731976526748 0.0012480334844440222 0
1731976542458 0.001089313067495823 0
1731976558282 0.0012163539649918675 0
1731976574014 0.0010691876523196697 0
1731976589825 0.0011366128455847502 0
1731976605532 0.0011229366064071655 0
1731976621338 0.0011537645477801561 0
1731976637436 0.0011838710634037852 0
1731976653272 0.0011313476134091616 0
1731976668982 0.0009755084756761789 0
1731976684794 0.0010842212941497564 0
1731976700508 0.0010545742698013783 0
1731976716321 0.001019005081616342 0
1731976732014 0.0011232246179133654 0
1731976747835 0.0011969850165769458 0
1731976763549 0.0012158281169831753 0
1731976779360 0.0011069742031395435 0
1731976795072 0.001192903728224337 0
1731976810896 0.0011836185585707426 0
1731976826608 0.0010945912217721343 0
1731976842417 0.0010970495641231537 0
1731976858092 0.0010465045925229788 0
