1731954714731 0.026065027341246605 0
1731954774679 0.02896036207675934 0
1731954834112 0.031525950878858566 0
1731954891930 0.03210415691137314 0
1731954947528 0.03235720470547676 0
1731955002425 0.03298354521393776 0
1731955056256 0.033518075942993164 0
1731955110203 0.03370549902319908 0
1731955163692 0.034005265682935715 0
1731955217554 0.0339789018034935 0
1731955270843 0.03371325880289078 0
1731955324541 0.03409067168831825 0
1731955377883 0.03494990989565849 0
1731955431473 0.03482247143983841 0
1731955483285 0.035063665360212326 0
1731955527181 0.034630388021469116 0
1731955571032 0.03496274724602699 0
1731955614991 0.034560780972242355 0
1731955658866 0.03488035872578621 0
1731955702700 0.03506423905491829 0
1731955746644 0.03466307744383812 0
1731955790564 0.03520699217915535 0
1731955831157 0.03538726642727852 0
1731955869980 0.0352817103266716 0
1731955909259 0.0355430506169796 0
1731955948485 0.035126037895679474 0
1731955987796 0.035237252712249756 0
1731956026670 0.0353202186524868 0
1731956066088 0.03549886867403984 0
1731956104538 0.03538098558783531 0
1731956140973 0.03516354784369469 0
1731956177332 0.03533518686890602 0
1731956213677 0.035455238074064255 0
1731956250072 0.03550468385219574 0
1731956286463 0.035513028502464294 0
1731956322939 0.03502634912729263 0
1731956359360 0.03522472828626633 0
1731956394107 0.03529573976993561 0
1731956428913 0.035511549562215805 0
1731956463324 0.035515110939741135 0
1731956498125 0.03515951707959175 0
1731956532443 0.03552630543708801 0
1731956567214 0.035578373819589615 0
1731956601580 0.035781171172857285 0
1731956636696 0.035197608172893524 0
1731956671030 0.03572973608970642 0
1731956705737 0.03551188483834267 0
1731956740068 0.03558945655822754 0
1731956774832 0.03559412062168121 0
1731956809162 0.035763710737228394 0
1731956843890 0.03564930707216263 0
1731956878141 0.035851527005434036 0
1731956912893 0.035838063806295395 0
1731956947150 0.035886120051145554 0
1731956981967 0.03583858534693718 0
1731957016364 0.0358501635491848 0
1731957051154 0.035899266600608826 0
1731957085401 0.03603705018758774 0
1731957120243 0.036158159375190735 0
1731957154933 0.03617287427186966 0
1731957189754 0.036191098392009735 0
1731957224156 0.036210689693689346 0
1731957258973 0.03623942285776138 0
1731957293400 0.03619368374347687 0
1731957328158 0.03672042489051819 0
1731957362579 0.03659166023135185 0
1731957397429 0.03633003681898117 0
1731957431767 0.03635273873806 0
1731957466528 0.03652488812804222 0
1731957500953 0.03639471158385277 0
1731957535671 0.03638877719640732 0
1731957570014 0.036466654390096664 0
1731957604818 0.03633478283882141 0
1731957639170 0.036458272486925125 0
1731957674386 0.036532770842313766 0
1731957708790 0.03651591017842293 0
1731957743574 0.036631811410188675 0
1731957777950 0.03660593926906586 0
1731957812796 0.03651795536279678 0
1731957847141 0.03649483993649483 0
1731957881992 0.03655843809247017 0
1731957916356 0.03659289702773094 0
1731957951155 0.03657388314604759 0
1731957985590 0.03667858988046646 0
1731958020332 0.03668534383177757 0
1731958054677 0.03685516119003296 0
1731958089474 0.036639850586652756 0
1731958123835 0.03696389123797417 0
1731958159018 0.03709542378783226 0
1731958193539 0.03695158660411835 0
1731958228365 0.036948420107364655 0
1731958262753 0.03699706494808197 0
1731958297505 0.037065695971250534 0
1731958331936 0.0371105782687664 0
1731958366785 0.03707538917660713 0
1731958401278 0.03707929328083992 0
1731958436167 0.037095699459314346 0
1731958470644 0.037074699997901917 0
1731958505480 0.037114083766937256 0
1731958539903 0.03723854944109917 0
1731958574677 0.037191879004240036 0
1731958609079 0.037166476249694824 0
1731958644004 0.03715726360678673 0
1731958678817 0.03733756020665169 0
1731958713744 0.03736702352762222 0
1731958748161 0.03725559636950493 0
1731958783022 0.037178363651037216 0
1731958817476 0.0372881256043911 0
1731958852304 0.03731090575456619 0
1731958886591 0.037293341010808945 0
1731958921459 0.03728264570236206 0
1731958955857 0.03735704347491264 0
1731958990666 0.03739079460501671 0
1731959024983 0.037292417138814926 0
1731959059876 0.037355612963438034 0
1731959094200 0.037293076515197754 0
1731959128949 0.037569671869277954 0
1731959163369 0.03757935017347336 0
1731959198552 0.03758518397808075 0
1731959232975 0.03757553920149803 0
1731959267804 0.037549134343862534 0
1731959302188 0.037608593702316284 0
1731959337153 0.037555694580078125 0
1731959371560 0.03763436898589134 0
1731959406426 0.03762657567858696 0
1731959440901 0.03764955326914787 0
1731959475879 0.037590134888887405 0
1731959510403 0.03750427067279816 0
1731959545303 0.03752105310559273 0
1731959579749 0.0374348945915699 0
1731959614628 0.03754192590713501 0
1731959649109 0.037593912333250046 0
1731959684060 0.037537794560194016 0
1731959718805 0.037566281855106354 0
1731959753570 0.037469033151865005 0
1731959787966 0.037704046815633774 0
1731959822840 0.03765873238444328 0
1731959857291 0.03766849637031555 0
1731959892134 0.03753795847296715 0
1731959926527 0.037732332944869995 0
1731959961396 0.03767691180109978 0
1731959995890 0.03770003467798233 0
1731960030743 0.03772628679871559 0
1731960065244 0.037764064967632294 0
1731960100140 0.03784313425421715 0
1731960134555 0.03776685893535614 0
1731960169421 0.03784874081611633 0
1731960203869 0.03787489980459213 0
1731960239383 0.037773389369249344 0
1731960273837 0.03773445636034012 0
1731960308676 0.03792343661189079 0
1731960343117 0.03796599805355072 0
1731960378033 0.03788788616657257 0
1731960412505 0.03788652643561363 0
1731960447402 0.03790302202105522 0
1731960481748 0.03791724517941475 0
1731960516610 0.03803293779492378 0
1731960551077 0.03788911551237106 0
1731960585931 0.03795316442847252 0
1731960620438 0.037915874272584915 0
1731960655391 0.03801795467734337 0
1731960689859 0.03789330646395683 0
1731960725041 0.03811854124069214 0
1731960759416 0.03789491206407547 0
1731960794357 0.037908416241407394 0
1731960828868 0.03793652728199959 0
1731960863798 0.03799891099333763 0
1731960898312 0.037907715886831284 0
1731960933181 0.037915173918008804 0
1731960967624 0.03797616437077522 0
1731961002479 0.03808680176734924 0
1731961036870 0.03791855648159981 0
1731961071810 0.03797360137104988 0
1731961106335 0.03800949081778526 0
1731961141163 0.037933509796857834 0
1731961175551 0.03806513920426369 0
1731961210431 0.03794874623417854 0
1731961245199 0.037933241575956345 0
1731961280035 0.03798564895987511 0
1731961314345 0.037964146584272385 0
1731961349210 0.037933286279439926 0
1731961383638 0.03787572309374809 0
1731961418532 0.03793947026133537 0
1731961453020 0.03812716156244278 0
1731961487908 0.03795100748538971 0
1731961522367 0.0380655936896801 0
1731961557202 0.038175612688064575 0
1731961591636 0.03818299621343613 0
1731961626397 0.03805515915155411 0
1731961660869 0.03808644786477089 0
1731961695643 0.03812679275870323 0
1731961730192 0.03814965486526489 0
1731961765362 0.03821706771850586 0
1731961799946 0.03809323161840439 0
1731961834867 0.038226813077926636 0
1731961869332 0.03815950080752373 0
1731961904221 0.0381883829832077 0
1731961938730 0.038201332092285156 0
1731961973604 0.03830299898982048 0
1731962008041 0.03820734843611717 0
1731962042925 0.03822246938943863 0
1731962077394 0.038264449685811996 0
1731962112333 0.03815257176756859 0
1731962146768 0.038082219660282135 0
