1731954714731 0.5708224177360535 0
1731954774679 0.5949179530143738 0
1731954834112 0.6073071360588074 0
1731954891930 0.6174066066741943 0
1731954947528 0.5961843132972717 0
1731955002425 0.6094305515289307 0
1731955056256 0.6061182022094727 0
1731955110203 0.6146697402000427 0
1731955163692 0.6105762720108032 0
1731955217554 0.6271069645881653 0
1731955270843 0.6050746440887451 0
1731955324541 0.6164361834526062 0
1731955377883 0.6270729899406433 0
1731955431473 0.6162471175193787 0
1731955483285 0.6138285994529724 0
1731955527181 0.6165749430656433 0
1731955571032 0.6159278154373169 0
1731955614991 0.6177042722702026 0
1731955658866 0.6099581122398376 0
1731955702700 0.6290943622589111 0
1731955746644 0.6181703805923462 0
1731955790564 0.615218460559845 0
1731955831157 0.6143683791160583 0
1731955869980 0.6201737523078918 0
1731955909259 0.623641848564148 0
1731955948485 0.6293070912361145 0
1731955987796 0.6212450861930847 0
1731956026670 0.6246507167816162 0
1731956066088 0.6223743557929993 0
1731956104538 0.6131442785263062 0
1731956140973 0.624811589717865 0
1731956177332 0.6210697889328003 0
1731956213677 0.6238943338394165 0
1731956250072 0.6181251406669617 0
1731956286463 0.6205858588218689 0
1731956322939 0.6171373724937439 0
1731956359360 0.6134020686149597 0
1731956394107 0.620371401309967 0
1731956428913 0.6167159080505371 0
1731956463324 0.6131762266159058 0
1731956498125 0.6133857369422913 0
1731956532443 0.6148871183395386 0
1731956567214 0.6144174337387085 0
1731956601580 0.6144572496414185 0
1731956636696 0.610317051410675 0
1731956671030 0.6159768104553223 0
1731956705737 0.616276204586029 0
1731956740068 0.6140910983085632 0
1731956774832 0.6176320314407349 0
1731956809162 0.6197150945663452 0
1731956843890 0.6155775189399719 0
1731956878141 0.6135987043380737 0
1731956912893 0.6114366054534912 0
1731956947150 0.607783854007721 0
1731956981967 0.6161890029907227 0
1731957016364 0.6186190247535706 0
1731957051154 0.6089946031570435 0
1731957085401 0.6204943060874939 0
1731957120243 0.6176970601081848 0
1731957154933 0.6182951927185059 0
1731957189754 0.6222547888755798 0
1731957224156 0.6135513782501221 0
1731957258973 0.6143053770065308 0
1731957293400 0.6133665442466736 0
1731957328158 0.6142484545707703 0
1731957362579 0.6163195371627808 0
1731957397429 0.6167072653770447 0
1731957431767 0.6116464734077454 0
1731957466528 0.6156789064407349 0
1731957500953 0.6130391359329224 0
1731957535671 0.6172798871994019 0
1731957570014 0.6210087537765503 0
1731957604818 0.6164417266845703 0
1731957639170 0.6124330163002014 0
1731957674386 0.6140843033790588 0
1731957708790 0.6174657940864563 0
1731957743574 0.6144347786903381 0
1731957777950 0.6135770678520203 0
1731957812796 0.611090898513794 0
1731957847141 0.6173145174980164 0
1731957881992 0.6112422943115234 0
1731957916356 0.6130453944206238 0
1731957951155 0.6160315871238708 0
1731957985590 0.6183931231498718 0
1731958020332 0.6161739826202393 0
1731958054677 0.618166983127594 0
1731958089474 0.6150385737419128 0
1731958123835 0.6195492744445801 0
1731958159018 0.6103983521461487 0
1731958193539 0.615621030330658 0
1731958228365 0.6160241961479187 0
1731958262753 0.615032434463501 0
1731958297505 0.6107951402664185 0
1731958331936 0.613143265247345 0
1731958366785 0.6145526766777039 0
1731958401278 0.6233378648757935 0
1731958436167 0.6145833134651184 0
1731958470644 0.6173437833786011 0
1731958505480 0.6099956631660461 0
1731958539903 0.6130127310752869 0
1731958574677 0.612172544002533 0
1731958609079 0.6230022311210632 0
1731958644004 0.6160661578178406 0
1731958678817 0.6185134649276733 0
1731958713744 0.609380841255188 0
1731958748161 0.6076815128326416 0
1731958783022 0.6133585572242737 0
1731958817476 0.6118351817131042 0
1731958852304 0.6146222949028015 0
1731958886591 0.615264892578125 0
1731958921459 0.612415075302124 0
1731958955857 0.611230731010437 0
1731958990666 0.6177610158920288 0
1731959024983 0.6126391887664795 0
1731959059876 0.6145132184028625 0
1731959094200 0.6160921454429626 0
1731959128949 0.6161801218986511 0
1731959163369 0.6157402396202087 0
1731959198552 0.6121301651000977 0
1731959232975 0.6127885580062866 0
1731959267804 0.6111240386962891 0
1731959302188 0.6129534244537354 0
1731959337153 0.6140003800392151 0
1731959371560 0.6092607378959656 0
1731959406426 0.6110948324203491 0
1731959440901 0.6157628297805786 0
1731959475879 0.6133639216423035 0
1731959510403 0.6103018522262573 0
1731959545303 0.6148658394813538 0
1731959579749 0.6157562136650085 0
1731959614628 0.6124668717384338 0
1731959649109 0.61866694688797 0
1731959684060 0.6135033369064331 0
1731959718805 0.6120779514312744 0
1731959753570 0.6190804839134216 0
1731959787966 0.6133824586868286 0
1731959822840 0.617091715335846 0
1731959857291 0.6123368740081787 0
1731959892134 0.6156965494155884 0
1731959926527 0.6141882538795471 0
1731959961396 0.6123837232589722 0
1731959995890 0.6154186725616455 0
1731960030743 0.6115834712982178 0
1731960065244 0.6106151342391968 0
1731960100140 0.6163390278816223 0
1731960134555 0.6148508191108704 0
1731960169421 0.6153386235237122 0
1731960203869 0.6174353957176208 0
1731960239383 0.6153084635734558 0
1731960273837 0.6101431846618652 0
1731960308676 0.6132809519767761 0
1731960343117 0.6162978410720825 0
1731960378033 0.6126090884208679 0
1731960412505 0.613802969455719 0
1731960447402 0.6116005182266235 0
1731960481748 0.611920177936554 0
1731960516610 0.6157662272453308 0
1731960551077 0.6146295666694641 0
1731960585931 0.6150352358818054 0
1731960620438 0.614051342010498 0
1731960655391 0.6146825551986694 0
1731960689859 0.6133682727813721 0
1731960725041 0.6125112771987915 0
1731960759416 0.6128466129302979 0
1731960794357 0.6123565435409546 0
1731960828868 0.6116691827774048 0
1731960863798 0.615535318851471 0
1731960898312 0.6125324368476868 0
1731960933181 0.6140453815460205 0
1731960967624 0.6123600006103516 0
1731961002479 0.6157629489898682 0
1731961036870 0.6140202283859253 0
1731961071810 0.6147832274436951 0
1731961106335 0.6133410334587097 0
1731961141163 0.6159787774085999 0
1731961175551 0.6167281866073608 0
1731961210431 0.6110793948173523 0
1731961245199 0.6141452193260193 0
1731961280035 0.6132607460021973 0
1731961314345 0.6160202622413635 0
1731961349210 0.6163684129714966 0
1731961383638 0.6134653091430664 0
1731961418532 0.6151026487350464 0
1731961453020 0.6145252585411072 0
1731961487908 0.608391523361206 0
1731961522367 0.6151918768882751 0
1731961557202 0.6133712530136108 0
1731961591636 0.615772008895874 0
1731961626397 0.6149792075157166 0
1731961660869 0.6130025386810303 0
1731961695643 0.6129804253578186 0
1731961730192 0.6141852736473083 0
1731961765362 0.6136341691017151 0
1731961799946 0.6123673319816589 0
1731961834867 0.6151107549667358 0
1731961869332 0.6149341464042664 0
1731961904221 0.6162802577018738 0
1731961938730 0.6129497289657593 0
1731961973604 0.6114577651023865 0
1731962008041 0.6114959120750427 0
1731962042925 0.6157368421554565 0
1731962077394 0.6112947463989258 0
1731962112333 0.6132901906967163 0
1731962146768 0.6147725582122803 0
