1731954714731 0.055729079991579056 0
1731954774679 0.06361034512519836 0
1731954834112 0.07035793364048004 0
1731954891930 0.07412299513816833 0
1731954947528 0.07499533146619797 0
1731955002425 0.0767732560634613 0
1731955056256 0.07857420295476913 0
1731955110203 0.07794695347547531 0
1731955163692 0.07950105518102646 0
1731955217554 0.07872919738292694 0
1731955270843 0.07833729684352875 0
1731955324541 0.07874709367752075 0
1731955377883 0.0802849680185318 0
1731955431473 0.08021219819784164 0
1731955483285 0.0802539810538292 0
1731955527181 0.0799967423081398 0
1731955571032 0.08093204349279404 0
1731955614991 0.07899599522352219 0
1731955658866 0.07932969927787781 0
1731955702700 0.07918470352888107 0
1731955746644 0.07869593799114227 0
1731955790564 0.0797547921538353 0
1731955831157 0.08042962849140167 0
1731955869980 0.07916449755430222 0
1731955909259 0.08017540723085403 0
1731955948485 0.0788450539112091 0
1731955987796 0.07905252277851105 0
1731956026670 0.07940606027841568 0
1731956066088 0.08044163882732391 0
1731956104538 0.07953739911317825 0
1731956140973 0.07940877974033356 0
1731956177332 0.07936587184667587 0
1731956213677 0.07969720661640167 0
1731956250072 0.07924208045005798 0
1731956286463 0.07945162057876587 0
1731956322939 0.07901246100664139 0
1731956359360 0.07868367433547974 0
1731956394107 0.07817823439836502 0
1731956428913 0.07907576113939285 0
1731956463324 0.07962319999933243 0
1731956498125 0.07873745262622833 0
1731956532443 0.0791701003909111 0
1731956567214 0.07871599495410919 0
1731956601580 0.0794309675693512 0
1731956636696 0.07886655628681183 0
1731956671030 0.07947002351284027 0
1731956705737 0.07866550981998444 0
1731956740068 0.07851959019899368 0
1731956774832 0.07945302873849869 0
1731956809162 0.07946988940238953 0
1731956843890 0.0797867476940155 0
1731956878141 0.07940801978111267 0
1731956912893 0.07953546941280365 0
1731956947150 0.07954451441764832 0
1731956981967 0.07953721284866333 0
1731957016364 0.07903314381837845 0
1731957051154 0.08027894794940948 0
1731957085401 0.08005934208631516 0
1731957120243 0.079871766269207 0
1731957154933 0.08013918995857239 0
1731957189754 0.07959479838609695 0
1731957224156 0.07978840172290802 0
1731957258973 0.08025230467319489 0
1731957293400 0.07934807986021042 0
1731957328158 0.08131951838731766 0
1731957362579 0.08117882162332535 0
1731957397429 0.08024824410676956 0
1731957431767 0.08015761524438858 0
1731957466528 0.08033178746700287 0
1731957500953 0.08003949373960495 0
1731957535671 0.07978468388319016 0
1731957570014 0.0797896459698677 0
1731957604818 0.07991893589496613 0
1731957639170 0.08049727231264114 0
1731957674386 0.080868661403656 0
1731957708790 0.08040916919708252 0
1731957743574 0.08000420033931732 0
1731957777950 0.08029671758413315 0
1731957812796 0.08041246980428696 0
1731957847141 0.08016769587993622 0
1731957881992 0.08066728711128235 0
1731957916356 0.08034028857946396 0
1731957951155 0.08060088753700256 0
1731957985590 0.08043345808982849 0
1731958020332 0.08073750883340836 0
1731958054677 0.08066625148057938 0
1731958089474 0.08046825975179672 0
1731958123835 0.0811944231390953 0
1731958159018 0.08119744062423706 0
1731958193539 0.08119355142116547 0
1731958228365 0.08152608573436737 0
1731958262753 0.08119700103998184 0
1731958297505 0.08122946321964264 0
1731958331936 0.08142944425344467 0
1731958366785 0.08125124871730804 0
1731958401278 0.08090684562921524 0
1731958436167 0.08074154704809189 0
1731958470644 0.08077293634414673 0
1731958505480 0.0810069665312767 0
1731958539903 0.08132349699735641 0
1731958574677 0.08171043545007706 0
1731958609079 0.08103958517313004 0
1731958644004 0.08147380501031876 0
1731958678817 0.08168502897024155 0
1731958713744 0.08167681843042374 0
1731958748161 0.08169709891080856 0
1731958783022 0.08180226385593414 0
1731958817476 0.08191317319869995 0
1731958852304 0.08137419819831848 0
1731958886591 0.08150507509708405 0
1731958921459 0.08151569962501526 0
1731958955857 0.08193536102771759 0
1731958990666 0.08180384337902069 0
1731959024983 0.081820048391819 0
1731959059876 0.08191411942243576 0
1731959094200 0.08188898861408234 0
1731959128949 0.08244471997022629 0
1731959163369 0.0823088213801384 0
1731959198552 0.08227983862161636 0
1731959232975 0.08217910677194595 0
1731959267804 0.08221689611673355 0
1731959302188 0.08228021115064621 0
1731959337153 0.08203840255737305 0
1731959371560 0.08226840943098068 0
1731959406426 0.08202546834945679 0
1731959440901 0.0821625292301178 0
1731959475879 0.08202485740184784 0
1731959510403 0.08244909346103668 0
1731959545303 0.08234225958585739 0
1731959579749 0.0820358395576477 0
1731959614628 0.0827019065618515 0
1731959649109 0.08253885060548782 0
1731959684060 0.0822468101978302 0
1731959718805 0.08241783827543259 0
1731959753570 0.08222182840108871 0
1731959787966 0.08252973109483719 0
1731959822840 0.08256583660840988 0
1731959857291 0.08261186629533768 0
1731959892134 0.08180152624845505 0
1731959926527 0.08238443732261658 0
1731959961396 0.0825176015496254 0
1731959995890 0.0825667530298233 0
1731960030743 0.08258669823408127 0
1731960065244 0.08272524178028107 0
1731960100140 0.08260282874107361 0
1731960134555 0.08247517049312592 0
1731960169421 0.08248599618673325 0
1731960203869 0.08280518651008606 0
1731960239383 0.08265209197998047 0
1731960273837 0.08256104588508606 0
1731960308676 0.08275254815816879 0
1731960343117 0.0828162282705307 0
1731960378033 0.0825609564781189 0
1731960412505 0.08258210867643356 0
1731960447402 0.08270429819822311 0
1731960481748 0.08265748620033264 0
1731960516610 0.0830339789390564 0
1731960551077 0.08248461037874222 0
1731960585931 0.08258229494094849 0
1731960620438 0.08257103711366653 0
1731960655391 0.08330778777599335 0
1731960689859 0.08285508304834366 0
1731960725041 0.083433136343956 0
1731960759416 0.08283137530088425 0
1731960794357 0.08311516046524048 0
1731960828868 0.08297381550073624 0
1731960863798 0.0831473171710968 0
1731960898312 0.08252978324890137 0
1731960933181 0.08280026912689209 0
1731960967624 0.08309914171695709 0
1731961002479 0.08343588560819626 0
1731961036870 0.08331876248121262 0
1731961071810 0.08311186730861664 0
1731961106335 0.08349178731441498 0
1731961141163 0.08321182429790497 0
1731961175551 0.08345013111829758 0
1731961210431 0.08316807448863983 0
1731961245199 0.08327586948871613 0
1731961280035 0.08374518901109695 0
1731961314345 0.08359129726886749 0
1731961349210 0.08333756774663925 0
1731961383638 0.08305027335882187 0
1731961418532 0.0834093987941742 0
1731961453020 0.08382397890090942 0
1731961487908 0.0834430530667305 0
1731961522367 0.08349110186100006 0
1731961557202 0.08388713747262955 0
1731961591636 0.08402323722839355 0
1731961626397 0.08342785388231277 0
1731961660869 0.08371856063604355 0
1731961695643 0.08367563784122467 0
1731961730192 0.08394981920719147 0
1731961765362 0.08392723649740219 0
1731961799946 0.08371315151453018 0
1731961834867 0.08397071808576584 0
1731961869332 0.08375214040279388 0
1731961904221 0.08376444876194 0
1731961938730 0.08397753536701202 0
1731961973604 0.08413770794868469 0
1731962008041 0.08388365805149078 0
1731962042925 0.08389673382043839 0
1731962077394 0.0840117335319519 0
1731962112333 0.08386040478944778 0
1731962146768 0.08385512977838516 0
