1731954714734 0.0010689802002161741 0
1731954774684 0.001053060870617628 0
1731954834115 0.0012589229736477137 0
1731954891933 0.0011597254779189825 0
1731954947530 0.0013029344845563173 0
1731955002427 0.0012210640124976635 0
1731955056259 0.0010400498285889626 0
1731955110206 0.0010105823166668415 0
1731955163695 0.0011312239803373814 0
1731955217557 0.0011180487927049398 0
1731955270846 0.0009742589900270104 0
1731955324544 0.00101567804813385 0
1731955377886 0.0008107639150694013 0
1731955431475 0.0009742612019181252 0
1731955483288 0.000986970029771328 0
1731955527184 0.0009405671153217554 0
1731955571035 0.0010097366757690907 0
1731955614994 0.0009539716993458569 0
1731955658868 0.0011102163698524237 0
1731955702705 0.0010934226447716355 0
1731955746647 0.0010635342914611101 0
1731955790567 0.0011094763176515698 0
1731955831160 0.0010650590993463993 0
1731955869983 0.0010731591610237956 0
1731955909262 0.001117888605222106 0
1731955948488 0.0011811944423243403 0
1731955987799 0.0011276175500825047 0
1731956026673 0.0011453931219875813 0
1731956066091 0.0012159757316112518 0
1731956104541 0.0011687802616506815 0
1731956140975 0.001115199876949191 0
1731956177334 0.0011275855358690023 0
1731956213679 0.0012069817166775465 0
1731956250075 0.0012457650154829025 0
1731956286465 0.0010490030981600285 0
1731956322941 0.0010502298828214407 0
1731956359363 0.0010815325658768415 0
1731956394109 0.0012741261161863804 0
1731956428916 0.0010128216817975044 0
1731956463327 0.0011627105996012688 0
1731956498127 0.0012926250929012895 0
1731956532446 0.0013275466626510024 0
1731956567217 0.0012730971211567521 0
1731956601582 0.0014128488255664706 0
1731956636699 0.0013205166906118393 0
1731956671033 0.0013233008794486523 0
1731956705740 0.0014042292023077607 0
1731956740071 0.0011845310218632221 0
1731956774835 0.0012652280274778605 0
1731956809165 0.001429976662620902 0
1731956843893 0.0011893974151462317 0
1731956878143 0.0014149451162666082 0
1731956912895 0.001340577844530344 0
1731956947153 0.0014042319962754846 0
1731956981970 0.001480364939197898 0
1731957016366 0.0015172261046245694 0
1731957051157 0.0013833100674673915 0
1731957085403 0.0014100853586569428 0
1731957120246 0.0015472741797566414 0
1731957154936 0.001364618306979537 0
1731957189757 0.0014968024333938956 0
1731957224159 0.001413249410688877 0
1731957258976 0.0015121321193873882 0
1731957293402 0.0014669648371636868 0
1731957328161 0.0015819461550563574 0
1731957362582 0.0015313681215047836 0
1731957397432 0.001584717072546482 0
1731957431770 0.0014685515780001879 0
1731957466530 0.0015202740905806422 0
1731957500956 0.0016015395522117615 0
1731957535674 0.001495085540227592 0
1731957570017 0.0016185396816581488 0
1731957604820 0.0017541361739858985 0
1731957639173 0.001737198093906045 0
1731957674389 0.0016116580227389932 0
1731957708793 0.0016615181230008602 0
1731957743577 0.0016713618533685803 0
1731957777953 0.0016181644750759006 0
1731957812798 0.0015498632565140724 0
1731957847144 0.0014785085804760456 0
1731957881995 0.0017391967121511698 0
1731957916359 0.0017104126745834947 0
1731957951158 0.0016992688179016113 0
1731957985593 0.0016481513157486916 0
1731958020335 0.001714796293526888 0
1731958054679 0.0016360863810405135 0
1731958089476 0.0016743172891438007 0
1731958123838 0.0016354955732822418 0
1731958159021 0.0017558832187205553 0
1731958193542 0.00145604251883924 0
1731958228368 0.0017521819099783897 0
1731958262756 0.0017010230803862214 0
1731958297507 0.0017879465594887733 0
1731958331938 0.001731585944071412 0
1731958366788 0.001594766043126583 0
1731958401281 0.0017338459147140384 0
1731958436170 0.0017066334839910269 0
1731958470646 0.0017651226371526718 0
1731958505483 0.0017649908550083637 0
1731958539906 0.001657260349020362 0
1731958574680 0.001787001732736826 0
1731958609081 0.0018137319711968303 0
1731958644007 0.0017424707766622305 0
1731958678820 0.0018478205893188715 0
1731958713746 0.0018423008732497692 0
1731958748163 0.0019086498068645597 0
1731958783024 0.0018163343193009496 0
1731958817478 0.0019596389029175043 0
1731958852306 0.0019019294995814562 0
1731958886594 0.0018714263569563627 0
1731958921461 0.0016806633211672306 0
1731958955860 0.001945453230291605 0
1731958990669 0.0017532154452055693 0
1731959024986 0.0019404961494728923 0
1731959059879 0.0019522933289408684 0
1731959094202 0.0018916837871074677 0
1731959128951 0.0018799337558448315 0
1731959163371 0.0018579969182610512 0
1731959198554 0.0018409087788313627 0
1731959232977 0.0018329970771446824 0
1731959267806 0.0019259706605225801 0
1731959302190 0.0018284551333636045 0
1731959337155 0.001971975900232792 0
1731959371562 0.001887801568955183 0
1731959406428 0.0019062847131863236 0
1731959440903 0.001958379987627268 0
1731959475881 0.0018775933422148228 0
1731959510405 0.00203684251755476 0
1731959545305 0.0019689961336553097 0
1731959579752 0.002057309728115797 0
1731959614630 0.001935250940732658 0
1731959649111 0.0017889956943690777 0
1731959684062 0.002039322629570961 0
1731959718807 0.0020366599783301353 0
1731959753572 0.001990486867725849 0
1731959787968 0.002025541150942445 0
1731959822842 0.002082639606669545 0
1731959857293 0.001954773673787713 0
1731959892136 0.0021563624031841755 0
1731959926529 0.0019420981407165527 0
1731959961398 0.0020040336530655622 0
1731959995892 0.0020440388470888138 0
1731960030745 0.002115965122357011 0
1731960065246 0.0020858929492533207 0
1731960100142 0.0020161988213658333 0
1731960134557 0.00210134987719357 0
1731960169424 0.002068868139758706 0
1731960203872 0.002029432449489832 0
1731960239386 0.0021015149541199207 0
1731960273839 0.0020356830209493637 0
1731960308678 0.0020449229050427675 0
1731960343119 0.002090690191835165 0
1731960378036 0.002156150294467807 0
1731960412507 0.0021521851886063814 0
1731960447404 0.002155378693714738 0
1731960481753 0.0022057783789932728 0
1731960516612 0.002172722015529871 0
1731960551079 0.00209545879624784 0
1731960585933 0.0021889156196266413 0
1731960620440 0.002144856844097376 0
1731960655393 0.0019945239182561636 0
1731960689861 0.0021612937562167645 0
1731960725043 0.0021244059316813946 0
1731960759418 0.0020008257124572992 0
1731960794359 0.002199376467615366 0
1731960828870 0.00212358171120286 0
1731960863800 0.0020967605523765087 0
1731960898314 0.002067814813926816 0
1731960933183 0.0021224594675004482 0
1731960967626 0.0020940550602972507 0
1731961002481 0.002133837202563882 0
1731961036872 0.0023523967247456312 0
1731961071812 0.00221700849942863 0
1731961106337 0.0020975004881620407 0
1731961141165 0.0020436181221157312 0
1731961175554 0.00216215243563056 0
1731961210434 0.002286998787894845 0
1731961245201 0.002135917078703642 0
1731961280038 0.0021502466406673193 0
1731961314347 0.0022038696333765984 0
1731961349213 0.0022811689414083958 0
1731961383640 0.0021286739502102137 0
1731961418535 0.0021998630836606026 0
1731961453022 0.0023472830653190613 0
1731961487910 0.002276885323226452 0
1731961522369 0.0021176710724830627 0
1731961557204 0.0023199794813990593 0
1731961591638 0.0022201065439730883 0
1731961626399 0.002214381005614996 0
1731961660872 0.002050655661150813 0
1731961695645 0.002229319652542472 0
1731961730194 0.0021371906623244286 0
1731961765365 0.0022294139489531517 0
1731961799948 0.0022617746144533157 0
1731961834869 0.00234227254986763 0
1731961869335 0.0022082868963479996 0
1731961904224 0.002250779652968049 0
1731961938732 0.0023350673727691174 0
1731961973606 0.002310805255547166 0
1731962008044 0.002308100461959839 0
1731962042927 0.0023574596270918846 0
1731962077396 0.0022608418948948383 0
1731962112335 0.002366518136113882 0
1731962146770 0.002306316513568163 0
