1731954714731 19.699033737182617 0
1731954774679 20.95192527770996 0
1731954834112 22.992572784423828 0
1731954891930 22.023300170898438 0
1731954947528 23.385602951049805 0
1731955002425 23.002742767333984 0
1731955056256 21.561321258544922 0
1731955110203 23.9846248626709 0
1731955163692 24.314037322998047 0
1731955217554 23.685016632080078 0
1731955270843 23.154067993164062 0
1731955324541 23.74920082092285 0
1731955377883 23.25838851928711 0
1731955431473 24.626426696777344 0
1731955483285 23.556880950927734 0
1731955527181 24.17962646484375 0
1731955571032 23.437532424926758 0
1731955614991 22.95504379272461 0
1731955658866 23.97579002380371 0
1731955702700 24.009288787841797 0
1731955746644 24.343786239624023 0
1731955790564 25.06714630126953 0
1731955831157 25.083675384521484 0
1731955869980 24.003679275512695 0
1731955909259 23.17711067199707 0
1731955948485 24.106170654296875 0
1731955987796 24.04378318786621 0
1731956026670 24.437667846679688 0
1731956066088 23.873809814453125 0
1731956104538 26.066856384277344 0
1731956140973 23.806833267211914 0
1731956177332 25.373140335083008 0
1731956213677 25.966386795043945 0
1731956250072 25.707664489746094 0
1731956286463 24.535781860351562 0
1731956322939 25.172502517700195 0
1731956359360 24.329862594604492 0
1731956394107 24.22983741760254 0
1731956428913 25.06826400756836 0
1731956463324 24.9338436126709 0
1731956498125 25.115957260131836 0
1731956532443 25.120548248291016 0
1731956567214 25.5136661529541 0
1731956601580 25.463214874267578 0
1731956636696 25.020994186401367 0
1731956671030 25.148311614990234 0
1731956705737 25.01664924621582 0
1731956740068 25.294235229492188 0
1731956774832 25.279199600219727 0
1731956809162 26.448074340820312 0
1731956843890 24.19844627380371 0
1731956878141 25.491031646728516 0
1731956912893 24.05733871459961 0
1731956947150 25.027894973754883 0
1731956981967 25.728939056396484 0
1731957016364 26.013391494750977 0
1731957051154 25.19240951538086 0
1731957085401 25.990352630615234 0
1731957120243 26.28057861328125 0
1731957154933 23.627681732177734 0
1731957189754 26.075096130371094 0
1731957224156 25.912734985351562 0
1731957258973 26.61711311340332 0
1731957293400 24.764490127563477 0
1731957328158 26.190874099731445 0
1731957362579 24.556438446044922 0
1731957397429 27.068065643310547 0
1731957431767 25.02867889404297 0
1731957466528 26.595195770263672 0
1731957500953 26.768205642700195 0
1731957535671 27.290494918823242 0
1731957570014 26.25244903564453 0
1731957604818 26.31686019897461 0
1731957639170 26.26732635498047 0
1731957674386 25.352388381958008 0
1731957708790 24.804031372070312 0
1731957743574 27.757770538330078 0
1731957777950 26.37644386291504 0
1731957812796 25.972171783447266 0
1731957847141 24.956754684448242 0
1731957881992 27.312952041625977 0
1731957916356 26.0091552734375 0
1731957951155 25.945331573486328 0
1731957985590 26.234704971313477 0
1731958020332 25.794349670410156 0
1731958054677 25.613216400146484 0
1731958089474 25.402572631835938 0
1731958123835 24.71455192565918 0
1731958159018 26.27741813659668 0
1731958193539 25.906953811645508 0
1731958228365 26.072080612182617 0
1731958262753 25.404870986938477 0
1731958297505 25.611989974975586 0
1731958331936 27.694849014282227 0
1731958366785 25.054019927978516 0
1731958401278 26.897809982299805 0
1731958436167 26.54391098022461 0
1731958470644 26.31521224975586 0
1731958505480 25.885683059692383 0
1731958539903 26.77734375 0
1731958574677 25.35758399963379 0
1731958609079 26.62485122680664 0
1731958644004 27.08869171142578 0
1731958678817 27.00360870361328 0
1731958713744 26.332683563232422 0
1731958748161 25.98328971862793 0
1731958783022 27.057640075683594 0
1731958817476 26.946975708007812 0
1731958852304 25.54046630859375 0
1731958886591 27.064533233642578 0
1731958921459 26.070091247558594 0
1731958955857 26.54134750366211 0
1731958990666 26.314237594604492 0
1731959024983 26.35170555114746 0
1731959059876 27.110580444335938 0
1731959094200 26.570907592773438 0
1731959128949 26.24483299255371 0
1731959163369 26.86280632019043 0
1731959198552 26.09578514099121 0
1731959232975 26.951915740966797 0
1731959267804 26.49880027770996 0
1731959302188 27.800779342651367 0
1731959337153 25.660503387451172 0
1731959371560 27.313234329223633 0
1731959406426 27.576271057128906 0
1731959440901 25.48541259765625 0
1731959475879 26.54447364807129 0
1731959510403 27.324552536010742 0
1731959545303 27.523189544677734 0
1731959579749 27.96331787109375 0
1731959614628 26.397117614746094 0
1731959649109 26.81966209411621 0
1731959684060 26.712129592895508 0
1731959718805 27.32965087890625 0
1731959753570 27.08852767944336 0
1731959787966 28.347139358520508 0
1731959822840 27.972579956054688 0
1731959857291 26.61466407775879 0
1731959892134 28.330232620239258 0
1731959926527 26.782737731933594 0
1731959961396 27.422653198242188 0
1731959995890 27.774585723876953 0
1731960030743 27.76713752746582 0
1731960065244 27.79743003845215 0
1731960100140 27.015005111694336 0
1731960134555 27.49266242980957 0
1731960169421 27.625539779663086 0
1731960203869 27.655874252319336 0
1731960239383 27.650737762451172 0
1731960273837 28.34166145324707 0
1731960308676 26.849781036376953 0
1731960343117 27.2685546875 0
1731960378033 28.12580680847168 0
1731960412505 27.975479125976562 0
1731960447402 26.75404167175293 0
1731960481748 26.956539154052734 0
1731960516610 27.035320281982422 0
1731960551077 27.103540420532227 0
1731960585931 27.869192123413086 0
1731960620438 27.08941078186035 0
1731960655391 26.734907150268555 0
1731960689859 28.198017120361328 0
1731960725041 28.767681121826172 0
1731960759416 27.842914581298828 0
1731960794357 28.536035537719727 0
1731960828868 27.9207820892334 0
1731960863798 27.97673797607422 0
1731960898312 28.157325744628906 0
1731960933181 27.079917907714844 0
1731960967624 27.87775993347168 0
1731961002479 27.92849349975586 0
1731961036870 27.441495895385742 0
1731961071810 27.51615333557129 0
1731961106335 28.138853073120117 0
1731961141163 26.620851516723633 0
1731961175551 28.223573684692383 0
1731961210431 28.01009750366211 0
1731961245199 27.141551971435547 0
1731961280035 27.636157989501953 0
1731961314345 28.31032943725586 0
1731961349210 28.378141403198242 0
1731961383638 27.7968692779541 0
1731961418532 26.89304542541504 0
1731961453020 28.192655563354492 0
1731961487908 26.984724044799805 0
1731961522367 27.27953338623047 0
1731961557202 29.601839065551758 0
1731961591636 27.077062606811523 0
1731961626397 27.71192169189453 0
1731961660869 28.212562561035156 0
1731961695643 27.564931869506836 0
1731961730192 27.29596710205078 0
1731961765362 27.189558029174805 0
1731961799946 27.477563858032227 0
1731961834867 27.833288192749023 0
1731961869332 27.788311004638672 0
1731961904221 27.801158905029297 0
1731961938730 29.278573989868164 0
1731961973604 28.907249450683594 0
1731962008041 26.947973251342773 0
1731962042925 27.61545753479004 0
1731962077394 28.329824447631836 0
1731962112333 28.497756958007812 0
1731962146768 28.633438110351562 0
