1731954699907 2.066899538040161 0
1731954741370 2.8377606868743896 0
1731954783672 3.362546920776367 0
1731954826283 3.950840711593628 0
1731954868157 4.429977893829346 0
1731954910013 4.853795051574707 0
1731954951265 5.083042621612549 0
1731954992570 5.317432880401611 0
1731955033590 5.465368747711182 0
1731955074816 5.722182750701904 0
1731955115996 5.964117050170898 0
1731955157443 6.139858722686768 0
1731955198639 6.18181848526001 0
1731955239973 6.4015421867370605 0
1731955280586 6.332483291625977 0
1731955316057 6.479594707489014 0
1731955351789 6.568138122558594 0
1731955387394 6.4547319412231445 0
1731955423127 6.733226299285889 0
1731955458865 6.606062889099121 0
1731955494610 6.706128120422363 0
1731955530325 6.591078758239746 0
1731955564110 6.608828544616699 0
1731955596765 6.75647497177124 0
1731955629779 6.803388595581055 0
1731955662827 6.777157306671143 0
1731955695836 6.826928615570068 0
1731955728587 6.804057598114014 0
1731955761616 6.799896240234375 0
1731955794197 6.792664051055908 0
1731955825390 6.832221984863281 0
1731955856633 6.864622116088867 0
1731955887925 6.881594181060791 0
1731955919249 6.871364593505859 0
1731955950478 6.8111114501953125 0
1731955981718 6.79117488861084 0
1731956013047 6.856262683868408 0
1731956043151 6.911368370056152 0
1731956073241 6.911789894104004 0
1731956103169 6.953394412994385 0
1731956133422 6.933934211730957 0
1731956163376 7.032467842102051 0
1731956193637 6.83063268661499 0
1731956223562 7.023649215698242 0
1731956254060 7.056698322296143 0
1731956283920 7.001601696014404 0
1731956314322 7.0274882316589355 0
1731956344264 7.087244033813477 0
1731956374421 7.030917644500732 0
1731956404213 7.097967624664307 0
1731956434486 7.035842418670654 0
1731956464338 7.057611465454102 0
1731956494475 6.952935218811035 0
1731956524401 7.085989952087402 0
1731956554622 7.095156192779541 0
1731956584515 7.073878288269043 0
1731956614734 7.0148234367370605 0
1731956644691 7.058251857757568 0
1731956674871 6.971649169921875 0
1731956705157 7.049774646759033 0
1731956735312 7.048243045806885 0
1731956765319 7.071959972381592 0
1731956795556 7.090218544006348 0
1731956825473 7.009659290313721 0
1731956855589 6.963085174560547 0
1731956885520 7.028603553771973 0
1731956915636 7.03018045425415 0
1731956945542 7.056547164916992 0
1731956975680 6.97724723815918 0
1731957005622 7.004005432128906 0
1731957035740 7.084050178527832 0
1731957065663 7.152377605438232 0
1731957095857 7.0795183181762695 0
1731957125789 7.164836406707764 0
1731957156281 7.065834045410156 0
1731957186183 7.138458251953125 0
1731957216422 7.098934173583984 0
1731957246385 7.146157264709473 0
1731957276609 7.147761821746826 0
1731957306570 7.15260648727417 0
1731957336835 7.179556369781494 0
1731957366731 7.142309188842773 0
1731957396907 7.026684284210205 0
1731957426728 7.113214015960693 0
1731957456984 7.057756423950195 0
1731957486906 7.118739128112793 0
1731957517077 7.123763561248779 0
1731957547047 7.129603862762451 0
1731957577580 7.14354944229126 0
1731957607504 7.107069492340088 0
1731957637677 7.089024543762207 0
1731957667541 7.139375686645508 0
1731957697774 7.212947368621826 0
1731957727620 7.112978458404541 0
1731957757812 7.15424108505249 0
1731957787738 7.19590950012207 0
1731957817841 7.110713005065918 0
1731957847604 7.16540002822876 0
1731957877802 7.167336463928223 0
1731957907727 7.137663841247559 0
1731957937966 7.088132858276367 0
1731957967825 7.191627025604248 0
1731957998028 7.145477771759033 0
1731958028261 7.140756130218506 0
1731958058381 7.101852893829346 0
1731958088248 7.074828624725342 0
1731958118396 7.200676918029785 0
1731958148286 7.141302585601807 0
1731958178397 7.182826995849609 0
1731958208319 7.163139343261719 0
1731958238579 7.090394020080566 0
1731958268569 7.124996662139893 0
1731958298764 7.149581432342529 0
1731958328678 7.165435791015625 0
1731958358840 7.115817546844482 0
1731958388729 7.108593463897705 0
1731958418880 7.1196818351745605 0
1731958448891 7.062612533569336 0
1731958479353 7.135856628417969 0
1731958509275 7.175516128540039 0
1731958539434 7.100121974945068 0
1731958569312 7.150066375732422 0
1731958599615 7.089162826538086 0
1731958629607 7.147459030151367 0
1731958659870 7.08364725112915 0
1731958689776 7.101609706878662 0
1731958719988 7.1061930656433105 0
1731958749866 7.193314075469971 0
1731958780025 7.05940580368042 0
1731958809897 7.120047092437744 0
1731958840177 7.146853923797607 0
1731958870115 7.170783042907715 0
1731958900306 7.15231990814209 0
1731958930562 7.132030487060547 0
1731958960828 7.213223934173584 0
1731958990781 7.168264389038086 0
1731959020966 7.175365924835205 0
1731959050953 7.139979839324951 0
1731959081167 7.118496417999268 0
1731959111079 7.104870319366455 0
1731959141146 7.114346504211426 0
1731959171070 7.19387149810791 0
1731959201245 7.160250186920166 0
1731959231103 7.164846897125244 0
1731959261419 7.110172271728516 0
1731959291405 7.147657871246338 0
1731959321604 7.1375837326049805 0
1731959351546 7.148224830627441 0
1731959382130 7.106239318847656 0
1731959411973 7.140374660491943 0
1731959442116 7.166456699371338 0
1731959471996 7.153294563293457 0
1731959502156 7.127999782562256 0
1731959532136 7.127983093261719 0
1731959562348 7.181138515472412 0
1731959592331 7.161902904510498 0
1731959622529 7.153214454650879 0
1731959652471 7.172861099243164 0
1731959682706 7.160495281219482 0
1731959712690 7.152682781219482 0
1731959742926 7.145944595336914 0
1731959772746 7.146223545074463 0
1731959803130 7.160905838012695 0
1731959833102 7.165947437286377 0
1731959863202 7.164621353149414 0
1731959893204 7.202571392059326 0
1731959923356 7.180972576141357 0
1731959953308 7.183612823486328 0
1731959983483 7.204333782196045 0
1731960013431 7.163522720336914 0
1731960043647 7.194518089294434 0
1731960073682 7.141754150390625 0
1731960103799 7.1864333152771 0
1731960133625 7.181461811065674 0
1731960163666 7.1775617599487305 0
1731960193602 7.200486660003662 0
1731960223656 7.230181694030762 0
1731960254014 7.199836730957031 0
1731960284070 7.234181880950928 0
1731960313876 7.196425914764404 0
1731960343958 7.18450403213501 0
1731960373820 7.162752628326416 0
1731960403918 7.211928844451904 0
1731960433799 7.240246772766113 0
1731960463846 7.183215618133545 0
1731960493854 7.188290596008301 0
1731960523984 7.2042107582092285 0
1731960553822 7.192055702209473 0
1731960583938 7.171616077423096 0
1731960613766 7.174040794372559 0
1731960643922 7.164088726043701 0
1731960673807 7.16311502456665 0
1731960704288 7.133058547973633 0
1731960734088 7.17358922958374 0
1731960764134 7.132435321807861 0
1731960794004 7.138986110687256 0
1731960824112 7.178483009338379 0
1731960854010 7.15968656539917 0
1731960884181 7.158428192138672 0
1731960914020 7.186594009399414 0
1731960944035 7.153865337371826 0
1731960973908 7.145007610321045 0
1731961004049 7.157398700714111 0
1731961033973 7.152951717376709 0
1731961064125 7.154421329498291 0
1731961094006 7.215501308441162 0
1731961124088 7.165221691131592 0
1731961154245 7.1817803382873535 0
1731961184440 7.199064254760742 0
1731961214290 7.179656982421875 0
1731961244362 7.180927753448486 0
1731961274234 7.168875694274902 0
1731961304299 7.160393714904785 0
1731961334130 7.177000999450684 0
1731961364321 7.169398307800293 0
1731961394174 7.158529281616211 0
1731961424398 7.168005466461182 0
1731961454262 7.153697490692139 0
1731961484404 7.168850898742676 0
1731961514294 7.158913612365723 0
1731961544491 7.195931911468506 0
1731961574331 7.194441795349121 0
