1731954699907 1.0175976753234863 0
1731954741370 1.0576859712600708 0
1731954783672 1.0660521984100342 0
1731954826283 1.1149823665618896 0
1731954868157 1.1219968795776367 0
1731954910013 1.1490446329116821 0
1731954951265 1.1633919477462769 0
1731954992570 1.1680676937103271 0
1731955033590 1.1875483989715576 0
1731955074816 1.1832281351089478 0
1731955115996 1.1964350938796997 0
1731955157443 1.21864914894104 0
1731955198639 1.1981570720672607 0
1731955239973 1.209641933441162 0
1731955280586 1.2121341228485107 0
1731955316057 1.2183620929718018 0
1731955351789 1.2116965055465698 0
1731955387394 1.211395263671875 0
1731955423127 1.2157758474349976 0
1731955458865 1.2252693176269531 0
1731955494610 1.2110421657562256 0
1731955530325 1.2206147909164429 0
1731955564110 1.2186154127120972 0
1731955596765 1.2143443822860718 0
1731955629779 1.2134003639221191 0
1731955662827 1.2268673181533813 0
1731955695836 1.2142657041549683 0
1731955728587 1.2296332120895386 0
1731955761616 1.216208815574646 0
1731955794197 1.2394875288009644 0
1731955825390 1.237000823020935 0
1731955856633 1.2285808324813843 0
1731955887925 1.2296550273895264 0
1731955919249 1.23160982131958 0
1731955950478 1.2290663719177246 0
1731955981718 1.2349684238433838 0
1731956013047 1.223740577697754 0
1731956043151 1.2301050424575806 0
1731956073241 1.2368489503860474 0
1731956103169 1.2294073104858398 0
1731956133422 1.233069658279419 0
1731956163376 1.2311395406723022 0
1731956193637 1.24237060546875 0
1731956223562 1.230870246887207 0
1731956254060 1.2275044918060303 0
1731956283920 1.2338887453079224 0
1731956314322 1.2273935079574585 0
1731956344264 1.2408950328826904 0
1731956374421 1.2431756258010864 0
1731956404213 1.2400938272476196 0
1731956434486 1.2358499765396118 0
1731956464338 1.2339520454406738 0
1731956494475 1.235533595085144 0
1731956524401 1.238134741783142 0
1731956554622 1.2465194463729858 0
1731956584515 1.2382735013961792 0
1731956614734 1.234636664390564 0
1731956644691 1.2347527742385864 0
1731956674871 1.2355083227157593 0
1731956705157 1.2353519201278687 0
1731956735312 1.235171914100647 0
1731956765319 1.2381212711334229 0
1731956795556 1.2382806539535522 0
1731956825473 1.2351840734481812 0
1731956855589 1.246956706047058 0
1731956885520 1.2392688989639282 0
1731956915636 1.2329821586608887 0
1731956945542 1.2363905906677246 0
1731956975680 1.2425140142440796 0
1731957005622 1.2319531440734863 0
1731957035740 1.244286060333252 0
1731957065663 1.243298888206482 0
1731957095857 1.2405937910079956 0
1731957125789 1.2417068481445312 0
1731957156281 1.2334624528884888 0
1731957186183 1.2387217283248901 0
1731957216422 1.236539363861084 0
1731957246385 1.2411625385284424 0
1731957276609 1.2316703796386719 0
1731957306570 1.2364922761917114 0
1731957336835 1.240909218788147 0
1731957366731 1.2401549816131592 0
1731957396907 1.2372255325317383 0
1731957426728 1.2340680360794067 0
1731957456984 1.2340072393417358 0
1731957486906 1.2426081895828247 0
1731957517077 1.2418293952941895 0
1731957547047 1.2408223152160645 0
1731957577580 1.2378225326538086 0
1731957607504 1.238783359527588 0
1731957637677 1.2328178882598877 0
1731957667541 1.245992660522461 0
1731957697774 1.2355310916900635 0
1731957727620 1.242711067199707 0
1731957757812 1.236153244972229 0
1731957787738 1.2445604801177979 0
1731957817841 1.235713005065918 0
1731957847604 1.248228907585144 0
1731957877802 1.2425966262817383 0
1731957907727 1.24672532081604 0
1731957937966 1.2411272525787354 0
1731957967825 1.2418084144592285 0
1731957998028 1.2416688203811646 0
1731958028261 1.2428902387619019 0
1731958058381 1.2389322519302368 0
1731958088248 1.243516206741333 0
1731958118396 1.2367244958877563 0
1731958148286 1.2359095811843872 0
1731958178397 1.2465065717697144 0
1731958208319 1.2417261600494385 0
1731958238579 1.2412333488464355 0
1731958268569 1.2414896488189697 0
1731958298764 1.2348650693893433 0
1731958328678 1.2463023662567139 0
1731958358840 1.24017333984375 0
1731958388729 1.2435249090194702 0
1731958418880 1.242608904838562 0
1731958448891 1.2419424057006836 0
1731958479353 1.2417420148849487 0
1731958509275 1.2438430786132812 0
1731958539434 1.2430208921432495 0
1731958569312 1.2483534812927246 0
1731958599615 1.2482919692993164 0
1731958629607 1.2433773279190063 0
1731958659870 1.2364376783370972 0
1731958689776 1.2455066442489624 0
1731958719988 1.2436344623565674 0
1731958749866 1.241597294807434 0
1731958780025 1.2418092489242554 0
1731958809897 1.2433521747589111 0
1731958840177 1.2484558820724487 0
1731958870115 1.247654676437378 0
1731958900306 1.245657205581665 0
1731958930562 1.2423373460769653 0
1731958960828 1.2431780099868774 0
1731958990781 1.2420783042907715 0
1731959020966 1.2463696002960205 0
1731959050953 1.2460498809814453 0
1731959081167 1.241581916809082 0
1731959111079 1.2427924871444702 0
1731959141146 1.2449977397918701 0
1731959171070 1.244855523109436 0
1731959201245 1.2448455095291138 0
1731959231103 1.2436283826828003 0
1731959261419 1.2475440502166748 0
1731959291405 1.2458206415176392 0
1731959321604 1.2438639402389526 0
1731959351546 1.2467602491378784 0
1731959382130 1.2444212436676025 0
1731959411973 1.2450991868972778 0
1731959442116 1.2459766864776611 0
1731959471996 1.2461484670639038 0
1731959502156 1.2477296590805054 0
1731959532136 1.2466269731521606 0
1731959562348 1.247339129447937 0
1731959592331 1.2548913955688477 0
1731959622529 1.2512506246566772 0
1731959652471 1.2474596500396729 0
1731959682706 1.2485710382461548 0
1731959712690 1.2447397708892822 0
1731959742926 1.2456022500991821 0
1731959772746 1.248198390007019 0
1731959803130 1.245402216911316 0
1731959833102 1.24753737449646 0
1731959863202 1.2474656105041504 0
1731959893204 1.2464123964309692 0
1731959923356 1.2460975646972656 0
1731959953308 1.2505502700805664 0
1731959983483 1.2484554052352905 0
1731960013431 1.2504234313964844 0
1731960043647 1.2489789724349976 0
1731960073682 1.2460280656814575 0
1731960103799 1.2477099895477295 0
1731960133625 1.2448980808258057 0
1731960163666 1.2472128868103027 0
1731960193602 1.2481545209884644 0
1731960223656 1.2459304332733154 0
1731960254014 1.2547184228897095 0
1731960284070 1.2506910562515259 0
1731960313876 1.2523988485336304 0
1731960343958 1.2522722482681274 0
1731960373820 1.2481679916381836 0
1731960403918 1.2509548664093018 0
1731960433799 1.2521287202835083 0
1731960463846 1.2500479221343994 0
1731960493854 1.2542827129364014 0
1731960523984 1.2490154504776 0
1731960553822 1.255091667175293 0
1731960583938 1.2498149871826172 0
1731960613766 1.2513718605041504 0
1731960643922 1.2502937316894531 0
1731960673807 1.2508777379989624 0
1731960704288 1.2519371509552002 0
1731960734088 1.2521672248840332 0
1731960764134 1.2508097887039185 0
1731960794004 1.252537488937378 0
1731960824112 1.2517818212509155 0
1731960854010 1.2508430480957031 0
1731960884181 1.2518680095672607 0
1731960914020 1.2515369653701782 0
1731960944035 1.251904010772705 0
1731960973908 1.248995304107666 0
1731961004049 1.247695803642273 0
1731961033973 1.2474160194396973 0
1731961064125 1.2507647275924683 0
1731961094006 1.250108242034912 0
1731961124088 1.248897910118103 0
1731961154245 1.2518973350524902 0
1731961184440 1.254727840423584 0
1731961214290 1.2536700963974 0
1731961244362 1.2518781423568726 0
1731961274234 1.2509651184082031 0
1731961304299 1.2506341934204102 0
1731961334130 1.2498059272766113 0
1731961364321 1.252428412437439 0
1731961394174 1.2533023357391357 0
1731961424398 1.2511228322982788 0
1731961454262 1.2510712146759033 0
1731961484404 1.2475895881652832 0
1731961514294 1.2495590448379517 0
1731961544491 1.248323678970337 0
1731961574331 1.2519632577896118 0
