1731954699907 0.016071338206529617 0
1731954741370 0.01662287674844265 0
1731954783672 0.01681995950639248 0
1731954826283 0.01701667159795761 0
1731954868157 0.017214259132742882 0
1731954910013 0.01736191101372242 0
1731954951265 0.017307091504335403 0
1731954992570 0.01739710383117199 0
1731955033590 0.017433010041713715 0
1731955074816 0.01761818863451481 0
1731955115996 0.017740599811077118 0
1731955157443 0.017604198306798935 0
1731955198639 0.017702151089906693 0
1731955239973 0.017735110595822334 0
1731955280586 0.01767948642373085 0
1731955316057 0.01772177219390869 0
1731955351789 0.017748067155480385 0
1731955387394 0.01770162023603916 0
1731955423127 0.017853375524282455 0
1731955458865 0.017813919112086296 0
1731955494610 0.01785467565059662 0
1731955530325 0.017826318740844727 0
1731955564110 0.017801528796553612 0
1731955596765 0.01774241402745247 0
1731955629779 0.017868299037218094 0
1731955662827 0.017758933827280998 0
1731955695836 0.01794445887207985 0
1731955728587 0.01773451641201973 0
1731955761616 0.017922408878803253 0
1731955794197 0.01801619492471218 0
1731955825390 0.017846405506134033 0
1731955856633 0.017788086086511612 0
1731955887925 0.017837990075349808 0
1731955919249 0.017849376425147057 0
1731955950478 0.017912045121192932 0
1731955981718 0.0179580245167017 0
1731956013047 0.017865559086203575 0
1731956043151 0.017895828932523727 0
1731956073241 0.017975056543946266 0
1731956103169 0.01783042959868908 0
1731956133422 0.017982352524995804 0
1731956163376 0.017850752919912338 0
1731956193637 0.018040090799331665 0
1731956223562 0.017905844375491142 0
1731956254060 0.018008820712566376 0
1731956283920 0.017917366698384285 0
1731956314322 0.017975257709622383 0
1731956344264 0.018011480569839478 0
1731956374421 0.01790313981473446 0
1731956404213 0.01787726767361164 0
1731956434486 0.017959140241146088 0
1731956464338 0.0179700069129467 0
1731956494475 0.017962878569960594 0
1731956524401 0.01800183206796646 0
1731956554622 0.018199129030108452 0
1731956584515 0.01804071106016636 0
1731956614734 0.018075598403811455 0
1731956644691 0.018078817054629326 0
1731956674871 0.018034249544143677 0
1731956705157 0.01799069717526436 0
1731956735312 0.018038036301732063 0
1731956765319 0.017979424446821213 0
1731956795556 0.018044937402009964 0
1731956825473 0.018060147762298584 0
1731956855589 0.01797490194439888 0
1731956885520 0.018142985180020332 0
1731956915636 0.018111269921064377 0
1731956945542 0.018115226179361343 0
1731956975680 0.01803739182651043 0
1731957005622 0.018029378727078438 0
1731957035740 0.018057921901345253 0
1731957065663 0.01809472031891346 0
1731957095857 0.018036145716905594 0
1731957125789 0.018068870529532433 0
1731957156281 0.01812100224196911 0
1731957186183 0.01801736280322075 0
1731957216422 0.01808818243443966 0
1731957246385 0.018011465668678284 0
1731957276609 0.018088597804307938 0
1731957306570 0.018155723810195923 0
1731957336835 0.018079379573464394 0
1731957366731 0.018200580030679703 0
1731957396907 0.018117805942893028 0
1731957426728 0.018101485446095467 0
1731957456984 0.018131665885448456 0
1731957486906 0.018125521019101143 0
1731957517077 0.018130306154489517 0
1731957547047 0.018193509429693222 0
1731957577580 0.01804293692111969 0
1731957607504 0.018162209540605545 0
1731957637677 0.018161630257964134 0
1731957667541 0.018153611570596695 0
1731957697774 0.018120111897587776 0
1731957727620 0.018212608993053436 0
1731957757812 0.018200578168034554 0
1731957787738 0.018072571605443954 0
1731957817841 0.018196890130639076 0
1731957847604 0.018157202750444412 0
1731957877802 0.018188664689660072 0
1731957907727 0.018119869753718376 0
1731957937966 0.018178628757596016 0
1731957967825 0.018120883032679558 0
1731957998028 0.018129868432879448 0
1731958028261 0.01813468337059021 0
1731958058381 0.018167143687605858 0
1731958088248 0.018139127641916275 0
1731958118396 0.018159454688429832 0
1731958148286 0.018155604600906372 0
1731958178397 0.018155833706259727 0
1731958208319 0.018101200461387634 0
1731958238579 0.018171949312090874 0
1731958268569 0.018158400431275368 0
1731958298764 0.018076177686452866 0
1731958328678 0.01822459138929844 0
1731958358840 0.018176523968577385 0
1731958388729 0.018216632306575775 0
1731958418880 0.018114130944013596 0
1731958448891 0.01812737248837948 0
1731958479353 0.018187662586569786 0
1731958509275 0.01813272200524807 0
1731958539434 0.01818099617958069 0
1731958569312 0.01810723915696144 0
1731958599615 0.01815362647175789 0
1731958629607 0.018202487379312515 0
1731958659870 0.01819305308163166 0
1731958689776 0.018127746880054474 0
1731958719988 0.018219003453850746 0
1731958749866 0.018161503598093987 0
1731958780025 0.01820376142859459 0
1731958809897 0.018162865191698074 0
1731958840177 0.018222898244857788 0
1731958870115 0.01816929504275322 0
1731958900306 0.01814422942698002 0
1731958930562 0.018211914226412773 0
1731958960828 0.018117977306246758 0
1731958990781 0.01818918250501156 0
1731959020966 0.018189266324043274 0
1731959050953 0.018179355189204216 0
1731959081167 0.018230793997645378 0
1731959111079 0.01814160868525505 0
1731959141146 0.018158238381147385 0
1731959171070 0.018155204132199287 0
1731959201245 0.01814500242471695 0
1731959231103 0.018152140080928802 0
1731959261419 0.018222182989120483 0
1731959291405 0.018143760040402412 0
1731959321604 0.01823476143181324 0
1731959351546 0.018268359825015068 0
1731959382130 0.01818886213004589 0
1731959411973 0.018212083727121353 0
1731959442116 0.018138768151402473 0
1731959471996 0.018147878348827362 0
1731959502156 0.01811068505048752 0
1731959532136 0.01823844574391842 0
1731959562348 0.018131326884031296 0
1731959592331 0.018133973702788353 0
1731959622529 0.018199101090431213 0
1731959652471 0.01816447637975216 0
1731959682706 0.01817973144352436 0
1731959712690 0.018169483169913292 0
1731959742926 0.018223794177174568 0
1731959772746 0.018167076632380486 0
1731959803130 0.018170127645134926 0
1731959833102 0.018146585673093796 0
1731959863202 0.0181668009608984 0
1731959893204 0.018204491585493088 0
1731959923356 0.018143871799111366 0
1731959953308 0.018202221021056175 0
1731959983483 0.01814395934343338 0
1731960013431 0.018186459317803383 0
1731960043647 0.01814722828567028 0
1731960073682 0.018187914043664932 0
1731960103799 0.018181588500738144 0
1731960133625 0.0182173028588295 0
1731960163666 0.018206756561994553 0
1731960193602 0.018221115693449974 0
1731960223656 0.01815471611917019 0
1731960254014 0.018202129751443863 0
1731960284070 0.018211783841252327 0
1731960313876 0.018213072791695595 0
1731960343958 0.0181751549243927 0
1731960373820 0.018196960911154747 0
1731960403918 0.01821502111852169 0
1731960433799 0.01821121945977211 0
1731960463846 0.01819746010005474 0
1731960493854 0.018192658200860023 0
1731960523984 0.018214039504528046 0
1731960553822 0.018194405362010002 0
1731960583938 0.01820756308734417 0
1731960613766 0.018238862976431847 0
1731960643922 0.0182192325592041 0
1731960673807 0.018214983865618706 0
1731960704288 0.018190782517194748 0
1731960734088 0.01820586808025837 0
1731960764134 0.01818384975194931 0
1731960794004 0.018245887011289597 0
1731960824112 0.018231507390737534 0
1731960854010 0.01819474808871746 0
1731960884181 0.018201852217316628 0
1731960914020 0.01826351508498192 0
1731960944035 0.018256545066833496 0
1731960973908 0.018240343779325485 0
1731961004049 0.018212435767054558 0
1731961033973 0.018232690170407295 0
1731961064125 0.018245192244648933 0
1731961094006 0.018225034698843956 0
1731961124088 0.018249018117785454 0
1731961154245 0.018218297511339188 0
1731961184440 0.018195101991295815 0
1731961214290 0.018254734575748444 0
1731961244362 0.018199801445007324 0
1731961274234 0.018283376470208168 0
1731961304299 0.018250416964292526 0
1731961334130 0.01825021393597126 0
1731961364321 0.01824931614100933 0
1731961394174 0.01822054013609886 0
1731961424398 0.018217626959085464 0
1731961454262 0.01822967641055584 0
1731961484404 0.01821308396756649 0
1731961514294 0.01824304461479187 0
1731961544491 0.018209394067525864 0
1731961574331 0.018210865557193756 0
