1731954699907 0.02738353982567787 0
1731954741370 0.030721614137291908 0
1731954783672 0.029884684830904007 0
1731954826283 0.029290247708559036 0
1731954868157 0.02918844111263752 0
1731954910013 0.031066663563251495 0
1731954951265 0.030060574412345886 0
1731954992570 0.029897291213274002 0
1731955033590 0.028909901157021523 0
1731955074816 0.03126389905810356 0
1731955115996 0.03061962127685547 0
1731955157443 0.030544506385922432 0
1731955198639 0.03180775046348572 0
1731955239973 0.030579619109630585 0
1731955280586 0.02991630509495735 0
1731955316057 0.031075263395905495 0
1731955351789 0.031750958412885666 0
1731955387394 0.031097816303372383 0
1731955423127 0.03109218366444111 0
1731955458865 0.0314464196562767 0
1731955494610 0.030987076461315155 0
1731955530325 0.03129807859659195 0
1731955564110 0.03314599394798279 0
1731955596765 0.03167121857404709 0
1731955629779 0.03099817968904972 0
1731955662827 0.030621826648712158 0
1731955695836 0.03124973364174366 0
1731955728587 0.031518567353487015 0
1731955761616 0.03223658353090286 0
1731955794197 0.03193361684679985 0
1731955825390 0.031607139855623245 0
1731955856633 0.03183003515005112 0
1731955887925 0.03217349201440811 0
1731955919249 0.030441028997302055 0
1731955950478 0.03275379166007042 0
1731955981718 0.032062746584415436 0
1731956013047 0.033626627177000046 0
1731956043151 0.03170999139547348 0
1731956073241 0.03096667304635048 0
1731956103169 0.03165458142757416 0
1731956133422 0.032393332570791245 0
1731956163376 0.0319828987121582 0
1731956193637 0.03132854402065277 0
1731956223562 0.0320248007774353 0
1731956254060 0.03314884006977081 0
1731956283920 0.03203284740447998 0
1731956314322 0.03316490352153778 0
1731956344264 0.03240553289651871 0
1731956374421 0.032780420035123825 0
1731956404213 0.031821880489587784 0
1731956434486 0.032447949051856995 0
1731956464338 0.03322567790746689 0
1731956494475 0.031798891723155975 0
1731956524401 0.031892258673906326 0
1731956554622 0.03212760388851166 0
1731956584515 0.031629402190446854 0
1731956614734 0.03213495761156082 0
1731956644691 0.0318196639418602 0
1731956674871 0.03228362277150154 0
1731956705157 0.03172994405031204 0
1731956735312 0.0327337384223938 0
1731956765319 0.0320664681494236 0
1731956795556 0.03296234831213951 0
1731956825473 0.03235968202352524 0
1731956855589 0.03198673203587532 0
1731956885520 0.03232178837060928 0
1731956915636 0.03226666897535324 0
1731956945542 0.0323135182261467 0
1731956975680 0.03242368623614311 0
1731957005622 0.03294865041971207 0
1731957035740 0.0322294645011425 0
1731957065663 0.032471664249897 0
1731957095857 0.032736487686634064 0
1731957125789 0.032157689332962036 0
1731957156281 0.032642532140016556 0
1731957186183 0.03275555372238159 0
1731957216422 0.032907165586948395 0
1731957246385 0.03294546529650688 0
1731957276609 0.03254393860697746 0
1731957306570 0.03272897005081177 0
1731957336835 0.03268599882721901 0
1731957366731 0.03254998102784157 0
1731957396907 0.03250660374760628 0
1731957426728 0.032030701637268066 0
1731957456984 0.03236709162592888 0
1731957486906 0.03266492486000061 0
1731957517077 0.03295828029513359 0
1731957547047 0.032613929361104965 0
1731957577580 0.03186245262622833 0
1731957607504 0.03214659169316292 0
1731957637677 0.033068083226680756 0
1731957667541 0.03226805105805397 0
1731957697774 0.03327660635113716 0
1731957727620 0.03251166269183159 0
1731957757812 0.03231419622898102 0
1731957787738 0.032739851623773575 0
1731957817841 0.032369162887334824 0
1731957847604 0.03303639590740204 0
1731957877802 0.0319676510989666 0
1731957907727 0.03251572698354721 0
1731957937966 0.03301367536187172 0
1731957967825 0.03274521976709366 0
1731957998028 0.03285947069525719 0
1731958028261 0.03239677846431732 0
1731958058381 0.03312772884964943 0
1731958088248 0.032878339290618896 0
1731958118396 0.03291112929582596 0
1731958148286 0.032955437898635864 0
1731958178397 0.03406170755624771 0
1731958208319 0.03316671401262283 0
1731958238579 0.033186499029397964 0
1731958268569 0.033166855573654175 0
1731958298764 0.0329495407640934 0
1731958328678 0.03217373788356781 0
1731958358840 0.032774630934000015 0
1731958388729 0.033127423375844955 0
1731958418880 0.03305549919605255 0
1731958448891 0.032988082617521286 0
1731958479353 0.03306133672595024 0
1731958509275 0.03269323706626892 0
1731958539434 0.03280433267354965 0
1731958569312 0.032239288091659546 0
1731958599615 0.03314563259482384 0
1731958629607 0.03257723152637482 0
1731958659870 0.03281920775771141 0
1731958689776 0.03254759684205055 0
1731958719988 0.03302209824323654 0
1731958749866 0.03304961696267128 0
1731958780025 0.033032700419425964 0
1731958809897 0.033380746841430664 0
1731958840177 0.0334286168217659 0
1731958870115 0.033401407301425934 0
1731958900306 0.033147964626550674 0
1731958930562 0.03274770826101303 0
1731958960828 0.032774992287158966 0
1731958990781 0.033201903104782104 0
1731959020966 0.03319697454571724 0
1731959050953 0.03284984827041626 0
1731959081167 0.03294650837779045 0
1731959111079 0.03316991403698921 0
1731959141146 0.03292924538254738 0
1731959171070 0.03297038748860359 0
1731959201245 0.032866135239601135 0
1731959231103 0.03268736973404884 0
1731959261419 0.032608505338430405 0
1731959291405 0.033157654106616974 0
1731959321604 0.03298192843794823 0
1731959351546 0.03291904553771019 0
1731959382130 0.032755009829998016 0
1731959411973 0.033367425203323364 0
1731959442116 0.03278256207704544 0
1731959471996 0.032983724027872086 0
1731959502156 0.03232840821146965 0
1731959532136 0.0330747552216053 0
1731959562348 0.03300301358103752 0
1731959592331 0.0328865721821785 0
1731959622529 0.03322695195674896 0
1731959652471 0.03285287693142891 0
1731959682706 0.032835476100444794 0
1731959712690 0.032778479158878326 0
1731959742926 0.03299490362405777 0
1731959772746 0.03302184119820595 0
1731959803130 0.03268461301922798 0
1731959833102 0.032874707132577896 0
1731959863202 0.032922010868787766 0
1731959893204 0.032563235610723495 0
1731959923356 0.03297116234898567 0
1731959953308 0.033276479691267014 0
1731959983483 0.03289094939827919 0
1731960013431 0.033218976110219955 0
1731960043647 0.03317197039723396 0
1731960073682 0.03312062844634056 0
1731960103799 0.03269500285387039 0
1731960133625 0.03300520032644272 0
1731960163666 0.032663166522979736 0
1731960193602 0.033124350011348724 0
1731960223656 0.03285284340381622 0
1731960254014 0.03276090696454048 0
1731960284070 0.03292413800954819 0
1731960313876 0.03300822898745537 0
1731960343958 0.0332024022936821 0
1731960373820 0.0336313359439373 0
1731960403918 0.03308301791548729 0
1731960433799 0.03325463831424713 0
1731960463846 0.03302634507417679 0
1731960493854 0.03263281658291817 0
1731960523984 0.03262406215071678 0
1731960553822 0.032331567257642746 0
1731960583938 0.032804712653160095 0
1731960613766 0.032815780490636826 0
1731960643922 0.033361468464136124 0
1731960673807 0.03295603767037392 0
1731960704288 0.03301149606704712 0
1731960734088 0.032861024141311646 0
1731960764134 0.033024586737155914 0
1731960794004 0.032885488122701645 0
1731960824112 0.03285704553127289 0
1731960854010 0.03332817181944847 0
1731960884181 0.033041395246982574 0
1731960914020 0.03314857557415962 0
1731960944035 0.03270192816853523 0
1731960973908 0.03296807408332825 0
1731961004049 0.033321697264909744 0
1731961033973 0.033009082078933716 0
1731961064125 0.03311104699969292 0
1731961094006 0.03256877139210701 0
1731961124088 0.032945144921541214 0
1731961154245 0.03287741541862488 0
1731961184440 0.033220380544662476 0
1731961214290 0.033033065497875214 0
1731961244362 0.03278394043445587 0
1731961274234 0.03314116969704628 0
1731961304299 0.03318389877676964 0
1731961334130 0.033142685890197754 0
1731961364321 0.033018551766872406 0
1731961394174 0.03306255862116814 0
1731961424398 0.03298230841755867 0
1731961454262 0.033015381544828415 0
1731961484404 0.03279906511306763 0
1731961514294 0.03298955783247948 0
1731961544491 0.033033743500709534 0
1731961574331 0.033095382153987885 0
