1731954700619 0.00028572589508257806 0
1731954741375 0.00019242985581513494 0
1731954783674 0.00015408075705636293 0
1731954826286 0.00013462083006743342 0
1731954868160 0.00012687778507824987 0
1731954910016 0.00012313612387515604 0
1731954951268 0.00011376642942195758 0
1731954992572 0.00011059450480388477 0
1731955033592 0.00011203718167962506 0
1731955074818 0.00010597315849736333 0
1731955115998 0.00010953259334200993 0
1731955157446 0.00010758376447483897 0
1731955198641 0.00010424158244859427 0
1731955239975 0.0001034258893923834 0
1731955280589 0.00010189443855779245 0
1731955316059 9.619971388019621e-05 0
1731955351792 9.760490502230823e-05 0
1731955387397 9.690122533356771e-05 0
1731955423129 9.968345693778247e-05 0
1731955458867 9.771293844096363e-05 0
1731955494612 9.510405652690679e-05 0
1731955530328 9.304305422119796e-05 0
1731955564113 9.328622400062159e-05 0
1731955596768 8.739232725929469e-05 0
1731955629782 8.888822048902512e-05 0
1731955662830 8.712682756595314e-05 0
1731955695840 8.584907482145354e-05 0
1731955728589 9.203322406392545e-05 0
1731955761618 8.85924237081781e-05 0
1731955794200 8.501843694830313e-05 0
1731955825393 8.525486919097602e-05 0
1731955856635 8.257237641373649e-05 0
1731955887928 8.310165139846504e-05 0
1731955919251 8.814450120553374e-05 0
1731955950481 8.321688801515847e-05 0
1731955981721 8.433759649051353e-05 0
1731956013050 8.647266804473475e-05 0
1731956043153 8.398841600865126e-05 0
1731956073244 8.341507782461122e-05 0
1731956103171 8.366537804249674e-05 0
1731956133425 8.165942563209683e-05 0
1731956163379 7.987234130268916e-05 0
1731956193639 8.0747005995363e-05 0
1731956223564 8.082259591901675e-05 0
1731956254062 8.258604066213593e-05 0
1731956283922 8.160165452864021e-05 0
1731956314325 7.716001709923148e-05 0
1731956344266 7.737852865830064e-05 0
1731956374424 7.885552622610703e-05 0
1731956404215 7.986027776496485e-05 0
1731956434489 7.719985296716914e-05 0
1731956464340 7.506101974286139e-05 0
1731956494478 7.783432374708354e-05 0
1731956524403 7.697905675740913e-05 0
1731956554625 7.312076195375994e-05 0
1731956584517 7.692211511312053e-05 0
1731956614737 7.537584315286949e-05 0
1731956644694 7.768681098241359e-05 0
1731956674874 7.596413342980668e-05 0
1731956705160 7.409021782223135e-05 0
1731956735314 7.451300189131871e-05 0
1731956765322 7.505431858589873e-05 0
1731956795559 7.723541057202965e-05 0
1731956825475 7.499501225538552e-05 0
1731956855592 7.322512101382017e-05 0
1731956885522 7.280544377863407e-05 0
1731956915638 7.249880582094193e-05 0
1731956945544 7.419286703225225e-05 0
1731956975683 7.33666674932465e-05 0
1731957005624 7.196934166131541e-05 0
1731957035743 6.89617227180861e-05 0
1731957065665 6.892270175740123e-05 0
1731957095860 6.845903408247977e-05 0
1731957125791 7.047016697470099e-05 0
1731957156283 7.372703839791939e-05 0
1731957186185 6.923355249455199e-05 0
1731957216425 7.27959195501171e-05 0
1731957246388 7.128190190996975e-05 0
1731957276611 6.715518975397572e-05 0
1731957306573 7.057074981275946e-05 0
1731957336837 6.917679274920374e-05 0
1731957366734 6.68442589812912e-05 0
1731957396909 7.212781929410994e-05 0
1731957426731 6.87730498611927e-05 0
1731957456986 6.785460573155433e-05 0
1731957486908 6.790868064854294e-05 0
1731957517079 6.744300480931997e-05 0
1731957547049 6.784698780393228e-05 0
1731957577582 6.98889052728191e-05 0
1731957607506 6.982502236496657e-05 0
1731957637680 6.801322160754353e-05 0
1731957667543 6.716713687637821e-05 0
1731957697777 6.587582902284339e-05 0
1731957727622 6.53740789857693e-05 0
1731957757814 6.834949454059824e-05 0
1731957787740 6.50680303806439e-05 0
1731957817843 6.802897405577824e-05 0
1731957847606 6.604613736271858e-05 0
1731957877805 6.801589915994555e-05 0
1731957907729 6.778357055736706e-05 0
1731957937968 6.342580309137702e-05 0
1731957967827 6.711490277666599e-05 0
1731957998030 6.941222090972587e-05 0
1731958028263 6.699547520838678e-05 0
1731958058383 6.485273479484022e-05 0
1731958088250 6.427167681977153e-05 0
1731958118398 6.436216790461913e-05 0
1731958148288 6.152554851723835e-05 0
1731958178399 6.203621160238981e-05 0
1731958208322 6.469525396823883e-05 0
1731958238581 6.313866470009089e-05 0
1731958268571 6.512746767839417e-05 0
1731958298766 6.228983693290502e-05 0
1731958328680 6.243935058591887e-05 0
1731958358843 6.20913997408934e-05 0
1731958388731 6.65863772155717e-05 0
1731958418883 6.291396857704967e-05 0
1731958448893 6.344468420138583e-05 0
1731958479356 6.324581772787496e-05 0
1731958509277 6.427500193240121e-05 0
1731958539437 6.095136996009387e-05 0
1731958569314 6.290925375651568e-05 0
1731958599617 6.192738510435447e-05 0
1731958629609 5.9549354773480445e-05 0
1731958659873 6.099267557146959e-05 0
1731958689778 6.0521681007230654e-05 0
1731958719990 5.883458652533591e-05 0
1731958749868 6.108691013650969e-05 0
1731958780027 5.818325007567182e-05 0
1731958809899 6.400835991371423e-05 0
1731958840179 6.284019764279947e-05 0
1731958870118 5.854774281033315e-05 0
1731958900308 6.321581167867407e-05 0
1731958930564 5.965805394225754e-05 0
1731958960830 6.068610673537478e-05 0
1731958990784 6.27868648734875e-05 0
1731959020968 5.9351837990107015e-05 0
1731959050956 6.258273060666397e-05 0
1731959081169 5.973813676973805e-05 0
1731959111081 5.913144559599459e-05 0
1731959141149 5.962702925899066e-05 0
1731959171072 6.112103437772021e-05 0
1731959201247 5.878492083866149e-05 0
1731959231105 6.429738277802244e-05 0
1731959261422 5.882593904971145e-05 0
1731959291406 6.012087396811694e-05 0
1731959321607 6.123508501332253e-05 0
1731959351548 5.987206532154232e-05 0
1731959382133 5.949601109023206e-05 0
1731959411975 6.198287155712023e-05 0
1731959442119 6.0055706853745505e-05 0
1731959471998 6.107569788582623e-05 0
1731959502158 6.039864456397481e-05 0
1731959532138 5.694741412298754e-05 0
1731959562350 5.899203824810684e-05 0
1731959592333 6.142717757029459e-05 0
1731959622531 5.712491110898554e-05 0
1731959652473 6.0392023442545906e-05 0
1731959682708 5.972643702989444e-05 0
1731959712692 5.4754178563598543e-05 0
1731959742928 5.719205000787042e-05 0
1731959772748 5.788259659311734e-05 0
1731959803132 5.845808846061118e-05 0
1731959833104 5.659696398652159e-05 0
1731959863204 5.627551581710577e-05 0
1731959893207 5.8487064961809665e-05 0
1731959923359 5.796026380266994e-05 0
1731959953310 5.799561768071726e-05 0
1731959983486 6.137505260994658e-05 0
1731960013433 5.745423914049752e-05 0
1731960043649 5.5659929785178974e-05 0
1731960073684 5.9221292758593336e-05 0
1731960103801 5.617394344881177e-05 0
1731960133627 5.882247205590829e-05 0
1731960163669 5.596482878900133e-05 0
1731960193604 5.648482692777179e-05 0
1731960223658 5.453062112792395e-05 0
1731960254016 5.744305599364452e-05 0
1731960284072 5.628319922834635e-05 0
1731960313878 5.6531967857154086e-05 0
1731960343960 5.769428753410466e-05 0
1731960373823 5.475608486449346e-05 0
1731960403920 5.631798558169976e-05 0
1731960433802 5.459448948386125e-05 0
1731960463852 5.528311521629803e-05 0
1731960493856 5.501468695001677e-05 0
1731960523986 5.6476477766409516e-05 0
1731960553825 5.525195228983648e-05 0
1731960583940 5.532139039132744e-05 0
1731960613768 5.5633248848607764e-05 0
1731960643925 5.4950254707364365e-05 0
1731960673809 5.7940971601055935e-05 0
1731960704291 5.7451681641396135e-05 0
1731960734090 5.521985440282151e-05 0
1731960764136 5.584285099757835e-05 0
1731960794006 5.729312761104666e-05 0
1731960824114 5.4289754189085215e-05 0
1731960854012 5.4894277127459645e-05 0
1731960884184 5.5159482144517824e-05 0
1731960914022 5.42093621334061e-05 0
1731960944038 5.537793185794726e-05 0
1731960973910 5.638149013975635e-05 0
1731961004051 5.696137304767035e-05 0
1731961033975 5.200619489187375e-05 0
1731961064127 5.4824700782774016e-05 0
1731961094008 5.31855366716627e-05 0
1731961124090 5.531847637030296e-05 0
1731961154247 5.4321553761838004e-05 0
1731961184442 5.483266795636155e-05 0
1731961214293 5.367888661567122e-05 0
1731961244364 5.541139398701489e-05 0
1731961274237 5.340593634173274e-05 0
1731961304301 5.519408659893088e-05 0
1731961334132 5.5468291975557804e-05 0
1731961364323 5.1982206059619784e-05 0
1731961394176 5.518705438589677e-05 0
1731961424401 5.237192090135068e-05 0
1731961454264 5.740730193792842e-05 0
1731961484406 5.445697752293199e-05 0
1731961514296 5.413448525359854e-05 0
1731961544493 5.5710588640067726e-05 0
1731961574333 5.3572188335238025e-05 0
