1731954699907 0.1428629457950592 0
1731954741370 0.09621492028236389 0
1731954783672 0.07704037427902222 0
1731954826283 0.06731041520833969 0
1731954868157 0.06343889236450195 0
1731954910013 0.06156805902719498 0
1731954951265 0.05688321217894554 0
1731954992570 0.05529724806547165 0
1731955033590 0.056018587201833725 0
1731955074816 0.05298657715320587 0
1731955115996 0.05476629361510277 0
1731955157443 0.05379188060760498 0
1731955198639 0.052120789885520935 0
1731955239973 0.051712941378355026 0
1731955280586 0.05094721540808678 0
1731955316057 0.04809985309839249 0
1731955351789 0.048802450299263 0
1731955387394 0.04845061153173447 0
1731955423127 0.04984172433614731 0
1731955458865 0.0488564670085907 0
1731955494610 0.04755202680826187 0
1731955530325 0.04652152583003044 0
1731955564110 0.04664310812950134 0
1731955596765 0.04369616135954857 0
1731955629779 0.04444410651922226 0
1731955662827 0.04356341063976288 0
1731955695836 0.042924534529447556 0
1731955728587 0.04601661115884781 0
1731955761616 0.04429620876908302 0
1731955794197 0.04250921681523323 0
1731955825390 0.04262743145227432 0
1731955856633 0.04128618538379669 0
1731955887925 0.04155082255601883 0
1731955919249 0.04407224804162979 0
1731955950478 0.04160844162106514 0
1731955981718 0.04216879606246948 0
1731956013047 0.04323633015155792 0
1731956043151 0.041994206607341766 0
1731956073241 0.041707538068294525 0
1731956103169 0.041832685470581055 0
1731956133422 0.04082971066236496 0
1731956163376 0.03993616998195648 0
1731956193637 0.04037350043654442 0
1731956223562 0.04041129723191261 0
1731956254060 0.04129301756620407 0
1731956283920 0.040800824761390686 0
1731956314322 0.03858000785112381 0
1731956344264 0.0386892631649971 0
1731956374421 0.03942776098847389 0
1731956404213 0.03993013873696327 0
1731956434486 0.03859992325305939 0
1731956464338 0.037530507892370224 0
1731956494475 0.03891716152429581 0
1731956524401 0.03848952800035477 0
1731956554622 0.03656037896871567 0
1731956584515 0.03846105560660362 0
1731956614734 0.03768792003393173 0
1731956644691 0.03884340450167656 0
1731956674871 0.037982065230607986 0
1731956705157 0.037045106291770935 0
1731956735312 0.037256497889757156 0
1731956765319 0.03752715885639191 0
1731956795556 0.038617704063653946 0
1731956825473 0.03749750554561615 0
1731956855589 0.036612559109926224 0
1731956885520 0.03640272095799446 0
1731956915636 0.03624940291047096 0
1731956945542 0.03709643334150314 0
1731956975680 0.0366833321750164 0
1731957005622 0.035984668880701065 0
1731957035740 0.03448085859417915 0
1731957065663 0.03446134924888611 0
1731957095857 0.03422951698303223 0
1731957125789 0.03523508086800575 0
1731957156281 0.03686351701617241 0
1731957186183 0.034616775810718536 0
1731957216422 0.03639795631170273 0
1731957246385 0.03564094752073288 0
1731957276609 0.03357759490609169 0
1731957306570 0.03528537228703499 0
1731957336835 0.034588396549224854 0
1731957366731 0.03342212736606598 0
1731957396907 0.03606390953063965 0
1731957426728 0.0343865230679512 0
1731957456984 0.033927302807569504 0
1731957486906 0.03395433723926544 0
1731957517077 0.033721499145030975 0
1731957547047 0.03392349183559418 0
1731957577580 0.034944452345371246 0
1731957607504 0.034912507981061935 0
1731957637677 0.03400661051273346 0
1731957667541 0.033583566546440125 0
1731957697774 0.0329379141330719 0
1731957727620 0.03268703818321228 0
1731957757812 0.03417474403977394 0
1731957787738 0.03253401443362236 0
1731957817841 0.03401448577642441 0
1731957847604 0.03302306681871414 0
1731957877802 0.03400794789195061 0
1731957907727 0.03389178216457367 0
1731957937966 0.03171290084719658 0
1731957967825 0.03355744853615761 0
1731957998028 0.03470610827207565 0
1731958028261 0.03349773585796356 0
1731958058381 0.032426364719867706 0
1731958088248 0.03213583678007126 0
1731958118396 0.03218108415603638 0
1731958148286 0.030762773007154465 0
1731958178397 0.031018102541565895 0
1731958208319 0.032347626984119415 0
1731958238579 0.031569331884384155 0
1731958268569 0.03256373107433319 0
1731958298764 0.031144917011260986 0
1731958328678 0.03121967427432537 0
1731958358840 0.03104569762945175 0
1731958388729 0.033293187618255615 0
1731958418880 0.03145698457956314 0
1731958448891 0.03172234073281288 0
1731958479353 0.031622909009456635 0
1731958509275 0.03213749825954437 0
1731958539434 0.030475683510303497 0
1731958569312 0.031454626470804214 0
1731958599615 0.03096369281411171 0
1731958629607 0.029774675145745277 0
1731958659870 0.03049633651971817 0
1731958689776 0.030260838568210602 0
1731958719988 0.029417291283607483 0
1731958749866 0.030543453991413116 0
1731958780025 0.029091624543070793 0
1731958809897 0.03200417757034302 0
1731958840177 0.03142009675502777 0
1731958870115 0.02927386946976185 0
1731958900306 0.03160790354013443 0
1731958930562 0.029829025268554688 0
1731958960828 0.030343051999807358 0
1731958990781 0.03139343112707138 0
1731959020966 0.029675917699933052 0
1731959050953 0.03129136562347412 0
1731959081167 0.029869066551327705 0
1731959111079 0.0295657217502594 0
1731959141146 0.029813513159751892 0
1731959171070 0.030560515820980072 0
1731959201245 0.029392458498477936 0
1731959231103 0.03214868903160095 0
1731959261419 0.029412968084216118 0
1731959291405 0.030060434713959694 0
1731959321604 0.030617542564868927 0
1731959351546 0.029936030507087708 0
1731959382130 0.02974800392985344 0
1731959411973 0.030991435050964355 0
1731959442116 0.030027851462364197 0
1731959471996 0.03053784742951393 0
1731959502156 0.03019932098686695 0
1731959532136 0.028473705053329468 0
1731959562348 0.02949601784348488 0
1731959592331 0.030713587999343872 0
1731959622529 0.028562454506754875 0
1731959652471 0.030196011066436768 0
1731959682706 0.02986321784555912 0
1731959712690 0.027377087622880936 0
1731959742926 0.028596023097634315 0
1731959772746 0.02894129604101181 0
1731959803130 0.029229043051600456 0
1731959833102 0.028298480436205864 0
1731959863202 0.028137756511569023 0
1731959893204 0.029243530705571175 0
1731959923356 0.028980130329728127 0
1731959953308 0.02899780683219433 0
1731959983483 0.030687525868415833 0
1731960013431 0.02872711792588234 0
1731960043647 0.027829963713884354 0
1731960073682 0.02961064502596855 0
1731960103799 0.028086969628930092 0
1731960133625 0.029411233961582184 0
1731960163666 0.02798241376876831 0
1731960193602 0.028242412954568863 0
1731960223656 0.027265308424830437 0
1731960254014 0.028721526265144348 0
1731960284070 0.028141599148511887 0
1731960313876 0.02826598286628723 0
1731960343958 0.028847143054008484 0
1731960373820 0.027378041297197342 0
1731960403918 0.028158990666270256 0
1731960433799 0.027297243475914 0
1731960463846 0.027641557157039642 0
1731960493854 0.027507342398166656 0
1731960523984 0.028238236904144287 0
1731960553822 0.027625974267721176 0
1731960583938 0.02766069397330284 0
1731960613766 0.02781662344932556 0
1731960643922 0.027475126087665558 0
1731960673807 0.02897048369050026 0
1731960704288 0.028725840151309967 0
1731960734088 0.027609925717115402 0
1731960764134 0.027921423316001892 0
1731960794004 0.0286465622484684 0
1731960824112 0.02714487537741661 0
1731960854010 0.027447137981653214 0
1731960884181 0.027579739689826965 0
1731960914020 0.027104679495096207 0
1731960944035 0.02768896520137787 0
1731960973908 0.028190743178129196 0
1731961004049 0.028480684384703636 0
1731961033973 0.026003096252679825 0
1731961064125 0.027412349358201027 0
1731961094006 0.026592766866087914 0
1731961124088 0.027659237384796143 0
1731961154245 0.027160774916410446 0
1731961184440 0.027416333556175232 0
1731961214290 0.026839442551136017 0
1731961244362 0.02770569548010826 0
1731961274234 0.026702966541051865 0
1731961304299 0.02759704180061817 0
1731961334130 0.027734145522117615 0
1731961364321 0.025991102680563927 0
1731961394174 0.027593525126576424 0
1731961424398 0.026185959577560425 0
1731961454262 0.02870365045964718 0
1731961484404 0.02722848765552044 0
1731961514294 0.027067242190241814 0
1731961544491 0.027855293825268745 0
1731961574331 0.026786092668771744 0
