1731968621567 0.694567859172821 0
1731968650845 0.7480457425117493 0
1731968670217 0.7475669980049133 0
1731968689781 0.740976095199585 0
1731968709369 0.719231903553009 0
1731968729055 0.6740640997886658 0
1731968748731 0.6600134372711182 0
1731968768471 0.6264256834983826 0
1731968788129 0.604415237903595 0
1731968807940 0.5983111262321472 0
1731968827705 0.5726532936096191 0
1731968847564 0.5672476887702942 0
1731968867385 0.5484585762023926 0
1731968887286 0.542477011680603 0
1731968907068 0.5275943279266357 0
1731968924796 0.518687903881073 0
1731968942542 0.5035864114761353 0
1731968960265 0.49359601736068726 0
1731968978000 0.4852622449398041 0
1731968995731 0.47808024287223816 0
1731969013464 0.4725590944290161 0
1731969031225 0.46708545088768005 0
1731969048200 0.46240997314453125 0
1731969064801 0.46261894702911377 0
1731969081483 0.455790251493454 0
1731969098183 0.4593994617462158 0
1731969114877 0.4483342468738556 0
1731969131493 0.4393748641014099 0
1731969148196 0.4436473548412323 0
1731969164924 0.4375111162662506 0
1731969180947 0.44409415125846863 0
1731969196976 0.43841683864593506 0
1731969213001 0.42846912145614624 0
1731969229054 0.4286216199398041 0
1731969245083 0.4329082667827606 0
1731969261118 0.4196496605873108 0
1731969277167 0.4316836893558502 0
1731969292810 0.4220317602157593 0
1731969308450 0.42179739475250244 0
1731969324033 0.42155638337135315 0
1731969339696 0.41854962706565857 0
1731969355275 0.4186415374279022 0
1731969370945 0.4146915078163147 0
1731969386519 0.4144101142883301 0
1731969402481 0.41322779655456543 0
1731969418036 0.40477144718170166 0
1731969433695 0.4199998080730438 0
1731969449275 0.41392743587493896 0
1731969464943 0.4114662706851959 0
1731969480520 0.41165074706077576 0
1731969496182 0.4102258086204529 0
1731969511761 0.40611404180526733 0
1731969527442 0.4032520651817322 0
1731969543011 0.4133649170398712 0
1731969558670 0.4082026779651642 0
1731969574238 0.4060402512550354 0
1731969589917 0.4072926938533783 0
1731969605507 0.39837533235549927 0
1731969621170 0.4003640115261078 0
1731969637049 0.39899903535842896 0
1731969652718 0.4006817042827606 0
1731969668277 0.4047122299671173 0
1731969683968 0.40637287497520447 0
1731969699539 0.40031006932258606 0
1731969715225 0.3988581895828247 0
1731969730803 0.4076668918132782 0
1731969746482 0.4010298252105713 0
1731969762046 0.3992469310760498 0
1731969777714 0.39913374185562134 0
1731969793306 0.4027711749076843 0
1731969808970 0.40676915645599365 0
1731969824540 0.3983425199985504 0
1731969840206 0.39548614621162415 0
1731969855786 0.3930428922176361 0
1731969871770 0.39924728870391846 0
1731969887368 0.3942703604698181 0
1731969903046 0.3950391113758087 0
1731969918632 0.4004570245742798 0
1731969934295 0.39787757396698 0
1731969949867 0.4039258062839508 0
1731969965534 0.3924749195575714 0
1731969981110 0.39631739258766174 0
1731969996798 0.39483702182769775 0
1731970012358 0.3888672888278961 0
1731970028049 0.3954297602176666 0
1731970043640 0.39687979221343994 0
1731970059325 0.39145371317863464 0
1731970074918 0.39596372842788696 0
1731970091010 0.39304378628730774 0
1731970106565 0.39595597982406616 0
1731970122250 0.39488351345062256 0
1731970137820 0.39458614587783813 0
1731970153497 0.390156626701355 0
1731970169094 0.38902145624160767 0
1731970184766 0.3904257118701935 0
1731970200357 0.39183515310287476 0
1731970216021 0.39015501737594604 0
1731970231614 0.3885941207408905 0
1731970247295 0.3906477093696594 0
1731970262897 0.3912394642829895 0
1731970278582 0.38983118534088135 0
1731970294160 0.39231419563293457 0
1731970309859 0.39441120624542236 0
1731970325762 0.3889545202255249 0
1731970341432 0.3934718370437622 0
1731970357020 0.38949814438819885 0
1731970372692 0.39247438311576843 0
1731970388291 0.39082640409469604 0
1731970403979 0.39087674021720886 0
1731970419567 0.3906385600566864 0
1731970435249 0.3884192705154419 0
1731970450820 0.38809698820114136 0
1731970466497 0.389490008354187 0
1731970482069 0.39017418026924133 0
1731970497765 0.38944190740585327 0
1731970513354 0.3902592957019806 0
1731970529025 0.394504576921463 0
1731970544626 0.39111799001693726 0
1731970560611 0.3907996714115143 0
1731970576194 0.3943015933036804 0
1731970591896 0.39187270402908325 0
1731970607499 0.38720571994781494 0
1731970623186 0.38951969146728516 0
1731970638783 0.3919247090816498 0
1731970654483 0.38854578137397766 0
1731970670061 0.3920329213142395 0
1731970685735 0.3910972476005554 0
1731970701328 0.3881499171257019 0
1731970717022 0.3898333013057709 0
1731970732606 0.39219674468040466 0
1731970748285 0.39158952236175537 0
1731970763839 0.39049720764160156 0
1731970779519 0.38858678936958313 0
1731970795442 0.3909428119659424 0
1731970811125 0.38785025477409363 0
1731970826719 0.38880157470703125 0
1731970842399 0.3873658776283264 0
1731970857993 0.3865888714790344 0
1731970873672 0.38747209310531616 0
1731970889252 0.38893526792526245 0
1731970904904 0.39023080468177795 0
1731970920484 0.3861820697784424 0
1731970936161 0.3882075846195221 0
1731970951757 0.38806912302970886 0
1731970967411 0.3898443579673767 0
1731970982995 0.38678547739982605 0
1731970998665 0.3879377841949463 0
1731971014251 0.3875308930873871 0
1731971030401 0.3860267698764801 0
1731971045983 0.3874078691005707 0
1731971061629 0.38829270005226135 0
1731971077189 0.3852459490299225 0
1731971092860 0.3877003490924835 0
1731971108434 0.3869359493255615 0
1731971124103 0.38902366161346436 0
1731971139670 0.3879106342792511 0
1731971155309 0.3845108449459076 0
1731971170848 0.38547441363334656 0
1731971186505 0.38619473576545715 0
1731971202054 0.3888532817363739 0
1731971217701 0.38677194714546204 0
1731971233248 0.388379842042923 0
1731971249251 0.38616010546684265 0
1731971264824 0.38725799322128296 0
1731971280476 0.38608619570732117 0
1731971296075 0.3886711597442627 0
1731971311721 0.38582560420036316 0
1731971327275 0.38506534695625305 0
1731971342929 0.3860540986061096 0
1731971358503 0.3847484290599823 0
1731971374145 0.38786453008651733 0
1731971389689 0.38543757796287537 0
1731971405349 0.38658615946769714 0
1731971420896 0.38748112320899963 0
1731971436543 0.3851570785045624 0
1731971452093 0.3863290548324585 0
1731971467732 0.38560640811920166 0
1731971483617 0.38562312722206116 0
1731971499272 0.38724610209465027 0
1731971514818 0.3854028880596161 0
1731971530466 0.3864356279373169 0
1731971546045 0.38464999198913574 0
1731971561696 0.38684532046318054 0
1731971577244 0.38814669847488403 0
1731971592880 0.3866060674190521 0
1731971608417 0.3866717517375946 0
1731971624059 0.3877778947353363 0
1731971639626 0.38903674483299255 0
1731971655284 0.3884788751602173 0
1731971670814 0.38548821210861206 0
1731971686454 0.386699914932251 0
1731971701999 0.38677507638931274 0
1731971717959 0.3862571120262146 0
1731971733503 0.38600218296051025 0
1731971749124 0.385262668132782 0
1731971764654 0.38724586367607117 0
1731971780298 0.3870217204093933 0
1731971795840 0.3868142366409302 0
1731971811472 0.3863143026828766 0
1731971827019 0.38593316078186035 0
1731971842640 0.3841511905193329 0
1731971858176 0.38556310534477234 0
1731971873812 0.3865593671798706 0
1731971889349 0.3858153223991394 0
1731971905004 0.38507139682769775 0
1731971920555 0.38544511795043945 0
1731971936192 0.38517332077026367 0
1731971952077 0.3847306966781616 0
1731971967720 0.38749074935913086 0
1731971983262 0.3862091898918152 0
1731971998892 0.38775935769081116 0
1731972014438 0.38858214020729065 0
1731972030069 0.38721588253974915 0
1731972045575 0.38452544808387756 0
1731972061185 0.3856368958950043 0
1731972076723 0.3865894377231598 0
1731972092363 0.38664641976356506 0
1731972107882 0.38644713163375854 0
1731972123525 0.3860280513763428 0
1731972139055 0.38604849576950073 0
1731972154694 0.38611021637916565 0
1731972170214 0.38587915897369385 0
