1731968631533 0.00034833920653909445 0
1731968650849 0.00029161019483581185 0
1731968670219 0.00027671988937072456 0
1731968689783 0.00026430506841279566 0
1731968709372 0.00024632224813103676 0
1731968729058 0.00022766533948015422 0
1731968748733 0.00021490266954060644 0
1731968768474 0.00019730291387531906 0
1731968788131 0.00018162879860028625 0
1731968807942 0.0001698262058198452 0
1731968827707 0.00015307849389500916 0
1731968847566 0.00014852914318908006 0
1731968867387 0.00014101901615504175 0
1731968887288 0.0001304337492911145 0
1731968907070 0.00012275845801923424 0
1731968924798 0.00011484567949082702 0
1731968942544 0.00010831646795850247 0
1731968960267 0.00010478898184373975 0
1731968978002 0.00010234719229629263 0
1731968995733 9.980871254811063e-05 0
1731969013466 9.27570799831301e-05 0
1731969031227 9.241388033842668e-05 0
1731969048203 9.102483454626054e-05 0
1731969064804 8.856096974341199e-05 0
1731969081485 8.598239946877584e-05 0
1731969098186 8.425267151324078e-05 0
1731969114879 8.189469372155145e-05 0
1731969131495 7.988179277162999e-05 0
1731969148198 7.974144682521e-05 0
1731969164927 7.847677625250071e-05 0
1731969180949 7.894894952187315e-05 0
1731969196978 7.491200813092291e-05 0
1731969213003 7.554003968834877e-05 0
1731969229056 7.270625792443752e-05 0
1731969245085 7.25995414541103e-05 0
1731969261121 7.259996345965192e-05 0
1731969277169 7.313551031984389e-05 0
1731969292813 7.22679978935048e-05 0
1731969308452 7.251866190927103e-05 0
1731969324035 6.952363037271425e-05 0
1731969339699 6.727610889356583e-05 0
1731969355277 6.971698894631118e-05 0
1731969370947 6.593668513232842e-05 0
1731969386522 7.034828013274819e-05 0
1731969402483 6.463770841946825e-05 0
1731969418038 6.640738865826279e-05 0
1731969433697 6.754820060450584e-05 0
1731969449278 6.597922765649855e-05 0
1731969464945 6.545124051626772e-05 0
1731969480523 6.503092299681157e-05 0
1731969496184 6.544421194121242e-05 0
1731969511764 6.420983845600858e-05 0
1731969527444 6.0400307120289654e-05 0
1731969543013 6.305707938736305e-05 0
1731969558672 6.125834624981508e-05 0
1731969574241 6.0809587012045085e-05 0
1731969589919 6.0358361224643886e-05 0
1731969605509 5.824028994538821e-05 0
1731969621173 6.0033980844309554e-05 0
1731969637051 6.111741095082834e-05 0
1731969652720 5.807280831504613e-05 0
1731969668280 6.151892739580944e-05 0
1731969683970 5.788772614323534e-05 0
1731969699541 5.665721982950345e-05 0
1731969715227 5.489683462656103e-05 0
1731969730805 5.7967790780821815e-05 0
1731969746484 5.657782458001748e-05 0
1731969762048 5.468953895615414e-05 0
1731969777716 5.5946071370271966e-05 0
1731969793309 5.320714626577683e-05 0
1731969808972 5.542141298064962e-05 0
1731969824542 5.518914622371085e-05 0
1731969840209 5.28749696968589e-05 0
1731969855788 5.306436287355609e-05 0
1731969871772 5.263132698019035e-05 0
1731969887370 5.072415297036059e-05 0
1731969903049 5.326264727045782e-05 0
1731969918634 5.298380710883066e-05 0
1731969934297 4.999927477911115e-05 0
1731969949869 5.281236008158885e-05 0
1731969965537 5.1311035349499434e-05 0
1731969981112 5.080019400338642e-05 0
1731969996800 5.203003456699662e-05 0
1731970012361 5.198508006287739e-05 0
1731970028054 4.859289765590802e-05 0
1731970043642 4.957473720423877e-05 0
1731970059327 4.8371341108577326e-05 0
1731970074920 4.827202428714372e-05 0
1731970091012 5.0167847803095356e-05 0
1731970106567 4.99419511470478e-05 0
1731970122252 4.7421246563317254e-05 0
1731970137823 5.023516860092059e-05 0
1731970153499 4.704911043518223e-05 0
1731970169097 4.714046372100711e-05 0
1731970184768 4.7568002628395334e-05 0
1731970200360 4.569369775708765e-05 0
1731970216023 4.8152211093110964e-05 0
1731970231616 4.936128243571147e-05 0
1731970247298 4.4217074901098385e-05 0
1731970262899 4.5253535063238814e-05 0
1731970278584 4.751973756356165e-05 0
1731970294162 4.795089625986293e-05 0
1731970309862 4.543775867205113e-05 0
1731970325764 4.5317592594074085e-05 0
1731970341434 4.658346006181091e-05 0
1731970357022 4.5737506297882646e-05 0
1731970372694 4.4541520765051246e-05 0
1731970388293 4.466137397685088e-05 0
1731970403981 4.607274604495615e-05 0
1731970419571 4.100585647393018e-05 0
1731970435252 4.451445784070529e-05 0
1731970450822 4.404228457133286e-05 0
1731970466500 4.4851556594949216e-05 0
1731970482071 4.373808405944146e-05 0
1731970497768 4.249006087775342e-05 0
1731970513356 4.2824558477150276e-05 0
1731970529028 4.2222152842441574e-05 0
1731970544628 4.0281902329297736e-05 0
1731970560613 4.127157444600016e-05 0
1731970576196 4.193784116068855e-05 0
1731970591898 4.378070661914535e-05 0
1731970607501 4.1593211790313944e-05 0
1731970623188 4.019827611045912e-05 0
1731970638786 3.9899841794976965e-05 0
1731970654485 4.150205131736584e-05 0
1731970670063 4.145642014918849e-05 0
1731970685737 4.0318380342796445e-05 0
1731970701330 4.0867151255952194e-05 0
1731970717024 4.121267193113454e-05 0
1731970732608 4.01162396883592e-05 0
1731970748287 4.330078809289262e-05 0
1731970763842 4.073358650202863e-05 0
1731970779521 3.9500915590906516e-05 0
1731970795444 4.0246828575618565e-05 0
1731970811127 4.04855927627068e-05 0
1731970826722 3.960574758821167e-05 0
1731970842401 4.0255057683680207e-05 0
1731970857995 3.854260648950003e-05 0
1731970873675 4.010304110124707e-05 0
1731970889254 3.885025580530055e-05 0
1731970904906 3.879410360241309e-05 0
1731970920486 3.882804958266206e-05 0
1731970936163 3.8310685340547934e-05 0
1731970951759 3.920550807379186e-05 0
1731970967413 3.850055509246886e-05 0
1731970982997 3.7498561141546816e-05 0
1731970998668 3.968467717641033e-05 0
1731971014253 3.6517656553769484e-05 0
1731971030403 3.9560960431117564e-05 0
1731971045986 3.743018169188872e-05 0
1731971061631 3.623425436671823e-05 0
1731971077191 3.712082252604887e-05 0
1731971092862 3.862416269839741e-05 0
1731971108436 3.673053652164526e-05 0
1731971124105 3.679602741613053e-05 0
1731971139676 3.578740870580077e-05 0
1731971155311 3.633171581896022e-05 0
1731971170850 3.494874545140192e-05 0
1731971186507 3.6804864066652954e-05 0
1731971202056 3.6280536733102053e-05 0
1731971217703 3.528044908307493e-05 0
1731971233250 3.635105531429872e-05 0
1731971249253 3.560422555892728e-05 0
1731971264826 3.5981669498141855e-05 0
1731971280478 3.4457760193618014e-05 0
1731971296077 3.8034198951208964e-05 0
1731971311723 3.6237142921891063e-05 0
1731971327278 3.562236815923825e-05 0
1731971342931 3.431315053603612e-05 0
1731971358505 3.4706088626990095e-05 0
1731971374147 3.70868801837787e-05 0
1731971389692 3.617858237703331e-05 0
1731971405351 3.6117406125413254e-05 0
1731971420898 3.5548371670302004e-05 0
1731971436545 3.5148095776094124e-05 0
1731971452096 3.3554435503901914e-05 0
1731971467734 3.421443761908449e-05 0
1731971483619 3.432774974498898e-05 0
1731971499274 3.3664025977486745e-05 0
1731971514820 3.342534546391107e-05 0
1731971530468 3.489137452561408e-05 0
1731971546047 3.467599890427664e-05 0
1731971561699 3.439768624957651e-05 0
1731971577246 3.4626191336428747e-05 0
1731971592882 3.582634963095188e-05 0
1731971608419 3.393338920432143e-05 0
1731971624061 3.46954220731277e-05 0
1731971639629 3.587571336538531e-05 0
1731971655286 3.305116479168646e-05 0
1731971670817 3.483641194179654e-05 0
1731971686456 3.462554741417989e-05 0
1731971702001 3.251288944738917e-05 0
1731971717961 3.122866110061295e-05 0
1731971733506 3.410004865145311e-05 0
1731971749126 3.354962609591894e-05 0
1731971764656 3.3845091820694506e-05 0
1731971780300 3.3542837627464905e-05 0
1731971795842 3.3634554711170495e-05 0
1731971811474 3.385965101188049e-05 0
1731971827021 3.1474712159251794e-05 0
1731971842643 3.381084752618335e-05 0
1731971858178 3.403883965802379e-05 0
1731971873814 3.264770202804357e-05 0
1731971889352 3.4402306482661515e-05 0
1731971905006 3.4396663977531716e-05 0
1731971920557 3.238191857235506e-05 0
1731971936195 3.372088394826278e-05 0
1731971952079 3.2313204428646713e-05 0
1731971967722 3.443848618189804e-05 0
1731971983265 3.208981433999725e-05 0
1731971998894 3.277271389379166e-05 0
1731972014440 3.2807256502564996e-05 0
1731972030072 3.448433562880382e-05 0
1731972045577 3.388182813068852e-05 0
1731972061187 3.352729618200101e-05 0
1731972076725 3.2178730180021375e-05 0
1731972092365 3.25572254951112e-05 0
1731972107884 3.3248725230805576e-05 0
1731972123527 3.206084875273518e-05 0
1731972139058 3.1064115319168195e-05 0
1731972154696 3.239062425564043e-05 0
1731972170216 3.243699757149443e-05 0
