1731968621567 17.711620330810547 0
1731968650845 20.221839904785156 0
1731968670217 21.517887115478516 0
1731968689781 21.685529708862305 0
1731968709369 23.03767204284668 0
1731968729055 22.880414962768555 0
1731968748731 23.139102935791016 0
1731968768471 23.944120407104492 0
1731968788129 23.93166160583496 0
1731968807940 23.750328063964844 0
1731968827705 24.221179962158203 0
1731968847564 23.885448455810547 0
1731968867385 24.52060317993164 0
1731968887286 24.818103790283203 0
1731968907068 24.685604095458984 0
1731968924796 25.05634117126465 0
1731968942542 25.307125091552734 0
1731968960265 24.950090408325195 0
1731968978000 24.864704132080078 0
1731968995731 25.280553817749023 0
1731969013464 25.401386260986328 0
1731969031225 25.90593910217285 0
1731969048200 25.505455017089844 0
1731969064801 25.789081573486328 0
1731969081483 25.22270393371582 0
1731969098183 24.636714935302734 0
1731969114877 25.67271614074707 0
1731969131493 25.78264617919922 0
1731969148196 25.579578399658203 0
1731969164924 26.09610366821289 0
1731969180947 25.1301212310791 0
1731969196976 26.020523071289062 0
1731969213001 26.30620002746582 0
1731969229054 25.6780948638916 0
1731969245083 25.682252883911133 0
1731969261118 25.606523513793945 0
1731969277167 26.035364151000977 0
1731969292810 25.77147674560547 0
1731969308450 26.534345626831055 0
1731969324033 26.204662322998047 0
1731969339696 25.9267635345459 0
1731969355275 25.8793888092041 0
1731969370945 26.733530044555664 0
1731969386519 26.41614532470703 0
1731969402481 27.223861694335938 0
1731969418036 26.51586151123047 0
1731969433695 26.913822174072266 0
1731969449275 26.237817764282227 0
1731969464943 27.5645751953125 0
1731969480520 26.722375869750977 0
1731969496182 26.728965759277344 0
1731969511761 27.300668716430664 0
1731969527442 26.868921279907227 0
1731969543011 26.75679588317871 0
1731969558670 27.18816375732422 0
1731969574238 26.71482276916504 0
1731969589917 26.892602920532227 0
1731969605507 27.429269790649414 0
1731969621170 26.74772834777832 0
1731969637049 26.374189376831055 0
1731969652718 27.8793888092041 0
1731969668277 27.23270606994629 0
1731969683968 26.739564895629883 0
1731969699539 27.269672393798828 0
1731969715225 27.35264778137207 0
1731969730803 27.556385040283203 0
1731969746482 27.888587951660156 0
1731969762046 27.331600189208984 0
1731969777714 27.671823501586914 0
1731969793306 27.456317901611328 0
1731969808970 27.454927444458008 0
1731969824540 28.156356811523438 0
1731969840206 27.56671905517578 0
1731969855786 27.83402442932129 0
1731969871770 27.764345169067383 0
1731969887368 27.561811447143555 0
1731969903046 28.133867263793945 0
1731969918632 27.80169677734375 0
1731969934295 28.350603103637695 0
1731969949867 27.887401580810547 0
1731969965534 28.132347106933594 0
1731969981110 28.320096969604492 0
1731969996798 28.25652313232422 0
1731970012358 28.161300659179688 0
1731970028049 27.79462242126465 0
1731970043640 27.929841995239258 0
1731970059325 28.266834259033203 0
1731970074918 27.666765213012695 0
1731970091010 28.805389404296875 0
1731970106565 28.7424373626709 0
1731970122250 28.436647415161133 0
1731970137820 28.63585090637207 0
1731970153497 27.897268295288086 0
1731970169094 29.066984176635742 0
1731970184766 28.465450286865234 0
1731970200357 28.69900131225586 0
1731970216021 28.730953216552734 0
1731970231614 28.745086669921875 0
1731970247295 28.349468231201172 0
1731970262897 28.72450828552246 0
1731970278582 27.67357635498047 0
1731970294160 28.650625228881836 0
1731970309859 28.132654190063477 0
1731970325762 28.1012020111084 0
1731970341432 28.945573806762695 0
1731970357020 28.749380111694336 0
1731970372692 29.336185455322266 0
1731970388291 27.913103103637695 0
1731970403979 29.2026424407959 0
1731970419567 29.271949768066406 0
1731970435249 27.909748077392578 0
1731970450820 28.487966537475586 0
1731970466497 28.720355987548828 0
1731970482069 28.69670867919922 0
1731970497765 28.795028686523438 0
1731970513354 29.563169479370117 0
1731970529025 28.370651245117188 0
1731970544626 29.65397834777832 0
1731970560611 29.23381233215332 0
1731970576194 29.43500328063965 0
1731970591896 28.787233352661133 0
1731970607499 28.716516494750977 0
1731970623186 28.679344177246094 0
1731970638783 28.82554817199707 0
1731970654483 29.00027847290039 0
1731970670061 30.20096778869629 0
1731970685735 29.694692611694336 0
1731970701328 29.39202880859375 0
1731970717022 29.381906509399414 0
1731970732606 29.618852615356445 0
1731970748285 28.959941864013672 0
1731970763839 29.277746200561523 0
1731970779519 29.377878189086914 0
1731970795442 29.83292007446289 0
1731970811125 28.913057327270508 0
1731970826719 29.60215950012207 0
1731970842399 29.335521697998047 0
1731970857993 29.8758487701416 0
1731970873672 29.701553344726562 0
1731970889252 29.369342803955078 0
1731970904904 29.20077896118164 0
1731970920484 29.8586483001709 0
1731970936161 29.376995086669922 0
1731970951757 29.16918182373047 0
1731970967411 29.73579978942871 0
1731970982995 29.89626693725586 0
1731970998665 29.490854263305664 0
1731971014251 29.820669174194336 0
1731971030401 29.932846069335938 0
1731971045983 29.570470809936523 0
1731971061629 30.452774047851562 0
1731971077189 29.91796875 0
1731971092860 29.97069549560547 0
1731971108434 30.36276626586914 0
1731971124103 29.60649299621582 0
1731971139670 30.21416473388672 0
1731971155309 29.784645080566406 0
1731971170848 30.061038970947266 0
1731971186505 30.044937133789062 0
1731971202054 30.669876098632812 0
1731971217701 30.392873764038086 0
1731971233248 30.852067947387695 0
1731971249251 30.110010147094727 0
1731971264824 30.365386962890625 0
1731971280476 30.23654556274414 0
1731971296075 30.127639770507812 0
1731971311721 30.750593185424805 0
1731971327275 30.2438907623291 0
1731971342929 30.526411056518555 0
1731971358503 29.85718536376953 0
1731971374145 30.119281768798828 0
1731971389689 30.711641311645508 0
1731971405349 30.35830307006836 0
1731971420896 30.50115203857422 0
1731971436543 30.520292282104492 0
1731971452093 30.64133071899414 0
1731971467732 30.523962020874023 0
1731971483617 30.484027862548828 0
1731971499272 29.98593521118164 0
1731971514818 30.354766845703125 0
1731971530466 30.542022705078125 0
1731971546045 30.308734893798828 0
1731971561696 30.6994571685791 0
1731971577244 30.348024368286133 0
1731971592880 30.59766387939453 0
1731971608417 30.341331481933594 0
1731971624059 30.715999603271484 0
1731971639626 31.072669982910156 0
1731971655284 30.511816024780273 0
1731971670814 30.97918701171875 0
1731971686454 30.012834548950195 0
1731971701999 30.391155242919922 0
1731971717959 30.457244873046875 0
1731971733503 31.35039710998535 0
1731971749124 30.444595336914062 0
1731971764654 30.804773330688477 0
1731971780298 31.10352325439453 0
1731971795840 30.718481063842773 0
1731971811472 30.890981674194336 0
1731971827019 30.66185760498047 0
1731971842640 31.08903694152832 0
1731971858176 31.40802001953125 0
1731971873812 31.122648239135742 0
1731971889349 31.10004997253418 0
1731971905004 30.80124855041504 0
1731971920555 30.679054260253906 0
1731971936192 30.82788848876953 0
1731971952077 30.85938835144043 0
1731971967720 30.969783782958984 0
1731971983262 30.975013732910156 0
1731971998892 30.5491943359375 0
1731972014438 30.67184066772461 0
1731972030069 30.67862892150879 0
1731972045575 30.944826126098633 0
1731972061185 30.890888214111328 0
1731972076723 31.20623016357422 0
1731972092363 31.05564308166504 0
1731972107882 31.177114486694336 0
1731972123525 30.607423782348633 0
1731972139055 31.104442596435547 0
1731972154694 31.092914581298828 0
1731972170214 31.072017669677734 0
