1731968631533 0.01693706028163433 0
1731968650849 0.009502018801867962 0
1731968670219 0.00705035962164402 0
1731968689783 0.00678339134901762 0
1731968709372 0.004968584515154362 0
1731968729058 0.005151791498064995 0
1731968748733 0.004853884689509869 0
1731968768474 0.00403262535110116 0
1731968788131 0.004044210072606802 0
1731968807942 0.00421664584428072 0
1731968827707 0.0037833971437066793 0
1731968847566 0.004087474197149277 0
1731968867387 0.0035313419066369534 0
1731968887288 0.0032975347712635994 0
1731968907070 0.0033996913116425276 0
1731968924798 0.003121517598628998 0
1731968942544 0.002946370281279087 0
1731968960267 0.003198828548192978 0
1731968978002 0.003262341720983386 0
1731968995733 0.002964452374726534 0
1731969013466 0.0028831101953983307 0
1731969031227 0.002566882409155369 0
1731969048203 0.002814843785017729 0
1731969064804 0.002636888762935996 0
1731969081485 0.00300420424900949 0
1731969098186 0.003438178449869156 0
1731969114879 0.0027084965258836746 0
1731969131495 0.0026407986879348755 0
1731969148198 0.0027672096621245146 0
1731969164927 0.002456911373883486 0
1731969180949 0.003068935824558139 0
1731969196978 0.002500043949112296 0
1731969213003 0.0023408837150782347 0
1731969229056 0.00270514446310699 0
1731969245085 0.0027025556191802025 0
1731969261121 0.0027500949800014496 0
1731969277169 0.0024915148969739676 0
1731969292813 0.0026475992053747177 0
1731969308452 0.002221085596829653 0
1731969324035 0.0023962589912116528 0
1731969339699 0.0025546031538397074 0
1731969355277 0.0025826231576502323 0
1731969370947 0.002121519297361374 0
1731969386522 0.0022823663894087076 0
1731969402483 0.001895020017400384 0
1731969418038 0.002230559242889285 0
1731969433697 0.0020352499559521675 0
1731969449278 0.0023780339397490025 0
1731969464945 0.0017520335968583822 0
1731969480523 0.0021269749850034714 0
1731969496184 0.0021237500477582216 0
1731969511764 0.0018618004396557808 0
1731969527444 0.002056400990113616 0
1731969543013 0.0021101837046444416 0
1731969558672 0.001910660183057189 0
1731969574241 0.0021306765265762806 0
1731969589919 0.002045218599960208 0
1731969605509 0.001807477674447 0
1731969621173 0.002114594681188464 0
1731969637051 0.002304523251950741 0
1731969652720 0.001629524864256382 0
1731969668280 0.0018911644583567977 0
1731969683970 0.0021185732912272215 0
1731969699541 0.0018751354655250907 0
1731969715227 0.001839649397879839 0
1731969730805 0.001755341188982129 0
1731969746484 0.0016260768752545118 0
1731969762048 0.0018485862528905272 0
1731969777716 0.0017092970665544271 0
1731969793309 0.0017962558194994926 0
1731969808972 0.0017968304455280304 0
1731969824542 0.0015288477297872305 0
1731969840209 0.0017511690966784954 0
1731969855788 0.0016466351225972176 0
1731969871772 0.0016732669901102781 0
1731969887370 0.0017531481571495533 0
1731969903049 0.0015367853920906782 0
1731969918634 0.001658938592299819 0
1731969934297 0.0014619736466556787 0
1731969949869 0.0016265215817838907 0
1731969965537 0.001537322998046875 0
1731969981112 0.0014722791966050863 0
1731969996800 0.0014939893735572696 0
1731970012361 0.0015271082520484924 0
1731970028054 0.0016616429202258587 0
1731970043642 0.0016107035335153341 0
1731970059327 0.0014904467388987541 0
1731970074920 0.0017112891655415297 0
1731970091012 0.0013166216667741537 0
1731970106567 0.0013358450960367918 0
1731970122252 0.0014332933351397514 0
1731970137823 0.0013690361520275474 0
1731970153499 0.001622830401174724 0
1731970169097 0.001239656936377287 0
1731970184768 0.0014238196890801191 0
1731970200360 0.0013492730213329196 0
1731970216023 0.0013393822591751814 0
1731970231616 0.001335030421614647 0
1731970247298 0.001462355605326593 0
1731970262899 0.00134137156419456 0
1731970278584 0.0017086080042645335 0
1731970294162 0.0013643860584124923 0
1731970309862 0.0015372143825516105 0
1731970325764 0.0015483882743865252 0
1731970341434 0.0012748013250529766 0
1731970357022 0.0013337114360183477 0
1731970372694 0.0011651486856862903 0
1731970388293 0.0016169236041605473 0
1731970403981 0.0012015324318781495 0
1731970419571 0.0011825101682916284 0
1731970435252 0.0016181734390556812 0
1731970450822 0.0014164564199745655 0
1731970466500 0.0013426542282104492 0
1731970482071 0.0013499850174412131 0
1731970497768 0.0013197662774473429 0
1731970513356 0.0011058161035180092 0
1731970529028 0.0014552403008565307 0
1731970544628 0.0010829339735209942 0
1731970560613 0.0011929403990507126 0
1731970576196 0.0011389362625777721 0
1731970591898 0.0013221370754763484 0
1731970607501 0.0013438418973237276 0
1731970623188 0.0013553935568779707 0
1731970638786 0.0013105239486321807 0
1731970654485 0.0012588442768901587 0
1731970670063 0.0009547797963023186 0
1731970685737 0.0010728298220783472 0
1731970701330 0.001150262774899602 0
1731970717024 0.001152946613729 0
1731970732608 0.0010917284525930882 0
1731970748287 0.0012705906992778182 0
1731970763842 0.0011809332063421607 0
1731970779521 0.0011540164705365896 0
1731970795444 0.0010392207186669111 0
1731970811127 0.001284381840378046 0
1731970826722 0.0010959331411868334 0
1731970842401 0.0011653269175440073 0
1731970857995 0.0010289991041645408 0
1731970873675 0.0010711359791457653 0
1731970889254 0.0011562872678041458 0
1731970904906 0.0012020483845844865 0
1731970920486 0.0010330821387469769 0
1731970936163 0.0011542513966560364 0
1731970951759 0.0012108262162655592 0
1731970967413 0.0010627222945913672 0
1731970982997 0.0010241727577522397 0
1731970998668 0.0011243832996115088 0
1731971014253 0.0010421564802527428 0
1731971030403 0.001015582587569952 0
1731971045986 0.0011039588134735823 0
1731971061631 0.0009009952191263437 0
1731971077191 0.0010190673638135195 0
1731971092862 0.0010067701805382967 0
1731971108436 0.0009198631159961224 0
1731971124105 0.0010948397684842348 0
1731971139676 0.0009518826263956726 0
1731971155311 0.0010508369887247682 0
1731971170850 0.0009860433638095856 0
1731971186507 0.000989705789834261 0
1731971202056 0.0008570618811063468 0
1731971217703 0.0009135085856541991 0
1731971233250 0.0008218509610742331 0
1731971249253 0.0009749869350343943 0
1731971264826 0.0009193085134029388 0
1731971280478 0.0009469897486269474 0
1731971296077 0.0009710374288260937 0
1731971311723 0.0008412801544182003 0
1731971327278 0.0009453894454054534 0
1731971342931 0.0008858469082042575 0
1731971358505 0.0010334309190511703 0
1731971374147 0.000972907932009548 0
1731971389692 0.0008488594321534038 0
1731971405351 0.0009208093397319317 0
1731971420898 0.0008910145843401551 0
1731971436545 0.0008870959281921387 0
1731971452096 0.0008627138449810445 0
1731971467734 0.000886347028426826 0
1731971483619 0.000894534750841558 0
1731971499274 0.0010032433783635497 0
1731971514820 0.000921559170819819 0
1731971530468 0.0008826685952953994 0
1731971546047 0.0009313788614235818 0
1731971561699 0.0008512441418133676 0
1731971577246 0.0009229909628629684 0
1731971592882 0.0008714320138096809 0
1731971608419 0.0009244144894182682 0
1731971624061 0.0008480080286972225 0
1731971639629 0.0007811469840817153 0
1731971655286 0.0008888292359188199 0
1731971670817 0.0007981438538990915 0
1731971686456 0.0009970490355044603 0
1731971702001 0.0009138699388131499 0
1731971717961 0.0009000682039186358 0
1731971733506 0.0007327573257498443 0
1731971749126 0.0009026934276334941 0
1731971764656 0.0008308500400744379 0
1731971780300 0.0007756172562949359 0
1731971795842 0.000847523333504796 0
1731971811474 0.0008145198225975037 0
1731971827021 0.0008586457697674632 0
1731971842643 0.0007782090688124299 0
1731971858178 0.0007230993360280991 0
1731971873814 0.0007722092559561133 0
1731971889352 0.0007762381574138999 0
1731971905006 0.0008315245504491031 0
1731971920557 0.0008552527287974954 0
1731971936195 0.0008264393545687199 0
1731971952079 0.0008204667828977108 0
1731971967722 0.0007998738437891006 0
1731971983265 0.0007989112637005746 0
1731971998894 0.0008812121814116836 0
1731972014440 0.0008566744509153068 0
1731972030072 0.0008553364314138889 0
1731972045577 0.0008044838323257864 0
1731972061187 0.0008145372266881168 0
1731972076725 0.0007574899937026203 0
1731972092365 0.0007842158665880561 0
1731972107884 0.0007625854341313243 0
1731972123527 0.0008694754797033966 0
1731972139058 0.0007754531688988209 0
1731972154696 0.0007775143021717668 0
1731972170216 0.0007812645053490996 0
