1731968631533 0.0006736862706020474 0
1731968650849 0.00040541120688430965 0
1731968670219 0.00020775827579200268 0
1731968689783 0.0002649192465469241 0
1731968709372 0.00019995597540400922 0
1731968729058 0.00013434443098958582 0
1731968748733 0.00015106017235666513 0
1731968768474 0.00023405136016663164 0
1731968788131 0.0001520435034763068 0
1731968807942 0.00011843896936625242 0
1731968827707 0.00014492784976027906 0
1731968847566 9.155520092463121e-05 0
1731968867387 0.0001611255866009742 0
1731968887288 0.0001152293843915686 0
1731968907070 7.528932474087924e-05 0
1731968924798 0.00011417854693718255 0
1731968942544 9.822787978919223e-05 0
1731968960267 0.00014806550461798906 0
1731968978002 0.00013485102681443095 0
1731968995733 0.00011791774159064516 0
1731969013466 9.27321016206406e-05 0
1731969031227 0.00036652589915320277 0
1731969048203 0.00025919813197106123 0
1731969064804 0.00010040827328339219 0
1731969081485 0.0002025893918471411 0
1731969098186 0.0001588333980180323 0
1731969114879 0.00016277276154141873 0
1731969131495 0.00012967130169272423 0
1731969148198 9.64061327977106e-05 0
1731969164927 0.00010094874596688896 0
1731969180949 0.0001428680116077885 0
1731969196978 0.0001175429715658538 0
1731969213003 0.0001352433901047334 0
1731969229056 9.453206439502537e-05 0
1731969245085 7.847639790270478e-05 0
1731969261121 0.00011102796997874975 0
1731969277169 9.162432979792356e-05 0
1731969292813 9.452708764001727e-05 0
1731969308452 0.00010000364272855222 0
1731969324035 8.631686068838462e-05 0
1731969339699 0.00014508914318867028 0
1731969355277 8.070987678365782e-05 0
1731969370947 0.00010297237895429134 0
1731969386522 9.292778122471645e-05 0
1731969402483 0.0001129309821408242 0
1731969418038 9.908460197038949e-05 0
1731969433697 0.00011025922140106559 0
1731969449278 8.834057371132076e-05 0
1731969464945 6.973899144213647e-05 0
1731969480523 7.958404603414237e-05 0
1731969496184 8.829814760247245e-05 0
1731969511764 0.00013356946874409914 0
1731969527444 0.0001027374601108022 0
1731969543013 9.042527381097898e-05 0
1731969558672 8.737523603485897e-05 0
1731969574241 9.243034583050758e-05 0
1731969589919 0.00015027829795144498 0
1731969605509 8.275947766378522e-05 0
1731969621173 6.627244874835014e-05 0
1731969637051 9.01390885701403e-05 0
1731969652720 8.022105612326413e-05 0
1731969668280 9.642470831749961e-05 0
1731969683970 8.916795195546001e-05 0
1731969699541 7.958921924000606e-05 0
1731969715227 7.923468365333974e-05 0
1731969730805 7.331476081162691e-05 0
1731969746484 0.0002004243724513799 0
1731969762048 8.233298285631463e-05 0
1731969777716 0.00010938911873381585 0
1731969793309 7.877957978053018e-05 0
1731969808972 8.004245319170877e-05 0
1731969824542 5.805824912386015e-05 0
1731969840209 6.462012242991477e-05 0
1731969855788 0.0001320530427619815 0
1731969871772 8.37000843603164e-05 0
1731969887370 6.737526564393193e-05 0
1731969903049 5.6152734032366425e-05 0
1731969918634 0.00010110928269568831 0
1731969934297 0.00012729509035125375 0
1731969949869 9.495309495832771e-05 0
1731969965537 8.04683004389517e-05 0
1731969981112 0.00012605119263753295 0
1731969996800 8.054619684116915e-05 0
1731970012361 4.5362750825006515e-05 0
1731970028054 9.496283018961549e-05 0
1731970043642 7.13032204657793e-05 0
1731970059327 6.945560744497925e-05 0
1731970074920 8.346656250068918e-05 0
1731970091012 5.800713552162051e-05 0
1731970106567 6.740122626069933e-05 0
1731970122252 8.487000013701618e-05 0
1731970137823 6.416859105229378e-05 0
1731970153499 7.431947597069666e-05 0
1731970169097 5.236366996541619e-05 0
1731970184768 6.429626955650747e-05 0
1731970200360 5.423194670584053e-05 0
1731970216023 6.291264435276389e-05 0
1731970231616 8.676870493218303e-05 0
1731970247298 7.04845879226923e-05 0
1731970262899 8.39005660964176e-05 0
1731970278584 8.488592720823362e-05 0
1731970294162 6.869625940453261e-05 0
1731970309862 7.300956349354237e-05 0
1731970325764 7.61983246775344e-05 0
1731970341434 7.989799632923678e-05 0
1731970357022 8.015673665795475e-05 0
1731970372694 4.470399289857596e-05 0
1731970388293 6.247479905141518e-05 0
1731970403981 6.615558231715113e-05 0
1731970419571 6.243838288355619e-05 0
1731970435252 5.403093746281229e-05 0
1731970450822 8.040641841944307e-05 0
1731970466500 6.633351586060598e-05 0
1731970482071 6.592428690055385e-05 0
1731970497768 8.053326746448874e-05 0
1731970513356 5.369599239202216e-05 0
1731970529028 5.955509914201684e-05 0
1731970544628 7.791512325638905e-05 0
1731970560613 6.923775799805298e-05 0
1731970576196 6.015778490109369e-05 0
1731970591898 7.419173198286444e-05 0
1731970607501 8.869673183653504e-05 0
1731970623188 7.788214134052396e-05 0
1731970638786 4.848067328566685e-05 0
1731970654485 5.49002543266397e-05 0
1731970670063 7.288757478818297e-05 0
1731970685737 6.406490865629166e-05 0
1731970701330 5.8348115999251604e-05 0
1731970717024 5.987663098494522e-05 0
1731970732608 6.656376353930682e-05 0
1731970748287 5.9279736888129264e-05 0
1731970763842 5.937480091233738e-05 0
1731970779521 5.413588951341808e-05 0
1731970795444 7.621607801411301e-05 0
1731970811127 6.629976269323379e-05 0
1731970826722 6.018316707923077e-05 0
1731970842401 5.489275645231828e-05 0
1731970857995 6.489083170890808e-05 0
1731970873675 5.380895163398236e-05 0
1731970889254 3.870193904731423e-05 0
1731970904906 6.605703674722463e-05 0
1731970920486 5.3520125220529735e-05 0
1731970936163 6.380854028975591e-05 0
1731970951759 5.317567411111668e-05 0
1731970967413 5.9572059399215505e-05 0
1731970982997 4.476519097806886e-05 0
1731970998668 6.915548874530941e-05 0
1731971014253 4.9846577894641086e-05 0
1731971030403 5.233549381955527e-05 0
1731971045986 5.7136079703923315e-05 0
1731971061631 5.1599941798485816e-05 0
1731971077191 5.179082654649392e-05 0
1731971092862 6.060986197553575e-05 0
1731971108436 5.918429451412521e-05 0
1731971124105 6.059436782379635e-05 0
1731971139676 6.724145350744948e-05 0
1731971155311 5.7281507906736806e-05 0
1731971170850 5.450859316624701e-05 0
1731971186507 4.823392373509705e-05 0
1731971202056 3.954081330448389e-05 0
1731971217703 4.441690907697193e-05 0
1731971233250 6.950277020223439e-05 0
1731971249253 7.878204633016139e-05 0
1731971264826 5.3888252296019346e-05 0
1731971280478 4.350763265392743e-05 0
1731971296077 5.511330527951941e-05 0
1731971311723 6.80594821460545e-05 0
1731971327278 4.7905370593070984e-05 0
1731971342931 4.823593917535618e-05 0
1731971358505 4.894391167908907e-05 0
1731971374147 5.919113755226135e-05 0
1731971389692 5.628853614325635e-05 0
1731971405351 5.242834231466986e-05 0
1731971420898 5.1021488616243005e-05 0
1731971436545 5.0251033826498315e-05 0
1731971452096 4.539860674412921e-05 0
1731971467734 5.3433752327691764e-05 0
1731971483619 6.784933793824166e-05 0
1731971499274 4.626850932254456e-05 0
1731971514820 6.224052049219608e-05 0
1731971530468 6.489577936008573e-05 0
1731971546047 7.296287367353216e-05 0
1731971561699 4.325872578192502e-05 0
1731971577246 4.682407234213315e-05 0
1731971592882 5.460965621750802e-05 0
1731971608419 6.765412399545312e-05 0
1731971624061 4.85747805214487e-05 0
1731971639629 3.982967245974578e-05 0
1731971655286 5.5761815019650385e-05 0
1731971670817 7.805827772244811e-05 0
1731971686456 4.242565046297386e-05 0
1731971702001 7.690369238844141e-05 0
1731971717961 5.3599083912558854e-05 0
1731971733506 5.424777191365138e-05 0
1731971749126 4.931407602271065e-05 0
1731971764656 4.845640796702355e-05 0
1731971780300 4.381587859825231e-05 0
1731971795842 4.440200427779928e-05 0
1731971811474 5.40453584108036e-05 0
1731971827021 5.204199624131434e-05 0
1731971842643 5.677212175214663e-05 0
1731971858178 4.45693513029255e-05 0
1731971873814 7.483978697564453e-05 0
1731971889352 5.0676913815550506e-05 0
1731971905006 5.2866918849758804e-05 0
1731971920557 4.794762207893655e-05 0
1731971936195 4.678267578128725e-05 0
1731971952079 4.387874651001766e-05 0
1731971967722 6.446641054935753e-05 0
1731971983265 5.564175080507994e-05 0
1731971998894 5.0063237722497433e-05 0
1731972014440 5.611218512058258e-05 0
1731972030072 5.1858365623047575e-05 0
1731972045577 4.627279849955812e-05 0
1731972061187 5.09590026922524e-05 0
1731972076725 4.39555587945506e-05 0
1731972092365 5.660833267029375e-05 0
1731972107884 5.4589370847679675e-05 0
1731972123527 5.7873046898748726e-05 0
1731972139058 5.817735655000433e-05 0
1731972154696 5.0459584599593654e-05 0
1731972170216 4.156130307819694e-05 0
