1731946080313 0.5284170508384705 0
1731946101152 0.435072660446167 0
1731946121897 0.41125163435935974 0
1731946142789 0.39146947860717773 0
1731946163583 0.38776224851608276 0
1731946184523 0.38958555459976196 0
1731946205336 0.3898196816444397 0
1731946226283 0.3706684708595276 0
1731946247091 0.3816937804222107 0
1731946268052 0.3795931935310364 0
1731946288878 0.3783963918685913 0
1731946309810 0.37987321615219116 0
1731946330630 0.36527350544929504 0
1731946351570 0.3541249632835388 0
1731946372258 0.365653395652771 0
1731946390532 0.3614065945148468 0
1731946408785 0.36415788531303406 0
1731946427045 0.36460182070732117 0
1731946445297 0.36625564098358154 0
1731946463539 0.3551773130893707 0
1731946481796 0.3631724715232849 0
1731946500043 0.36129575967788696 0
1731946517366 0.3603743314743042 0
1731946534228 0.3678474426269531 0
1731946551222 0.36123836040496826 0
1731946568210 0.3631686270236969 0
1731946585166 0.3522787094116211 0
1731946602056 0.35757750272750854 0
1731946619042 0.36051860451698303 0
1731946635991 0.3554626703262329 0
1731946652170 0.3532949388027191 0
1731946668361 0.35706350207328796 0
1731946684555 0.3466176986694336 0
1731946700738 0.35503867268562317 0
1731946716903 0.3576689660549164 0
1731946733073 0.3553990423679352 0
1731946749256 0.3466723561286926 0
1731946765015 0.35524189472198486 0
1731946780747 0.35291868448257446 0
1731946796376 0.35798582434654236 0
1731946812099 0.3442257344722748 0
1731946827710 0.3522275686264038 0
1731946843405 0.35195794701576233 0
1731946859016 0.35622695088386536 0
1731946875074 0.35400745272636414 0
1731946890688 0.35283395648002625 0
1731946906380 0.3594324290752411 0
1731946921963 0.34795740246772766 0
1731946937653 0.35094425082206726 0
1731946953245 0.3565724492073059 0
1731946968980 0.3519740402698517 0
1731946984575 0.36052748560905457 0
1731947000287 0.34908196330070496 0
1731947015874 0.3503008782863617 0
1731947031615 0.34281447529792786 0
1731947047222 0.3475792109966278 0
1731947062922 0.3493874967098236 0
1731947078513 0.3478633463382721 0
1731947094219 0.3436874747276306 0
1731947110131 0.3477158844470978 0
1731947125866 0.3427756428718567 0
1731947141448 0.3446221649646759 0
1731947157186 0.34478530287742615 0
1731947172789 0.3527609705924988 0
1731947188496 0.34787142276763916 0
1731947204103 0.34588295221328735 0
1731947219835 0.3444366157054901 0
1731947235422 0.3392479121685028 0
1731947251120 0.3441977798938751 0
1731947266711 0.34946849942207336 0
1731947282430 0.34787729382514954 0
1731947298014 0.34145545959472656 0
1731947313701 0.3529992997646332 0
1731947329270 0.34182214736938477 0
1731947345265 0.34399768710136414 0
1731947360835 0.3481951653957367 0
1731947376552 0.3497040867805481 0
1731947392120 0.34259384870529175 0
1731947407809 0.34957361221313477 0
1731947423384 0.3429968059062958 0
1731947439088 0.3427257835865021 0
1731947454665 0.34980666637420654 0
1731947470350 0.34323814511299133 0
1731947485923 0.3445759117603302 0
1731947501636 0.34043845534324646 0
1731947517205 0.34021109342575073 0
1731947532912 0.3432968258857727 0
1731947548482 0.33901435136795044 0
1731947564523 0.345788836479187 0
1731947580088 0.33903616666793823 0
1731947595779 0.3384750485420227 0
1731947611358 0.3446327745914459 0
1731947627042 0.3386607766151428 0
1731947642603 0.3378986418247223 0
1731947658260 0.3392491340637207 0
1731947673841 0.340511679649353 0
1731947689523 0.33301952481269836 0
1731947705114 0.33845776319503784 0
1731947720806 0.34142184257507324 0
1731947736378 0.3408815562725067 0
1731947752082 0.3374904990196228 0
1731947767667 0.3408631682395935 0
1731947783331 0.34117913246154785 0
1731947799258 0.3356289267539978 0
1731947814921 0.3388524055480957 0
1731947830480 0.34212684631347656 0
1731947846138 0.33987268805503845 0
1731947861697 0.3395296633243561 0
1731947877372 0.33890384435653687 0
1731947892954 0.34160012006759644 0
1731947908631 0.34413039684295654 0
1731947924167 0.3372407555580139 0
1731947939834 0.3375104069709778 0
1731947955375 0.3370504677295685 0
1731947971052 0.33864665031433105 0
1731947986612 0.33635222911834717 0
1731948002267 0.33757683634757996 0
1731948017789 0.34419605135917664 0
1731948033801 0.33984798192977905 0
1731948049369 0.3405989706516266 0
1731948065054 0.33793801069259644 0
1731948080612 0.33854347467422485 0
1731948096316 0.3435463309288025 0
1731948111856 0.3425661325454712 0
1731948127537 0.33754804730415344 0
1731948143075 0.33984825015068054 0
1731948158737 0.3412674367427826 0
1731948174293 0.33891424536705017 0
1731948189980 0.3426825702190399 0
1731948205517 0.33727678656578064 0
1731948221178 0.3385923206806183 0
1731948236723 0.33708006143569946 0
1731948252409 0.33965522050857544 0
1731948268289 0.3367861211299896 0
1731948283968 0.33673331141471863 0
1731948299513 0.3370247185230255 0
1731948315201 0.3347904086112976 0
1731948330756 0.3320680856704712 0
1731948346434 0.33593225479125977 0
1731948362006 0.34021756052970886 0
1731948377634 0.3401605188846588 0
1731948393191 0.3348362147808075 0
1731948408840 0.33701029419898987 0
1731948424412 0.33886587619781494 0
1731948440072 0.3399372100830078 0
1731948455634 0.3343130946159363 0
1731948471290 0.33644723892211914 0
1731948486860 0.3388238847255707 0
1731948502880 0.33833879232406616 0
1731948518438 0.33530810475349426 0
1731948534075 0.33717718720436096 0
1731948549632 0.3383762538433075 0
1731948565296 0.3361195921897888 0
1731948580837 0.3384670615196228 0
1731948596525 0.33874887228012085 0
1731948612100 0.3357235789299011 0
1731948627775 0.3366122245788574 0
1731948643330 0.3381645977497101 0
1731948658998 0.3386748433113098 0
1731948674557 0.33639779686927795 0
1731948690208 0.33767879009246826 0
1731948705725 0.33798035979270935 0
1731948721697 0.33765286207199097 0
1731948737211 0.3412981927394867 0
1731948752897 0.3367287218570709 0
1731948768440 0.3380599915981293 0
1731948784089 0.33497655391693115 0
1731948799640 0.33853793144226074 0
1731948815335 0.33749037981033325 0
1731948830889 0.3379582464694977 0
1731948846578 0.3382225036621094 0
1731948862116 0.33677351474761963 0
1731948877823 0.3370540142059326 0
1731948893380 0.3346861004829407 0
1731948909060 0.3371226191520691 0
1731948924597 0.33634546399116516 0
1731948940276 0.3350886106491089 0
1731948956106 0.33666402101516724 0
1731948971774 0.3393027186393738 0
1731948987322 0.3358794152736664 0
1731949003008 0.33798331022262573 0
1731949018571 0.33585113286972046 0
1731949034237 0.33976712822914124 0
1731949049784 0.3364599347114563 0
1731949065468 0.3373587727546692 0
1731949081031 0.3361198604106903 0
1731949096697 0.33476677536964417 0
1731949112277 0.33293405175209045 0
1731949127957 0.3377464711666107 0
1731949143494 0.3341384828090668 0
1731949159175 0.3352716565132141 0
1731949174723 0.33482325077056885 0
1731949190742 0.3349491059780121 0
1731949206269 0.3352436423301697 0
1731949221946 0.3365055322647095 0
1731949237513 0.33719009160995483 0
1731949253175 0.33758774399757385 0
1731949268738 0.33690550923347473 0
1731949284377 0.3356676399707794 0
1731949299938 0.337838739156723 0
1731949315602 0.33664315938949585 0
1731949331177 0.33761969208717346 0
1731949346827 0.3378921449184418 0
1731949362384 0.33551159501075745 0
1731949378050 0.33774447441101074 0
1731949393611 0.33406689763069153 0
1731949409267 0.3368825912475586 0
1731949425147 0.3359992802143097 0
1731949440835 0.33586233854293823 0
1731949456364 0.336177796125412 0
1731949472010 0.33675092458724976 0
1731949487554 0.33674246072769165 0
1731949503241 0.33524075150489807 0
1731949518800 0.33732011914253235 0
1731949534469 0.3371184170246124 0
1731949550020 0.3360280692577362 0
1731949565686 0.33663028478622437 0
1731949581233 0.33464089035987854 0
1731949596912 0.3360951840877533 0
1731949612449 0.3370184004306793 0
1731949628107 0.33877530694007874 0
1731949643660 0.3368731141090393 0
