1731946080313 0.031245052814483643 0
1731946101152 0.03200538083910942 0
1731946121897 0.0322723388671875 0
1731946142789 0.0353715680539608 0
1731946163583 0.040016137063503265 0
1731946184523 0.04239630699157715 0
1731946205336 0.038271281868219376 0
1731946226283 0.039077915251255035 0
1731946247091 0.035433098673820496 0
1731946268052 0.03551306948065758 0
1731946288878 0.037031251937150955 0
1731946309810 0.03327855095267296 0
1731946330630 0.03805703669786453 0
1731946351570 0.0374341756105423 0
1731946372258 0.0356527715921402 0
1731946390532 0.03587862104177475 0
1731946408785 0.03703968599438667 0
1731946427045 0.03781991824507713 0
1731946445297 0.037979573011398315 0
1731946463539 0.04194536432623863 0
1731946481796 0.0368184894323349 0
1731946500043 0.039069078862667084 0
1731946517366 0.035058774054050446 0
1731946534228 0.035799335688352585 0
1731946551222 0.04193046689033508 0
1731946568210 0.04010408744215965 0
1731946585166 0.039181679487228394 0
1731946602056 0.03956344351172447 0
1731946619042 0.041381627321243286 0
1731946635991 0.03738204017281532 0
1731946652170 0.03700505569577217 0
1731946668361 0.03834153711795807 0
1731946684555 0.036670878529548645 0
1731946700738 0.0389099046587944 0
1731946716903 0.03849662467837334 0
1731946733073 0.03927861154079437 0
1731946749256 0.04066723212599754 0
1731946765015 0.03929726034402847 0
1731946780747 0.03856489062309265 0
1731946796376 0.0381690189242363 0
1731946812099 0.042069174349308014 0
1731946827710 0.03913470357656479 0
1731946843405 0.0407949797809124 0
1731946859016 0.039846982806921005 0
1731946875074 0.03855167701840401 0
1731946890688 0.040222302079200745 0
1731946906380 0.039574943482875824 0
1731946921963 0.03831944987177849 0
1731946937653 0.039637014269828796 0
1731946953245 0.03917303308844566 0
1731946968980 0.038518622517585754 0
1731946984575 0.03853200003504753 0
1731947000287 0.042162660509347916 0
1731947015874 0.038778647780418396 0
1731947031615 0.040500104427337646 0
1731947047222 0.04273053631186485 0
1731947062922 0.038342151790857315 0
1731947078513 0.039453208446502686 0
1731947094219 0.03931790217757225 0
1731947110131 0.040631573647260666 0
1731947125866 0.039625003933906555 0
1731947141448 0.0387149341404438 0
1731947157186 0.037726983428001404 0
1731947172789 0.03985903784632683 0
1731947188496 0.03745471313595772 0
1731947204103 0.039476316422224045 0
1731947219835 0.03781280294060707 0
1731947235422 0.040950775146484375 0
1731947251120 0.040453940629959106 0
1731947266711 0.037079088389873505 0
1731947282430 0.039112359285354614 0
1731947298014 0.040478091686964035 0
1731947313701 0.038296788930892944 0
1731947329270 0.04107769951224327 0
1731947345265 0.038977451622486115 0
1731947360835 0.039716530591249466 0
1731947376552 0.03860650956630707 0
1731947392120 0.03801983222365379 0
1731947407809 0.03808608651161194 0
1731947423384 0.03847619891166687 0
1731947439088 0.038604736328125 0
1731947454665 0.037956949323415756 0
1731947470350 0.03920431807637215 0
1731947485923 0.03969819098711014 0
1731947501636 0.039152584969997406 0
1731947517205 0.037179891020059586 0
1731947532912 0.03881675750017166 0
1731947548482 0.03860197961330414 0
1731947564523 0.0381997711956501 0
1731947580088 0.04112625494599342 0
1731947595779 0.03866412490606308 0
1731947611358 0.037871215492486954 0
1731947627042 0.03873815760016441 0
1731947642603 0.03971618413925171 0
1731947658260 0.038197293877601624 0
1731947673841 0.03849684074521065 0
1731947689523 0.03994216024875641 0
1731947705114 0.03923526033759117 0
1731947720806 0.040181372314691544 0
1731947736378 0.04074277728796005 0
1731947752082 0.04087533801794052 0
1731947767667 0.03959662467241287 0
1731947783331 0.037447549402713776 0
1731947799258 0.03971217945218086 0
1731947814921 0.03954113647341728 0
1731947830480 0.038244616240262985 0
1731947846138 0.03967208042740822 0
1731947861697 0.03808693587779999 0
1731947877372 0.038280583918094635 0
1731947892954 0.03801029175519943 0
1731947908631 0.03820791468024254 0
1731947924167 0.038248538970947266 0
1731947939834 0.03946918621659279 0
1731947955375 0.0385906919836998 0
1731947971052 0.03971680626273155 0
1731947986612 0.03825268894433975 0
1731948002267 0.03862885758280754 0
1731948017789 0.037647757679224014 0
1731948033801 0.038901444524526596 0
1731948049369 0.03690172731876373 0
1731948065054 0.038089457899332047 0
1731948080612 0.03922323137521744 0
1731948096316 0.03845198079943657 0
1731948111856 0.03753318637609482 0
1731948127537 0.038414839655160904 0
1731948143075 0.037505511194467545 0
1731948158737 0.03877997025847435 0
1731948174293 0.038889069110155106 0
1731948189980 0.03928682208061218 0
1731948205517 0.038109567016363144 0
1731948221178 0.037752244621515274 0
1731948236723 0.03874460980296135 0
1731948252409 0.03846536576747894 0
1731948268289 0.03898104652762413 0
1731948283968 0.03790592774748802 0
1731948299513 0.03815796226263046 0
1731948315201 0.03902430459856987 0
1731948330756 0.037975557148456573 0
1731948346434 0.03896329924464226 0
1731948362006 0.03802840784192085 0
1731948377634 0.0392843522131443 0
1731948393191 0.03846311941742897 0
1731948408840 0.03908730670809746 0
1731948424412 0.038627102971076965 0
1731948440072 0.03801897168159485 0
1731948455634 0.037726856768131256 0
1731948471290 0.039100371301174164 0
1731948486860 0.03859921917319298 0
1731948502880 0.03875187784433365 0
1731948518438 0.0396839939057827 0
1731948534075 0.03759844973683357 0
1731948549632 0.03807111084461212 0
1731948565296 0.038512591272592545 0
1731948580837 0.03890833258628845 0
1731948596525 0.03868302330374718 0
1731948612100 0.03910072520375252 0
1731948627775 0.03866048529744148 0
1731948643330 0.03867001831531525 0
1731948658998 0.03805631771683693 0
1731948674557 0.03892933204770088 0
1731948690208 0.03972909227013588 0
1731948705725 0.039438288658857346 0
1731948721697 0.03820367157459259 0
1731948737211 0.0387374684214592 0
1731948752897 0.03806353732943535 0
1731948768440 0.03811752051115036 0
1731948784089 0.03925354778766632 0
1731948799640 0.0385277196764946 0
1731948815335 0.038388799875974655 0
1731948830889 0.03814876452088356 0
1731948846578 0.038781359791755676 0
1731948862116 0.038859590888023376 0
1731948877823 0.03883201256394386 0
1731948893380 0.037689466029405594 0
1731948909060 0.03941440209746361 0
1731948924597 0.03765934333205223 0
1731948940276 0.03835461288690567 0
1731948956106 0.038241203874349594 0
1731948971774 0.038189999759197235 0
1731948987322 0.03781822323799133 0
1731949003008 0.039141424000263214 0
1731949018571 0.03892453387379646 0
1731949034237 0.038473550230264664 0
1731949049784 0.038221847265958786 0
1731949065468 0.038414858281612396 0
1731949081031 0.03798066824674606 0
1731949096697 0.03868630528450012 0
1731949112277 0.03817569464445114 0
1731949127957 0.038724787533283234 0
1731949143494 0.03845951706171036 0
1731949159175 0.03772542253136635 0
1731949174723 0.037915658205747604 0
1731949190742 0.037753041833639145 0
1731949206269 0.03864116594195366 0
1731949221946 0.03896230086684227 0
1731949237513 0.03747369721531868 0
1731949253175 0.03901949152350426 0
1731949268738 0.038626883178949356 0
1731949284377 0.03821203112602234 0
1731949299938 0.038378383964300156 0
1731949315602 0.0385565422475338 0
1731949331177 0.03827406093478203 0
1731949346827 0.03858127072453499 0
1731949362384 0.038476232439279556 0
1731949378050 0.03827965632081032 0
1731949393611 0.038515977561473846 0
1731949409267 0.03851424157619476 0
1731949425147 0.03859478607773781 0
1731949440835 0.038781847804784775 0
1731949456364 0.03813967481255531 0
1731949472010 0.038226768374443054 0
1731949487554 0.037832774221897125 0
1731949503241 0.03881613165140152 0
1731949518800 0.03836102411150932 0
1731949534469 0.03805103898048401 0
1731949550020 0.03860332444310188 0
1731949565686 0.03906639665365219 0
1731949581233 0.038739509880542755 0
1731949596912 0.03838079422712326 0
1731949612449 0.03807705640792847 0
1731949628107 0.03814968094229698 0
1731949643660 0.038444578647613525 0
