1731946080338 0.0005373465246520936 0
1731946101157 0.0003658337809611112 0
1731946121900 0.0002414424525341019 0
1731946142791 0.00019105446699541062 0
1731946163585 0.00016399414744228125 0
1731946184526 0.00014560369891114533 0
1731946205338 0.00012947554932907224 0
1731946226285 0.00012373161735013127 0
1731946247094 0.00011203729081898928 0
1731946268054 0.00011357941548340023 0
1731946288881 0.00010841464245459065 0
1731946309812 0.00010879708133870736 0
1731946330632 0.00010220883996225893 0
1731946351572 9.697112545836717e-05 0
1731946372260 9.647991100791842e-05 0
1731946390534 9.029544162331149e-05 0
1731946408787 9.17345896596089e-05 0
1731946427047 9.308550215791911e-05 0
1731946445299 9.318778029410169e-05 0
1731946463541 8.730376430321485e-05 0
1731946481798 8.656222780700773e-05 0
1731946500045 8.27071926323697e-05 0
1731946517368 8.434043411398306e-05 0
1731946534230 8.374585013370961e-05 0
1731946551224 8.044292189879343e-05 0
1731946568212 7.868308603065088e-05 0
1731946585169 7.935466419439763e-05 0
1731946602058 7.698167610215023e-05 0
1731946619044 7.481854117941111e-05 0
1731946635994 7.07449798937887e-05 0
1731946652172 7.524993270635605e-05 0
1731946668363 7.591798930661753e-05 0
1731946684557 7.26639773347415e-05 0
1731946700740 7.179795647971332e-05 0
1731946716905 7.110537990229204e-05 0
1731946733075 7.101459050318226e-05 0
1731946749259 7.422332419082522e-05 0
1731946765018 7.012772402958944e-05 0
1731946780749 6.86019120621495e-05 0
1731946796378 7.162744441302493e-05 0
1731946812101 7.288516644621268e-05 0
1731946827712 6.965079955989495e-05 0
1731946843407 6.870752986287698e-05 0
1731946859018 6.972001574467868e-05 0
1731946875076 6.942618347238749e-05 0
1731946890690 6.557683809660375e-05 0
1731946906382 6.909984949743375e-05 0
1731946921965 6.66067935526371e-05 0
1731946937655 6.620069325435907e-05 0
1731946953247 6.169947300804779e-05 0
1731946968982 6.46678963676095e-05 0
1731946984577 6.736897194059566e-05 0
1731947000289 6.362865678966045e-05 0
1731947015876 6.690000009257346e-05 0
1731947031617 6.401290011126548e-05 0
1731947047224 6.289192970143631e-05 0
1731947062924 6.752136687282473e-05 0
1731947078515 6.356289668474346e-05 0
1731947094222 6.224401295185089e-05 0
1731947110134 6.61969170323573e-05 0
1731947125868 6.171660061227158e-05 0
1731947141451 6.030785516486503e-05 0
1731947157189 6.184853555168957e-05 0
1731947172791 6.352231139317155e-05 0
1731947188498 6.601728819077834e-05 0
1731947204105 6.2637533119414e-05 0
1731947219837 6.107860099291429e-05 0
1731947235424 5.879657328478061e-05 0
1731947251123 5.869708547834307e-05 0
1731947266713 6.183565710671246e-05 0
1731947282432 5.944615986663848e-05 0
1731947298016 6.097001823945902e-05 0
1731947313703 5.867050276719965e-05 0
1731947329272 5.9958423662465066e-05 0
1731947345267 5.721783236367628e-05 0
1731947360837 5.916277950746007e-05 0
1731947376554 5.888751184102148e-05 0
1731947392122 5.9165253333048895e-05 0
1731947407811 5.942242205492221e-05 0
1731947423387 5.726439121644944e-05 0
1731947439090 5.544555460801348e-05 0
1731947454667 5.677672743331641e-05 0
1731947470352 5.702361886505969e-05 0
1731947485926 5.5768618040019646e-05 0
1731947501638 5.504908040165901e-05 0
1731947517207 5.426831921795383e-05 0
1731947532914 5.279319520923309e-05 0
1731947548485 5.448317097034305e-05 0
1731947564525 5.328684710548259e-05 0
1731947580090 5.585542749031447e-05 0
1731947595781 5.430022793007083e-05 0
1731947611361 5.051307743997313e-05 0
1731947627044 5.399788642534986e-05 0
1731947642605 5.173512181499973e-05 0
1731947658262 5.2234874601708725e-05 0
1731947673843 5.3024756198283285e-05 0
1731947689525 5.378328569349833e-05 0
1731947705116 5.200325176701881e-05 0
1731947720808 5.5098262237152085e-05 0
1731947736380 5.174654143047519e-05 0
1731947752084 5.1161401643184945e-05 0
1731947767669 5.2189967391313985e-05 0
1731947783333 4.9544898502063006e-05 0
1731947799260 5.077823152532801e-05 0
1731947814923 4.93318002554588e-05 0
1731947830484 4.983216058462858e-05 0
1731947846140 5.058201713836752e-05 0
1731947861700 4.843887290917337e-05 0
1731947877375 5.217131183599122e-05 0
1731947892957 4.800246824743226e-05 0
1731947908633 5.014655107515864e-05 0
1731947924169 4.854337021242827e-05 0
1731947939837 4.664833249989897e-05 0
1731947955377 4.899314444628544e-05 0
1731947971054 4.781089228345081e-05 0
1731947986614 4.705252649728209e-05 0
1731948002269 4.6238619688665494e-05 0
1731948017791 4.8675985453883186e-05 0
1731948033803 4.798721784027293e-05 0
1731948049372 4.792457912117243e-05 0
1731948065056 4.723265010397881e-05 0
1731948080614 4.7019868361530825e-05 0
1731948096318 4.518720743362792e-05 0
1731948111858 4.592006007442251e-05 0
1731948127539 4.7250036004697904e-05 0
1731948143078 4.401770274853334e-05 0
1731948158739 4.489718412514776e-05 0
1731948174295 4.726849147118628e-05 0
1731948189983 4.384175917948596e-05 0
1731948205519 4.6533281420124695e-05 0
1731948221180 4.6619479689979926e-05 0
1731948236725 4.699195415014401e-05 0
1731948252411 4.312186865718104e-05 0
1731948268291 4.2998948629247025e-05 0
1731948283970 4.606292714015581e-05 0
1731948299515 4.4753149268217385e-05 0
1731948315203 4.525600161287002e-05 0
1731948330758 4.3211901356698945e-05 0
1731948346436 4.51132254966069e-05 0
1731948362008 4.387494846014306e-05 0
1731948377636 4.210317274555564e-05 0
1731948393193 4.5021006371825933e-05 0
1731948408842 4.6578137698816136e-05 0
1731948424414 4.481064752326347e-05 0
1731948440074 4.5374570618150756e-05 0
1731948455636 4.2531886720098555e-05 0
1731948471292 4.166021244600415e-05 0
1731948486862 4.27675768150948e-05 0
1731948502883 4.25957769039087e-05 0
1731948518440 4.14439091400709e-05 0
1731948534077 4.207449092064053e-05 0
1731948549634 4.293526217225008e-05 0
1731948565298 4.415355215314776e-05 0
1731948580839 4.138366421102546e-05 0
1731948596527 4.3786203605122864e-05 0
1731948612102 4.177280061412603e-05 0
1731948627777 4.199989416520111e-05 0
1731948643332 3.983293572673574e-05 0
1731948659000 4.0080019971355796e-05 0
1731948674559 4.2231218685628846e-05 0
1731948690210 4.300180444261059e-05 0
1731948705728 4.104214895050973e-05 0
1731948721699 3.969399040215649e-05 0
1731948737213 3.948418816435151e-05 0
1731948752899 4.0417980926577e-05 0
1731948768442 4.272830847185105e-05 0
1731948784091 3.993882273789495e-05 0
1731948799642 4.065836037625559e-05 0
1731948815337 4.074876778759062e-05 0
1731948830891 3.9088296034606174e-05 0
1731948846580 4.021043787361123e-05 0
1731948862118 4.0395560063188896e-05 0
1731948877825 4.113370960112661e-05 0
1731948893382 4.078445635968819e-05 0
1731948909062 3.9534315874334425e-05 0
1731948924599 3.986842784797773e-05 0
1731948940278 4.1019571654032916e-05 0
1731948956108 3.908270809915848e-05 0
1731948971776 3.931894389097579e-05 0
1731948987324 3.9217473386088386e-05 0
1731949003010 3.905558696715161e-05 0
1731949018573 3.932244362658821e-05 0
1731949034239 4.0750404878053814e-05 0
1731949049785 3.9788748836144805e-05 0
1731949065470 3.929137528757565e-05 0
1731949081033 3.916354398825206e-05 0
1731949096699 3.895868212566711e-05 0
1731949112280 3.842588193947449e-05 0
1731949127959 3.96840441680979e-05 0
1731949143496 3.809301051660441e-05 0
1731949159177 4.000108674517833e-05 0
1731949174725 3.893397661158815e-05 0
1731949190744 3.764960274565965e-05 0
1731949206271 4.034034282085486e-05 0
1731949221948 3.7782192521262914e-05 0
1731949237515 3.849577478831634e-05 0
1731949253177 3.9217451558215544e-05 0
1731949268740 3.8077028875704855e-05 0
1731949284379 4.009733675047755e-05 0
1731949299940 3.8100370147731155e-05 0
1731949315605 3.749486859305762e-05 0
1731949331179 3.837215990643017e-05 0
1731949346829 3.814095543930307e-05 0
1731949362386 3.665088297566399e-05 0
1731949378052 3.736163125722669e-05 0
1731949393613 3.7672936741728336e-05 0
1731949409269 3.7009060179116204e-05 0
1731949425149 3.712542456923984e-05 0
1731949440837 3.8281763409031555e-05 0
1731949456366 3.717900108313188e-05 0
1731949472012 3.760143954423256e-05 0
1731949487556 3.8029382267268375e-05 0
1731949503243 3.71834757970646e-05 0
1731949518803 3.727488365257159e-05 0
1731949534471 3.6646073567681015e-05 0
1731949550022 3.699586886796169e-05 0
1731949565688 3.811805072473362e-05 0
1731949581236 3.7488880479941145e-05 0
1731949596914 3.60879312211182e-05 0
1731949612451 3.8569534808630124e-05 0
1731949628109 3.5663466405821964e-05 0
1731949643662 3.655325053841807e-05 0
