1731946080313 0.26867324113845825 0
1731946101152 0.18291687965393066 0
1731946121897 0.12072122097015381 0
1731946142789 0.09552723169326782 0
1731946163583 0.08199706673622131 0
1731946184523 0.07280184328556061 0
1731946205336 0.06473777443170547 0
1731946226283 0.061865802854299545 0
1731946247091 0.0560186430811882 0
1731946268052 0.05678970366716385 0
1731946288878 0.054207317531108856 0
1731946309810 0.054398536682128906 0
1731946330630 0.05110441893339157 0
1731946351570 0.048485562205314636 0
1731946372258 0.04823995381593704 0
1731946390532 0.045147716999053955 0
1731946408785 0.04586729407310486 0
1731946427045 0.04654274880886078 0
1731946445297 0.046593889594078064 0
1731946463539 0.04365187883377075 0
1731946481796 0.04328111186623573 0
1731946500043 0.04135359451174736 0
1731946517366 0.042170215398073196 0
1731946534228 0.04187292233109474 0
1731946551222 0.04022146016359329 0
1731946568210 0.03934154286980629 0
1731946585166 0.03967732936143875 0
1731946602056 0.03849083557724953 0
1731946619042 0.03740926831960678 0
1731946635991 0.03537248820066452 0
1731946652170 0.037624966353178024 0
1731946668361 0.03795899450778961 0
1731946684555 0.036331985145807266 0
1731946700738 0.035898976027965546 0
1731946716903 0.03555268794298172 0
1731946733073 0.03550729528069496 0
1731946749256 0.03711165860295296 0
1731946765015 0.035063859075307846 0
1731946780747 0.03430095314979553 0
1731946796376 0.035813719034194946 0
1731946812099 0.036442581564188004 0
1731946827710 0.034825399518013 0
1731946843405 0.03435376286506653 0
1731946859016 0.03486000746488571 0
1731946875074 0.03471308946609497 0
1731946890688 0.03278841823339462 0
1731946906380 0.03454992175102234 0
1731946921963 0.0333033949136734 0
1731946937653 0.033100344240665436 0
1731946953245 0.03084973618388176 0
1731946968980 0.03233394771814346 0
1731946984575 0.03368448466062546 0
1731947000287 0.0318143256008625 0
1731947015874 0.03344999998807907 0
1731947031615 0.03200644999742508 0
1731947047222 0.03144596517086029 0
1731947062922 0.0337606817483902 0
1731947078513 0.03178144618868828 0
1731947094219 0.031122006475925446 0
1731947110131 0.033098455518484116 0
1731947125866 0.030858300626277924 0
1731947141448 0.030153926461935043 0
1731947157186 0.030924268066883087 0
1731947172789 0.031761154532432556 0
1731947188496 0.0330086424946785 0
1731947204103 0.03131876513361931 0
1731947219835 0.03053930029273033 0
1731947235422 0.02939828485250473 0
1731947251120 0.02934854105114937 0
1731947266711 0.030917827039957047 0
1731947282430 0.02972307801246643 0
1731947298014 0.030485007911920547 0
1731947313701 0.029335249215364456 0
1731947329270 0.02997921034693718 0
1731947345265 0.028608914464712143 0
1731947360835 0.02958138845860958 0
1731947376552 0.029443753883242607 0
1731947392120 0.02958262525498867 0
1731947407809 0.02971120923757553 0
1731947423384 0.02863219380378723 0
1731947439088 0.02772277593612671 0
1731947454665 0.028388362377882004 0
1731947470350 0.028511807322502136 0
1731947485923 0.027884308248758316 0
1731947501636 0.027524538338184357 0
1731947517205 0.027134157717227936 0
1731947532912 0.026396596804261208 0
1731947548482 0.027241583913564682 0
1731947564523 0.02664342150092125 0
1731947580088 0.027927711606025696 0
1731947595779 0.027150113135576248 0
1731947611358 0.025256536900997162 0
1731947627042 0.026998942717909813 0
1731947642603 0.025867559015750885 0
1731947658260 0.026117436587810516 0
1731947673841 0.026512376964092255 0
1731947689523 0.026891641318798065 0
1731947705114 0.026001624763011932 0
1731947720806 0.027549128979444504 0
1731947736378 0.025873269885778427 0
1731947752082 0.025580700486898422 0
1731947767667 0.026094982400536537 0
1731947783331 0.02477244846522808 0
1731947799258 0.025389114394783974 0
1731947814921 0.024665899574756622 0
1731947830480 0.02491607889533043 0
1731947846138 0.02529100701212883 0
1731947861697 0.024219434708356857 0
1731947877372 0.02608565427362919 0
1731947892954 0.024001233279705048 0
1731947908631 0.025073274970054626 0
1731947924167 0.024271683767437935 0
1731947939834 0.023324165493249893 0
1731947955375 0.024496570229530334 0
1731947971052 0.023905444890260696 0
1731947986612 0.023526262491941452 0
1731948002267 0.023119308054447174 0
1731948017789 0.024337992072105408 0
1731948033801 0.023993607610464096 0
1731948049369 0.023962289094924927 0
1731948065054 0.023616323247551918 0
1731948080612 0.023509932681918144 0
1731948096316 0.022593602538108826 0
1731948111856 0.022960029542446136 0
1731948127537 0.02362501621246338 0
1731948143075 0.022008851170539856 0
1731948158737 0.022448591887950897 0
1731948174293 0.02363424375653267 0
1731948189980 0.021920878440141678 0
1731948205517 0.023266639560461044 0
1731948221178 0.0233097393065691 0
1731948236723 0.023495975881814957 0
1731948252409 0.02156093344092369 0
1731948268289 0.021499473601579666 0
1731948283968 0.023031461983919144 0
1731948299513 0.022376572713255882 0
1731948315201 0.022628000006079674 0
1731948330756 0.021605949848890305 0
1731948346434 0.022556612268090248 0
1731948362006 0.021937472745776176 0
1731948377634 0.02105158567428589 0
1731948393191 0.022510502487421036 0
1731948408840 0.023289067670702934 0
1731948424412 0.022405322641134262 0
1731948440072 0.022687284275889397 0
1731948455634 0.021265942603349686 0
1731948471290 0.020830105990171432 0
1731948486860 0.02138378657400608 0
1731948502880 0.021297886967658997 0
1731948518438 0.020721953362226486 0
1731948534075 0.02103724516928196 0
1731948549632 0.021467629820108414 0
1731948565296 0.022076774388551712 0
1731948580837 0.020691830664873123 0
1731948596525 0.021893100813031197 0
1731948612100 0.02088639885187149 0
1731948627775 0.02099994570016861 0
1731948643330 0.019916467368602753 0
1731948658998 0.020040009170770645 0
1731948674557 0.021115608513355255 0
1731948690208 0.021500900387763977 0
1731948705725 0.020521072670817375 0
1731948721697 0.019846994429826736 0
1731948737211 0.019742093980312347 0
1731948752897 0.020208990201354027 0
1731948768440 0.021364152431488037 0
1731948784089 0.019969411194324493 0
1731948799640 0.020329179242253304 0
1731948815335 0.02037438377737999 0
1731948830889 0.019544146955013275 0
1731948846578 0.02010521851480007 0
1731948862116 0.020197778940200806 0
1731948877823 0.020566854625940323 0
1731948893380 0.020392227917909622 0
1731948909060 0.0197671577334404 0
1731948924597 0.019934212788939476 0
1731948940276 0.020509785041213036 0
1731948956106 0.01954135298728943 0
1731948971774 0.01965947076678276 0
1731948987322 0.019608736038208008 0
1731949003008 0.019527792930603027 0
1731949018571 0.019661221653223038 0
1731949034237 0.020375201478600502 0
1731949049784 0.019894372671842575 0
1731949065468 0.01964568719267845 0
1731949081031 0.01958177052438259 0
1731949096697 0.019479339942336082 0
1731949112277 0.019212940707802773 0
1731949127957 0.01984202116727829 0
1731949143494 0.01904650405049324 0
1731949159175 0.02000054158270359 0
1731949174723 0.019466986879706383 0
1731949190742 0.018824800848960876 0
1731949206269 0.020170170813798904 0
1731949221946 0.018891096115112305 0
1731949237513 0.019247885793447495 0
1731949253175 0.019608724862337112 0
1731949268738 0.01903851330280304 0
1731949284377 0.02004866674542427 0
1731949299938 0.01905018463730812 0
1731949315602 0.01874743402004242 0
1731949331177 0.019186079502105713 0
1731949346827 0.019070476293563843 0
1731949362384 0.01832544058561325 0
1731949378050 0.018680814653635025 0
1731949393611 0.01883646659553051 0
1731949409267 0.01850452832877636 0
1731949425147 0.018562711775302887 0
1731949440835 0.019140880554914474 0
1731949456364 0.018589500337839127 0
1731949472010 0.01880071870982647 0
1731949487554 0.019014690071344376 0
1731949503241 0.018591737374663353 0
1731949518800 0.018637441098690033 0
1731949534469 0.018323035910725594 0
1731949550020 0.018497932702302933 0
1731949565686 0.01905902475118637 0
1731949581233 0.018744438886642456 0
1731949596912 0.018043965101242065 0
1731949612449 0.019284766167402267 0
1731949628107 0.01783173158764839 0
1731949643660 0.018276624381542206 0
