1731946080313 19.553504943847656 0
1731946101152 20.11640739440918 0
1731946121897 20.88622283935547 0
1731946142789 21.046302795410156 0
1731946163583 21.714771270751953 0
1731946184523 21.34583282470703 0
1731946205336 21.726457595825195 0
1731946226283 21.995948791503906 0
1731946247091 22.335277557373047 0
1731946268052 21.964733123779297 0
1731946288878 22.486745834350586 0
1731946309810 22.96883773803711 0
1731946330630 22.97255516052246 0
1731946351570 22.977277755737305 0
1731946372258 22.7488956451416 0
1731946390532 22.893217086791992 0
1731946408785 23.31578254699707 0
1731946427045 23.179800033569336 0
1731946445297 22.636211395263672 0
1731946463539 23.16590118408203 0
1731946481796 22.92633819580078 0
1731946500043 23.003076553344727 0
1731946517366 22.59172248840332 0
1731946534228 23.170412063598633 0
1731946551222 22.293100357055664 0
1731946568210 22.934968948364258 0
1731946585166 22.869300842285156 0
1731946602056 23.26580238342285 0
1731946619042 23.126502990722656 0
1731946635991 23.78041648864746 0
1731946652170 23.599180221557617 0
1731946668361 23.200502395629883 0
1731946684555 23.1818904876709 0
1731946700738 23.351299285888672 0
1731946716903 23.422409057617188 0
1731946733073 23.60261344909668 0
1731946749256 23.372905731201172 0
1731946765015 23.732580184936523 0
1731946780747 24.196155548095703 0
1731946796376 23.945362091064453 0
1731946812099 23.719615936279297 0
1731946827710 23.602588653564453 0
1731946843405 24.091678619384766 0
1731946859016 24.12330436706543 0
1731946875074 23.818662643432617 0
1731946890688 24.24948501586914 0
1731946906380 23.945524215698242 0
1731946921963 24.2598819732666 0
1731946937653 24.980262756347656 0
1731946953245 23.896642684936523 0
1731946968980 23.745420455932617 0
1731946984575 23.95265007019043 0
1731947000287 24.017810821533203 0
1731947015874 23.885295867919922 0
1731947031615 23.715438842773438 0
1731947047222 24.77201271057129 0
1731947062922 24.63717269897461 0
1731947078513 24.376184463500977 0
1731947094219 24.509984970092773 0
1731947110131 24.589950561523438 0
1731947125866 24.162309646606445 0
1731947141448 24.380990982055664 0
1731947157186 24.375041961669922 0
1731947172789 24.434207916259766 0
1731947188496 24.3126220703125 0
1731947204103 24.523361206054688 0
1731947219835 24.51491355895996 0
1731947235422 24.6170597076416 0
1731947251120 25.152387619018555 0
1731947266711 24.91306495666504 0
1731947282430 24.42401123046875 0
1731947298014 24.937376022338867 0
1731947313701 24.791261672973633 0
1731947329270 25.323762893676758 0
1731947345265 25.746257781982422 0
1731947360835 25.17855453491211 0
1731947376552 25.240402221679688 0
1731947392120 24.59867286682129 0
1731947407809 25.171743392944336 0
1731947423384 24.51287841796875 0
1731947439088 25.27837562561035 0
1731947454665 25.017642974853516 0
1731947470350 24.529218673706055 0
1731947485923 25.309005737304688 0
1731947501636 25.49271011352539 0
1731947517205 25.178943634033203 0
1731947532912 25.22708511352539 0
1731947548482 25.06980323791504 0
1731947564523 25.31360626220703 0
1731947580088 25.227508544921875 0
1731947595779 25.222196578979492 0
1731947611358 25.49274253845215 0
1731947627042 25.111331939697266 0
1731947642603 24.917266845703125 0
1731947658260 25.394084930419922 0
1731947673841 24.97118377685547 0
1731947689523 25.846771240234375 0
1731947705114 25.839189529418945 0
1731947720806 25.31158447265625 0
1731947736378 25.4554443359375 0
1731947752082 25.91567611694336 0
1731947767667 24.91919708251953 0
1731947783331 25.53603172302246 0
1731947799258 25.807125091552734 0
1731947814921 25.613935470581055 0
1731947830480 25.285602569580078 0
1731947846138 25.551523208618164 0
1731947861697 25.30446434020996 0
1731947877372 25.763389587402344 0
1731947892954 25.788618087768555 0
1731947908631 25.955032348632812 0
1731947924167 25.663034439086914 0
1731947939834 25.94969367980957 0
1731947955375 26.094003677368164 0
1731947971052 25.667381286621094 0
1731947986612 26.06188201904297 0
1731948002267 26.571847915649414 0
1731948017789 26.14959716796875 0
1731948033801 26.334583282470703 0
1731948049369 26.22154998779297 0
1731948065054 25.793262481689453 0
1731948080612 25.997276306152344 0
1731948096316 25.98303985595703 0
1731948111856 25.935474395751953 0
1731948127537 26.390466690063477 0
1731948143075 26.095966339111328 0
1731948158737 26.138103485107422 0
1731948174293 26.22024154663086 0
1731948189980 26.169986724853516 0
1731948205517 26.080554962158203 0
1731948221178 25.652753829956055 0
1731948236723 25.75259780883789 0
1731948252409 26.071434020996094 0
1731948268289 26.30118751525879 0
1731948283968 25.692790985107422 0
1731948299513 26.02866554260254 0
1731948315201 26.349586486816406 0
1731948330756 26.178817749023438 0
1731948346434 25.863386154174805 0
1731948362006 26.06989860534668 0
1731948377634 26.36461067199707 0
1731948393191 26.304229736328125 0
1731948408840 26.11404800415039 0
1731948424412 25.909074783325195 0
1731948440072 25.827669143676758 0
1731948455634 26.41286277770996 0
1731948471290 26.92522621154785 0
1731948486860 26.217683792114258 0
1731948502880 26.057514190673828 0
1731948518438 25.989763259887695 0
1731948534075 26.061574935913086 0
1731948549632 26.13999366760254 0
1731948565296 26.079431533813477 0
1731948580837 26.738508224487305 0
1731948596525 26.23334503173828 0
1731948612100 26.083587646484375 0
1731948627775 26.419200897216797 0
1731948643330 27.17849349975586 0
1731948658998 26.541170120239258 0
1731948674557 26.455251693725586 0
1731948690208 26.14533233642578 0
1731948705725 26.783920288085938 0
1731948721697 26.34632682800293 0
1731948737211 26.66205596923828 0
1731948752897 26.44671630859375 0
1731948768440 25.947607040405273 0
1731948784089 26.621679306030273 0
1731948799640 26.594066619873047 0
1731948815335 26.598621368408203 0
1731948830889 26.824861526489258 0
1731948846578 26.668655395507812 0
1731948862116 26.381195068359375 0
1731948877823 25.94460678100586 0
1731948893380 26.90339469909668 0
1731948909060 26.661373138427734 0
1731948924597 26.706850051879883 0
1731948940276 26.62433433532715 0
1731948956106 27.251100540161133 0
1731948971774 27.096492767333984 0
1731948987322 26.716882705688477 0
1731949003008 26.962013244628906 0
1731949018571 26.679841995239258 0
1731949034237 26.877676010131836 0
1731949049784 26.88078498840332 0
1731949065468 27.070749282836914 0
1731949081031 26.900516510009766 0
1731949096697 26.932430267333984 0
1731949112277 27.332305908203125 0
1731949127957 26.622108459472656 0
1731949143494 27.244638442993164 0
1731949159175 26.60936737060547 0
1731949174723 26.894119262695312 0
1731949190742 26.89946937561035 0
1731949206269 26.61988067626953 0
1731949221946 26.996530532836914 0
1731949237513 27.037168502807617 0
1731949253175 27.009021759033203 0
1731949268738 27.571382522583008 0
1731949284377 26.911474227905273 0
1731949299938 27.587526321411133 0
1731949315602 27.46378517150879 0
1731949331177 26.56087303161621 0
1731949346827 27.42186737060547 0
1731949362384 27.046627044677734 0
1731949378050 27.16130256652832 0
1731949393611 27.44321060180664 0
1731949409267 26.842857360839844 0
1731949425147 27.267189025878906 0
1731949440835 27.085268020629883 0
1731949456364 27.075088500976562 0
1731949472010 27.46448516845703 0
1731949487554 26.827157974243164 0
1731949503241 27.28257942199707 0
1731949518800 27.039546966552734 0
1731949534469 27.42495346069336 0
1731949550020 26.615406036376953 0
1731949565686 27.163766860961914 0
1731949581233 27.30934715270996 0
1731949596912 27.60095977783203 0
1731949612449 27.516590118408203 0
1731949628107 27.17967414855957 0
1731949643660 27.24765968322754 0
