1731849858007 0.02072368748486042 0
1731849885509 0.020596109330654144 0
1731849912531 0.01963827759027481 0
1731849939413 0.019601421430706978 0
1731849966035 0.01800721511244774 0
1731849992597 0.019647525623440742 0
1731850018862 0.017236363142728806 0
1731850045147 0.018671328201889992 0
1731850071307 0.017402077093720436 0
1731850097622 0.017314668744802475 0
1731850123852 0.01762918196618557 0
1731850150185 0.017672250047326088 0
1731850176469 0.01822401024401188 0
1731850202863 0.016076141968369484 0
1731850228879 0.017411811277270317 0
1731850252001 0.016964061185717583 0
1731850275081 0.015770157799124718 0
1731850298168 0.016202129423618317 0
1731850321288 0.016526157036423683 0
1731850344462 0.015349655412137508 0
1731850367556 0.016255035996437073 0
1731850390674 0.015846654772758484 0
1731850412686 0.016788281500339508 0
1731850434074 0.016785776242613792 0
1731850455652 0.016655605286359787 0
1731850477260 0.01693134941160679 0
1731850498777 0.01573875918984413 0
1731850520247 0.015840256586670876 0
1731850541853 0.01609472557902336 0
1731850563300 0.015194129198789597 0
1731850583818 0.016933001577854156 0
1731850604375 0.015299366787075996 0
1731850624920 0.017259275540709496 0
1731850645466 0.015596370212733746 0
1731850665984 0.0161465872079134 0
1731850686471 0.01717185229063034 0
1731850706989 0.015015311539173126 0
1731850726982 0.015492190606892109 0
1731850746931 0.016478683799505234 0
1731850766779 0.015363521873950958 0
1731850786760 0.016530321910977364 0
1731850806574 0.015969013795256615 0
1731850826531 0.017401916906237602 0
1731850846376 0.01615232415497303 0
1731850866739 0.017465336248278618 0
1731850886572 0.01630372367799282 0
1731850906529 0.0155964195728302 0
1731850926384 0.015983905643224716 0
1731850946338 0.015122328884899616 0
1731850966149 0.01614726334810257 0
1731850986152 0.015992192551493645 0
1731851005936 0.015769556164741516 0
1731851025938 0.01996689662337303 0
1731851045765 0.01547662727534771 0
1731851065705 0.015524478629231453 0
1731851085498 0.015117956325411797 0
1731851105515 0.016046147793531418 0
1731851125306 0.017806025221943855 0
1731851145290 0.015629062429070473 0
1731851165474 0.014824050478637218 0
1731851185440 0.014930359087884426 0
1731851205232 0.016375022009015083 0
1731851225218 0.017028803005814552 0
1731851245032 0.015669245272874832 0
1731851265048 0.015720941126346588 0
1731851284879 0.015753095969557762 0
1731851304824 0.016273917630314827 0
1731851324648 0.01492352969944477 0
1731851344634 0.015480185858905315 0
1731851364471 0.015831083059310913 0
1731851384415 0.015331043861806393 0
1731851404144 0.016622968018054962 0
1731851424097 0.01668519899249077 0
1731851443932 0.015543892048299313 0
1731851464277 0.015680154785513878 0
1731851484056 0.01597183384001255 0
1731851504023 0.016541065648198128 0
1731851523869 0.015206658281385899 0
1731851543847 0.015881381928920746 0
1731851563637 0.015386798419058323 0
1731851583591 0.015584412962198257 0
1731851603374 0.015823649242520332 0
1731851623320 0.01598142646253109 0
1731851643146 0.016049690544605255 0
1731851663150 0.014734802767634392 0
1731851682951 0.01556110754609108 0
1731851702899 0.017072739079594612 0
1731851722681 0.015585603192448616 0
1731851742958 0.015719251707196236 0
1731851762697 0.016063889488577843 0
1731851782636 0.014516100287437439 0
1731851802441 0.015434821136295795 0
1731851822376 0.015793053433299065 0
1731851842163 0.015000351704657078 0
1731851862032 0.015935217961668968 0
1731851881811 0.015707669779658318 0
1731851901734 0.01535181887447834 0
1731851921552 0.015544850379228592 0
1731851941516 0.015102697536349297 0
1731851961337 0.015597960911691189 0
1731851981316 0.015323900617659092 0
1731852001121 0.016107497736811638 0
1731852021028 0.015849003568291664 0
1731852041115 0.015063188038766384 0
1731852061059 0.016155237331986427 0
1731852080840 0.015042617917060852 0
1731852100763 0.015684010460972786 0
1731852120522 0.015970656648278236 0
1731852140425 0.015788700431585312 0
1731852160212 0.01519360113888979 0
1731852180066 0.0149339335039258 0
1731852199824 0.01603817380964756 0
1731852219752 0.015995724126696587 0
1731852239522 0.01564020663499832 0
1731852259419 0.01477897260338068 0
1731852279274 0.015580899082124233 0
1731852299151 0.015632890164852142 0
1731852318944 0.015402398072183132 0
1731852339180 0.015331931412220001 0
1731852358994 0.015783948823809624 0
1731852378916 0.015496069565415382 0
1731852398681 0.014872558414936066 0
1731852418582 0.015991412103176117 0
1731852438340 0.015632376074790955 0
1731852458223 0.015600106678903103 0
1731852477958 0.015707844868302345 0
1731852497881 0.01503465510904789 0
1731852517648 0.014972416684031487 0
1731852537569 0.014506710693240166 0
1731852557348 0.01621055230498314 0
1731852577249 0.016270749270915985 0
1731852596994 0.015246247872710228 0
1731852616947 0.01511109434068203 0
1731852637096 0.016114970669150352 0
1731852656943 0.01477512251585722 0
1731852676725 0.015268678776919842 0
1731852696635 0.01539166085422039 0
1731852716330 0.015499823726713657 0
1731852736305 0.015821026638150215 0
1731852756055 0.014707361347973347 0
1731852775894 0.014819642528891563 0
1731852795656 0.015102219767868519 0
1731852815519 0.014981205575168133 0
1731852835283 0.015167834237217903 0
1731852855157 0.01526308711618185 0
1731852874949 0.015180042013525963 0
1731852894843 0.01469472423195839 0
1731852914598 0.014970218762755394 0
1731852934841 0.015400532633066177 0
1731852954618 0.01475471630692482 0
1731852974530 0.01512558851391077 0
1731852994271 0.014943597838282585 0
1731853014184 0.015489393845200539 0
1731853033968 0.015034900046885014 0
1731853053890 0.015153116546571255 0
1731853073675 0.014850141480565071 0
1731853093584 0.015302536077797413 0
1731853113365 0.01571645401418209 0
1731853133245 0.015644507482647896 0
1731853153038 0.015400398522615433 0
1731853172916 0.0159379243850708 0
1731853192653 0.01564594730734825 0
1731853212861 0.015049433335661888 0
1731853232601 0.015218413434922695 0
1731853252511 0.01531359925866127 0
1731853272265 0.015413731336593628 0
1731853292180 0.014502828009426594 0
1731853311955 0.015020138584077358 0
1731853331848 0.015103322453796864 0
1731853351622 0.015194726176559925 0
1731853371502 0.015211541205644608 0
1731853391306 0.014961972832679749 0
1731853411183 0.015222389250993729 0
1731853430928 0.015170636586844921 0
1731853450833 0.015351050533354282 0
1731853470579 0.015405656769871712 0
1731853490490 0.014774852432310581 0
1731853510525 0.015665115788578987 0
1731853530443 0.014734218828380108 0
1731853550214 0.015352915972471237 0
1731853570102 0.014878149144351482 0
1731853589827 0.015370110981166363 0
1731853609689 0.01520839799195528 0
1731853629425 0.01497386209666729 0
1731853649320 0.015545668080449104 0
1731853669121 0.015482318587601185 0
1731853688968 0.015144388191401958 0
1731853708716 0.015507400035858154 0
1731853728603 0.015074723400175571 0
1731853748353 0.015561814419925213 0
1731853768300 0.015437502413988113 0
1731853788079 0.015183549374341965 0
1731853808392 0.015176838263869286 0
1731853828153 0.015138736926019192 0
1731853848092 0.015356751158833504 0
1731853867863 0.014976099133491516 0
1731853887744 0.014912975952029228 0
1731853907468 0.015184974297881126 0
1731853927342 0.014908562414348125 0
1731853947087 0.015191656537353992 0
1731853967003 0.015623829327523708 0
1731853986788 0.015262800268828869 0
1731854006703 0.015073507092893124 0
1731854026420 0.01461269985884428 0
1731854046340 0.015289458446204662 0
1731854066097 0.015266429632902145 0
1731854085969 0.015024913474917412 0
1731854106134 0.015495559200644493 0
1731854126046 0.015377028845250607 0
1731854145823 0.015486862510442734 0
1731854165677 0.015001824125647545 0
1731854185409 0.015163599513471127 0
1731854205290 0.01511843129992485 0
1731854225037 0.01501332875341177 0
1731854244906 0.015094254165887833 0
1731854264646 0.015457105822861195 0
1731854284576 0.01519599836319685 0
1731854304272 0.014931426383554935 0
1731854324160 0.015246798284351826 0
1731854343948 0.014949935488402843 0
1731854363811 0.015202904120087624 0
1731854383542 0.015332461334764957 0
