1731849858007 0.01064329594373703 0
1731849885509 0.010386720299720764 0
1731849912531 0.010237326845526695 0
1731849939413 0.00994049571454525 0
1731849966035 0.009805009700357914 0
1731849992597 0.00983903743326664 0
1731850018862 0.00959648098796606 0
1731850045147 0.0096934475004673 0
1731850071307 0.009638740681111813 0
1731850097622 0.009588973596692085 0
1731850123852 0.009600368328392506 0
1731850150185 0.009491950273513794 0
1731850176469 0.009634599089622498 0
1731850202863 0.009360838681459427 0
1731850228879 0.00951151642948389 0
1731850252001 0.009478815831243992 0
1731850275081 0.009394381195306778 0
1731850298168 0.009467586874961853 0
1731850321288 0.009364530444145203 0
1731850344462 0.009403266943991184 0
1731850367556 0.00949301477521658 0
1731850390674 0.009477512910962105 0
1731850412686 0.00959490891546011 0
1731850434074 0.00950635690242052 0
1731850455652 0.009620403870940208 0
1731850477260 0.009629490785300732 0
1731850498777 0.009472083300352097 0
1731850520247 0.009569207206368446 0
1731850541853 0.009447367861866951 0
1731850563300 0.009588695131242275 0
1731850583818 0.009587902575731277 0
1731850604375 0.009689148515462875 0
1731850624920 0.009626375511288643 0
1731850645466 0.009608188644051552 0
1731850665984 0.00957590900361538 0
1731850686471 0.009606032632291317 0
1731850706989 0.009514430537819862 0
1731850726982 0.009485047310590744 0
1731850746931 0.009502220898866653 0
1731850766779 0.009692439809441566 0
1731850786760 0.009534104727208614 0
1731850806574 0.009570837952196598 0
1731850826531 0.00961712934076786 0
1731850846376 0.009607586078345776 0
1731850866739 0.009714962914586067 0
1731850886572 0.009702200070023537 0
1731850906529 0.009572185575962067 0
1731850926384 0.009552842937409878 0
1731850946338 0.00957745686173439 0
1731850966149 0.009540027938783169 0
1731850986152 0.009614030830562115 0
1731851005936 0.009672937914729118 0
1731851025938 0.009745004586875439 0
1731851045765 0.009651915170252323 0
1731851065705 0.009735970757901669 0
1731851085498 0.009515009820461273 0
1731851105515 0.00973783154040575 0
1731851125306 0.009614501148462296 0
1731851145290 0.00963406078517437 0
1731851165474 0.009694245643913746 0
1731851185440 0.009759611450135708 0
1731851205232 0.009642092511057854 0
1731851225218 0.009790352545678616 0
1731851245032 0.009716924279928207 0
1731851265048 0.00961335375905037 0
1731851284879 0.00962081365287304 0
1731851304824 0.009711677208542824 0
1731851324648 0.009657351300120354 0
1731851344634 0.009643812663853168 0
1731851364471 0.009481031447649002 0
1731851384415 0.009663303382694721 0
1731851404144 0.0097105847671628 0
1731851424097 0.009641763754189014 0
1731851443932 0.009666062891483307 0
1731851464277 0.009704649448394775 0
1731851484056 0.009738587774336338 0
1731851504023 0.009733837097883224 0
1731851523869 0.009738749824464321 0
1731851543847 0.009671236388385296 0
1731851563637 0.009704044088721275 0
1731851583591 0.009598270989954472 0
1731851603374 0.009758505038917065 0
1731851623320 0.009658618830144405 0
1731851643146 0.00969894602894783 0
1731851663150 0.009557663463056087 0
1731851682951 0.009705571457743645 0
1731851702899 0.009714869782328606 0
1731851722681 0.00968957133591175 0
1731851742958 0.009653449058532715 0
1731851762697 0.009739781729876995 0
1731851782636 0.00972889643162489 0
1731851802441 0.009660075418651104 0
1731851822376 0.009650317020714283 0
1731851842163 0.00969819724559784 0
1731851862032 0.009719067253172398 0
1731851881811 0.009668716229498386 0
1731851901734 0.009659629315137863 0
1731851921552 0.009748106822371483 0
1731851941516 0.009660418145358562 0
1731851961337 0.009747215546667576 0
1731851981316 0.00969753973186016 0
1731852001121 0.009804870001971722 0
1731852021028 0.00973997451364994 0
1731852041115 0.009666663594543934 0
1731852061059 0.009796369820833206 0
1731852080840 0.00970560684800148 0
1731852100763 0.009677564725279808 0
1731852120522 0.009692640975117683 0
1731852140425 0.009714368730783463 0
1731852160212 0.009726641699671745 0
1731852180066 0.009752953425049782 0
1731852199824 0.009694644249975681 0
1731852219752 0.00970488227903843 0
1731852239522 0.00971899926662445 0
1731852259419 0.009758105501532555 0
1731852279274 0.00971008837223053 0
1731852299151 0.00974143948405981 0
1731852318944 0.009726914577186108 0
1731852339180 0.009704183787107468 0
1731852358994 0.009753472171723843 0
1731852378916 0.00977346207946539 0
1731852398681 0.00970965065062046 0
1731852418582 0.009790932759642601 0
1731852438340 0.009689632803201675 0
1731852458223 0.00970018282532692 0
1731852477958 0.009693106636404991 0
1731852497881 0.009714705869555473 0
1731852517648 0.009757539257407188 0
1731852537569 0.009692363440990448 0
1731852557348 0.00977509468793869 0
1731852577249 0.009710237383842468 0
1731852596994 0.009680092334747314 0
1731852616947 0.00971400085836649 0
1731852637096 0.009711750783026218 0
1731852656943 0.009677989408373833 0
1731852676725 0.00966816209256649 0
1731852696635 0.009715213440358639 0
1731852716330 0.00966569222509861 0
1731852736305 0.009668838232755661 0
1731852756055 0.009630902670323849 0
1731852775894 0.00972189661115408 0
1731852795656 0.009714449755847454 0
1731852815519 0.009680506773293018 0
1731852835283 0.009652811102569103 0
1731852855157 0.009717724286019802 0
1731852874949 0.009728497825562954 0
1731852894843 0.009685481898486614 0
1731852914598 0.009720934554934502 0
1731852934841 0.009712398052215576 0
1731852954618 0.009717090055346489 0
1731852974530 0.009734690189361572 0
1731852994271 0.009722834452986717 0
1731853014184 0.009731004945933819 0
1731853033968 0.00972332525998354 0
1731853053890 0.009699144400656223 0
1731853073675 0.009715150110423565 0
1731853093584 0.009742991998791695 0
1731853113365 0.009711871854960918 0
1731853133245 0.009759114123880863 0
1731853153038 0.009735365398228168 0
1731853172916 0.009756115265190601 0
1731853192653 0.009700610302388668 0
1731853212861 0.009776388294994831 0
1731853232601 0.009752894751727581 0
1731853252511 0.009721631184220314 0
1731853272265 0.009758918546140194 0
1731853292180 0.009702316485345364 0
1731853311955 0.009712764993309975 0
1731853331848 0.00973573513329029 0
1731853351622 0.009713343344628811 0
1731853371502 0.009741405956447124 0
1731853391306 0.009753232821822166 0
1731853411183 0.009730017744004726 0
1731853430928 0.009754102677106857 0
1731853450833 0.009770244359970093 0
1731853470579 0.009712640196084976 0
1731853490490 0.009741492569446564 0
1731853510525 0.009748426266014576 0
1731853530443 0.00971317756921053 0
1731853550214 0.009719587862491608 0
1731853570102 0.009692849591374397 0
1731853589827 0.009755025617778301 0
1731853609689 0.00975111499428749 0
1731853629425 0.009741222485899925 0
1731853649320 0.0097343185916543 0
1731853669121 0.00978272594511509 0
1731853688968 0.009749478660523891 0
1731853708716 0.009771942161023617 0
1731853728603 0.009751268662512302 0
1731853748353 0.009772269986569881 0
1731853768300 0.009744884446263313 0
1731853788079 0.009728718549013138 0
1731853808392 0.009732634760439396 0
1731853828153 0.009724904783070087 0
1731853848092 0.009747345931828022 0
1731853867863 0.009751907549798489 0
1731853887744 0.009716642089188099 0
1731853907468 0.009734234772622585 0
1731853927342 0.009713128209114075 0
1731853947087 0.009768658317625523 0
1731853967003 0.00973350927233696 0
1731853986788 0.009721054695546627 0
1731854006703 0.00975456740707159 0
1731854026420 0.009707762859761715 0
1731854046340 0.00973436702042818 0
1731854066097 0.009733349084854126 0
1731854085969 0.009754001162946224 0
1731854106134 0.00975253339856863 0
1731854126046 0.009749704971909523 0
1731854145823 0.009738722816109657 0
1731854165677 0.009731099009513855 0
1731854185409 0.00970079842954874 0
1731854205290 0.009731057099997997 0
1731854225037 0.009777053259313107 0
1731854244906 0.00976489670574665 0
1731854264646 0.009746366180479527 0
1731854284576 0.009756520390510559 0
1731854304272 0.009741008281707764 0
1731854324160 0.00973929837346077 0
1731854343948 0.009721504524350166 0
1731854363811 0.009756692685186863 0
1731854383542 0.009785160422325134 0
