1731849858007 1.087958574295044 0
1731849885509 1.0452778339385986 0
1731849912531 0.9285717606544495 0
1731849939413 0.8287457823753357 0
1731849966035 0.83010333776474 0
1731849992597 0.8127559423446655 0
1731850018862 0.8954074382781982 0
1731850045147 0.8807060718536377 0
1731850071307 0.916098415851593 0
1731850097622 0.8603402376174927 0
1731850123852 0.8858565092086792 0
1731850150185 0.9023796916007996 0
1731850176469 0.869514524936676 0
1731850202863 0.9422494173049927 0
1731850228879 0.8679322600364685 0
1731850252001 0.9093426465988159 0
1731850275081 0.9309436082839966 0
1731850298168 0.9058446884155273 0
1731850321288 0.8754091858863831 0
1731850344462 0.9180947542190552 0
1731850367556 0.862125039100647 0
1731850390674 0.9609494209289551 0
1731850412686 0.8695508241653442 0
1731850434074 0.8955152034759521 0
1731850455652 0.8352380394935608 0
1731850477260 0.8418353199958801 0
1731850498777 0.8819614052772522 0
1731850520247 0.8826661109924316 0
1731850541853 0.8919824957847595 0
1731850563300 0.952737033367157 0
1731850583818 0.9160496592521667 0
1731850604375 0.8547069430351257 0
1731850624920 0.9328171610832214 0
1731850645466 0.8730356693267822 0
1731850665984 0.9304099082946777 0
1731850686471 0.8702651858329773 0
1731850706989 0.8981064558029175 0
1731850726982 0.9148072004318237 0
1731850746931 0.8917504549026489 0
1731850766779 0.8819144368171692 0
1731850786760 0.8920431137084961 0
1731850806574 0.9116244316101074 0
1731850826531 0.907325029373169 0
1731850846376 0.9145306944847107 0
1731850866739 0.8670697212219238 0
1731850886572 0.9164177179336548 0
1731850906529 0.8940936923027039 0
1731850926384 0.8921714425086975 0
1731850946338 0.8816487789154053 0
1731850966149 0.8826570510864258 0
1731850986152 0.8610883355140686 0
1731851005936 0.8765293955802917 0
1731851025938 0.892454981803894 0
1731851045765 0.8508964776992798 0
1731851065705 0.8634570837020874 0
1731851085498 0.9190711379051208 0
1731851105515 0.886817455291748 0
1731851125306 0.8465984463691711 0
1731851145290 0.8739570379257202 0
1731851165474 0.8618980050086975 0
1731851185440 0.8642962574958801 0
1731851205232 0.8721476197242737 0
1731851225218 0.8665266633033752 0
1731851245032 0.9230755567550659 0
1731851265048 0.9011538624763489 0
1731851284879 0.8332106471061707 0
1731851304824 0.8544651865959167 0
1731851324648 0.8393421769142151 0
1731851344634 0.8633144497871399 0
1731851364471 0.8506326675415039 0
1731851384415 0.8688075542449951 0
1731851404144 0.8384999632835388 0
1731851424097 0.904170572757721 0
1731851443932 0.8711399435997009 0
1731851464277 0.8557623028755188 0
1731851484056 0.8787195086479187 0
1731851504023 0.8909589052200317 0
1731851523869 0.9211593866348267 0
1731851543847 0.9078316688537598 0
1731851563637 0.7884413003921509 0
1731851583591 0.8599231243133545 0
1731851603374 0.8696936964988708 0
1731851623320 0.8882933259010315 0
1731851643146 0.8510778546333313 0
1731851663150 0.8745909929275513 0
1731851682951 0.8991833329200745 0
1731851702899 0.8661742210388184 0
1731851722681 0.9153918027877808 0
1731851742958 0.8918604254722595 0
1731851762697 0.8972156047821045 0
1731851782636 0.9043688774108887 0
1731851802441 0.9126672148704529 0
1731851822376 0.8801071643829346 0
1731851842163 0.8798001408576965 0
1731851862032 0.8867393732070923 0
1731851881811 0.8588438630104065 0
1731851901734 0.8832405209541321 0
1731851921552 0.8958885669708252 0
1731851941516 0.896675705909729 0
1731851961337 0.8893388509750366 0
1731851981316 0.910434365272522 0
1731852001121 0.9068261384963989 0
1731852021028 0.9027367830276489 0
1731852041115 0.8948452472686768 0
1731852061059 0.8952274918556213 0
1731852080840 0.8649344444274902 0
1731852100763 0.8704202771186829 0
1731852120522 0.8686421513557434 0
1731852140425 0.9046968221664429 0
1731852160212 0.9354008436203003 0
1731852180066 0.9130075573921204 0
1731852199824 0.8750032186508179 0
1731852219752 0.8541395664215088 0
1731852239522 0.873522162437439 0
1731852259419 0.8764359951019287 0
1731852279274 0.8707765340805054 0
1731852299151 0.9030207395553589 0
1731852318944 0.8775403499603271 0
1731852339180 0.9004213213920593 0
1731852358994 0.8673881888389587 0
1731852378916 0.849509596824646 0
1731852398681 0.8699976801872253 0
1731852418582 0.8586680889129639 0
1731852438340 0.8918646574020386 0
1731852458223 0.856480598449707 0
1731852477958 0.850665807723999 0
1731852497881 0.8557441234588623 0
1731852517648 0.8397918343544006 0
1731852537569 0.8712168335914612 0
1731852557348 0.8714758157730103 0
1731852577249 0.8611462712287903 0
1731852596994 0.8792283535003662 0
1731852616947 0.8470544815063477 0
1731852637096 0.8453355431556702 0
1731852656943 0.8582397103309631 0
1731852676725 0.8773497343063354 0
1731852696635 0.8740198612213135 0
1731852716330 0.8432506322860718 0
1731852736305 0.8547658920288086 0
1731852756055 0.8822586536407471 0
1731852775894 0.8597190380096436 0
1731852795656 0.8485217094421387 0
1731852815519 0.8433623313903809 0
1731852835283 0.85418701171875 0
1731852855157 0.8643061518669128 0
1731852874949 0.8557323813438416 0
1731852894843 0.8774884939193726 0
1731852914598 0.8577024340629578 0
1731852934841 0.850973904132843 0
1731852954618 0.854218065738678 0
1731852974530 0.8370304107666016 0
1731852994271 0.8514169454574585 0
1731853014184 0.8260603547096252 0
1731853033968 0.8541445136070251 0
1731853053890 0.8658216595649719 0
1731853073675 0.8726117014884949 0
1731853093584 0.8659886121749878 0
1731853113365 0.8567556142807007 0
1731853133245 0.8535103797912598 0
1731853153038 0.8694027662277222 0
1731853172916 0.8612657189369202 0
1731853192653 0.8651301264762878 0
1731853212861 0.8713557124137878 0
1731853232601 0.8540527820587158 0
1731853252511 0.8578625917434692 0
1731853272265 0.8895004987716675 0
1731853292180 0.8735756278038025 0
1731853311955 0.863254964351654 0
1731853331848 0.8684619069099426 0
1731853351622 0.882469117641449 0
1731853371502 0.8755857348442078 0
1731853391306 0.8817646503448486 0
1731853411183 0.8680161833763123 0
1731853430928 0.8619181513786316 0
1731853450833 0.8427771925926208 0
1731853470579 0.855063259601593 0
1731853490490 0.8484084010124207 0
1731853510525 0.8543217182159424 0
1731853530443 0.8511710166931152 0
1731853550214 0.8438965082168579 0
1731853570102 0.8391651511192322 0
1731853589827 0.8545277714729309 0
1731853609689 0.8502886295318604 0
1731853629425 0.8569764494895935 0
1731853649320 0.8539944887161255 0
1731853669121 0.8471579551696777 0
1731853688968 0.8505432605743408 0
1731853708716 0.8523503541946411 0
1731853728603 0.8439987301826477 0
1731853748353 0.8604026436805725 0
1731853768300 0.8592801690101624 0
1731853788079 0.8606451153755188 0
1731853808392 0.880281925201416 0
1731853828153 0.8666362166404724 0
1731853848092 0.8525741100311279 0
1731853867863 0.8573595881462097 0
1731853887744 0.8531472086906433 0
1731853907468 0.8637149333953857 0
1731853927342 0.8700215816497803 0
1731853947087 0.8584848642349243 0
1731853967003 0.8480069637298584 0
1731853986788 0.8595018982887268 0
1731854006703 0.8568964600563049 0
1731854026420 0.8552053570747375 0
1731854046340 0.8538649678230286 0
1731854066097 0.8538169264793396 0
1731854085969 0.8355340957641602 0
1731854106134 0.8622297644615173 0
1731854126046 0.8734379410743713 0
1731854145823 0.8639245629310608 0
1731854165677 0.8639200925827026 0
1731854185409 0.8617686629295349 0
1731854205290 0.864870548248291 0
1731854225037 0.8660702109336853 0
1731854244906 0.8646664023399353 0
1731854264646 0.8539717793464661 0
1731854284576 0.8592520952224731 0
1731854304272 0.8609779477119446 0
1731854324160 0.853256106376648 0
1731854343948 0.8553307056427002 0
1731854363811 0.8570330142974854 0
1731854383542 0.8636488914489746 0
