1731849858007 0.4695627689361572 0
1731849885509 0.42758965492248535 0
1731849912531 0.40797150135040283 0
1731849939413 0.38237476348876953 0
1731849966035 0.36044374108314514 0
1731849992597 0.3340127766132355 0
1731850018862 0.32556581497192383 0
1731850045147 0.30969497561454773 0
1731850071307 0.2977343797683716 0
1731850097622 0.28332167863845825 0
1731850123852 0.28331834077835083 0
1731850150185 0.2778928279876709 0
1731850176469 0.26559558510780334 0
1731850202863 0.26209110021591187 0
1731850228879 0.25809329748153687 0
1731850252001 0.2580084204673767 0
1731850275081 0.25307953357696533 0
1731850298168 0.2543294131755829 0
1731850321288 0.253519207239151 0
1731850344462 0.2497156709432602 0
1731850367556 0.24101799726486206 0
1731850390674 0.24862004816532135 0
1731850412686 0.24656660854816437 0
1731850434074 0.24526916444301605 0
1731850455652 0.23371849954128265 0
1731850477260 0.2407556176185608 0
1731850498777 0.2333824336528778 0
1731850520247 0.23618334531784058 0
1731850541853 0.23787271976470947 0
1731850563300 0.24057801067829132 0
1731850583818 0.23928800225257874 0
1731850604375 0.23345553874969482 0
1731850624920 0.23526187241077423 0
1731850645466 0.2344430536031723 0
1731850665984 0.23293723165988922 0
1731850686471 0.23040953278541565 0
1731850706989 0.23848991096019745 0
1731850726982 0.23738527297973633 0
1731850746931 0.23208630084991455 0
1731850766779 0.2336125671863556 0
1731850786760 0.2270766645669937 0
1731850806574 0.23177629709243774 0
1731850826531 0.23002387583255768 0
1731850846376 0.22920630872249603 0
1731850866739 0.23014603555202484 0
1731850886572 0.22128814458847046 0
1731850906529 0.2232958823442459 0
1731850926384 0.22139494121074677 0
1731850946338 0.22855204343795776 0
1731850966149 0.22382022440433502 0
1731850986152 0.2244649976491928 0
1731851005936 0.22263945639133453 0
1731851025938 0.2196844071149826 0
1731851045765 0.22240206599235535 0
1731851065705 0.22255723178386688 0
1731851085498 0.2199179232120514 0
1731851105515 0.21970033645629883 0
1731851125306 0.22201602160930634 0
1731851145290 0.22009706497192383 0
1731851165474 0.22486457228660583 0
1731851185440 0.22545549273490906 0
1731851205232 0.2192852646112442 0
1731851225218 0.2179255187511444 0
1731851245032 0.2251618206501007 0
1731851265048 0.21742579340934753 0
1731851284879 0.21518296003341675 0
1731851304824 0.2179727852344513 0
1731851324648 0.21790312230587006 0
1731851344634 0.2185428887605667 0
1731851364471 0.2154722660779953 0
1731851384415 0.2242012470960617 0
1731851404144 0.21543624997138977 0
1731851424097 0.2171252965927124 0
1731851443932 0.2160647213459015 0
1731851464277 0.21701985597610474 0
1731851484056 0.21271881461143494 0
1731851504023 0.21076546609401703 0
1731851523869 0.2182689756155014 0
1731851543847 0.21833209693431854 0
1731851563637 0.21568620204925537 0
1731851583591 0.21601428091526031 0
1731851603374 0.21373111009597778 0
1731851623320 0.21597471833229065 0
1731851643146 0.21387191116809845 0
1731851663150 0.21854491531848907 0
1731851682951 0.214386984705925 0
1731851702899 0.21310262382030487 0
1731851722681 0.21542960405349731 0
1731851742958 0.2151412069797516 0
1731851762697 0.21198047697544098 0
1731851782636 0.2164052277803421 0
1731851802441 0.21525020897388458 0
1731851822376 0.2140934318304062 0
1731851842163 0.20998834073543549 0
1731851862032 0.21207287907600403 0
1731851881811 0.21227742731571198 0
1731851901734 0.21035617589950562 0
1731851921552 0.21092729270458221 0
1731851941516 0.21256336569786072 0
1731851961337 0.21105332672595978 0
1731851981316 0.21088261902332306 0
1731852001121 0.21115276217460632 0
1731852021028 0.2070704996585846 0
1731852041115 0.21109063923358917 0
1731852061059 0.21514971554279327 0
1731852080840 0.20611624419689178 0
1731852100763 0.21171033382415771 0
1731852120522 0.2114192247390747 0
1731852140425 0.21179059147834778 0
1731852160212 0.21123190224170685 0
1731852180066 0.2114260047674179 0
1731852199824 0.20847344398498535 0
1731852219752 0.2110345959663391 0
1731852239522 0.20645460486412048 0
1731852259419 0.2090798169374466 0
1731852279274 0.21007193624973297 0
1731852299151 0.21260489523410797 0
1731852318944 0.20968393981456757 0
1731852339180 0.21136631071567535 0
1731852358994 0.20900104939937592 0
1731852378916 0.21052704751491547 0
1731852398681 0.21013520658016205 0
1731852418582 0.21379299461841583 0
1731852438340 0.20634086430072784 0
1731852458223 0.20736943185329437 0
1731852477958 0.20699071884155273 0
1731852497881 0.20546694099903107 0
1731852517648 0.20448704063892365 0
1731852537569 0.20826391875743866 0
1731852557348 0.20557835698127747 0
1731852577249 0.20722542703151703 0
1731852596994 0.20824764668941498 0
1731852616947 0.2082006335258484 0
1731852637096 0.205452561378479 0
1731852656943 0.21000666916370392 0
1731852676725 0.20549246668815613 0
1731852696635 0.20614412426948547 0
1731852716330 0.21163228154182434 0
1731852736305 0.2085692584514618 0
1731852756055 0.20826861262321472 0
1731852775894 0.20747098326683044 0
1731852795656 0.20533517003059387 0
1731852815519 0.2070462703704834 0
1731852835283 0.2048749029636383 0
1731852855157 0.2071980983018875 0
1731852874949 0.20346291363239288 0
1731852894843 0.2060335874557495 0
1731852914598 0.2055840939283371 0
1731852934841 0.204445943236351 0
1731852954618 0.2043759971857071 0
1731852974530 0.20679768919944763 0
1731852994271 0.20566663146018982 0
1731853014184 0.2071402221918106 0
1731853033968 0.2071790099143982 0
1731853053890 0.20462843775749207 0
1731853073675 0.2065865397453308 0
1731853093584 0.2092289924621582 0
1731853113365 0.20869553089141846 0
1731853133245 0.20306594669818878 0
1731853153038 0.2016451507806778 0
1731853172916 0.2046944946050644 0
1731853192653 0.2059222012758255 0
1731853212861 0.2066677361726761 0
1731853232601 0.20729613304138184 0
1731853252511 0.20601435005664825 0
1731853272265 0.20591682195663452 0
1731853292180 0.20562440156936646 0
1731853311955 0.20776718854904175 0
1731853331848 0.20653609931468964 0
1731853351622 0.20924757421016693 0
1731853371502 0.2083907425403595 0
1731853391306 0.20698222517967224 0
1731853411183 0.20688846707344055 0
1731853430928 0.20520757138729095 0
1731853450833 0.2059853971004486 0
1731853470579 0.2056991159915924 0
1731853490490 0.2022954672574997 0
1731853510525 0.2049059271812439 0
1731853530443 0.20537084341049194 0
1731853550214 0.20447492599487305 0
1731853570102 0.20508822798728943 0
1731853589827 0.2028805911540985 0
1731853609689 0.2076866775751114 0
1731853629425 0.20384818315505981 0
1731853649320 0.20832745730876923 0
1731853669121 0.20524545013904572 0
1731853688968 0.20442676544189453 0
1731853708716 0.2053280621767044 0
1731853728603 0.20538613200187683 0
1731853748353 0.2036057859659195 0
1731853768300 0.20366837084293365 0
1731853788079 0.20369777083396912 0
1731853808392 0.20569106936454773 0
1731853828153 0.20191095769405365 0
1731853848092 0.202877014875412 0
1731853867863 0.20504023134708405 0
1731853887744 0.20204517245292664 0
1731853907468 0.20238885283470154 0
1731853927342 0.20427222549915314 0
1731853947087 0.20213492214679718 0
1731853967003 0.20274949073791504 0
1731853986788 0.2043963223695755 0
1731854006703 0.20505115389823914 0
1731854026420 0.2033059149980545 0
1731854046340 0.2053726762533188 0
1731854066097 0.20483748614788055 0
1731854085969 0.20472796261310577 0
1731854106134 0.20291955769062042 0
1731854126046 0.20484401285648346 0
1731854145823 0.2031218707561493 0
1731854165677 0.20417159795761108 0
1731854185409 0.20373889803886414 0
1731854205290 0.20182636380195618 0
1731854225037 0.2035636156797409 0
1731854244906 0.2037608027458191 0
1731854264646 0.20273137092590332 0
1731854284576 0.20362119376659393 0
1731854304272 0.2047784924507141 0
1731854324160 0.2024378627538681 0
1731854343948 0.20268754661083221 0
1731854363811 0.20104874670505524 0
1731854383542 0.20336492359638214 0
