1731849858047 0.0027340289670974016 0
1731849885515 0.0002425980055704713 0
1731849912533 0.00021263377857394516 0
1731849939416 0.00027230381965637207 0
1731849966038 0.00018933010869659483 0
1731849992600 0.0003012357046827674 0
1731850018864 0.00026447715936228633 0
1731850045149 0.0002470039180479944 0
1731850071309 0.0003062977339141071 0
1731850097624 0.0002482291019987315 0
1731850123855 0.0002986616746056825 0
1731850150187 0.00024978345027193427 0
1731850176471 0.0003307288861833513 0
1731850202865 0.00031180394580587745 0
1731850228882 0.00022887146042194217 0
1731850252004 0.00029237635317258537 0
1731850275084 0.00030740193324163556 0
1731850298171 0.00036018594983033836 0
1731850321291 0.00033622555201873183 0
1731850344464 0.00036266364622861147 0
1731850367558 0.0002961797290481627 0
1731850390676 0.0003370721824467182 0
1731850412689 0.0003107006778009236 0
1731850434076 0.00037082613562233746 0
1731850455654 0.00029161572456359863 0
1731850477262 0.00035325417411513627 0
1731850498779 0.00034332589711993933 0
1731850520250 0.0003067233774345368 0
1731850541855 0.0003015266847796738 0
1731850563302 0.00039774374454282224 0
1731850583821 0.0003763976856134832 0
1731850604377 0.0003792357456404716 0
1731850624922 0.0003972682752646506 0
1731850645469 0.00038916623452678323 0
1731850665986 0.0003361790149938315 0
1731850686474 0.00041184393921867013 0
1731850706992 0.0003660545335151255 0
1731850726985 0.00039281067438423634 0
1731850746933 0.0003389210323803127 0
1731850766782 0.0003799788246396929 0
1731850786762 0.0004066126421093941 0
1731850806577 0.00044547353172674775 0
1731850826534 0.0003786188317462802 0
1731850846378 0.0003940383903682232 0
1731850866741 0.0003077745786868036 0
1731850886575 0.00040311392513103783 0
1731850906531 0.00037342251744121313 0
1731850926386 0.0003976435982622206 0
1731850946341 0.0004272664664313197 0
1731850966151 0.0003784653381444514 0
1731850986154 0.0004542329115793109 0
1731851005938 0.0003677486383821815 0
1731851025941 0.00036915054079145193 0
1731851045767 0.00037500413600355387 0
1731851065708 0.00037945309304632246 0
1731851085500 0.0004379690799396485 0
1731851105517 0.0003930446691811085 0
1731851125308 0.0003980104229412973 0
1731851145292 0.0004641998966690153 0
1731851165477 0.0003934774431400001 0
1731851185443 0.00038667433545924723 0
1731851205234 0.0004049665294587612 0
1731851225220 0.0003941941831726581 0
1731851245034 0.0004297539999242872 0
1731851265050 0.00040748825995251536 0
1731851284881 0.0004093247407581657 0
1731851304826 0.00036147370701655746 0
1731851324651 0.00039473071228712797 0
1731851344636 0.00040397769771516323 0
1731851364473 0.00038909330032765865 0
1731851384417 0.0004031991702504456 0
1731851404146 0.0004331788222771138 0
1731851424100 0.00038896125624887645 0
1731851443934 0.0004264746094122529 0
1731851464279 0.0003750337054952979 0
1731851484058 0.00035701601882465184 0
1731851504025 0.00039946165634319186 0
1731851523871 0.0004755810368806124 0
1731851543850 0.0003900777082890272 0
1731851563639 0.0004296600818634033 0
1731851583593 0.00038200936978682876 0
1731851603376 0.00042476662201806903 0
1731851623323 0.0003705904819071293 0
1731851643148 0.0004005419323220849 0
1731851663153 0.0003779570397455245 0
1731851682953 0.0003592194407247007 0
1731851702901 0.0004254997184034437 0
1731851722684 0.0004825787618756294 0
1731851742960 0.00039959308924153447 0
1731851762700 0.0003417611005716026 0
1731851782639 0.00037033401895314455 0
1731851802443 0.0003695878549478948 0
1731851822378 0.00039188656955957413 0
1731851842165 0.0003963603521697223 0
1731851862034 0.00039503141306340694 0
1731851881813 0.00035573862260207534 0
1731851901736 0.00042853390914388 0
1731851921554 0.00036074453964829445 0
1731851941519 0.00040046186768449843 0
1731851961339 0.0004252225044183433 0
1731851981318 0.00039100978756323457 0
1731852001124 0.0004239488625898957 0
1731852021030 0.0003321337280794978 0
1731852041117 0.00036706693936139345 0
1731852061062 0.00043366168392822146 0
1731852080842 0.000427683669840917 0
1731852100765 0.000409277476137504 0
1731852120525 0.00037234544288367033 0
1731852140427 0.0003954204439651221 0
1731852160215 0.0003942412731703371 0
1731852180069 0.0003722847031895071 0
1731852199826 0.0003809627960436046 0
1731852219755 0.0004015925223939121 0
1731852239524 0.0003742788394447416 0
1731852259422 0.00035830080742016435 0
1731852279276 0.00040776043897494674 0
1731852299153 0.0003659477224573493 0
1731852318946 0.00041411479469388723 0
1731852339183 0.00035802111960947514 0
1731852358996 0.000447929953224957 0
1731852378919 0.00041070173028856516 0
1731852398683 0.00042253194260410964 0
1731852418585 0.0004015944432467222 0
1731852438342 0.0003780161787290126 0
1731852458225 0.0003754795470740646 0
1731852477961 0.0003952609549742192 0
1731852497883 0.0004018868785351515 0
1731852517651 0.00043189426651224494 0
1731852537571 0.0005117675173096359 0
1731852557350 0.0004068372945766896 0
1731852577252 0.00045137404231354594 0
1731852596996 0.0003872756497003138 0
1731852616949 0.00038134166970849037 0
1731852637098 0.0004365256754681468 0
1731852656946 0.0004162310797255486 0
1731852676728 0.00036640907637774944 0
1731852696637 0.0004474145534913987 0
1731852716332 0.0004211881896480918 0
1731852736308 0.0004277006955817342 0
1731852756058 0.00039598546572960913 0
1731852775897 0.00041231498471461236 0
1731852795659 0.00040067738154903054 0
1731852815522 0.00039901427226141095 0
1731852835286 0.00041529457666911185 0
1731852855159 0.0004521471855696291 0
1731852874951 0.00039276224561035633 0
1731852894845 0.0004234076477587223 0
1731852914600 0.00038337690057232976 0
1731852934844 0.00046124571235850453 0
1731852954620 0.00041502894600853324 0
1731852974532 0.000390784814953804 0
1731852994273 0.0004329110961407423 0
1731853014186 0.00040300399996340275 0
1731853033971 0.0003829047200269997 0
1731853053893 0.0004112834867555648 0
1731853073677 0.0004421555495355278 0
1731853093586 0.00041611428605392575 0
1731853113367 0.00044748210348188877 0
1731853133247 0.00038671097718179226 0
1731853153040 0.00040198309579864144 0
1731853172918 0.0004460820637177676 0
1731853192656 0.0004193776985630393 0
1731853212863 0.0004056960460729897 0
1731853232603 0.0004401457845233381 0
1731853252513 0.0003850556386169046 0
1731853272267 0.00039285208913497627 0
1731853292182 0.00042401134851388633 0
1731853311958 0.0004106441920157522 0
1731853331850 0.00042167940409854054 0
1731853351624 0.0004034639277961105 0
1731853371504 0.0004196758090984076 0
1731853391308 0.00044525915291160345 0
1731853411186 0.000417944771470502 0
1731853430930 0.00042674606083892286 0
1731853450835 0.0003938036388717592 0
1731853470581 0.0004258702974766493 0
1731853490492 0.0003965663199778646 0
1731853510527 0.00040717259980738163 0
1731853530445 0.0003798826364800334 0
1731853550217 0.0003859935677610338 0
1731853570104 0.00043975477456115186 0
1731853589829 0.00043194706086069345 0
1731853609692 0.0004282821319065988 0
1731853629427 0.0004348688817117363 0
1731853649322 0.00043639971408993006 0
1731853669124 0.00041339476592838764 0
1731853688970 0.000436199305113405 0
1731853708718 0.00041190601768903434 0
1731853728606 0.0003695402992889285 0
1731853748355 0.00039884718717075884 0
1731853768302 0.00039194183773361146 0
1731853788081 0.00039424601709470153 0
1731853808395 0.0003855283430311829 0
1731853828155 0.00045468431198969483 0
1731853848094 0.00042812718311324716 0
1731853867866 0.0004276412364561111 0
1731853887746 0.0004106789128854871 0
1731853907470 0.00039927609032019973 0
1731853927348 0.0004085502296220511 0
1731853947089 0.00041685672476887703 0
1731853967005 0.00040934886783361435 0
1731853986790 0.0004387971421238035 0
1731854006705 0.00040007656207308173 0
1731854026423 0.00041101864189840853 0
1731854046342 0.00039681221824139357 0
1731854066099 0.0004327702336013317 0
1731854085971 0.00040090884431265295 0
1731854106136 0.00042439973913133144 0
1731854126048 0.00038234906969591975 0
1731854145825 0.0004226809833198786 0
1731854165679 0.00041472306475043297 0
1731854185411 0.00040428974898532033 0
1731854205292 0.0004146704450249672 0
1731854225039 0.000405934639275074 0
1731854244908 0.00039791478775441647 0
1731854264648 0.0004190224572084844 0
1731854284578 0.00038460991345345974 0
1731854304274 0.0004147237341385335 0
1731854324162 0.00041201256681233644 0
1731854343950 0.00038361010956577957 0
1731854363813 0.0003979228204116225 0
1731854383544 0.0004244635347276926 0
