1731849858007 20.42436408996582 0
1731849885509 22.362295150756836 0
1731849912531 22.368894577026367 0
1731849939413 22.445894241333008 0
1731849966035 23.650428771972656 0
1731849992597 23.484546661376953 0
1731850018862 23.293102264404297 0
1731850045147 24.200664520263672 0
1731850071307 24.085956573486328 0
1731850097622 23.963359832763672 0
1731850123852 23.763065338134766 0
1731850150185 23.913888931274414 0
1731850176469 24.62860679626465 0
1731850202863 24.510446548461914 0
1731850228879 24.712665557861328 0
1731850252001 24.69222640991211 0
1731850275081 24.193979263305664 0
1731850298168 24.974933624267578 0
1731850321288 24.312986373901367 0
1731850344462 24.24591064453125 0
1731850367556 24.507165908813477 0
1731850390674 24.61384391784668 0
1731850412686 24.544111251831055 0
1731850434074 25.051088333129883 0
1731850455652 25.099544525146484 0
1731850477260 24.438772201538086 0
1731850498777 25.09786033630371 0
1731850520247 24.817075729370117 0
1731850541853 24.9953670501709 0
1731850563300 24.863433837890625 0
1731850583818 25.071653366088867 0
1731850604375 25.34775733947754 0
1731850624920 25.432456970214844 0
1731850645466 25.05954360961914 0
1731850665984 24.510896682739258 0
1731850686471 25.414899826049805 0
1731850706989 25.458663940429688 0
1731850726982 25.406360626220703 0
1731850746931 26.41112518310547 0
1731850766779 25.789417266845703 0
1731850786760 25.481334686279297 0
1731850806574 25.606666564941406 0
1731850826531 25.369583129882812 0
1731850846376 25.844799041748047 0
1731850866739 25.480222702026367 0
1731850886572 25.262304306030273 0
1731850906529 25.989639282226562 0
1731850926384 25.249492645263672 0
1731850946338 25.39595603942871 0
1731850966149 25.45919418334961 0
1731850986152 26.64655113220215 0
1731851005936 26.15726661682129 0
1731851025938 25.492916107177734 0
1731851045765 26.1556339263916 0
1731851065705 26.10924530029297 0
1731851085498 26.559856414794922 0
1731851105515 25.92124366760254 0
1731851125306 26.474149703979492 0
1731851145290 26.428037643432617 0
1731851165474 26.22811508178711 0
1731851185440 26.196813583374023 0
1731851205232 26.131242752075195 0
1731851225218 26.546354293823242 0
1731851245032 25.79900360107422 0
1731851265048 26.826292037963867 0
1731851284879 25.956159591674805 0
1731851304824 26.998828887939453 0
1731851324648 27.115249633789062 0
1731851344634 26.734586715698242 0
1731851364471 26.46161460876465 0
1731851384415 26.724773406982422 0
1731851404144 26.58068084716797 0
1731851424097 27.190942764282227 0
1731851443932 26.898193359375 0
1731851464277 25.839094161987305 0
1731851484056 25.979347229003906 0
1731851504023 26.793285369873047 0
1731851523869 27.04167938232422 0
1731851543847 26.277456283569336 0
1731851563637 26.597400665283203 0
1731851583591 26.72144317626953 0
1731851603374 27.612163543701172 0
1731851623320 26.451744079589844 0
1731851643146 26.97446632385254 0
1731851663150 27.52910804748535 0
1731851682951 27.807344436645508 0
1731851702899 26.669727325439453 0
1731851722681 26.404319763183594 0
1731851742958 28.095794677734375 0
1731851762697 27.16385841369629 0
1731851782636 27.103252410888672 0
1731851802441 27.879289627075195 0
1731851822376 27.404586791992188 0
1731851842163 27.34122657775879 0
1731851862032 26.8192138671875 0
1731851881811 27.113582611083984 0
1731851901734 27.20595932006836 0
1731851921552 27.418485641479492 0
1731851941516 27.598154067993164 0
1731851961337 26.933269500732422 0
1731851981316 28.17972755432129 0
1731852001121 27.48965835571289 0
1731852021028 27.935340881347656 0
1731852041115 26.719928741455078 0
1731852061059 27.53765106201172 0
1731852080840 28.094833374023438 0
1731852100763 27.961084365844727 0
1731852120522 28.173255920410156 0
1731852140425 27.59832763671875 0
1731852160212 27.919143676757812 0
1731852180066 28.34128761291504 0
1731852199824 27.03357696533203 0
1731852219752 27.80242156982422 0
1731852239522 27.691349029541016 0
1731852259419 27.670612335205078 0
1731852279274 27.902267456054688 0
1731852299151 27.936918258666992 0
1731852318944 27.932703018188477 0
1731852339180 28.7154541015625 0
1731852358994 28.48231315612793 0
1731852378916 28.0864200592041 0
1731852398681 28.200416564941406 0
1731852418582 28.241233825683594 0
1731852438340 28.843948364257812 0
1731852458223 28.333702087402344 0
1731852477958 28.223262786865234 0
1731852497881 27.574506759643555 0
1731852517648 29.007972717285156 0
1731852537569 28.526456832885742 0
1731852557348 28.75107765197754 0
1731852577249 28.37217903137207 0
1731852596994 28.99324607849121 0
1731852616947 28.018869400024414 0
1731852637096 28.598785400390625 0
1731852656943 27.958065032958984 0
1731852676725 28.56572151184082 0
1731852696635 28.24599266052246 0
1731852716330 28.538450241088867 0
1731852736305 29.005048751831055 0
1731852756055 28.429410934448242 0
1731852775894 28.79497528076172 0
1731852795656 29.061674118041992 0
1731852815519 28.778905868530273 0
1731852835283 27.899553298950195 0
1731852855157 29.164649963378906 0
1731852874949 29.04331398010254 0
1731852894843 28.56545066833496 0
1731852914598 28.9144344329834 0
1731852934841 28.467313766479492 0
1731852954618 29.233867645263672 0
1731852974530 28.543445587158203 0
1731852994271 29.21933364868164 0
1731853014184 29.47157859802246 0
1731853033968 28.94509506225586 0
1731853053890 28.706750869750977 0
1731853073675 29.502962112426758 0
1731853093584 28.038087844848633 0
1731853113365 29.192054748535156 0
1731853133245 29.00798988342285 0
1731853153038 28.894662857055664 0
1731853172916 29.198244094848633 0
1731853192653 29.104442596435547 0
1731853212861 29.408044815063477 0
1731853232601 28.618030548095703 0
1731853252511 28.67444610595703 0
1731853272265 29.286035537719727 0
1731853292180 29.264490127563477 0
1731853311955 29.513626098632812 0
1731853331848 29.21697998046875 0
1731853351622 29.382604598999023 0
1731853371502 29.637279510498047 0
1731853391306 29.06429672241211 0
1731853411183 29.16069984436035 0
1731853430928 29.060062408447266 0
1731853450833 29.044139862060547 0
1731853470579 29.330062866210938 0
1731853490490 29.194515228271484 0
1731853510525 29.58627700805664 0
1731853530443 29.128114700317383 0
1731853550214 28.777976989746094 0
1731853570102 29.457326889038086 0
1731853589827 29.78187370300293 0
1731853609689 29.690168380737305 0
1731853629425 29.523794174194336 0
1731853649320 29.529640197753906 0
1731853669121 30.156410217285156 0
1731853688968 30.189830780029297 0
1731853708716 29.59144401550293 0
1731853728603 28.806140899658203 0
1731853748353 29.264728546142578 0
1731853768300 29.574411392211914 0
1731853788079 29.694427490234375 0
1731853808392 29.79007911682129 0
1731853828153 30.116971969604492 0
1731853848092 29.297168731689453 0
1731853867863 30.85342788696289 0
1731853887744 30.14682388305664 0
1731853907468 29.614213943481445 0
1731853927342 29.628646850585938 0
1731853947087 29.970094680786133 0
1731853967003 29.867528915405273 0
1731853986788 30.5445499420166 0
1731854006703 29.23447036743164 0
1731854026420 29.814311981201172 0
1731854046340 29.91022491455078 0
1731854066097 29.816801071166992 0
1731854085969 29.94218635559082 0
1731854106134 29.582542419433594 0
1731854126046 29.676122665405273 0
1731854145823 29.61083984375 0
1731854165677 30.182470321655273 0
1731854185409 29.92955207824707 0
1731854205290 29.991506576538086 0
1731854225037 29.809900283813477 0
1731854244906 29.879703521728516 0
1731854264646 29.65131950378418 0
1731854284576 30.602270126342773 0
1731854304272 29.840065002441406 0
1731854324160 29.77863311767578 0
1731854343948 29.478137969970703 0
1731854363811 30.061931610107422 0
1731854383542 30.035009384155273 0
