1731849858047 0.00906908605247736 0
1731849885515 0.005804575514048338 0
1731849912533 0.00579576101154089 0
1731849939416 0.005693908780813217 0
1731849966038 0.004314764402806759 0
1731849992600 0.004482756368815899 0
1731850018864 0.0046847849152982235 0
1731850045149 0.003801311831921339 0
1731850071309 0.0039030518382787704 0
1731850097624 0.0040147993713617325 0
1731850123855 0.004204297438263893 0
1731850150187 0.004060793202370405 0
1731850176471 0.0034446041099727154 0
1731850202865 0.0035396087914705276 0
1731850228882 0.003378573339432478 0
1731850252004 0.0033945112954825163 0
1731850275084 0.0038071665912866592 0
1731850298171 0.0031805802136659622 0
1731850321291 0.003704258007928729 0
1731850344464 0.003761913627386093 0
1731850367558 0.003542283084243536 0
1731850390676 0.003456331789493561 0
1731850412689 0.003512277267873287 0
1731850434076 0.003125294577330351 0
1731850455654 0.0030906186439096928 0
1731850477262 0.00359851005487144 0
1731850498779 0.0030918174888938665 0
1731850520250 0.003298315918073058 0
1731850541855 0.003165651811286807 0
1731850563302 0.003263295628130436 0
1731850583821 0.0031105324160307646 0
1731850604377 0.002918933518230915 0
1731850624922 0.0028625568374991417 0
1731850645469 0.003119216300547123 0
1731850665986 0.0035392416175454855 0
1731850686474 0.0028741532005369663 0
1731850706992 0.0028453355189412832 0
1731850726985 0.0028798102866858244 0
1731850746933 0.0022850059904158115 0
1731850766782 0.002636685036122799 0
1731850786762 0.002830520970746875 0
1731850806577 0.0027500044088810682 0
1731850826534 0.002904300345107913 0
1731850846378 0.002603275701403618 0
1731850866741 0.0028312464710325003 0
1731850886575 0.0029769360553473234 0
1731850906531 0.002517885994166136 0
1731850926386 0.002985730767250061 0
1731850946341 0.0028867179062217474 0
1731850966151 0.002844987902790308 0
1731850986154 0.0021644365042448044 0
1731851005938 0.0024225525557994843 0
1731851025941 0.0028229826129972935 0
1731851045767 0.002423462923616171 0
1731851065708 0.002449488267302513 0
1731851085500 0.0022080778144299984 0
1731851105517 0.00255785183981061 0
1731851125308 0.00225208536721766 0
1731851145292 0.0022761253640055656 0
1731851165477 0.0023833527229726315 0
1731851185443 0.002400592900812626 0
1731851205234 0.0024371128529310226 0
1731851225220 0.002214953536167741 0
1731851245034 0.0026308721862733364 0
1731851265050 0.0020766854286193848 0
1731851284881 0.0025373706594109535 0
1731851304826 0.001995799131691456 0
1731851324651 0.0019430089741945267 0
1731851344636 0.002121003344655037 0
1731851364473 0.002258595544844866 0
1731851384417 0.0021258005872368813 0
1731851404146 0.0021975147537887096 0
1731851424100 0.0019094385206699371 0
1731851443934 0.002042586449533701 0
1731851464279 0.002606696216389537 0
1731851484058 0.0025238594971597195 0
1731851504025 0.002092528622597456 0
1731851523871 0.0019762045703828335 0
1731851543850 0.0023564286530017853 0
1731851563639 0.002189070452004671 0
1731851583593 0.0021274308674037457 0
1731851603376 0.0017329398542642593 0
1731851623323 0.0022637348156422377 0
1731851643148 0.0020070273894816637 0
1731851663153 0.0017663994804024696 0
1731851682953 0.0016567823477089405 0
1731851702901 0.002152916043996811 0
1731851722684 0.0022885892540216446 0
1731851742960 0.0015503171598538756 0
1731851762700 0.0019213834311813116 0
1731851782639 0.0019483850337564945 0
1731851802443 0.0016295621171593666 0
1731851822378 0.001817779615521431 0
1731851842165 0.0018444943707436323 0
1731851862034 0.0020800726488232613 0
1731851881813 0.0019437556620687246 0
1731851901736 0.0019028473179787397 0
1731851921554 0.001811971771530807 0
1731851941519 0.0017385388491675258 0
1731851961339 0.002026155823841691 0
1731851981318 0.0015206427779048681 0
1731852001124 0.0017825185786932707 0
1731852021030 0.0016086660325527191 0
1731852041117 0.002128174062818289 0
1731852061062 0.001762928324751556 0
1731852080842 0.0015506597701460123 0
1731852100765 0.0015991585096344352 0
1731852120525 0.0015229105483740568 0
1731852140427 0.0017384698148816824 0
1731852160215 0.0016146765556186438 0
1731852180069 0.0014651126693934202 0
1731852199826 0.0019798949360847473 0
1731852219755 0.0016586616402491927 0
1731852239524 0.0017016291385516524 0
1731852259422 0.0017097735544666648 0
1731852279276 0.0016209639143198729 0
1731852299153 0.0016080818604677916 0
1731852318946 0.0016096432227641344 0
1731852339183 0.0013441706541925669 0
1731852358996 0.001418301835656166 0
1731852378919 0.001553666777908802 0
1731852398683 0.0015134153654798865 0
1731852418585 0.0014992586802691221 0
1731852438342 0.0013049835106357932 0
1731852458225 0.0014676738064736128 0
1731852477961 0.0015054752584546804 0
1731852497883 0.0017480317037552595 0
1731852517651 0.0012566160876303911 0
1731852537571 0.0014039588859304786 0
1731852557350 0.001333190011791885 0
1731852577252 0.001454728189855814 0
1731852596996 0.0012608843389898539 0
1731852616949 0.0015780217945575714 0
1731852637098 0.0013807700015604496 0
1731852656946 0.0016002708580344915 0
1731852676728 0.0013913223519921303 0
1731852696637 0.001497616060078144 0
1731852716332 0.001400086097419262 0
1731852736308 0.001257462427020073 0
1731852756058 0.0014356838073581457 0
1731852775897 0.0013197825755923986 0
1731852795659 0.001241173129528761 0
1731852815522 0.0013246748130768538 0
1731852835286 0.0016219764947891235 0
1731852855159 0.0012120897881686687 0
1731852874951 0.0012464318424463272 0
1731852894845 0.0013914089649915695 0
1731852914600 0.0012839745031669736 0
1731852934844 0.001423208392225206 0
1731852954620 0.0011929250322282314 0
1731852974532 0.00139847700484097 0
1731852994273 0.0011969235492870212 0
1731853014186 0.0011293847346678376 0
1731853033971 0.001274942304007709 0
1731853053893 0.0013468674151226878 0
1731853073677 0.0011212534736841917 0
1731853093586 0.0015710539883002639 0
1731853113367 0.0012044653994962573 0
1731853133247 0.0012566110817715526 0
1731853153040 0.0012898335698992014 0
1731853172918 0.0012027499033138156 0
1731853192656 0.0012290108716115355 0
1731853212863 0.0011460281675681472 0
1731853232603 0.0013746650656685233 0
1731853252513 0.001356923021376133 0
1731853272267 0.0011786812683567405 0
1731853292182 0.0011845434783026576 0
1731853311958 0.0011185031617060304 0
1731853331850 0.0011975725647062063 0
1731853351624 0.0011527615133672953 0
1731853371504 0.0010871062986552715 0
1731853391308 0.0012404242297634482 0
1731853411186 0.0012131932890042663 0
1731853430930 0.0012416340177878737 0
1731853450835 0.0012461947044357657 0
1731853470581 0.0011667924700304866 0
1731853490492 0.0012037837877869606 0
1731853510527 0.0010999479563906789 0
1731853530445 0.0012223300291225314 0
1731853550217 0.001324958517216146 0
1731853570104 0.001133096870034933 0
1731853589829 0.0010515078902244568 0
1731853609692 0.0010739474091678858 0
1731853629427 0.0011158873094245791 0
1731853649322 0.0011143864830955863 0
1731853669124 0.0009646257385611534 0
1731853688970 0.0009572312119416893 0
1731853708718 0.001098640146665275 0
1731853728606 0.001316394074819982 0
1731853748355 0.0011844786349684 0
1731853768302 0.0011029577581211925 0
1731853788081 0.0010728950146585703 0
1731853808395 0.001049523358233273 0
1731853828155 0.0009734254563227296 0
1731853848094 0.0011756637832149863 0
1731853867866 0.000821593392174691 0
1731853887746 0.0009667574195191264 0
1731853907470 0.0010928952833637595 0
1731853927348 0.0010892690625041723 0
1731853947089 0.0010069090640172362 0
1731853967005 0.0010309724602848291 0
1731853986790 0.0008821546798571944 0
1731854006705 0.0011927596060559154 0
1731854026423 0.0010436833836138248 0
1731854046342 0.001020886586047709 0
1731854066099 0.001043085241690278 0
1731854085971 0.0010134009644389153 0
1731854106136 0.0011008940637111664 0
1731854126048 0.0010774264810606837 0
1731854145825 0.001093744533136487 0
1731854165679 0.0009588547982275486 0
1731854185411 0.00101635348983109 0
1731854205292 0.0010019574547186494 0
1731854225039 0.0010447435779497027 0
1731854244908 0.0010280862916260958 0
1731854264648 0.0010835974244400859 0
1731854284578 0.0008705083164386451 0
1731854304274 0.0010375124402344227 0
1731854324162 0.0010522928787395358 0
1731854343950 0.0011276804143562913 0
1731854363813 0.0009858410339802504 0
1731854383544 0.0009919707663357258 0
