1731954688892 0.030522430315613747 0
1731954707854 0.04348384216427803 0
1731954726698 0.05245674028992653 0
1731954745522 0.05375989153981209 0
1731954764216 0.04988280311226845 0
1731954782990 0.04828329011797905 0
1731954801630 0.0447109118103981 0
1731954820337 0.04579097405076027 0
1731954838922 0.04844062030315399 0
1731954857644 0.051704082638025284 0
1731954876263 0.05489521846175194 0
1731954894955 0.05647169053554535 0
1731954913521 0.0551392138004303 0
1731954932177 0.05682472139596939 0
1731954950768 0.0535968542098999 0
1731954967495 0.055412761867046356 0
1731954984167 0.05376014858484268 0
1731955000878 0.05474255606532097 0
1731955017572 0.055098339915275574 0
1731955034251 0.053647249937057495 0
1731955050955 0.054169367998838425 0
1731955067651 0.053540412336587906 0
1731955083655 0.053175605833530426 0
1731955099302 0.05270560085773468 0
1731955115020 0.05329781770706177 0
1731955130767 0.053029436618089676 0
1731955146502 0.053798858076334 0
1731955162148 0.05449345335364342 0
1731955177862 0.05335548520088196 0
1731955193664 0.05389757081866264 0
1731955208798 0.05370723828673363 0
1731955223926 0.05279088765382767 0
1731955239047 0.053029876202344894 0
1731955254167 0.054069336503744125 0
1731955269328 0.0538502112030983 0
1731955284432 0.05249467492103577 0
1731955299559 0.05354442074894905 0
1731955314333 0.05271250754594803 0
1731955329123 0.052262451499700546 0
1731955343813 0.05353029444813728 0
1731955358608 0.05392030254006386 0
1731955373306 0.052574384957551956 0
1731955388079 0.052698418498039246 0
1731955402793 0.05135760456323624 0
1731955417981 0.05208641290664673 0
1731955432705 0.0529087595641613 0
1731955447471 0.05184048041701317 0
1731955462153 0.05331084504723549 0
1731955476921 0.05282070115208626 0
1731955491617 0.05372890084981918 0
1731955506370 0.052623450756073 0
1731955521046 0.05316529795527458 0
1731955535830 0.052280787378549576 0
1731955550515 0.05279593542218208 0
1731955565298 0.05280246585607529 0
1731955579987 0.053435493260622025 0
1731955594760 0.05362441763281822 0
1731955609445 0.0531807467341423 0
1731955624215 0.051897358149290085 0
1731955639240 0.05129392072558403 0
1731955654013 0.05310755968093872 0
1731955668692 0.05214773118495941 0
1731955683475 0.053513653576374054 0
1731955698155 0.05351856350898743 0
1731955712933 0.05276291072368622 0
1731955727607 0.05319662019610405 0
1731955742390 0.05253493785858154 0
1731955757086 0.0541548989713192 0
1731955771856 0.05199996009469032 0
1731955786542 0.05293678119778633 0
1731955801330 0.052314888685941696 0
1731955816006 0.05285609886050224 0
1731955830776 0.05437132343649864 0
1731955845438 0.05275247246026993 0
1731955860565 0.05249421298503876 0
1731955875258 0.05231497064232826 0
1731955890029 0.05264558270573616 0
1731955904717 0.052242476493120193 0
1731955919486 0.05262679234147072 0
1731955934173 0.052654996514320374 0
1731955948948 0.05317163094878197 0
1731955963632 0.052573610097169876 0
1731955978404 0.05263901501893997 0
1731955993106 0.05202234908938408 0
1731956007858 0.05253666639328003 0
1731956022544 0.052567485719919205 0
1731956037303 0.05253792926669121 0
1731956051986 0.05355235934257507 0
1731956067110 0.05234278738498688 0
1731956081782 0.05279345437884331 0
1731956096544 0.052348386496305466 0
1731956111262 0.05262305960059166 0
1731956126025 0.05212027579545975 0
1731956140711 0.05196329578757286 0
1731956155466 0.05276338383555412 0
1731956170169 0.053001318126916885 0
1731956184939 0.05257119610905647 0
1731956199599 0.05145655944943428 0
1731956214352 0.05223670229315758 0
1731956229043 0.05229513347148895 0
1731956243798 0.052704036235809326 0
1731956258451 0.05231168121099472 0
1731956273203 0.052511490881443024 0
1731956288153 0.052414827048778534 0
1731956302884 0.052203353494405746 0
1731956317552 0.05231690779328346 0
1731956332278 0.05277786776423454 0
1731956346915 0.05300988256931305 0
1731956361639 0.052603207528591156 0
1731956376289 0.052554015070199966 0
1731956391034 0.05247855931520462 0
1731956405654 0.05241173878312111 0
1731956420394 0.05254272744059563 0
1731956435038 0.052830662578344345 0
1731956449782 0.052572645246982574 0
1731956464424 0.05261322110891342 0
1731956479170 0.05223960056900978 0
1731956493812 0.05181816592812538 0
1731956508904 0.05242732912302017 0
1731956523544 0.05214766040444374 0
1731956538266 0.05279717966914177 0
1731956552904 0.05245009809732437 0
1731956567633 0.05235271155834198 0
1731956582270 0.05294311046600342 0
1731956596975 0.05274151638150215 0
1731956611616 0.052736613899469376 0
1731956626332 0.05189095437526703 0
1731956640966 0.052700866013765335 0
1731956655655 0.052485786378383636 0
1731956670297 0.05224938318133354 0
1731956685000 0.05242011696100235 0
1731956699632 0.05238930881023407 0
1731956714365 0.051886510103940964 0
1731956729349 0.052620723843574524 0
1731956744072 0.051742441952228546 0
1731956758701 0.05186976492404938 0
1731956773418 0.052048344165086746 0
1731956788018 0.05252930521965027 0
1731956802741 0.052419450134038925 0
1731956817347 0.05249344930052757 0
1731956832074 0.0524439662694931 0
1731956846687 0.05248623341321945 0
1731956861398 0.05195574834942818 0
1731956876024 0.05297010764479637 0
1731956890728 0.0526188388466835 0
1731956905344 0.0523843951523304 0
1731956920065 0.05186840891838074 0
1731956934690 0.052161332219839096 0
1731956949730 0.05257489159703255 0
1731956964337 0.052202191203832626 0
1731956979042 0.05264468118548393 0
1731956993671 0.05232694745063782 0
1731957008371 0.05197739228606224 0
1731957023006 0.05259312689304352 0
1731957037713 0.05285029113292694 0
1731957052349 0.05230448767542839 0
1731957067065 0.05231160670518875 0
1731957081676 0.05212012305855751 0
1731957096390 0.05229697376489639 0
1731957111013 0.05245572701096535 0
1731957125737 0.05262970179319382 0
1731957140366 0.05245298519730568 0
1731957155649 0.05201249569654465 0
1731957170240 0.052389632910490036 0
1731957184954 0.05244463309645653 0
1731957199583 0.052250877022743225 0
1731957214284 0.052333734929561615 0
1731957228904 0.052514489740133286 0
1731957243625 0.052491869777441025 0
1731957258244 0.05249703302979469 0
1731957272937 0.05230439081788063 0
1731957287564 0.052492156624794006 0
1731957302258 0.05235350877046585 0
1731957316864 0.05258018150925636 0
1731957331566 0.052763283252716064 0
1731957346182 0.05233566835522652 0
1731957360877 0.05236183479428291 0
1731957375809 0.05236533284187317 0
1731957390516 0.05210879445075989 0
1731957405126 0.052302490919828415 0
1731957419812 0.05224458873271942 0
1731957434445 0.0525815449655056 0
1731957449121 0.05252032354474068 0
1731957463736 0.05254466459155083 0
1731957478424 0.05250086262822151 0
1731957493040 0.052051808685064316 0
1731957507743 0.0523977167904377 0
1731957522348 0.05212250351905823 0
1731957537031 0.05218899995088577 0
1731957551647 0.0524236336350441 0
1731957566344 0.05221763253211975 0
1731957580953 0.052347332239151 0
1731957595992 0.05176630616188049 0
1731957610603 0.05235372483730316 0
1731957625279 0.05253457650542259 0
1731957639862 0.05246349424123764 0
1731957654553 0.0523536391556263 0
1731957669166 0.05244143307209015 0
1731957683849 0.05229717865586281 0
1731957698464 0.05206688866019249 0
1731957713148 0.052309416234493256 0
1731957727787 0.052347976714372635 0
1731957742465 0.052428409457206726 0
1731957757060 0.05215892568230629 0
1731957771759 0.05210784077644348 0
1731957786373 0.052020907402038574 0
1731957801063 0.05232974886894226 0
1731957815974 0.05231505632400513 0
1731957830684 0.05198575556278229 0
1731957845296 0.052789777517318726 0
1731957859980 0.052580807358026505 0
1731957874601 0.05206487700343132 0
1731957889271 0.05236875265836716 0
1731957903877 0.05213000252842903 0
1731957918569 0.05221351981163025 0
1731957933179 0.05223310738801956 0
1731957947879 0.0521925613284111 0
1731957962501 0.05217556282877922 0
1731957977197 0.052408698946237564 0
1731957991811 0.052520979195833206 0
1731958006505 0.05253516137599945 0
1731958021099 0.05228110030293465 0
