1731954688892 0.015104732476174831 0
1731954707854 0.01844167709350586 0
1731954726698 0.01979626901447773 0
1731954745522 0.02069937437772751 0
1731954764216 0.020765939727425575 0
1731954782990 0.02053503319621086 0
1731954801630 0.02055816724896431 0
1731954820337 0.020805424079298973 0
1731954838922 0.020727183669805527 0
1731954857644 0.020609410479664803 0
1731954876263 0.02047615498304367 0
1731954894955 0.020503968000411987 0
1731954913521 0.020370356738567352 0
1731954932177 0.020317349582910538 0
1731954950768 0.020531943067908287 0
1731954967495 0.02023964375257492 0
1731954984167 0.020190859213471413 0
1731955000878 0.02006280981004238 0
1731955017572 0.019966503605246544 0
1731955034251 0.020112356171011925 0
1731955050955 0.02009735070168972 0
1731955067651 0.01994297467172146 0
1731955083655 0.0199185311794281 0
1731955099302 0.02000640518963337 0
1731955115020 0.019832497462630272 0
1731955130767 0.01992063969373703 0
1731955146502 0.019876638427376747 0
1731955162148 0.019878970459103584 0
1731955177862 0.01978706754744053 0
1731955193664 0.019761111587285995 0
1731955208798 0.019727367907762527 0
1731955223926 0.019633660092949867 0
1731955239047 0.01973535493016243 0
1731955254167 0.01957074925303459 0
1731955269328 0.01976143568754196 0
1731955284432 0.01989656873047352 0
1731955299559 0.019667519256472588 0
1731955314333 0.01968139223754406 0
1731955329123 0.019625511020421982 0
1731955343813 0.01968308724462986 0
1731955358608 0.019725756719708443 0
1731955373306 0.01965932361781597 0
1731955388079 0.019541267305612564 0
1731955402793 0.019511988386511803 0
1731955417981 0.019554883241653442 0
1731955432705 0.019607054069638252 0
1731955447471 0.01941627264022827 0
1731955462153 0.019477711990475655 0
1731955476921 0.019484154880046844 0
1731955491617 0.019520670175552368 0
1731955506370 0.019489819183945656 0
1731955521046 0.01952885463833809 0
1731955535830 0.01956118457019329 0
1731955550515 0.019516684114933014 0
1731955565298 0.019444433972239494 0
1731955579987 0.019396226853132248 0
1731955594760 0.019477803260087967 0
1731955609445 0.019461849704384804 0
1731955624215 0.019526749849319458 0
1731955639240 0.019462576135993004 0
1731955654013 0.019415995106101036 0
1731955668692 0.019462300464510918 0
1731955683475 0.01953565701842308 0
1731955698155 0.019384467974305153 0
1731955712933 0.01950053870677948 0
1731955727607 0.019436566159129143 0
1731955742390 0.019480859860777855 0
1731955757086 0.019384222105145454 0
1731955771856 0.01942451484501362 0
1731955786542 0.019325975328683853 0
1731955801330 0.01937974989414215 0
1731955816006 0.01940576359629631 0
1731955830776 0.019368719309568405 0
1731955845438 0.01941121183335781 0
1731955860565 0.019427167251706123 0
1731955875258 0.019421124830842018 0
1731955890029 0.019399112090468407 0
1731955904717 0.019315946847200394 0
1731955919486 0.01943613775074482 0
1731955934173 0.019406145438551903 0
1731955948948 0.019395802170038223 0
1731955963632 0.01939098909497261 0
1731955978404 0.019354170188307762 0
1731955993106 0.019388709217309952 0
1731956007858 0.01935388334095478 0
1731956022544 0.019398614764213562 0
1731956037303 0.019345683977007866 0
1731956051986 0.01950167305767536 0
1731956067110 0.019312188029289246 0
1731956081782 0.019327577203512192 0
1731956096544 0.019385194405913353 0
1731956111262 0.019381586462259293 0
1731956126025 0.019336223602294922 0
1731956140711 0.019281815737485886 0
1731956155466 0.019421866163611412 0
1731956170169 0.019367782399058342 0
1731956184939 0.019322048872709274 0
1731956199599 0.01936417631804943 0
1731956214352 0.01927194744348526 0
1731956229043 0.019303185865283012 0
1731956243798 0.019323915243148804 0
1731956258451 0.01933908835053444 0
1731956273203 0.019370200112462044 0
1731956288153 0.019342754036188126 0
1731956302884 0.019353797659277916 0
1731956317552 0.01936105452477932 0
1731956332278 0.019364137202501297 0
1731956346915 0.01936742104589939 0
1731956361639 0.019267914816737175 0
1731956376289 0.019344717264175415 0
1731956391034 0.019285079091787338 0
1731956405654 0.019318213686347008 0
1731956420394 0.019324369728565216 0
1731956435038 0.019333181902766228 0
1731956449782 0.01931655779480934 0
1731956464424 0.019405018538236618 0
1731956479170 0.01930849440395832 0
1731956493812 0.01932651177048683 0
1731956508904 0.019260166212916374 0
1731956523544 0.019295385107398033 0
1731956538266 0.01929308846592903 0
1731956552904 0.019256459549069405 0
1731956567633 0.0193290077149868 0
1731956582270 0.01938176341354847 0
1731956596975 0.019328657537698746 0
1731956611616 0.019293276593089104 0
1731956626332 0.019322622567415237 0
1731956640966 0.0194055438041687 0
1731956655655 0.019364017993211746 0
1731956670297 0.019270526245236397 0
1731956685000 0.01935456320643425 0
1731956699632 0.019304770976305008 0
1731956714365 0.019370216876268387 0
1731956729349 0.01929469034075737 0
1731956744072 0.019279716536402702 0
1731956758701 0.019299965351819992 0
1731956773418 0.019288314506411552 0
1731956788018 0.019330864772200584 0
1731956802741 0.019336478784680367 0
1731956817347 0.01931321807205677 0
1731956832074 0.019286448135972023 0
1731956846687 0.019315356388688087 0
1731956861398 0.019276801496744156 0
1731956876024 0.019311068579554558 0
1731956890728 0.019325949251651764 0
1731956905344 0.019296878948807716 0
1731956920065 0.019346699118614197 0
1731956934690 0.019306126981973648 0
1731956949730 0.019312726333737373 0
1731956964337 0.019326772540807724 0
1731956979042 0.01927095651626587 0
1731956993671 0.01926783099770546 0
1731957008371 0.01933366060256958 0
1731957023006 0.019339218735694885 0
1731957037713 0.019264046102762222 0
1731957052349 0.019336411729454994 0
1731957067065 0.0193245317786932 0
1731957081676 0.0193596463650465 0
1731957096390 0.019308364018797874 0
1731957111013 0.019285263493657112 0
1731957125737 0.019298464059829712 0
1731957140366 0.0192961934953928 0
1731957155649 0.019292233511805534 0
1731957170240 0.019319111481308937 0
1731957184954 0.019254246726632118 0
1731957199583 0.019325697794556618 0
1731957214284 0.019288085401058197 0
1731957228904 0.01931161992251873 0
1731957243625 0.01929130218923092 0
1731957258244 0.019275706261396408 0
1731957272937 0.01927913911640644 0
1731957287564 0.019322900101542473 0
1731957302258 0.019262071698904037 0
1731957316864 0.019316555932164192 0
1731957331566 0.019347133114933968 0
1731957346182 0.019291095435619354 0
1731957360877 0.01930329203605652 0
1731957375809 0.019298162311315536 0
1731957390516 0.019295701757073402 0
1731957405126 0.019291169941425323 0
1731957419812 0.019301481544971466 0
1731957434445 0.019299721345305443 0
1731957449121 0.019292034208774567 0
1731957463736 0.01933359168469906 0
1731957478424 0.019313300028443336 0
1731957493040 0.01929640583693981 0
1731957507743 0.01928742416203022 0
1731957522348 0.01929297111928463 0
1731957537031 0.01931520737707615 0
1731957551647 0.019299564883112907 0
1731957566344 0.01924792490899563 0
1731957580953 0.01925407163798809 0
1731957595992 0.01922581158578396 0
1731957610603 0.019291313365101814 0
1731957625279 0.019247019663453102 0
1731957639862 0.01930992119014263 0
1731957654553 0.019290536642074585 0
1731957669166 0.019309524446725845 0
1731957683849 0.019305076450109482 0
1731957698464 0.019304336979985237 0
1731957713148 0.01931043341755867 0
1731957727787 0.01931278221309185 0
1731957742465 0.019311225041747093 0
1731957757060 0.01929333433508873 0
1731957771759 0.019312314689159393 0
1731957786373 0.019267860800027847 0
1731957801063 0.01929405890405178 0
1731957815974 0.019282886758446693 0
1731957830684 0.019307546317577362 0
1731957845296 0.01927335001528263 0
1731957859980 0.019292199984192848 0
1731957874601 0.019315548241138458 0
1731957889271 0.019272685050964355 0
1731957903877 0.01928608864545822 0
1731957918569 0.01926097273826599 0
1731957933179 0.01926104910671711 0
1731957947879 0.01925862766802311 0
1731957962501 0.019272444769740105 0
1731957977197 0.019283227622509003 0
1731957991811 0.01931808516383171 0
1731958006505 0.01929275505244732 0
1731958021099 0.01927432417869568 0
