1731954688892 0.7764933705329895 0
1731954707854 0.7933881878852844 0
1731954726698 0.8272665143013 0
1731954745522 0.8695465326309204 0
1731954764216 0.8812971711158752 0
1731954782990 0.8973199129104614 0
1731954801630 0.8952645659446716 0
1731954820337 0.8900167346000671 0
1731954838922 0.9041581749916077 0
1731954857644 0.8952232003211975 0
1731954876263 0.9072942137718201 0
1731954894955 0.9082174897193909 0
1731954913521 0.9080320596694946 0
1731954932177 0.9058849811553955 0
1731954950768 0.9085057377815247 0
1731954967495 0.900837779045105 0
1731954984167 0.9041767716407776 0
1731955000878 0.8964670896530151 0
1731955017572 0.8939898610115051 0
1731955034251 0.8967492580413818 0
1731955050955 0.8871118426322937 0
1731955067651 0.8848465085029602 0
1731955083655 0.8799993395805359 0
1731955099302 0.8773282766342163 0
1731955115020 0.8778811693191528 0
1731955130767 0.8920611143112183 0
1731955146502 0.8835218548774719 0
1731955162148 0.8780377507209778 0
1731955177862 0.8773089647293091 0
1731955193664 0.879358172416687 0
1731955208798 0.878864586353302 0
1731955223926 0.86909019947052 0
1731955239047 0.8699654936790466 0
1731955254167 0.8755480647087097 0
1731955269328 0.8686810731887817 0
1731955284432 0.8772876858711243 0
1731955299559 0.8732813596725464 0
1731955314333 0.872221052646637 0
1731955329123 0.8747681379318237 0
1731955343813 0.8610526323318481 0
1731955358608 0.8673743605613708 0
1731955373306 0.8705971837043762 0
1731955388079 0.8709715008735657 0
1731955402793 0.8709366917610168 0
1731955417981 0.8647463321685791 0
1731955432705 0.8704800605773926 0
1731955447471 0.8633577227592468 0
1731955462153 0.8707096576690674 0
1731955476921 0.8718191981315613 0
1731955491617 0.8669862747192383 0
1731955506370 0.8639444708824158 0
1731955521046 0.8625832796096802 0
1731955535830 0.8635797500610352 0
1731955550515 0.8633083701133728 0
1731955565298 0.8613756895065308 0
1731955579987 0.8663220405578613 0
1731955594760 0.857624888420105 0
1731955609445 0.8609643578529358 0
1731955624215 0.8654553294181824 0
1731955639240 0.8612684607505798 0
1731955654013 0.8656364679336548 0
1731955668692 0.861373782157898 0
1731955683475 0.8617975115776062 0
1731955698155 0.8588744401931763 0
1731955712933 0.8523387312889099 0
1731955727607 0.8616124391555786 0
1731955742390 0.8549076318740845 0
1731955757086 0.8578842878341675 0
1731955771856 0.8578877449035645 0
1731955786542 0.8654645085334778 0
1731955801330 0.8533881306648254 0
1731955816006 0.8590960502624512 0
1731955830776 0.8598671555519104 0
1731955845438 0.8563758730888367 0
1731955860565 0.8605303168296814 0
1731955875258 0.8577418923377991 0
1731955890029 0.8538634181022644 0
1731955904717 0.8638870120048523 0
1731955919486 0.8602603077888489 0
1731955934173 0.8633420467376709 0
1731955948948 0.8646713495254517 0
1731955963632 0.8594204783439636 0
1731955978404 0.8620581030845642 0
1731955993106 0.8671433329582214 0
1731956007858 0.8593013882637024 0
1731956022544 0.8578112721443176 0
1731956037303 0.8636549115180969 0
1731956051986 0.8554311394691467 0
1731956067110 0.8561843633651733 0
1731956081782 0.8627308011054993 0
1731956096544 0.8605110049247742 0
1731956111262 0.8565962314605713 0
1731956126025 0.8618717193603516 0
1731956140711 0.8622791171073914 0
1731956155466 0.8515674471855164 0
1731956170169 0.857086181640625 0
1731956184939 0.8581076264381409 0
1731956199599 0.8572866916656494 0
1731956214352 0.8577302098274231 0
1731956229043 0.8603577613830566 0
1731956243798 0.8513668775558472 0
1731956258451 0.8510009050369263 0
1731956273203 0.8535643219947815 0
1731956288153 0.8522350788116455 0
1731956302884 0.8533985614776611 0
1731956317552 0.854352593421936 0
1731956332278 0.8573880195617676 0
1731956346915 0.8585115671157837 0
1731956361639 0.8538903594017029 0
1731956376289 0.8501989245414734 0
1731956391034 0.8546192646026611 0
1731956405654 0.8585405349731445 0
1731956420394 0.8541675806045532 0
1731956435038 0.8513229489326477 0
1731956449782 0.8509793877601624 0
1731956464424 0.8523963093757629 0
1731956479170 0.8550779819488525 0
1731956493812 0.853038489818573 0
1731956508904 0.8532459735870361 0
1731956523544 0.8582020998001099 0
1731956538266 0.85490882396698 0
1731956552904 0.8573203682899475 0
1731956567633 0.8519015908241272 0
1731956582270 0.8542608618736267 0
1731956596975 0.8570810556411743 0
1731956611616 0.8532501459121704 0
1731956626332 0.8544018268585205 0
1731956640966 0.8537000417709351 0
1731956655655 0.8491845726966858 0
1731956670297 0.8531428575515747 0
1731956685000 0.8585566282272339 0
1731956699632 0.854471743106842 0
1731956714365 0.8559312224388123 0
1731956729349 0.8499397039413452 0
1731956744072 0.8573320508003235 0
1731956758701 0.8557224869728088 0
1731956773418 0.8551284074783325 0
1731956788018 0.8517591953277588 0
1731956802741 0.8549227118492126 0
1731956817347 0.854542076587677 0
1731956832074 0.8536954522132874 0
1731956846687 0.8571639060974121 0
1731956861398 0.8546096682548523 0
1731956876024 0.8507233262062073 0
1731956890728 0.8518854975700378 0
1731956905344 0.8532140851020813 0
1731956920065 0.8531195521354675 0
1731956934690 0.8533417582511902 0
1731956949730 0.8518316149711609 0
1731956964337 0.8539100289344788 0
1731956979042 0.8527593612670898 0
1731956993671 0.8553640842437744 0
1731957008371 0.8526445627212524 0
1731957023006 0.8516806960105896 0
1731957037713 0.8519511818885803 0
1731957052349 0.8489408493041992 0
1731957067065 0.8511349558830261 0
1731957081676 0.8531086444854736 0
1731957096390 0.8541581034660339 0
1731957111013 0.8513904809951782 0
1731957125737 0.8524417281150818 0
1731957140366 0.8526335954666138 0
1731957155649 0.8542613387107849 0
1731957170240 0.8520348072052002 0
1731957184954 0.8511577248573303 0
1731957199583 0.8513641953468323 0
1731957214284 0.8532419800758362 0
1731957228904 0.8516602516174316 0
1731957243625 0.8550272583961487 0
1731957258244 0.853643000125885 0
1731957272937 0.8524762392044067 0
1731957287564 0.8543133735656738 0
1731957302258 0.8548707962036133 0
1731957316864 0.8512895703315735 0
1731957331566 0.8510816097259521 0
1731957346182 0.8542389273643494 0
1731957360877 0.8549285531044006 0
1731957375809 0.8502623438835144 0
1731957390516 0.8535088896751404 0
1731957405126 0.8528198003768921 0
1731957419812 0.852537989616394 0
1731957434445 0.8526855111122131 0
1731957449121 0.8549599647521973 0
1731957463736 0.8520373106002808 0
1731957478424 0.8518296480178833 0
1731957493040 0.8548890352249146 0
1731957507743 0.8506788015365601 0
1731957522348 0.8526824116706848 0
1731957537031 0.8511143326759338 0
1731957551647 0.8535060286521912 0
1731957566344 0.8551305532455444 0
1731957580953 0.8548033833503723 0
1731957595992 0.8547775745391846 0
1731957610603 0.8532909750938416 0
1731957625279 0.8530151844024658 0
1731957639862 0.8523815274238586 0
1731957654553 0.8517755270004272 0
1731957669166 0.8503563404083252 0
1731957683849 0.853047251701355 0
1731957698464 0.8528014421463013 0
1731957713148 0.8508038520812988 0
1731957727787 0.8511800169944763 0
1731957742465 0.8511834144592285 0
1731957757060 0.8519157767295837 0
1731957771759 0.8526040315628052 0
1731957786373 0.8515500426292419 0
1731957801063 0.8527082800865173 0
1731957815974 0.8533740043640137 0
1731957830684 0.8534165620803833 0
1731957845296 0.8534115552902222 0
1731957859980 0.8549564480781555 0
1731957874601 0.8547623753547668 0
1731957889271 0.8528518676757812 0
1731957903877 0.8523399233818054 0
1731957918569 0.8528931736946106 0
1731957933179 0.8531404137611389 0
1731957947879 0.8512536287307739 0
1731957962501 0.8533228039741516 0
1731957977197 0.8523469567298889 0
1731957991811 0.8531221151351929 0
1731958006505 0.8515458703041077 0
1731958021099 0.8529518842697144 0
