1731954688892 0.174447700381279 0
1731954707854 0.11137692630290985 0
1731954726698 0.08698497712612152 0
1731954745522 0.08395709097385406 0
1731954764216 0.08115413784980774 0
1731954782990 0.07466760277748108 0
1731954801630 0.07047907263040543 0
1731954820337 0.06735412776470184 0
1731954838922 0.06573459506034851 0
1731954857644 0.06342405825853348 0
1731954876263 0.061043836176395416 0
1731954894955 0.05896732956171036 0
1731954913521 0.056772083044052124 0
1731954932177 0.054808251559734344 0
1731954950768 0.05512628331780434 0
1731954967495 0.053197115659713745 0
1731954984167 0.052033431828022 0
1731955000878 0.049975182861089706 0
1731955017572 0.049095168709754944 0
1731955034251 0.05111763998866081 0
1731955050955 0.04771578684449196 0
1731955067651 0.04736604541540146 0
1731955083655 0.045951325446367264 0
1731955099302 0.04441522806882858 0
1731955115020 0.04721572995185852 0
1731955130767 0.043870363384485245 0
1731955146502 0.04261844977736473 0
1731955162148 0.04186435043811798 0
1731955177862 0.03962898999452591 0
1731955193664 0.04121004417538643 0
1731955208798 0.04148497432470322 0
1731955223926 0.04129265993833542 0
1731955239047 0.039470747113227844 0
1731955254167 0.040661200881004333 0
1731955269328 0.03912479430437088 0
1731955284432 0.039888717234134674 0
1731955299559 0.03934190422296524 0
1731955314333 0.03807611018419266 0
1731955329123 0.03709305077791214 0
1731955343813 0.03678419440984726 0
1731955358608 0.039028823375701904 0
1731955373306 0.03551807999610901 0
1731955388079 0.03719513863325119 0
1731955402793 0.034138694405555725 0
1731955417981 0.03632325306534767 0
1731955432705 0.03545309603214264 0
1731955447471 0.0347246378660202 0
1731955462153 0.035513587296009064 0
1731955476921 0.034996919333934784 0
1731955491617 0.03433724865317345 0
1731955506370 0.03420623391866684 0
1731955521046 0.034852635115385056 0
1731955535830 0.033612098544836044 0
1731955550515 0.034718047827482224 0
1731955565298 0.034300003200769424 0
1731955579987 0.03131192922592163 0
1731955594760 0.03213067352771759 0
1731955609445 0.03239539638161659 0
1731955624215 0.031865522265434265 0
1731955639240 0.032530222088098526 0
1731955654013 0.031480856239795685 0
1731955668692 0.03197634592652321 0
1731955683475 0.030445825308561325 0
1731955698155 0.030061619356274605 0
1731955712933 0.03127925097942352 0
1731955727607 0.0317360982298851 0
1731955742390 0.030435841530561447 0
1731955757086 0.03121778927743435 0
1731955771856 0.031105246394872665 0
1731955786542 0.03002932295203209 0
1731955801330 0.03114819899201393 0
1731955816006 0.029084715992212296 0
1731955830776 0.030445171520113945 0
1731955845438 0.029193215072155 0
1731955860565 0.02930384688079357 0
1731955875258 0.029608748853206635 0
1731955890029 0.029045002534985542 0
1731955904717 0.027842815965414047 0
1731955919486 0.027999475598335266 0
1731955934173 0.028986532241106033 0
1731955948948 0.029955485835671425 0
1731955963632 0.029704313725233078 0
1731955978404 0.028911594301462173 0
1731955993106 0.027978135272860527 0
1731956007858 0.028132744133472443 0
1731956022544 0.029202312231063843 0
1731956037303 0.027991922572255135 0
1731956051986 0.027564745396375656 0
1731956067110 0.028867442160844803 0
1731956081782 0.027816547080874443 0
1731956096544 0.02917688712477684 0
1731956111262 0.02722785249352455 0
1731956126025 0.02645355463027954 0
1731956140711 0.027137402445077896 0
1731956155466 0.027058538049459457 0
1731956170169 0.026046954095363617 0
1731956184939 0.026910416781902313 0
1731956199599 0.028251707553863525 0
1731956214352 0.025650084018707275 0
1731956229043 0.026487525552511215 0
1731956243798 0.02718646079301834 0
1731956258451 0.02709716558456421 0
1731956273203 0.0257004052400589 0
1731956288153 0.0258951336145401 0
1731956302884 0.02647988498210907 0
1731956317552 0.026903141289949417 0
1731956332278 0.02423243597149849 0
1731956346915 0.025644943118095398 0
1731956361639 0.02627420984208584 0
1731956376289 0.02568557858467102 0
1731956391034 0.02564072608947754 0
1731956405654 0.025681760162115097 0
1731956420394 0.024989422410726547 0
1731956435038 0.024272266775369644 0
1731956449782 0.02577235735952854 0
1731956464424 0.026201281696558 0
1731956479170 0.023686230182647705 0
1731956493812 0.025234896689653397 0
1731956508904 0.02614186704158783 0
1731956523544 0.02379767596721649 0
1731956538266 0.024793237447738647 0
1731956552904 0.024490192532539368 0
1731956567633 0.024476708844304085 0
1731956582270 0.023182950913906097 0
1731956596975 0.02440023608505726 0
1731956611616 0.02537074312567711 0
1731956626332 0.02457716315984726 0
1731956640966 0.02426627278327942 0
1731956655655 0.02382989227771759 0
1731956670297 0.02413390949368477 0
1731956685000 0.024054158478975296 0
1731956699632 0.023449726402759552 0
1731956714365 0.02518964745104313 0
1731956729349 0.022738976404070854 0
1731956744072 0.023767702281475067 0
1731956758701 0.023869987577199936 0
1731956773418 0.022613342851400375 0
1731956788018 0.021718252450227737 0
1731956802741 0.024149607867002487 0
1731956817347 0.024127401411533356 0
1731956832074 0.023671820759773254 0
1731956846687 0.02308153361082077 0
1731956861398 0.023618292063474655 0
1731956876024 0.023248514160513878 0
1731956890728 0.02371053397655487 0
1731956905344 0.021705063059926033 0
1731956920065 0.022408006712794304 0
1731956934690 0.02237556502223015 0
1731956949730 0.02331092208623886 0
1731956964337 0.02280581369996071 0
1731956979042 0.021810125559568405 0
1731956993671 0.023349527269601822 0
1731957008371 0.023019596934318542 0
1731957023006 0.02318096160888672 0
1731957037713 0.02231331169605255 0
1731957052349 0.021748583763837814 0
1731957067065 0.021371569484472275 0
1731957081676 0.02191908098757267 0
1731957096390 0.02218777686357498 0
1731957111013 0.021706923842430115 0
1731957125737 0.022453436627984047 0
1731957140366 0.02205604501068592 0
1731957155649 0.022240478545427322 0
1731957170240 0.022217165678739548 0
1731957184954 0.02120906114578247 0
1731957199583 0.022466648370027542 0
1731957214284 0.022139262408018112 0
1731957228904 0.022144362330436707 0
1731957243625 0.02127232402563095 0
1731957258244 0.022943243384361267 0
1731957272937 0.02149958722293377 0
1731957287564 0.022177519276738167 0
1731957302258 0.020490949973464012 0
1731957316864 0.021426841616630554 0
1731957331566 0.02158157154917717 0
1731957346182 0.02164551056921482 0
1731957360877 0.023066647350788116 0
1731957375809 0.02124940976500511 0
1731957390516 0.02198191173374653 0
1731957405126 0.021894533187150955 0
1731957419812 0.0206663366407156 0
1731957434445 0.02119380608201027 0
1731957449121 0.022097203880548477 0
1731957463736 0.020693929865956306 0
1731957478424 0.020931150764226913 0
1731957493040 0.0215908195823431 0
1731957507743 0.020886283367872238 0
1731957522348 0.021556297317147255 0
1731957537031 0.021445870399475098 0
1731957551647 0.020813917741179466 0
1731957566344 0.022173646837472916 0
1731957580953 0.02121610939502716 0
1731957595992 0.021128380671143532 0
1731957610603 0.02133345603942871 0
1731957625279 0.021027857437729836 0
1731957639862 0.0208384171128273 0
1731957654553 0.0206637941300869 0
1731957669166 0.021166304126381874 0
1731957683849 0.020991425961256027 0
1731957698464 0.02095862291753292 0
1731957713148 0.020085424184799194 0
1731957727787 0.020033344626426697 0
1731957742465 0.020700685679912567 0
1731957757060 0.02098935842514038 0
1731957771759 0.019822565838694572 0
1731957786373 0.02046648971736431 0
1731957801063 0.022390905767679214 0
1731957815974 0.020345669239759445 0
1731957830684 0.020488295704126358 0
1731957845296 0.019944507628679276 0
1731957859980 0.020768089219927788 0
1731957874601 0.02067536860704422 0
1731957889271 0.01963299699127674 0
1731957903877 0.020835567265748978 0
1731957918569 0.019928496330976486 0
1731957933179 0.020071886479854584 0
1731957947879 0.02007441595196724 0
1731957962501 0.02055150456726551 0
1731957977197 0.019739894196391106 0
1731957991811 0.02006528154015541 0
1731958006505 0.02080618590116501 0
1731958021099 0.020339827984571457 0
