1731879827403 0.026065027341246605 0
1731879887378 0.02896036207675934 0
1731879946868 0.031525950878858566 0
1731880004645 0.03210415691137314 0
1731880060224 0.03235720470547676 0
1731880115150 0.03293318673968315 0
1731880168927 0.033934082835912704 0
1731880223045 0.03379897400736809 0
1731880276470 0.033683378249406815 0
1731880330396 0.034362562000751495 0
1731880383813 0.03401191160082817 0
1731880437563 0.034758660942316055 0
1731880490904 0.03462321683764458 0
1731880544513 0.03480329364538193 0
1731880596427 0.03517523407936096 0
1731880640327 0.03492166846990585 0
1731880684202 0.03522927686572075 0
1731880728193 0.03505706787109375 0
1731880772106 0.03525445982813835 0
1731880815923 0.03563891351222992 0
1731880859852 0.03538662567734718 0
1731880903779 0.03573385626077652 0
1731880944339 0.035782672464847565 0
1731880983130 0.03578336164355278 0
1731881022382 0.035803113132715225 0
1731881061562 0.03603304550051689 0
1731881100879 0.03558658808469772 0
1731881139720 0.03556228429079056 0
1731881178985 0.03576066717505455 0
1731881217309 0.03584661707282066 0
1731881253665 0.03591975197196007 0
1731881289992 0.036164477467536926 0
1731881326293 0.03608333319425583 0
1731881362638 0.03659820184111595 0
1731881399024 0.03634038195014 0
1731881435433 0.03610618785023689 0
1731881471786 0.036389704793691635 0
1731881506432 0.03647227957844734 0
1731881541191 0.03623277693986893 0
1731881575436 0.036391641944646835 0
1731881610049 0.036425575613975525 0
1731881644365 0.03638429194688797 0
1731881679035 0.036598704755306244 0
1731881713324 0.036679480224847794 0
1731881748599 0.036402132362127304 0
1731881782877 0.036935679614543915 0
1731881817567 0.03669753298163414 0
1731881851780 0.03656231239438057 0
1731881886393 0.03685345873236656 0
1731881920637 0.036845918744802475 0
1731881955250 0.03675736114382744 0
1731881989460 0.0365874283015728 0
1731882024112 0.03681962564587593 0
1731882058320 0.036717165261507034 0
1731882093004 0.03667360916733742 0
1731882127303 0.03655153140425682 0
1731882162024 0.03660181909799576 0
1731882196281 0.03675249591469765 0
1731882231030 0.03637777268886566 0
1731882265688 0.03664686903357506 0
1731882300351 0.03670671209692955 0
1731882334640 0.03687621280550957 0
1731882369331 0.03681141883134842 0
1731882403729 0.03677898645401001 0
1731882438449 0.03688797354698181 0
1731882472674 0.03674104064702988 0
1731882507409 0.03671247884631157 0
1731882541815 0.036823976784944534 0
1731882576588 0.03661872446537018 0
1731882610939 0.036934178322553635 0
1731882645649 0.036884505301713943 0
1731882679980 0.0369659848511219 0
1731882714713 0.03725109249353409 0
1731882749024 0.03708368167281151 0
1731882784130 0.03725595399737358 0
1731882818468 0.03732502460479736 0
1731882853184 0.0374637097120285 0
1731882887406 0.03758205100893974 0
1731882922158 0.03766116499900818 0
1731882956431 0.037659887224435806 0
1731882991109 0.0376514308154583 0
1731883025310 0.03758377209305763 0
1731883059937 0.03745318576693535 0
1731883094262 0.03755946084856987 0
1731883128877 0.03767479211091995 0
1731883163118 0.03771118447184563 0
1731883197774 0.03768265247344971 0
1731883232085 0.03758993372321129 0
1731883267165 0.037649329751729965 0
1731883301506 0.03757617622613907 0
1731883336191 0.037564657628536224 0
1731883370471 0.0378006212413311 0
1731883405136 0.03758135437965393 0
1731883439473 0.037650104612112045 0
1731883474211 0.0376625619828701 0
1731883508522 0.037839580327272415 0
1731883543264 0.03779904171824455 0
1731883577653 0.037889547646045685 0
1731883612321 0.03785509616136551 0
1731883646639 0.03792758658528328 0
1731883681254 0.037981536239385605 0
1731883715505 0.03784194588661194 0
1731883750188 0.0378059558570385 0
1731883784903 0.03801731392741203 0
1731883819601 0.03794794902205467 0
1731883853828 0.03801250085234642 0
1731883888463 0.03802790865302086 0
1731883922794 0.037901896983385086 0
1731883957526 0.03793429955840111 0
1731883991714 0.03796963021159172 0
1731884026483 0.038004498928785324 0
1731884060713 0.03791357949376106 0
1731884095350 0.038045551627874374 0
1731884129562 0.03821910545229912 0
1731884164321 0.03804246708750725 0
1731884198641 0.03796113654971123 0
1731884233365 0.03801576420664787 0
1731884267636 0.03801266476511955 0
1731884302626 0.03803238272666931 0
1731884336934 0.037984516471624374 0
1731884371632 0.03816021606326103 0
1731884405859 0.038106244057416916 0
1731884440566 0.03801409527659416 0
1731884474852 0.03813052549958229 0
1731884509617 0.03820691630244255 0
1731884543995 0.03817221149802208 0
1731884578901 0.03823060542345047 0
1731884613230 0.03818156197667122 0
1731884647923 0.0382169634103775 0
1731884682286 0.038096893578767776 0
1731884716959 0.03833748772740364 0
1731884751269 0.03824565187096596 0
1731884785966 0.03822876140475273 0
1731884820557 0.03817484527826309 0
1731884855192 0.038153477013111115 0
1731884889458 0.03834807872772217 0
1731884924138 0.03840021416544914 0
1731884958375 0.038356732577085495 0
1731884993117 0.03834882378578186 0
1731885027369 0.03834420070052147 0
1731885062069 0.03818441182374954 0
1731885096344 0.03838571906089783 0
1731885131039 0.03832897171378136 0
1731885165374 0.03832520171999931 0
1731885200106 0.03838527947664261 0
1731885234408 0.03827736899256706 0
1731885269136 0.03842050954699516 0
1731885303366 0.03842482715845108 0
1731885338427 0.038491200655698776 0
1731885372698 0.0383010134100914 0
1731885407379 0.03841142728924751 0
1731885441723 0.03837526589632034 0
1731885476448 0.03838209807872772 0
1731885510730 0.03847191110253334 0
1731885545476 0.0385126955807209 0
1731885579694 0.038411904126405716 0
1731885614346 0.038368336856365204 0
1731885648634 0.038541316986083984 0
1731885683409 0.038427211344242096 0
1731885717755 0.03844865784049034 0
1731885752396 0.03854798898100853 0
1731885786668 0.03838847205042839 0
1731885821545 0.03853709623217583 0
1731885855780 0.03839821740984917 0
1731885890601 0.038401488214731216 0
1731885924948 0.03862586244940758 0
1731885959701 0.038605932146310806 0
1731885993908 0.03860935568809509 0
1731886028534 0.0385228767991066 0
1731886062785 0.038482554256916046 0
1731886097453 0.0385776162147522 0
1731886131665 0.03857945278286934 0
1731886166488 0.03857189044356346 0
1731886200850 0.03861977159976959 0
1731886235440 0.038618769496679306 0
1731886269682 0.03867582604289055 0
1731886304451 0.03865629807114601 0
1731886339009 0.03873275965452194 0
1731886373711 0.03876158222556114 0
1731886407994 0.03874903544783592 0
1731886442741 0.0387117937207222 0
1731886477086 0.03881832957267761 0
1731886511815 0.03876057639718056 0
1731886546141 0.03886708989739418 0
1731886580836 0.03892054408788681 0
1731886615108 0.03877850994467735 0
1731886649827 0.038786858320236206 0
1731886684186 0.03873119875788689 0
1731886718792 0.03883053734898567 0
1731886753085 0.038863468915224075 0
1731886787755 0.038901519030332565 0
1731886822141 0.03894343972206116 0
1731886857161 0.038975998759269714 0
1731886891528 0.03898758813738823 0
1731886926257 0.03901296854019165 0
1731886960540 0.038956042379140854 0
1731886995265 0.03894319012761116 0
1731887029629 0.03897673264145851 0
1731887064340 0.03902310132980347 0
1731887098559 0.03903069347143173 0
1731887133322 0.03906291350722313 0
1731887167543 0.038972049951553345 0
1731887202270 0.03910970687866211 0
1731887236479 0.03908469155430794 0
1731887271197 0.0389755479991436 0
1731887305446 0.03901921212673187 0
1731887340128 0.039020512253046036 0
1731887374730 0.03908612206578255 0
1731887409444 0.03904695808887482 0
1731887443675 0.039100855588912964 0
1731887478324 0.03909381851553917 0
1731887512620 0.03906421363353729 0
1731887547409 0.03910399228334427 0
1731887581679 0.03914866968989372 0
1731887616412 0.03918227180838585 0
1731887650681 0.039163704961538315 0
1731887685343 0.03916759416460991 0
1731887719612 0.039245009422302246 0
1731887754346 0.03926406055688858 0
1731887788623 0.039165135473012924 0
1731887823407 0.03919888287782669 0
1731887857735 0.03926141932606697 0
