1731879827403 0.5708224177360535 0
1731879887378 0.5949179530143738 0
1731879946868 0.6073071360588074 0
1731880004645 0.6174066066741943 0
1731880060224 0.5961843132972717 0
1731880115150 0.6038531064987183 0
1731880168927 0.6096957325935364 0
1731880223045 0.615043580532074 0
1731880276470 0.6071545481681824 0
1731880330396 0.6141086220741272 0
1731880383813 0.6283764839172363 0
1731880437563 0.619885265827179 0
1731880490904 0.6227802634239197 0
1731880544513 0.6102296113967896 0
1731880596427 0.6066500544548035 0
1731880640327 0.6245569586753845 0
1731880684202 0.6183059811592102 0
1731880728193 0.6175483465194702 0
1731880772106 0.6199032664299011 0
1731880815923 0.6227653622627258 0
1731880859852 0.6188921928405762 0
1731880903779 0.6147544384002686 0
1731880944339 0.6166905164718628 0
1731880983130 0.6244399547576904 0
1731881022382 0.6230895519256592 0
1731881061562 0.6200293898582458 0
1731881100879 0.6230505704879761 0
1731881139720 0.6298405528068542 0
1731881178985 0.6358222961425781 0
1731881217309 0.6255157589912415 0
1731881253665 0.6182110905647278 0
1731881289992 0.6188151836395264 0
1731881326293 0.6179379224777222 0
1731881362638 0.6130110025405884 0
1731881399024 0.624911367893219 0
1731881435433 0.6218474507331848 0
1731881471786 0.6208807826042175 0
1731881506432 0.6183134317398071 0
1731881541191 0.620839536190033 0
1731881575436 0.6237892508506775 0
1731881610049 0.6152823567390442 0
1731881644365 0.615601658821106 0
1731881679035 0.6223157644271851 0
1731881713324 0.6165937185287476 0
1731881748599 0.6136313676834106 0
1731881782877 0.6189711093902588 0
1731881817567 0.6267014145851135 0
1731881851780 0.6201340556144714 0
1731881886393 0.6175987720489502 0
1731881920637 0.6178702712059021 0
1731881955250 0.6186888813972473 0
1731881989460 0.6159368753433228 0
1731882024112 0.6150110363960266 0
1731882058320 0.6188158988952637 0
1731882093004 0.6167172193527222 0
1731882127303 0.6224629878997803 0
1731882162024 0.6189578771591187 0
1731882196281 0.6206610798835754 0
1731882231030 0.6196701526641846 0
1731882265688 0.6192235350608826 0
1731882300351 0.6158263087272644 0
1731882334640 0.6196272969245911 0
1731882369331 0.6163322925567627 0
1731882403729 0.6163520812988281 0
1731882438449 0.6229165196418762 0
1731882472674 0.6168683171272278 0
1731882507409 0.6142997741699219 0
1731882541815 0.6155197024345398 0
1731882576588 0.6244941353797913 0
1731882610939 0.6167532205581665 0
1731882645649 0.6174212694168091 0
1731882679980 0.6220981478691101 0
1731882714713 0.6198760271072388 0
1731882749024 0.6178795695304871 0
1731882784130 0.6119855046272278 0
1731882818468 0.618230402469635 0
1731882853184 0.614046573638916 0
1731882887406 0.6153703927993774 0
1731882922158 0.6146103739738464 0
1731882956431 0.6189660429954529 0
1731882991109 0.6189647316932678 0
1731883025310 0.6214057207107544 0
1731883059937 0.6168320178985596 0
1731883094262 0.6180712580680847 0
1731883128877 0.6164536476135254 0
1731883163118 0.6205514669418335 0
1731883197774 0.6159877777099609 0
1731883232085 0.6195877194404602 0
1731883267165 0.6195386052131653 0
1731883301506 0.619536817073822 0
1731883336191 0.6259892582893372 0
1731883370471 0.6192362904548645 0
1731883405136 0.6172543168067932 0
1731883439473 0.6175857186317444 0
1731883474211 0.6229553818702698 0
1731883508522 0.6201668381690979 0
1731883543264 0.6186619400978088 0
1731883577653 0.6240710616111755 0
1731883612321 0.6130424737930298 0
1731883646639 0.6148134469985962 0
1731883681254 0.6175445914268494 0
1731883715505 0.6263584494590759 0
1731883750188 0.6238387227058411 0
1731883784903 0.6227954626083374 0
1731883819601 0.6191461682319641 0
1731883853828 0.6141903400421143 0
1731883888463 0.6172555088996887 0
1731883922794 0.6175637245178223 0
1731883957526 0.619988203048706 0
1731883991714 0.6175363659858704 0
1731884026483 0.6209918856620789 0
1731884060713 0.6137726902961731 0
1731884095350 0.6222040057182312 0
1731884129562 0.6181496381759644 0
1731884164321 0.6164464950561523 0
1731884198641 0.6192474961280823 0
1731884233365 0.6163657903671265 0
1731884267636 0.6230300664901733 0
1731884302626 0.6198960542678833 0
1731884336934 0.6222409009933472 0
1731884371632 0.6151072978973389 0
1731884405859 0.620404064655304 0
1731884440566 0.617813229560852 0
1731884474852 0.6148327589035034 0
1731884509617 0.6139584183692932 0
1731884543995 0.6175029873847961 0
1731884578901 0.6138484477996826 0
1731884613230 0.6162043213844299 0
1731884647923 0.6173830032348633 0
1731884682286 0.6185539364814758 0
1731884716959 0.6162945032119751 0
1731884751269 0.6141684651374817 0
1731884785966 0.6177194714546204 0
1731884820557 0.6162685751914978 0
1731884855192 0.618825376033783 0
1731884889458 0.6175951957702637 0
1731884924138 0.6179564595222473 0
1731884958375 0.6204459071159363 0
1731884993117 0.6188918948173523 0
1731885027369 0.616208553314209 0
1731885062069 0.6156001091003418 0
1731885096344 0.6199164986610413 0
1731885131039 0.617928147315979 0
1731885165374 0.6148630976676941 0
1731885200106 0.6173768043518066 0
1731885234408 0.6166505813598633 0
1731885269136 0.6183121800422668 0
1731885303366 0.6190448999404907 0
1731885338427 0.6193745136260986 0
1731885372698 0.6153805255889893 0
1731885407379 0.6178538799285889 0
1731885441723 0.6173204779624939 0
1731885476448 0.6165239810943604 0
1731885510730 0.616862952709198 0
1731885545476 0.6137239933013916 0
1731885579694 0.613888680934906 0
1731885614346 0.6168152093887329 0
1731885648634 0.6181244254112244 0
1731885683409 0.6171004176139832 0
1731885717755 0.6167429685592651 0
1731885752396 0.6180586218833923 0
1731885786668 0.6169166564941406 0
1731885821545 0.6155781149864197 0
1731885855780 0.6142370104789734 0
1731885890601 0.6177732348442078 0
1731885924948 0.6153658628463745 0
1731885959701 0.6164201498031616 0
1731885993908 0.6161738038063049 0
1731886028534 0.6173257231712341 0
1731886062785 0.6168496608734131 0
1731886097453 0.6159309148788452 0
1731886131665 0.6172351837158203 0
1731886166488 0.616385817527771 0
1731886200850 0.6171692609786987 0
1731886235440 0.6179212331771851 0
1731886269682 0.6221973896026611 0
1731886304451 0.6158456206321716 0
1731886339009 0.6128770112991333 0
1731886373711 0.6189904808998108 0
1731886407994 0.617068350315094 0
1731886442741 0.615799605846405 0
1731886477086 0.6176272630691528 0
1731886511815 0.6178964376449585 0
1731886546141 0.615541398525238 0
1731886580836 0.6135231256484985 0
1731886615108 0.6216641664505005 0
1731886649827 0.6130884289741516 0
1731886684186 0.6169021129608154 0
1731886718792 0.6184106469154358 0
1731886753085 0.6209087371826172 0
1731886787755 0.615892231464386 0
1731886822141 0.6170017719268799 0
1731886857161 0.6163142919540405 0
1731886891528 0.6168275475502014 0
1731886926257 0.6160429120063782 0
1731886960540 0.616637110710144 0
1731886995265 0.6153956055641174 0
1731887029629 0.6174952387809753 0
1731887064340 0.6140660047531128 0
1731887098559 0.614371120929718 0
1731887133322 0.6191697120666504 0
1731887167543 0.6165704727172852 0
1731887202270 0.6152231097221375 0
1731887236479 0.6192431449890137 0
1731887271197 0.616996169090271 0
1731887305446 0.6149866580963135 0
1731887340128 0.6154124140739441 0
1731887374730 0.6174153089523315 0
1731887409444 0.6166006326675415 0
1731887443675 0.6182419061660767 0
1731887478324 0.6169018149375916 0
1731887512620 0.6175323724746704 0
1731887547409 0.6164248585700989 0
1731887581679 0.6181924939155579 0
1731887616412 0.6147347688674927 0
1731887650681 0.6150314807891846 0
1731887685343 0.6148741841316223 0
1731887719612 0.616798460483551 0
1731887754346 0.6173273324966431 0
1731887788623 0.6159095764160156 0
1731887823407 0.616200864315033 0
1731887857735 0.6157903671264648 0
