1731879827403 0.055729079991579056 0
1731879887378 0.06361034512519836 0
1731879946868 0.07035793364048004 0
1731880004645 0.07412299513816833 0
1731880060224 0.07499533146619797 0
1731880115150 0.07732933014631271 0
1731880168927 0.07736153900623322 0
1731880223045 0.07797909528017044 0
1731880276470 0.07633237540721893 0
1731880330396 0.07797979563474655 0
1731880383813 0.07702724635601044 0
1731880437563 0.07828940451145172 0
1731880490904 0.0777307003736496 0
1731880544513 0.07807542383670807 0
1731880596427 0.07808716595172882 0
1731880640327 0.0772339403629303 0
1731880684202 0.07792622596025467 0
1731880728193 0.07745286822319031 0
1731880772106 0.07771668583154678 0
1731880815923 0.07822024077177048 0
1731880859852 0.0775727778673172 0
1731880903779 0.07830747216939926 0
1731880944339 0.0780697613954544 0
1731880983130 0.07786840200424194 0
1731881022382 0.07809430360794067 0
1731881061562 0.07788459211587906 0
1731881100879 0.0766918957233429 0
1731881139720 0.07710917294025421 0
1731881178985 0.07747621834278107 0
1731881217309 0.07750722765922546 0
1731881253665 0.07731939852237701 0
1731881289992 0.07796092331409454 0
1731881326293 0.07872815430164337 0
1731881362638 0.07868105918169022 0
1731881399024 0.0777527317404747 0
1731881435433 0.0775815024971962 0
1731881471786 0.07830846309661865 0
1731881506432 0.07786590605974197 0
1731881541191 0.07775073498487473 0
1731881575436 0.07778133451938629 0
1731881610049 0.0778479129076004 0
1731881644365 0.07755652815103531 0
1731881679035 0.07772093266248703 0
1731881713324 0.07753732800483704 0
1731881748599 0.07720603048801422 0
1731881782877 0.0781751424074173 0
1731881817567 0.07772533595561981 0
1731881851780 0.07796765863895416 0
1731881886393 0.07879218459129333 0
1731881920637 0.07831192016601562 0
1731881955250 0.07829580456018448 0
1731881989460 0.07837305963039398 0
1731882024112 0.07890687882900238 0
1731882058320 0.07871899008750916 0
1731882093004 0.07844705879688263 0
1731882127303 0.07826492935419083 0
1731882162024 0.07900109142065048 0
1731882196281 0.07877050340175629 0
1731882231030 0.07791208475828171 0
1731882265688 0.07940482348203659 0
1731882300351 0.07923921197652817 0
1731882334640 0.0793721079826355 0
1731882369331 0.07999134063720703 0
1731882403729 0.07954486459493637 0
1731882438449 0.0795840173959732 0
1731882472674 0.07951395213603973 0
1731882507409 0.07976116240024567 0
1731882541815 0.07939334958791733 0
1731882576588 0.07908180356025696 0
1731882610939 0.0793905183672905 0
1731882645649 0.07967622578144073 0
1731882679980 0.07968094199895859 0
1731882714713 0.08060546964406967 0
1731882749024 0.07974918186664581 0
1731882784130 0.0803365632891655 0
1731882818468 0.08024470508098602 0
1731882853184 0.08018675446510315 0
1731882887406 0.08032649010419846 0
1731882922158 0.08039221167564392 0
1731882956431 0.08021117001771927 0
1731882991109 0.08016794174909592 0
1731883025310 0.08030260354280472 0
1731883059937 0.08006804436445236 0
1731883094262 0.07992636412382126 0
1731883128877 0.08018536120653152 0
1731883163118 0.08005546033382416 0
1731883197774 0.080225370824337 0
1731883232085 0.08005048334598541 0
1731883267165 0.08038999885320663 0
1731883301506 0.08041369915008545 0
1731883336191 0.07991402596235275 0
1731883370471 0.0809260904788971 0
1731883405136 0.08018509298563004 0
1731883439473 0.08049175143241882 0
1731883474211 0.08019574731588364 0
1731883508522 0.0803561881184578 0
1731883543264 0.08089417964220047 0
1731883577653 0.08067433536052704 0
1731883612321 0.08045601099729538 0
1731883646639 0.08065727353096008 0
1731883681254 0.08111187070608139 0
1731883715505 0.08099040389060974 0
1731883750188 0.08080824464559555 0
1731883784903 0.08108511567115784 0
1731883819601 0.08090776950120926 0
1731883853828 0.08115021139383316 0
1731883888463 0.08128456771373749 0
1731883922794 0.0809578001499176 0
1731883957526 0.08086179941892624 0
1731883991714 0.0810377299785614 0
1731884026483 0.08142078667879105 0
1731884060713 0.0808316171169281 0
1731884095350 0.08131957054138184 0
1731884129562 0.0819033607840538 0
1731884164321 0.08105964958667755 0
1731884198641 0.08089906722307205 0
1731884233365 0.08137087523937225 0
1731884267636 0.08097980916500092 0
1731884302626 0.08127524703741074 0
1731884336934 0.08127257972955704 0
1731884371632 0.08138606697320938 0
1731884405859 0.08100800961256027 0
1731884440566 0.080898717045784 0
1731884474852 0.08098940551280975 0
1731884509617 0.08110122382640839 0
1731884543995 0.08110342174768448 0
1731884578901 0.08128225803375244 0
1731884613230 0.0812806487083435 0
1731884647923 0.08142288029193878 0
1731884682286 0.08103390038013458 0
1731884716959 0.08175498247146606 0
1731884751269 0.08130104839801788 0
1731884785966 0.0812981054186821 0
1731884820557 0.08113741129636765 0
1731884855192 0.08099254220724106 0
1731884889458 0.08156301826238632 0
1731884924138 0.0817498192191124 0
1731884958375 0.0816449373960495 0
1731884993117 0.08154436200857162 0
1731885027369 0.0813983902335167 0
1731885062069 0.08148971199989319 0
1731885096344 0.08175711333751678 0
1731885131039 0.08172985911369324 0
1731885165374 0.08195844292640686 0
1731885200106 0.08186652511358261 0
1731885234408 0.08178011327981949 0
1731885269136 0.081876240670681 0
1731885303366 0.08210991322994232 0
1731885338427 0.08222468942403793 0
1731885372698 0.08158913999795914 0
1731885407379 0.08177001774311066 0
1731885441723 0.08196365833282471 0
1731885476448 0.08198381215333939 0
1731885510730 0.08191259205341339 0
1731885545476 0.082065150141716 0
1731885579694 0.08172579109668732 0
1731885614346 0.08184285461902618 0
1731885648634 0.08218611031770706 0
1731885683409 0.08205883949995041 0
1731885717755 0.08205652981996536 0
1731885752396 0.08213067799806595 0
1731885786668 0.08180377632379532 0
1731885821545 0.08231421560049057 0
1731885855780 0.08193918317556381 0
1731885890601 0.08209516853094101 0
1731885924948 0.0821867436170578 0
1731885959701 0.0821928009390831 0
1731885993908 0.08219709992408752 0
1731886028534 0.08213763684034348 0
1731886062785 0.08240505307912827 0
1731886097453 0.08235779404640198 0
1731886131665 0.08227919042110443 0
1731886166488 0.08217503130435944 0
1731886200850 0.0821748748421669 0
1731886235440 0.08246874809265137 0
1731886269682 0.08226920664310455 0
1731886304451 0.08225954324007034 0
1731886339009 0.08241650462150574 0
1731886373711 0.08240246772766113 0
1731886407994 0.08253089338541031 0
1731886442741 0.08251973986625671 0
1731886477086 0.08264145255088806 0
1731886511815 0.08225858956575394 0
1731886546141 0.08261515200138092 0
1731886580836 0.08253883570432663 0
1731886615108 0.082253098487854 0
1731886649827 0.08246918022632599 0
1731886684186 0.0822393074631691 0
1731886718792 0.08208289742469788 0
1731886753085 0.08220282196998596 0
1731886787755 0.08237496018409729 0
1731886822141 0.08236169815063477 0
1731886857161 0.08256212621927261 0
1731886891528 0.08236567676067352 0
1731886926257 0.08244495838880539 0
1731886960540 0.08220462501049042 0
1731886995265 0.08218351006507874 0
1731887029629 0.08236385881900787 0
1731887064340 0.08229359239339828 0
1731887098559 0.08249489217996597 0
1731887133322 0.08232441544532776 0
1731887167543 0.08217459917068481 0
1731887202270 0.0826239213347435 0
1731887236479 0.08263144642114639 0
1731887271197 0.08240575343370438 0
1731887305446 0.08254951238632202 0
1731887340128 0.08243729174137115 0
1731887374730 0.08272059261798859 0
1731887409444 0.08262533694505692 0
1731887443675 0.0827319473028183 0
1731887478324 0.08268465101718903 0
1731887512620 0.08268926292657852 0
1731887547409 0.08270101249217987 0
1731887581679 0.08271346241235733 0
1731887616412 0.08277173340320587 0
1731887650681 0.08260618150234222 0
1731887685343 0.08266570419073105 0
1731887719612 0.08276694267988205 0
1731887754346 0.08282430469989777 0
1731887788623 0.08261661976575851 0
1731887823407 0.08287439495325089 0
1731887857735 0.08299597352743149 0
