1731879827403 0.17127950489521027 0
1731879887378 0.11585546284914017 0
1731879946868 0.09461585432291031 0
1731880004645 0.08587869256734848 0
1731880060224 0.0755062997341156 0
1731880115150 0.07102206349372864 0
1731880168927 0.06761041283607483 0
1731880223045 0.0636146292090416 0
1731880276470 0.062300559133291245 0
1731880330396 0.05925663560628891 0
1731880383813 0.057809654623270035 0
1731880437563 0.055865317583084106 0
1731880490904 0.05678316205739975 0
1731880544513 0.05411383509635925 0
1731880596427 0.052059050649404526 0
1731880640327 0.05306260287761688 0
1731880684202 0.05224829912185669 0
1731880728193 0.05111414194107056 0
1731880772106 0.049152109771966934 0
1731880815923 0.04697579890489578 0
1731880859852 0.04644032567739487 0
1731880903779 0.04601261019706726 0
1731880944339 0.04495089873671532 0
1731880983130 0.04430155083537102 0
1731881022382 0.04283281788229942 0
1731881061562 0.04275771975517273 0
1731881100879 0.041937291622161865 0
1731881139720 0.039440132677555084 0
1731881178985 0.03940357267856598 0
1731881217309 0.03767939656972885 0
1731881253665 0.038701556622982025 0
1731881289992 0.036920905113220215 0
1731881326293 0.03683479502797127 0
1731881362638 0.03480737283825874 0
1731881399024 0.03492257371544838 0
1731881435433 0.03351897746324539 0
1731881471786 0.03192325681447983 0
1731881506432 0.03133595362305641 0
1731881541191 0.03167111799120903 0
1731881575436 0.030859004706144333 0
1731881610049 0.029898319393396378 0
1731881644365 0.030249588191509247 0
1731881679035 0.030041255056858063 0
1731881713324 0.02865615114569664 0
1731881748599 0.0288255512714386 0
1731881782877 0.02851692959666252 0
1731881817567 0.027610108256340027 0
1731881851780 0.026679735630750656 0
1731881886393 0.026249855756759644 0
1731881920637 0.026314817368984222 0
1731881955250 0.02561480924487114 0
1731881989460 0.02514055371284485 0
1731882024112 0.025183670222759247 0
1731882058320 0.024159323424100876 0
1731882093004 0.023954667150974274 0
1731882127303 0.02340579777956009 0
1731882162024 0.02292097732424736 0
1731882196281 0.022682784125208855 0
1731882231030 0.02262173779308796 0
1731882265688 0.02261265367269516 0
1731882300351 0.021673860028386116 0
1731882334640 0.021663159132003784 0
1731882369331 0.021142972633242607 0
1731882403729 0.021650221198797226 0
1731882438449 0.02094278112053871 0
1731882472674 0.021360643208026886 0
1731882507409 0.02028200402855873 0
1731882541815 0.020263351500034332 0
1731882576588 0.0199267715215683 0
1731882610939 0.019929608330130577 0
1731882645649 0.0196368545293808 0
1731882679980 0.01930243894457817 0
1731882714713 0.019037650898098946 0
1731882749024 0.019433610141277313 0
1731882784130 0.018783118575811386 0
1731882818468 0.01950821280479431 0
1731882853184 0.019101664423942566 0
1731882887406 0.018102066591382027 0
1731882922158 0.018209248781204224 0
1731882956431 0.01763569563627243 0
1731882991109 0.017577936872839928 0
1731883025310 0.017298266291618347 0
1731883059937 0.01741933450102806 0
1731883094262 0.01739828661084175 0
1731883128877 0.017192471772432327 0
1731883163118 0.01727466844022274 0
1731883197774 0.01677711308002472 0
1731883232085 0.01668909192085266 0
1731883267165 0.016276201233267784 0
1731883301506 0.016340071335434914 0
1731883336191 0.015539566054940224 0
1731883370471 0.01615837775170803 0
1731883405136 0.016491591930389404 0
1731883439473 0.015894539654254913 0
1731883474211 0.015983587130904198 0
1731883508522 0.015800779685378075 0
1731883543264 0.015625908970832825 0
1731883577653 0.01510009914636612 0
1731883612321 0.014499345794320107 0
1731883646639 0.0145748071372509 0
1731883681254 0.01484854705631733 0
1731883715505 0.015027688816189766 0
1731883750188 0.014606478624045849 0
1731883784903 0.014421926811337471 0
1731883819601 0.01498450804501772 0
1731883853828 0.013782035559415817 0
1731883888463 0.014164435677230358 0
1731883922794 0.013884245418012142 0
1731883957526 0.013982279226183891 0
1731883991714 0.013784686103463173 0
1731884026483 0.013989650644361973 0
1731884060713 0.01384036149829626 0
1731884095350 0.013466877862811089 0
1731884129562 0.013342928141355515 0
1731884164321 0.014325406402349472 0
1731884198641 0.013549549505114555 0
1731884233365 0.01339351013302803 0
1731884267636 0.013085426762700081 0
1731884302626 0.012705875560641289 0
1731884336934 0.013117753900587559 0
1731884371632 0.013174595311284065 0
1731884405859 0.013101877644658089 0
1731884440566 0.012741129845380783 0
1731884474852 0.013044201768934727 0
1731884509617 0.012901164591312408 0
1731884543995 0.012456391006708145 0
1731884578901 0.01245594210922718 0
1731884613230 0.012342117726802826 0
1731884647923 0.012426803819835186 0
1731884682286 0.012542027980089188 0
1731884716959 0.012914690189063549 0
1731884751269 0.012577896937727928 0
1731884785966 0.012457146309316158 0
1731884820557 0.011982548981904984 0
1731884855192 0.012230679392814636 0
1731884889458 0.012243054807186127 0
1731884924138 0.011924808844923973 0
1731884958375 0.012197413481771946 0
1731884993117 0.011879261583089828 0
1731885027369 0.011737843975424767 0
1731885062069 0.012036507949233055 0
1731885096344 0.012195541523396969 0
1731885131039 0.012232664041221142 0
1731885165374 0.011331088840961456 0
1731885200106 0.01136459968984127 0
1731885234408 0.0116188395768404 0
1731885269136 0.0112969521433115 0
1731885303366 0.011435792781412601 0
1731885338427 0.011714492924511433 0
1731885372698 0.01114047970622778 0
1731885407379 0.011737885884940624 0
1731885441723 0.011403674259781837 0
1731885476448 0.0111504215747118 0
1731885510730 0.010948127135634422 0
1731885545476 0.011487668380141258 0
1731885579694 0.010835680179297924 0
1731885614346 0.010933388955891132 0
1731885648634 0.01118716411292553 0
1731885683409 0.010970516130328178 0
1731885717755 0.010418795049190521 0
1731885752396 0.010954552330076694 0
1731885786668 0.010916154831647873 0
1731885821545 0.011158499866724014 0
1731885855780 0.011103424243628979 0
1731885890601 0.01042087934911251 0
1731885924948 0.010943306609988213 0
1731885959701 0.011090727522969246 0
1731885993908 0.010607706382870674 0
1731886028534 0.01095742080360651 0
1731886062785 0.010900168679654598 0
1731886097453 0.01045708917081356 0
1731886131665 0.01077524945139885 0
1731886166488 0.010047104209661484 0
1731886200850 0.010285791009664536 0
1731886235440 0.01007344014942646 0
1731886269682 0.010559028945863247 0
1731886304451 0.01004969235509634 0
1731886339009 0.010228481143712997 0
1731886373711 0.010668978095054626 0
1731886407994 0.010192934423685074 0
1731886442741 0.009706578217446804 0
1731886477086 0.009854519739747047 0
1731886511815 0.009905887767672539 0
1731886546141 0.010509570129215717 0
1731886580836 0.009796271100640297 0
1731886615108 0.009876017458736897 0
1731886649827 0.009543763473629951 0
1731886684186 0.010235624387860298 0
1731886718792 0.009903373196721077 0
1731886753085 0.0101107656955719 0
1731886787755 0.010184459388256073 0
1731886822141 0.010129761882126331 0
1731886857161 0.009519722312688828 0
1731886891528 0.009314248338341713 0
1731886926257 0.009869213216006756 0
1731886960540 0.010344794020056725 0
1731886995265 0.00983293354511261 0
1731887029629 0.00954447966068983 0
1731887064340 0.010139638558030128 0
1731887098559 0.009321875870227814 0
1731887133322 0.009677142836153507 0
1731887167543 0.009806672111153603 0
1731887202270 0.009630502201616764 0
1731887236479 0.00963882077485323 0
1731887271197 0.009602523408830166 0
1731887305446 0.009968280792236328 0
1731887340128 0.009360069409012794 0
1731887374730 0.0097861522808671 0
1731887409444 0.009776761755347252 0
1731887443675 0.009839598089456558 0
1731887478324 0.009603332728147507 0
1731887512620 0.009449096396565437 0
1731887547409 0.009443837217986584 0
1731887581679 0.009432693012058735 0
1731887616412 0.009401557967066765 0
1731887650681 0.009581061080098152 0
1731887685343 0.009359797462821007 0
1731887719612 0.00939729530364275 0
1731887754346 0.009623794816434383 0
1731887788623 0.00931546837091446 0
1731887823407 0.009315505623817444 0
1731887857735 0.00938132219016552 0
