1731879827405 0.00034255904029123485 0
1731879887381 0.0002317109319847077 0
1731879946871 0.00018923172319773585 0
1731880004648 0.00017175739048980176 0
1731880060228 0.0001510126021457836 0
1731880115152 0.00014204414037521929 0
1731880168929 0.00013522083463612944 0
1731880223048 0.00012722925748676062 0
1731880276473 0.00012460112338885665 0
1731880330399 0.00011851327872136608 0
1731880383816 0.00011561931751202792 0
1731880437565 0.0001117306383093819 0
1731880490907 0.00011356632603565231 0
1731880544515 0.00010822767217177898 0
1731880596430 0.00010411810944788158 0
1731880640330 0.00010612521145958453 0
1731880684205 0.0001044966047629714 0
1731880728195 0.00010222828859696165 0
1731880772108 9.830422641243786e-05 0
1731880815926 9.395160304848105e-05 0
1731880859855 9.288065484724939e-05 0
1731880903782 9.202522778650746e-05 0
1731880944342 8.990180504042655e-05 0
1731880983133 8.860310481395572e-05 0
1731881022385 8.566564065404236e-05 0
1731881061565 8.551544306101277e-05 0
1731881100881 8.387458365177736e-05 0
1731881139722 7.888027175795287e-05 0
1731881178987 7.880714838393033e-05 0
1731881217312 7.535879558417946e-05 0
1731881253668 7.740311411907896e-05 0
1731881289995 7.384181662928313e-05 0
1731881326296 7.366959471255541e-05 0
1731881362641 6.961474718991667e-05 0
1731881399026 6.98451476637274e-05 0
1731881435436 6.7037959524896e-05 0
1731881471789 6.384651351254433e-05 0
1731881506434 6.267191201914102e-05 0
1731881541193 6.334223871817812e-05 0
1731881575438 6.171801214804873e-05 0
1731881610052 5.97966427449137e-05 0
1731881644367 6.049918010830879e-05 0
1731881679038 6.008251148159616e-05 0
1731881713441 5.731230339733884e-05 0
1731881748602 5.765110472566448e-05 0
1731881782879 5.703386341338046e-05 0
1731881817569 5.522021820070222e-05 0
1731881851783 5.3359472076408565e-05 0
1731881886395 5.2499715820886195e-05 0
1731881920639 5.262963895802386e-05 0
1731881955253 5.122962102177553e-05 0
1731881989462 5.028110899729654e-05 0
1731882024115 5.0367343646939844e-05 0
1731882058323 4.831864862353541e-05 0
1731882093007 4.7909335989970714e-05 0
1731882127306 4.681159771280363e-05 0
1731882162027 4.5841956307413056e-05 0
1731882196284 4.536557025858201e-05 0
1731882231033 4.5243476051837206e-05 0
1731882265691 4.522530798567459e-05 0
1731882300353 4.334772165748291e-05 0
1731882334643 4.332631942816079e-05 0
1731882369333 4.2285948438802734e-05 0
1731882403731 4.330044612288475e-05 0
1731882438452 4.188556340523064e-05 0
1731882472676 4.2721287172753364e-05 0
1731882507411 4.056400939589366e-05 0
1731882541818 4.0526705561205745e-05 0
1731882576590 3.9853544876677915e-05 0
1731882610942 3.985922012361698e-05 0
1731882645651 3.927370926248841e-05 0
1731882679982 3.860488141071983e-05 0
1731882714716 3.807530447375029e-05 0
1731882749027 3.8867223338456824e-05 0
1731882784132 3.756623846129514e-05 0
1731882818471 3.901642776327208e-05 0
1731882853187 3.8203332223929465e-05 0
1731882887408 3.620413554017432e-05 0
1731882922161 3.641849980340339e-05 0
1731882956434 3.5271394153824076e-05 0
1731882991111 3.5155873774783686e-05 0
1731883025312 3.4596534533193335e-05 0
1731883059940 3.4838671126635745e-05 0
1731883094264 3.479657607385889e-05 0
1731883128880 3.4384946047794074e-05 0
1731883163121 3.4549339034128934e-05 0
1731883197776 3.355422813910991e-05 0
1731883232088 3.337818634463474e-05 0
1731883267168 3.25524051731918e-05 0
1731883301509 3.268014552304521e-05 0
1731883336193 3.107913289568387e-05 0
1731883370474 3.231675873394124e-05 0
1731883405138 3.2983185519697145e-05 0
1731883439475 3.178908082190901e-05 0
1731883474213 3.196717443643138e-05 0
1731883508524 3.160156120429747e-05 0
1731883543266 3.12518204736989e-05 0
1731883577655 3.0200199034879915e-05 0
1731883612324 2.8998692869208753e-05 0
1731883646642 2.9149616239010356e-05 0
1731883681257 2.9697095669689588e-05 0
1731883715507 3.005537837452721e-05 0
1731883750190 2.9212958907010034e-05 0
1731883784906 2.884385503421072e-05 0
1731883819604 2.9969018214615062e-05 0
1731883853830 2.7564072297536768e-05 0
1731883888465 2.8328871849225834e-05 0
1731883922797 2.7768492145696655e-05 0
1731883957529 2.796455919451546e-05 0
1731883991717 2.75693728326587e-05 0
1731884026486 2.79793021036312e-05 0
1731884060715 2.7680724087986164e-05 0
1731884095353 2.693375790840946e-05 0
1731884129564 2.6685856937547214e-05 0
1731884164324 2.8650814783759415e-05 0
1731884198643 2.7099100407212973e-05 0
1731884233367 2.678702185221482e-05 0
1731884267638 2.6170855562668294e-05 0
1731884302629 2.5411753085791133e-05 0
1731884336936 2.6235509722027928e-05 0
1731884371634 2.6349191102781333e-05 0
1731884405861 2.620375744299963e-05 0
1731884440568 2.5482260753051378e-05 0
1731884474855 2.6088404410984367e-05 0
1731884509619 2.5802330128499307e-05 0
1731884543997 2.4912782464525662e-05 0
1731884578903 2.4911885702749714e-05 0
1731884613232 2.4684237359906547e-05 0
1731884647925 2.4853608920238912e-05 0
1731884682289 2.5084056687774137e-05 0
1731884716961 2.582938213890884e-05 0
1731884751272 2.5155795810860582e-05 0
1731884785968 2.491429404472001e-05 0
1731884820559 2.3965099899214692e-05 0
1731884855195 2.446136022626888e-05 0
1731884889460 2.448611121508293e-05 0
1731884924140 2.384961953794118e-05 0
1731884958377 2.4394828869844787e-05 0
1731884993119 2.3758524548611604e-05 0
1731885027371 2.347568988625426e-05 0
1731885062071 2.407301690254826e-05 0
1731885096347 2.4391083570662886e-05 0
1731885131041 2.4465329261147417e-05 0
1731885165376 2.2662179617327638e-05 0
1731885200108 2.2729200281901285e-05 0
1731885234410 2.3237680579768494e-05 0
1731885269138 2.2593905669054948e-05 0
1731885303369 2.2871587134432048e-05 0
1731885338429 2.342898733331822e-05 0
1731885372701 2.2280961275100708e-05 0
1731885407382 2.347577355976682e-05 0
1731885441725 2.2807349523645826e-05 0
1731885476450 2.2300844648270868e-05 0
1731885510733 2.189625593018718e-05 0
1731885545478 2.2975338652031496e-05 0
1731885579697 2.167136153730098e-05 0
1731885614348 2.186677920690272e-05 0
1731885648636 2.2374330001184717e-05 0
1731885683411 2.194103399233427e-05 0
1731885717758 2.0837591364397667e-05 0
1731885752399 2.190910527133383e-05 0
1731885786670 2.183231117669493e-05 0
1731885821548 2.2317000912153162e-05 0
1731885855782 2.220685018983204e-05 0
1731885890603 2.0841760488110594e-05 0
1731885924950 2.1886613467358984e-05 0
1731885959703 2.2181455278769135e-05 0
1731885993911 2.1215413653408177e-05 0
1731886028536 2.1914842363912612e-05 0
1731886062788 2.1800338799948804e-05 0
1731886097456 2.0914179913233966e-05 0
1731886131667 2.155050060537178e-05 0
1731886166490 2.009420859394595e-05 0
1731886200853 2.057158235402312e-05 0
1731886235442 2.0146881070104428e-05 0
1731886269684 2.1118059521541e-05 0
1731886304453 2.0099385437788442e-05 0
1731886339011 2.0456962374737486e-05 0
1731886373714 2.1337957150535658e-05 0
1731886407996 2.03858689928893e-05 0
1731886442743 1.941315713338554e-05 0
1731886477088 1.9709041225723922e-05 0
1731886511817 1.981177592824679e-05 0
1731886546143 2.1019141058786772e-05 0
1731886580838 1.9592542230384424e-05 0
1731886615111 1.9752036678255536e-05 0
1731886649829 1.908752710733097e-05 0
1731886684188 2.047125053650234e-05 0
1731886718794 1.9806748241535388e-05 0
1731886753087 2.022153239522595e-05 0
1731886787757 2.036891964962706e-05 0
1731886822143 2.0259525626897812e-05 0
1731886857163 1.9039445760427043e-05 0
1731886891530 1.862849785538856e-05 0
1731886926259 1.9738426999538206e-05 0
1731886960542 2.068958929157816e-05 0
1731886995267 1.966586751223076e-05 0
1731887029632 1.9088960470980965e-05 0
1731887064342 2.0279278032830916e-05 0
1731887098561 1.8643751900526695e-05 0
1731887133324 1.935428736032918e-05 0
1731887167545 1.9613346012192778e-05 0
1731887202272 1.9261005945736542e-05 0
1731887236481 1.9277642422821373e-05 0
1731887271199 1.920504837471526e-05 0
1731887305449 1.993656223930884e-05 0
1731887340131 1.8720140360528603e-05 0
1731887374732 1.9572305973269977e-05 0
1731887409446 1.9553524907678366e-05 0
1731887443677 1.9679197066579945e-05 0
1731887478326 1.9206667275284417e-05 0
1731887512622 1.8898193957284093e-05 0
1731887547412 1.8887674741563387e-05 0
1731887581681 1.886538666440174e-05 0
1731887616414 1.8803117200150155e-05 0
1731887650683 1.9162123862770386e-05 0
1731887685345 1.8719596482696943e-05 0
1731887719614 1.8794591596815735e-05 0
1731887754348 1.924759089888539e-05 0
1731887788625 1.8630937120178714e-05 0
1731887823409 1.863101169874426e-05 0
1731887857738 1.876264468592126e-05 0
