1731879827405 0.010717570781707764 0
1731879887381 0.008031696081161499 0
1731879946871 0.005020449869334698 0
1731880004648 0.0062758103013038635 0
1731880060228 0.004586059134453535 0
1731880115152 0.005519302561879158 0
1731880168929 0.005654379725456238 0
1731880223048 0.004415444098412991 0
1731880276473 0.004093487747013569 0
1731880330399 0.005025788675993681 0
1731880383816 0.0046708844602108 0
1731880437565 0.004864390008151531 0
1731880490907 0.004413256887346506 0
1731880544515 0.0036846743896603584 0
1731880596430 0.0037428976502269506 0
1731880640330 0.005271285772323608 0
1731880684205 0.003489755792543292 0
1731880728195 0.005023173522204161 0
1731880772108 0.0037872339598834515 0
1731880815926 0.003274101298302412 0
1731880859855 0.0031072841957211494 0
1731880903782 0.00308942305855453 0
1731880944342 0.003215526696294546 0
1731880983133 0.004433189518749714 0
1731881022385 0.004400506615638733 0
1731881061565 0.004662820603698492 0
1731881100881 0.003812433686107397 0
1731881139722 0.0030424995347857475 0
1731881178987 0.003760517342016101 0
1731881217312 0.002787343692034483 0
1731881253668 0.00310710771009326 0
1731881289995 0.003427482908591628 0
1731881326296 0.0042603714391589165 0
1731881362641 0.003359007416293025 0
1731881399026 0.0033712887670844793 0
1731881435436 0.0036352439783513546 0
1731881471789 0.0035798854660242796 0
1731881506434 0.0028832589741796255 0
1731881541193 0.002634439617395401 0
1731881575438 0.0036873589269816875 0
1731881610052 0.003377581713721156 0
1731881644367 0.0024905407335609198 0
1731881679038 0.002523746807128191 0
1731881713441 0.0026104548014700413 0
1731881748602 0.0030410154722630978 0
1731881782879 0.0023263590410351753 0
1731881817569 0.002698902040719986 0
1731881851783 0.003234048141166568 0
1731881886395 0.002299382584169507 0
1731881920639 0.0033081695437431335 0
1731881955253 0.003346199169754982 0
1731881989462 0.0024293053429573774 0
1731882024115 0.003453537356108427 0
1731882058323 0.0022632251493632793 0
1731882093007 0.0030086140614002943 0
1731882127306 0.0025132489390671253 0
1731882162027 0.003390188794583082 0
1731882196284 0.004204006399959326 0
1731882231033 0.0024272878654301167 0
1731882265691 0.0024906808976083994 0
1731882300353 0.0026967793237417936 0
1731882334643 0.0028638429939746857 0
1731882369333 0.0024483921006321907 0
1731882403731 0.0027174660935997963 0
1731882438452 0.002137400209903717 0
1731882472676 0.004031527787446976 0
1731882507411 0.002329347189515829 0
1731882541818 0.0020787385292351246 0
1731882576590 0.0029133795760571957 0
1731882610942 0.0018345406278967857 0
1731882645651 0.002154240384697914 0
1731882679982 0.0018728671129792929 0
1731882714716 0.0020154607482254505 0
1731882749027 0.0034783005248755217 0
1731882784132 0.003282462013885379 0
1731882818471 0.0032438288908451796 0
1731882853187 0.0022201063111424446 0
1731882887408 0.0021525665652006865 0
1731882922161 0.0025812871754169464 0
1731882956434 0.0026204357855021954 0
1731882991111 0.002673050155863166 0
1731883025312 0.002458606380969286 0
1731883059940 0.0024264673702418804 0
1731883094264 0.0026737346779555082 0
1731883128880 0.002729501109570265 0
1731883163121 0.003176134079694748 0
1731883197776 0.00271338177844882 0
1731883232088 0.002798834815621376 0
1731883267168 0.0018544055055826902 0
1731883301509 0.0015736410859972239 0
1731883336193 0.002080875216051936 0
1731883370474 0.0028014201670885086 0
1731883405138 0.0029436915647238493 0
1731883439475 0.003281259909272194 0
1731883474213 0.0025450021494179964 0
1731883508524 0.0021061254665255547 0
1731883543266 0.0022703444119542837 0
1731883577655 0.0020528696477413177 0
1731883612324 0.002818463370203972 0
1731883646642 0.0022557214833796024 0
1731883681257 0.0019388217478990555 0
1731883715507 0.00201783562079072 0
1731883750190 0.0024692388251423836 0
1731883784906 0.002531938487663865 0
1731883819604 0.001871571410447359 0
1731883853830 0.002178202848881483 0
1731883888465 0.002447773702442646 0
1731883922797 0.0018882739823311567 0
1731883957529 0.002657502656802535 0
1731883991717 0.0015946117928251624 0
1731884026486 0.002171831438317895 0
1731884060715 0.002331686671823263 0
1731884095353 0.0024146288633346558 0
1731884129564 0.002227890072390437 0
1731884164324 0.0015845345333218575 0
1731884198643 0.002556302584707737 0
1731884233367 0.0021292506717145443 0
1731884267638 0.0022006246726959944 0
1731884302629 0.0022519463673233986 0
1731884336936 0.0024552373215556145 0
1731884371634 0.002685483545064926 0
1731884405861 0.002469324041157961 0
1731884440568 0.0027046306058764458 0
1731884474855 0.0018804616993293166 0
1731884509619 0.0019030389375984669 0
1731884543997 0.0023727845400571823 0
1731884578903 0.0017550195334479213 0
1731884613232 0.002198300324380398 0
1731884647925 0.0020767971873283386 0
1731884682289 0.0018959690351039171 0
1731884716961 0.002016201615333557 0
1731884751272 0.002549937926232815 0
1731884785968 0.0021742049138993025 0
1731884820559 0.001703759073279798 0
1731884855195 0.0017699524760246277 0
1731884889460 0.0019276172388345003 0
1731884924140 0.0013106842525303364 0
1731884958377 0.0018371156184002757 0
1731884993119 0.0016630603931844234 0
1731885027371 0.001772237941622734 0
1731885062071 0.0016461306950077415 0
1731885096347 0.0025487178936600685 0
1731885131041 0.0019245673902332783 0
1731885165376 0.0014786826213821769 0
1731885200108 0.00139173015486449 0
1731885234410 0.0015971874818205833 0
1731885269138 0.001962706446647644 0
1731885303369 0.0027255944442003965 0
1731885338429 0.0019500695634633303 0
1731885372701 0.0014770332491025329 0
1731885407382 0.0020419310312718153 0
1731885441725 0.0017818830674514174 0
1731885476450 0.0016244396101683378 0
1731885510733 0.0015895243268460035 0
1731885545478 0.0015861093997955322 0
1731885579697 0.0015824477886781096 0
1731885614348 0.0017736970912665129 0
1731885648636 0.0017472244799137115 0
1731885683411 0.001861685304902494 0
1731885717758 0.0017219921573996544 0
1731885752399 0.0021600755862891674 0
1731885786670 0.001932576997205615 0
1731885821548 0.001574731431901455 0
1731885855782 0.0016150366282090545 0
1731885890603 0.0018761639948934317 0
1731885924950 0.0014038908993825316 0
1731885959703 0.0010945938993245363 0
1731885993911 0.0019922670908272266 0
1731886028536 0.0014403326204046607 0
1731886062788 0.0013260389678180218 0
1731886097456 0.0023492714390158653 0
1731886131667 0.0023064869455993176 0
1731886166490 0.0020374779123812914 0
1731886200853 0.0013311156071722507 0
1731886235442 0.001973938662558794 0
1731886269684 0.0017076756339520216 0
1731886304453 0.001558090909384191 0
1731886339011 0.0016261435812339187 0
1731886373714 0.001755987643264234 0
1731886407996 0.001799088204279542 0
1731886442743 0.001214139861986041 0
1731886477088 0.00133877235930413 0
1731886511817 0.0015240777283906937 0
1731886546143 0.001556611037813127 0
1731886580838 0.0015156514709815383 0
1731886615111 0.0016895591979846358 0
1731886649829 0.0013174390187487006 0
1731886684188 0.0026392582803964615 0
1731886718794 0.0014047722797840834 0
1731886753087 0.0014153169468045235 0
1731886787757 0.0020930783357471228 0
1731886822143 0.0017015812918543816 0
1731886857163 0.0014923600247129798 0
1731886891530 0.002029852708801627 0
1731886926259 0.0016406418289989233 0
1731886960542 0.0015926150372251868 0
1731886995267 0.0020808966364711523 0
1731887029632 0.0013290727511048317 0
1731887064342 0.0019029064569622278 0
1731887098561 0.0019869168754667044 0
1731887133324 0.001893341075628996 0
1731887167545 0.0015628999099135399 0
1731887202272 0.0014137360267341137 0
1731887236481 0.002121431054547429 0
1731887271199 0.0014029438607394695 0
1731887305449 0.0013175321510061622 0
1731887340131 0.0017460621893405914 0
1731887374732 0.0014753183349967003 0
1731887409446 0.0016161225503310561 0
1731887443677 0.0015260799555107951 0
1731887478326 0.0023584365844726562 0
1731887512622 0.001414244994521141 0
1731887547412 0.0014850407605990767 0
1731887581681 0.0013015007134526968 0
1731887616414 0.0010542904492467642 0
1731887650683 0.0013910187408328056 0
1731887685345 0.0018653019797056913 0
1731887719614 0.0013205986469984055 0
1731887754348 0.001339698676019907 0
1731887788625 0.0016404197085648775 0
1731887823409 0.00136580690741539 0
1731887857738 0.001773499301634729 0
