1731856321991 0.028674932196736336 0
1731856347267 0.032655563205480576 0
1731856372810 0.03595671430230141 0
1731856398567 0.03267728164792061 0
1731856424205 0.03884367272257805 0
1731856449871 0.037961214780807495 0
1731856475471 0.033426497131586075 0
1731856501157 0.04109152406454086 0
1731856526774 0.036469966173172 0
1731856552695 0.03599651902914047 0
1731856578462 0.03493702784180641 0
1731856604425 0.03554161638021469 0
1731856630249 0.03948993235826492 0
1731856656304 0.0370439775288105 0
1731856682003 0.03690745308995247 0
1731856704852 0.036735180765390396 0
1731856727737 0.047467075288295746 0
1731856750648 0.0373837947845459 0
1731856773585 0.035787131637334824 0
1731856796533 0.036702100187540054 0
1731856819553 0.03937491402029991 0
1731856842530 0.038212209939956665 0
1731856864401 0.04139771685004234 0
1731856885715 0.03826801851391792 0
1731856907192 0.03881091997027397 0
1731856928716 0.0384720042347908 0
1731856950237 0.03820309415459633 0
1731856971638 0.03833092376589775 0
1731856993139 0.03847728297114372 0
1731857014620 0.03821416199207306 0
1731857035177 0.04259528964757919 0
1731857055695 0.038345493376255035 0
1731857076262 0.03841855376958847 0
1731857096892 0.0365658700466156 0
1731857117447 0.040548160672187805 0
1731857138033 0.036802634596824646 0
1731857158583 0.040709126740694046 0
1731857178602 0.037263091653585434 0
1731857198625 0.037862423807382584 0
1731857218462 0.04007745161652565 0
1731857238505 0.0376802496612072 0
1731857258444 0.03682693466544151 0
1731857278482 0.037602540105581284 0
1731857298421 0.038340725004673004 0
1731857318863 0.05012952908873558 0
1731857338773 0.03778978809714317 0
1731857358871 0.03786790370941162 0
1731857378789 0.03736996278166771 0
1731857398867 0.03949807584285736 0
1731857418842 0.03881477937102318 0
1731857438949 0.037613920867443085 0
1731857458913 0.038262996822595596 0
1731857479036 0.03887243941426277 0
1731857499012 0.03806325048208237 0
1731857519110 0.038233593106269836 0
1731857539038 0.03865592181682587 0
1731857559156 0.03781769797205925 0
1731857579081 0.04183504357933998 0
1731857599174 0.0385848693549633 0
1731857619444 0.036842476576566696 0
1731857639626 0.03961663320660591 0
1731857659618 0.03920561820268631 0
1731857679746 0.039188794791698456 0
1731857699696 0.040962155908346176 0
1731857719864 0.039732009172439575 0
1731857739839 0.03740882873535156 0
1731857759987 0.03849662095308304 0
1731857780018 0.038424838334321976 0
1731857800177 0.03704852610826492 0
1731857820164 0.037945449352264404 0
1731857840321 0.03833587095141411 0
1731857860362 0.038772836327552795 0
1731857880524 0.03884282335639 0
1731857900557 0.03903249278664589 0
1731857921142 0.03781893849372864 0
1731857941175 0.03795887529850006 0
1731857961355 0.03879890218377113 0
1731857981417 0.03810947760939598 0
1731858001639 0.03807023540139198 0
1731858021637 0.03957122564315796 0
1731858041846 0.039341796189546585 0
1731858061879 0.0380479134619236 0
1731858082082 0.04078967124223709 0
1731858102164 0.038808733224868774 0
1731858122368 0.03691178187727928 0
1731858142421 0.039446763694286346 0
1731858162631 0.03924485668540001 0
1731858182716 0.03912954777479172 0
1731858203572 0.03847662732005119 0
1731858223667 0.03880175203084946 0
1731858243890 0.039359625428915024 0
1731858263974 0.03860859200358391 0
1731858284189 0.038624878972768784 0
1731858304294 0.038954876363277435 0
1731858324522 0.03921994939446449 0
1731858344581 0.03987890109419823 0
1731858364819 0.03778405860066414 0
1731858384946 0.045101918280124664 0
1731858405212 0.03856945410370827 0
1731858425314 0.0375351756811142 0
1731858445583 0.03885827586054802 0
1731858465755 0.03842516615986824 0
1731858486055 0.03792267292737961 0
1731858506609 0.037703659385442734 0
1731858526856 0.03911193832755089 0
1731858546994 0.04149163141846657 0
1731858567279 0.038472648710012436 0
1731858587418 0.03785072639584541 0
1731858607688 0.03862004354596138 0
1731858627852 0.039300285279750824 0
1731858648170 0.03927752375602722 0
1731858668316 0.03846678137779236 0
1731858688557 0.03827133774757385 0
1731858708727 0.038593266159296036 0
1731858729041 0.0384034626185894 0
1731858749201 0.0383104644715786 0
1731858769491 0.03788656368851662 0
1731858789672 0.03886502608656883 0
1731858810315 0.03805012255907059 0
1731858830424 0.03848787769675255 0
1731858850730 0.03804107382893562 0
1731858870897 0.03803273290395737 0
1731858891236 0.03944256529211998 0
1731858911376 0.03909427300095558 0
1731858931715 0.038556329905986786 0
1731858951869 0.03882956504821777 0
1731858972127 0.03858058527112007 0
1731858992288 0.03882872685790062 0
1731859012586 0.03996117040514946 0
1731859032787 0.03888960927724838 0
1731859053150 0.03805491700768471 0
1731859073342 0.03857814893126488 0
1731859093677 0.03961525484919548 0
1731859114183 0.03895719721913338 0
1731859134494 0.038701947778463364 0
1731859154637 0.03964442014694214 0
1731859174934 0.03924824669957161 0
1731859195160 0.0384889580309391 0
1731859215528 0.03918273374438286 0
1731859235726 0.03914237022399902 0
1731859256016 0.03875911608338356 0
1731859276188 0.03899362310767174 0
1731859296558 0.03860147297382355 0
1731859316767 0.03899639472365379 0
1731859337095 0.03870394080877304 0
1731859357294 0.03800060600042343 0
1731859377614 0.03889565169811249 0
1731859397845 0.03864624723792076 0
1731859418559 0.03937666118144989 0
1731859438793 0.03856100142002106 0
1731859459084 0.03907889872789383 0
1731859479303 0.0387524850666523 0
1731859499654 0.0388479121029377 0
1731859519881 0.03900262713432312 0
1731859540221 0.038977593183517456 0
1731859560458 0.0385277159512043 0
1731859580816 0.03983953967690468 0
1731859601036 0.038168225437402725 0
1731859621429 0.03920959681272507 0
1731859641630 0.03880724683403969 0
1731859661979 0.03845186531543732 0
1731859682234 0.03823840618133545 0
1731859702978 0.03879072517156601 0
1731859723251 0.03893500939011574 0
1731859743617 0.040455762296915054 0
1731859763809 0.03846109285950661 0
1731859784185 0.038748521357774734 0
1731859804463 0.038323886692523956 0
1731859824796 0.038783907890319824 0
1731859844978 0.03878583386540413 0
1731859865389 0.038432925939559937 0
1731859885619 0.0387348048388958 0
1731859905983 0.03864193335175514 0
1731859926186 0.03868672996759415 0
1731859946555 0.038687143474817276 0
1731859966730 0.03901607170701027 0
1731859987112 0.03885921090841293 0
1731860007763 0.03827724978327751 0
1731860028170 0.03839138150215149 0
1731860048399 0.038377199321985245 0
1731860068774 0.038591429591178894 0
1731860089015 0.03837917745113373 0
1731860109383 0.03893572837114334 0
1731860129649 0.039052244275808334 0
1731860150012 0.03840240091085434 0
1731860170247 0.03860713541507721 0
1731860190604 0.0386197455227375 0
1731860210834 0.03914491832256317 0
1731860231241 0.03840713948011398 0
1731860251465 0.03892017528414726 0
1731860271850 0.03903345763683319 0
1731860292060 0.03849993273615837 0
1731860312823 0.039140768349170685 0
1731860333049 0.041507598012685776 0
1731860353440 0.03865937516093254 0
1731860373686 0.039486248046159744 0
1731860394051 0.038407646119594574 0
1731860414298 0.038574304431676865 0
1731860434682 0.03845296427607536 0
1731860454941 0.038713790476322174 0
1731860475356 0.03831459581851959 0
1731860495609 0.03855323791503906 0
1731860516015 0.03858145698904991 0
1731860536266 0.038649167865514755 0
1731860556660 0.0385529100894928 0
1731860576899 0.0390605591237545 0
1731860597244 0.039170607924461365 0
1731860617818 0.03869345039129257 0
1731860638177 0.038716789335012436 0
1731860658427 0.03914809972047806 0
1731860678861 0.038920819759368896 0
1731860699128 0.039244260638952255 0
1731860719495 0.038551632314920425 0
1731860739756 0.03848738968372345 0
1731860760102 0.03870715573430061 0
1731860780396 0.038875628262758255 0
1731860800848 0.03866681829094887 0
1731860821102 0.038247499614953995 0
1731860841486 0.038522690534591675 0
1731860861759 0.03839225694537163 0
1731860882141 0.03852421045303345 0
1731860902405 0.0387604683637619 0
