1731856321991 0.01250612735748291 0
1731856347267 0.012960276566445827 0
1731856372810 0.013178536668419838 0
1731856398567 0.013479100540280342 0
1731856424205 0.013515397906303406 0
1731856449871 0.013688904233276844 0
1731856475471 0.013806696981191635 0
1731856501157 0.013920502737164497 0
1731856526774 0.013993777334690094 0
1731856552695 0.01429110486060381 0
1731856578462 0.01419695746153593 0
1731856604425 0.014375705271959305 0
1731856630249 0.01461819652467966 0
1731856656304 0.014317667111754417 0
1731856682003 0.01448782254010439 0
1731856704852 0.014582202769815922 0
1731856727737 0.014877693727612495 0
1731856750648 0.014665902592241764 0
1731856773585 0.014716184698045254 0
1731856796533 0.014362013898789883 0
1731856819553 0.015224958769977093 0
1731856842530 0.014869642443954945 0
1731856864401 0.015110747888684273 0
1731856885715 0.015087642706930637 0
1731856907192 0.01490473560988903 0
1731856928716 0.014924142509698868 0
1731856950237 0.015004653483629227 0
1731856971638 0.015167923644185066 0
1731856993139 0.015008238144218922 0
1731857014620 0.015148048289120197 0
1731857035177 0.015224618837237358 0
1731857055695 0.015220893546938896 0
1731857076262 0.0150260915979743 0
1731857096892 0.015278695151209831 0
1731857117447 0.015233764424920082 0
1731857138033 0.015257887542247772 0
1731857158583 0.015287675894796848 0
1731857178602 0.015192568302154541 0
1731857198625 0.015274886973202229 0
1731857218462 0.015338643454015255 0
1731857238505 0.015352267771959305 0
1731857258444 0.015248879790306091 0
1731857278482 0.01506116334348917 0
1731857298421 0.015157734043896198 0
1731857318863 0.015387223102152348 0
1731857338773 0.015248245559632778 0
1731857358871 0.015339106321334839 0
1731857378789 0.01528653223067522 0
1731857398867 0.015213721431791782 0
1731857418842 0.015374921262264252 0
1731857438949 0.015161516144871712 0
1731857458913 0.015051501803100109 0
1731857479036 0.015431295149028301 0
1731857499012 0.015235374681651592 0
1731857519110 0.015272427350282669 0
1731857539038 0.015384412370622158 0
1731857559156 0.015336858108639717 0
1731857579081 0.015441264025866985 0
1731857599174 0.015170333907008171 0
1731857619444 0.01528378576040268 0
1731857639626 0.015539637766778469 0
1731857659618 0.015274562872946262 0
1731857679746 0.015486319549381733 0
1731857699696 0.015247724950313568 0
1731857719864 0.015427093021571636 0
1731857739839 0.015396853908896446 0
1731857759987 0.015438820235431194 0
1731857780018 0.015332100912928581 0
1731857800177 0.015409376472234726 0
1731857820164 0.015442653559148312 0
1731857840321 0.01529584638774395 0
1731857860362 0.015410839579999447 0
1731857880524 0.01544306892901659 0
1731857900557 0.015360461547970772 0
1731857921142 0.015438618138432503 0
1731857941175 0.015377179719507694 0
1731857961355 0.015470610931515694 0
1731857981417 0.015285173431038857 0
1731858001639 0.01551122311502695 0
1731858021637 0.01563764177262783 0
1731858041846 0.01547226868569851 0
1731858061879 0.015435904264450073 0
1731858082082 0.01567077450454235 0
1731858102164 0.015493570826947689 0
1731858122368 0.015585523098707199 0
1731858142421 0.01565111242234707 0
1731858162631 0.015383217483758926 0
1731858182716 0.015553164295852184 0
1731858203572 0.015537645667791367 0
1731858223667 0.015550624579191208 0
1731858243890 0.015408842824399471 0
1731858263974 0.015506311319768429 0
1731858284189 0.015576321631669998 0
1731858304294 0.015527707524597645 0
1731858324522 0.015451058745384216 0
1731858344581 0.01561808306723833 0
1731858364819 0.015476629137992859 0
1731858384946 0.015622001141309738 0
1731858405212 0.015416142530739307 0
1731858425314 0.015491948463022709 0
1731858445583 0.015582508407533169 0
1731858465755 0.015536269173026085 0
1731858486055 0.01553264819085598 0
1731858506609 0.015524460934102535 0
1731858526856 0.015439008362591267 0
1731858546994 0.015545515343546867 0
1731858567279 0.015612466260790825 0
1731858587418 0.015546580776572227 0
1731858607688 0.015619490295648575 0
1731858627852 0.015534264966845512 0
1731858648170 0.015597060322761536 0
1731858668316 0.015454898588359356 0
1731858688557 0.01561845000833273 0
1731858708727 0.015411277301609516 0
1731858729041 0.015490638092160225 0
1731858749201 0.015526608563959599 0
1731858769491 0.01553697045892477 0
1731858789672 0.015557527542114258 0
1731858810315 0.015608662739396095 0
1731858830424 0.015569748356938362 0
1731858850730 0.015491407364606857 0
1731858870897 0.01558462530374527 0
1731858891236 0.015565714798867702 0
1731858911376 0.015513847582042217 0
1731858931715 0.015596069395542145 0
1731858951869 0.015674617141485214 0
1731858972127 0.015564309433102608 0
1731858992288 0.015615786425769329 0
1731859012586 0.01559435948729515 0
1731859032787 0.015541008673608303 0
1731859053150 0.01555931381881237 0
1731859073342 0.01556356530636549 0
1731859093677 0.015455321408808231 0
1731859114183 0.015471254475414753 0
1731859134494 0.015500194393098354 0
1731859154637 0.01571146585047245 0
1731859174934 0.015600849874317646 0
1731859195160 0.015569950453937054 0
1731859215528 0.015510957688093185 0
1731859235726 0.015574174001812935 0
1731859256016 0.01558664534240961 0
1731859276188 0.01568741537630558 0
1731859296558 0.01550848875194788 0
1731859316767 0.015561029314994812 0
1731859337095 0.015481973998248577 0
1731859357294 0.015534847974777222 0
1731859377614 0.0156164625659585 0
1731859397845 0.015543299727141857 0
1731859418559 0.015571719966828823 0
1731859438793 0.015483727678656578 0
1731859459084 0.015591295436024666 0
1731859479303 0.015587977133691311 0
1731859499654 0.01564721018075943 0
1731859519881 0.015547765418887138 0
1731859540221 0.01557015348225832 0
1731859560458 0.015572688542306423 0
1731859580816 0.015661459416151047 0
1731859601036 0.0155436797067523 0
1731859621429 0.015629321336746216 0
1731859641630 0.015646906569600105 0
1731859661979 0.015653152018785477 0
1731859682234 0.015552599914371967 0
1731859702978 0.015658555552363396 0
1731859723251 0.015739258378744125 0
1731859743617 0.015653258189558983 0
1731859763809 0.015693526715040207 0
1731859784185 0.01567404717206955 0
1731859804463 0.01567080058157444 0
1731859824796 0.01564048044383526 0
1731859844978 0.015624362044036388 0
1731859865389 0.01568533666431904 0
1731859885619 0.015675827860832214 0
1731859905983 0.015590012073516846 0
1731859926186 0.015547895804047585 0
1731859946555 0.015653546899557114 0
1731859966730 0.0156555138528347 0
1731859987112 0.015594195574522018 0
1731860007763 0.015594949014484882 0
1731860028170 0.015589255839586258 0
1731860048399 0.0156602431088686 0
1731860068774 0.015612122602760792 0
1731860089015 0.015675287693738937 0
1731860109383 0.015557534992694855 0
1731860129649 0.015671823173761368 0
1731860150012 0.015613287687301636 0
1731860170247 0.01567734219133854 0
1731860190604 0.015581411309540272 0
1731860210834 0.015675602480769157 0
1731860231241 0.015671301633119583 0
1731860251465 0.01557071227580309 0
1731860271850 0.015651145949959755 0
1731860292060 0.015619694255292416 0
1731860312823 0.01559481956064701 0
1731860333049 0.015690602362155914 0
1731860353440 0.01561667863279581 0
1731860373686 0.015668878331780434 0
1731860394051 0.015663325786590576 0
1731860414298 0.01566350646317005 0
1731860434682 0.015645569190382957 0
1731860454941 0.015631306916475296 0
1731860475356 0.01564711518585682 0
1731860495609 0.015641292557120323 0
1731860516015 0.015656575560569763 0
1731860536266 0.015598091296851635 0
1731860556660 0.015668565407395363 0
1731860576899 0.0156443752348423 0
1731860597244 0.01557950023561716 0
1731860617818 0.01557965762913227 0
1731860638177 0.015554668381810188 0
1731860658427 0.015561048872768879 0
1731860678861 0.015522458590567112 0
1731860699128 0.015624373219907284 0
1731860719495 0.015636594966053963 0
1731860739756 0.015565173700451851 0
1731860760102 0.015628831461071968 0
1731860780396 0.015639398247003555 0
1731860800848 0.015643581748008728 0
1731860821102 0.015632465481758118 0
1731860841486 0.015619547106325626 0
1731860861759 0.01564771682024002 0
1731860882141 0.015611795708537102 0
1731860902405 0.015627646818757057 0
