1731856321991 0.4992816746234894 0
1731856347267 0.5135929584503174 0
1731856372810 0.5277318954467773 0
1731856398567 0.5513912439346313 0
1731856424205 0.5799329280853271 0
1731856449871 0.5729977488517761 0
1731856475471 0.5738411545753479 0
1731856501157 0.5871744155883789 0
1731856526774 0.5768564939498901 0
1731856552695 0.5909048318862915 0
1731856578462 0.5820577144622803 0
1731856604425 0.5915946960449219 0
1731856630249 0.6012790203094482 0
1731856656304 0.6013148427009583 0
1731856682003 0.5976258516311646 0
1731856704852 0.6030932664871216 0
1731856727737 0.5986049771308899 0
1731856750648 0.6110722422599792 0
1731856773585 0.6098532676696777 0
1731856796533 0.5937141180038452 0
1731856819553 0.6019725799560547 0
1731856842530 0.6133013367652893 0
1731856864401 0.6126718521118164 0
1731856885715 0.6092091798782349 0
1731856907192 0.6138094663619995 0
1731856928716 0.613616406917572 0
1731856950237 0.6175131797790527 0
1731856971638 0.6132145524024963 0
1731856993139 0.6103730797767639 0
1731857014620 0.6138715147972107 0
1731857035177 0.6175142526626587 0
1731857055695 0.6223897933959961 0
1731857076262 0.6028817892074585 0
1731857096892 0.6116433143615723 0
1731857117447 0.6277480125427246 0
1731857138033 0.6235380172729492 0
1731857158583 0.6136908531188965 0
1731857178602 0.6182034611701965 0
1731857198625 0.6303195357322693 0
1731857218462 0.6261917352676392 0
1731857238505 0.6145116090774536 0
1731857258444 0.6229665875434875 0
1731857278482 0.6232705116271973 0
1731857298421 0.6329669952392578 0
1731857318863 0.6153377890586853 0
1731857338773 0.6110605001449585 0
1731857358871 0.6142998337745667 0
1731857378789 0.6163356900215149 0
1731857398867 0.6251081824302673 0
1731857418842 0.6100706458091736 0
1731857438949 0.6204635500907898 0
1731857458913 0.6160803437232971 0
1731857479036 0.6137620210647583 0
1731857499012 0.6204390525817871 0
1731857519110 0.6215947270393372 0
1731857539038 0.6196528077125549 0
1731857559156 0.6180346608161926 0
1731857579081 0.6138669848442078 0
1731857599174 0.6126536726951599 0
1731857619444 0.6151710748672485 0
1731857639626 0.6253544092178345 0
1731857659618 0.6084842681884766 0
1731857679746 0.6239697337150574 0
1731857699696 0.6134053468704224 0
1731857719864 0.6220493316650391 0
1731857739839 0.6221795678138733 0
1731857759987 0.617965817451477 0
1731857780018 0.6247837543487549 0
1731857800177 0.617977499961853 0
1731857820164 0.60716712474823 0
1731857840321 0.6234496831893921 0
1731857860362 0.6196759343147278 0
1731857880524 0.631799578666687 0
1731857900557 0.6209129095077515 0
1731857921142 0.6195021867752075 0
1731857941175 0.6240000128746033 0
1731857961355 0.6203131675720215 0
1731857981417 0.6222571730613708 0
1731858001639 0.6244943737983704 0
1731858021637 0.6112963557243347 0
1731858041846 0.6153764128684998 0
1731858061879 0.6245836019515991 0
1731858082082 0.6162190437316895 0
1731858102164 0.625023365020752 0
1731858122368 0.6255252361297607 0
1731858142421 0.6170807480812073 0
1731858162631 0.6184593439102173 0
1731858182716 0.616129457950592 0
1731858203572 0.6179494261741638 0
1731858223667 0.6231738328933716 0
1731858243890 0.6248466968536377 0
1731858263974 0.619736909866333 0
1731858284189 0.6166151165962219 0
1731858304294 0.6289082169532776 0
1731858324522 0.6225022077560425 0
1731858344581 0.6125078797340393 0
1731858364819 0.6163673400878906 0
1731858384946 0.6072322130203247 0
1731858405212 0.6215129494667053 0
1731858425314 0.6205058097839355 0
1731858445583 0.6212916374206543 0
1731858465755 0.6191027760505676 0
1731858486055 0.6158173680305481 0
1731858506609 0.6160284280776978 0
1731858526856 0.626803994178772 0
1731858546994 0.6240420937538147 0
1731858567279 0.622190535068512 0
1731858587418 0.6225306987762451 0
1731858607688 0.6246911883354187 0
1731858627852 0.6236547827720642 0
1731858648170 0.6183236241340637 0
1731858668316 0.6136382222175598 0
1731858688557 0.6151288747787476 0
1731858708727 0.627038300037384 0
1731858729041 0.6213961839675903 0
1731858749201 0.6199123859405518 0
1731858769491 0.6241905093193054 0
1731858789672 0.6214210987091064 0
1731858810315 0.6114764213562012 0
1731858830424 0.6184980273246765 0
1731858850730 0.6235197186470032 0
1731858870897 0.6236249804496765 0
1731858891236 0.6238090395927429 0
1731858911376 0.6174414753913879 0
1731858931715 0.6211862564086914 0
1731858951869 0.6133114099502563 0
1731858972127 0.619794487953186 0
1731858992288 0.6181630492210388 0
1731859012586 0.6183333396911621 0
1731859032787 0.6158722043037415 0
1731859053150 0.6154696941375732 0
1731859073342 0.6145368218421936 0
1731859093677 0.6206418871879578 0
1731859114183 0.6162806749343872 0
1731859134494 0.621307909488678 0
1731859154637 0.6123902201652527 0
1731859174934 0.6187136769294739 0
1731859195160 0.6151520013809204 0
1731859215528 0.6192242503166199 0
1731859235726 0.6177302598953247 0
1731859256016 0.6147558093070984 0
1731859276188 0.6193292140960693 0
1731859296558 0.623550534248352 0
1731859316767 0.6208118200302124 0
1731859337095 0.6239233613014221 0
1731859357294 0.6168861389160156 0
1731859377614 0.614348292350769 0
1731859397845 0.6128234267234802 0
1731859418559 0.6168439388275146 0
1731859438793 0.6212785243988037 0
1731859459084 0.61810702085495 0
1731859479303 0.6228110194206238 0
1731859499654 0.6177892088890076 0
1731859519881 0.6174027323722839 0
1731859540221 0.6201306581497192 0
1731859560458 0.6169832944869995 0
1731859580816 0.6126893162727356 0
1731859601036 0.6166666150093079 0
1731859621429 0.6175995469093323 0
1731859641630 0.6194724440574646 0
1731859661979 0.6151673197746277 0
1731859682234 0.6166354417800903 0
1731859702978 0.6191209554672241 0
1731859723251 0.6146849393844604 0
1731859743617 0.6164240837097168 0
1731859763809 0.619706392288208 0
1731859784185 0.6209310293197632 0
1731859804463 0.6186572909355164 0
1731859824796 0.6250598430633545 0
1731859844978 0.6251761317253113 0
1731859865389 0.6185833215713501 0
1731859885619 0.6182268261909485 0
1731859905983 0.6220794320106506 0
1731859926186 0.6219553351402283 0
1731859946555 0.617741048336029 0
1731859966730 0.6165687441825867 0
1731859987112 0.6212506294250488 0
1731860007763 0.6218360066413879 0
1731860028170 0.61860591173172 0
1731860048399 0.6200695633888245 0
1731860068774 0.6196757555007935 0
1731860089015 0.6150904893875122 0
1731860109383 0.6217859983444214 0
1731860129649 0.6196046471595764 0
1731860150012 0.6223231554031372 0
1731860170247 0.6159735321998596 0
1731860190604 0.6225389838218689 0
1731860210834 0.6193755269050598 0
1731860231241 0.6169789433479309 0
1731860251465 0.6192584037780762 0
1731860271850 0.6177767515182495 0
1731860292060 0.6175574064254761 0
1731860312823 0.6160600185394287 0
1731860333049 0.6170841455459595 0
1731860353440 0.6179866194725037 0
1731860373686 0.6153764128684998 0
1731860394051 0.6180444955825806 0
1731860414298 0.6196824312210083 0
1731860434682 0.6167277097702026 0
1731860454941 0.6188144683837891 0
1731860475356 0.6182670593261719 0
1731860495609 0.6219397187232971 0
1731860516015 0.6228001713752747 0
1731860536266 0.6218848824501038 0
1731860556660 0.6177496910095215 0
1731860576899 0.6178122758865356 0
1731860597244 0.620809018611908 0
1731860617818 0.6213202476501465 0
1731860638177 0.6182165741920471 0
1731860658427 0.6170631051063538 0
1731860678861 0.6218653321266174 0
1731860699128 0.6200372576713562 0
1731860719495 0.617157518863678 0
1731860739756 0.6224448680877686 0
1731860760102 0.6187590956687927 0
1731860780396 0.6186025142669678 0
1731860800848 0.6172541379928589 0
1731860821102 0.6196163892745972 0
1731860841486 0.6210750341415405 0
1731860861759 0.6183226108551025 0
1731860882141 0.6209245920181274 0
1731860902405 0.6198482513427734 0
