1731856321991 25.209754943847656 0
1731856347267 27.3632755279541 0
1731856372810 27.895784378051758 0
1731856398567 27.833959579467773 0
1731856424205 27.186067581176758 0
1731856449871 27.409791946411133 0
1731856475471 28.293180465698242 0
1731856501157 29.126981735229492 0
1731856526774 28.53927993774414 0
1731856552695 28.799596786499023 0
1731856578462 29.056140899658203 0
1731856604425 28.472009658813477 0
1731856630249 28.788135528564453 0
1731856656304 28.178953170776367 0
1731856682003 28.772611618041992 0
1731856704852 28.575973510742188 0
1731856727737 27.992319107055664 0
1731856750648 29.521944046020508 0
1731856773585 28.877254486083984 0
1731856796533 28.697731018066406 0
1731856819553 28.48009490966797 0
1731856842530 28.936153411865234 0
1731856864401 29.346546173095703 0
1731856885715 28.451196670532227 0
1731856907192 28.548110961914062 0
1731856928716 29.37781524658203 0
1731856950237 28.511274337768555 0
1731856971638 29.03152084350586 0
1731856993139 28.76060676574707 0
1731857014620 29.024169921875 0
1731857035177 29.432796478271484 0
1731857055695 28.787073135375977 0
1731857076262 28.98974609375 0
1731857096892 29.00346565246582 0
1731857117447 29.594554901123047 0
1731857138033 29.17198371887207 0
1731857158583 29.077722549438477 0
1731857178602 30.158485412597656 0
1731857198625 29.67998695373535 0
1731857218462 29.126426696777344 0
1731857238505 30.061527252197266 0
1731857258444 29.742355346679688 0
1731857278482 29.296064376831055 0
1731857298421 29.82637596130371 0
1731857318863 29.76725196838379 0
1731857338773 29.34022331237793 0
1731857358871 28.721019744873047 0
1731857378789 29.584272384643555 0
1731857398867 28.763248443603516 0
1731857418842 29.397790908813477 0
1731857438949 29.126567840576172 0
1731857458913 29.797677993774414 0
1731857479036 29.116525650024414 0
1731857499012 29.705263137817383 0
1731857519110 29.30845832824707 0
1731857539038 29.15660858154297 0
1731857559156 29.58854866027832 0
1731857579081 29.563095092773438 0
1731857599174 30.041465759277344 0
1731857619444 29.74724769592285 0
1731857639626 29.971527099609375 0
1731857659618 29.687488555908203 0
1731857679746 29.501619338989258 0
1731857699696 29.718059539794922 0
1731857719864 29.481584548950195 0
1731857739839 30.391061782836914 0
1731857759987 29.505329132080078 0
1731857780018 29.600421905517578 0
1731857800177 29.63238525390625 0
1731857820164 30.159320831298828 0
1731857840321 30.6701602935791 0
1731857860362 28.7751522064209 0
1731857880524 29.60335350036621 0
1731857900557 30.295026779174805 0
1731857921142 29.6895809173584 0
1731857941175 29.744199752807617 0
1731857961355 29.422164916992188 0
1731857981417 30.35484504699707 0
1731858001639 30.1900577545166 0
1731858021637 29.51616668701172 0
1731858041846 29.44831085205078 0
1731858061879 29.81627082824707 0
1731858082082 29.93886375427246 0
1731858102164 30.454132080078125 0
1731858122368 31.002328872680664 0
1731858142421 29.855260848999023 0
1731858162631 30.090560913085938 0
1731858182716 30.555267333984375 0
1731858203572 30.021215438842773 0
1731858223667 30.30958366394043 0
1731858243890 30.840909957885742 0
1731858263974 30.47783088684082 0
1731858284189 29.773317337036133 0
1731858304294 30.509281158447266 0
1731858324522 30.337919235229492 0
1731858344581 30.165132522583008 0
1731858364819 30.75920867919922 0
1731858384946 29.59237289428711 0
1731858405212 30.389848709106445 0
1731858425314 30.23272132873535 0
1731858445583 30.378705978393555 0
1731858465755 30.34742546081543 0
1731858486055 30.281890869140625 0
1731858506609 30.26308250427246 0
1731858526856 30.366846084594727 0
1731858546994 29.960500717163086 0
1731858567279 30.227733612060547 0
1731858587418 31.07745361328125 0
1731858607688 29.913862228393555 0
1731858627852 30.122058868408203 0
1731858648170 30.63250160217285 0
1731858668316 30.163204193115234 0
1731858688557 30.649444580078125 0
1731858708727 30.823509216308594 0
1731858729041 30.786157608032227 0
1731858749201 30.62704849243164 0
1731858769491 29.697229385375977 0
1731858789672 29.955543518066406 0
1731858810315 30.453380584716797 0
1731858830424 31.349117279052734 0
1731858850730 30.950191497802734 0
1731858870897 30.98535919189453 0
1731858891236 30.482391357421875 0
1731858911376 31.508563995361328 0
1731858931715 30.99357795715332 0
1731858951869 30.49853515625 0
1731858972127 30.81913948059082 0
1731858992288 30.9145565032959 0
1731859012586 30.7123966217041 0
1731859032787 31.615175247192383 0
1731859053150 31.060070037841797 0
1731859073342 30.67878532409668 0
1731859093677 30.707508087158203 0
1731859114183 31.538789749145508 0
1731859134494 30.80144500732422 0
1731859154637 31.955900192260742 0
1731859174934 31.02890396118164 0
1731859195160 31.72604751586914 0
1731859215528 30.820377349853516 0
1731859235726 31.0583553314209 0
1731859256016 31.47925567626953 0
1731859276188 31.651323318481445 0
1731859296558 30.761943817138672 0
1731859316767 31.336984634399414 0
1731859337095 31.35255241394043 0
1731859357294 30.85381507873535 0
1731859377614 30.021482467651367 0
1731859397845 30.433305740356445 0
1731859418559 31.77518081665039 0
1731859438793 31.644760131835938 0
1731859459084 31.00402069091797 0
1731859479303 31.035873413085938 0
1731859499654 31.64771270751953 0
1731859519881 31.967876434326172 0
1731859540221 31.808502197265625 0
1731859560458 30.703121185302734 0
1731859580816 30.796796798706055 0
1731859601036 31.861236572265625 0
1731859621429 30.944515228271484 0
1731859641630 30.794857025146484 0
1731859661979 32.00858688354492 0
1731859682234 32.011817932128906 0
1731859702978 30.84666633605957 0
1731859723251 32.04146957397461 0
1731859743617 30.817148208618164 0
1731859763809 31.531963348388672 0
1731859784185 31.618133544921875 0
1731859804463 31.241914749145508 0
1731859824796 31.94727325439453 0
1731859844978 31.62925148010254 0
1731859865389 32.20852279663086 0
1731859885619 32.41352844238281 0
1731859905983 31.765018463134766 0
1731859926186 31.887104034423828 0
1731859946555 32.43241500854492 0
1731859966730 30.650352478027344 0
1731859987112 30.739212036132812 0
1731860007763 32.01102066040039 0
1731860028170 32.54597473144531 0
1731860048399 32.727874755859375 0
1731860068774 31.033422470092773 0
1731860089015 31.350982666015625 0
1731860109383 31.70134162902832 0
1731860129649 32.38142013549805 0
1731860150012 31.648372650146484 0
1731860170247 32.06901550292969 0
1731860190604 31.793926239013672 0
1731860210834 30.64663314819336 0
1731860231241 31.09808921813965 0
1731860251465 32.20015335083008 0
1731860271850 30.763694763183594 0
1731860292060 31.709941864013672 0
1731860312823 31.868831634521484 0
1731860333049 31.98772621154785 0
1731860353440 31.452592849731445 0
1731860373686 32.26900863647461 0
1731860394051 31.707942962646484 0
1731860414298 32.30574035644531 0
1731860434682 31.18385887145996 0
1731860454941 31.859926223754883 0
1731860475356 32.004722595214844 0
1731860495609 32.068214416503906 0
1731860516015 32.491268157958984 0
1731860536266 32.058258056640625 0
1731860556660 31.86139678955078 0
1731860576899 31.147794723510742 0
1731860597244 31.370689392089844 0
1731860617818 33.03168487548828 0
1731860638177 31.57729148864746 0
1731860658427 32.410457611083984 0
1731860678861 31.609783172607422 0
1731860699128 32.40904998779297 0
1731860719495 31.965286254882812 0
1731860739756 31.89697265625 0
1731860760102 32.58981704711914 0
1731860780396 31.588335037231445 0
1731860800848 32.16511917114258 0
1731860821102 32.279518127441406 0
1731860841486 32.118194580078125 0
1731860861759 32.83406448364258 0
1731860882141 31.73760414123535 0
1731860902405 31.6394100189209 0
