1731856322017 0.000678245269227773 0
1731856347278 0.0003467403003014624 0
1731856372813 0.0003162347129546106 0
1731856398569 0.00022146705305203795 0
1731856424207 0.000509475648868829 0
1731856449874 0.00033761202939786017 0
1731856475473 0.0003030511434189975 0
1731856501159 0.00019976255134679377 0
1731856526777 0.00024034277885220945 0
1731856552697 0.00023449106083717197 0
1731856578465 0.00017951379413716495 0
1731856604427 0.00022934767184779048 0
1731856630252 0.00029349373653531075 0
1731856656306 0.0003220115613657981 0
1731856682006 0.0002704147482290864 0
1731856704854 0.00021651294082403183 0
1731856727740 0.00029571878258138895 0
1731856750650 0.00020681390014942735 0
1731856773587 0.0003257832722738385 0
1731856796535 0.00024704186944290996 0
1731856819555 0.0002310238196514547 0
1731856842533 0.00028670241590589285 0
1731856864403 0.00021328515140339732 0
1731856885718 0.00024300899531226605 0
1731856907194 0.0002188830985687673 0
1731856928718 0.00023141213750932366 0
1731856950239 0.0002829853619914502 0
1731856971640 0.00027736937045119703 0
1731856993142 0.00016392934776376933 0
1731857014622 0.00022369445650838315 0
1731857035179 0.00021870264026802033 0
1731857055697 0.000316606747219339 0
1731857076264 0.00018656555039342493 0
1731857096895 0.00022307895414996892 0
1731857117449 0.00019654660718515515 0
1731857138035 0.0002372133021708578 0
1731857158585 0.00017401823424734175 0
1731857178605 0.00013969898282084614 0
1731857198628 0.00024431096971966326 0
1731857218464 0.00034832439268939197 0
1731857238507 0.00019734809757210314 0
1731857258446 0.0002711617271415889 0
1731857278484 0.00023001586669124663 0
1731857298424 0.00027106510242447257 0
1731857318866 0.00018729091971181333 0
1731857338775 0.00029536118381656706 0
1731857358874 0.00033527164487168193 0
1731857378791 0.00017418150673620403 0
1731857398870 0.00025333999656140804 0
1731857418844 0.0002773827000055462 0
1731857438951 0.0001798552693799138 0
1731857458916 0.00013889733236283064 0
1731857479038 0.00013137038331478834 0
1731857499014 0.00015647453255951405 0
1731857519112 0.00023630866780877113 0
1731857539040 0.00016219289682339877 0
1731857559159 9.629002306610346e-05 0
1731857579083 0.00018881192954722792 0
1731857599176 0.00011442200047895312 0
1731857619446 0.00014385861868504435 0
1731857639628 0.00030151940882205963 0
1731857659621 0.000207159377168864 0
1731857679748 0.00018079360597766936 0
1731857699699 0.00015892535157036036 0
1731857719866 0.00018022341828327626 0
1731857739841 0.00018607088713906705 0
1731857759989 0.00024734987528063357 0
1731857780020 0.00018524346523918211 0
1731857800179 0.00017320277402177453 0
1731857820167 0.00029922102112323046 0
1731857840323 0.00011599832214415073 0
1731857860365 0.00019076227908954024 0
1731857880526 0.00018713227473199368 0
1731857900560 0.00017962450510822237 0
1731857921144 0.00017574816592969 0
1731857941177 0.000146186284837313 0
1731857961358 0.00018723306129686534 0
1731857981419 0.0001486631517764181 0
1731858001641 0.00013530372234527022 0
1731858021640 0.00015019331476651132 0
1731858041848 0.0001396161096636206 0
1731858061882 0.00017781008500605822 0
1731858082085 0.00021131164976395667 0
1731858102166 0.00011769610136980191 0
1731858122370 0.00010958121856674552 0
1731858142423 0.00012964147026650608 0
1731858162633 0.00012904935283586383 0
1731858182718 8.68474380695261e-05 0
1731858203574 0.00010199956886935979 0
1731858223669 0.00010452105198055506 0
1731858243892 0.00011552192154340446 0
1731858263977 0.0001667782780714333 0
1731858284191 0.00014288831152953207 0
1731858304297 0.00010352027311455458 0
1731858324524 0.00013802573084831238 0
1731858344584 0.00014462691615335643 0
1731858364821 9.254569886252284e-05 0
1731858384948 0.00012078581494279206 0
1731858405215 9.716534259496257e-05 0
1731858425317 0.00014983931032475084 0
1731858445586 0.00011721900955308229 0
1731858465758 0.00011841677769552916 0
1731858486057 0.00014175899559631944 0
1731858506611 9.314336784882471e-05 0
1731858526858 0.00013710258645005524 0
1731858546996 0.00019504566444084048 0
1731858567281 8.366999099962413e-05 0
1731858587421 0.00012316013453528285 0
1731858607691 0.00016834257985465229 0
1731858627855 0.00012835946108680218 0
1731858648173 8.307536336360499e-05 0
1731858668318 0.00011300428013782948 0
1731858688559 9.453770326217636e-05 0
1731858708731 0.0001463729131501168 0
1731858729044 0.0001374829444102943 0
1731858749204 0.0001408170210197568 0
1731858769493 0.00014022189134266227 0
1731858789675 0.00022532657021656632 0
1731858810318 8.694389543961734e-05 0
1731858830426 9.079017036128789e-05 0
1731858850733 0.00010086520342156291 0
1731858870899 0.00014529743930324912 0
1731858891238 0.00014508230378851295 0
1731858911399 8.649582741782069e-05 0
1731858931717 8.14105587778613e-05 0
1731858951872 9.941709140548483e-05 0
1731858972129 0.00013392846449278295 0
1731858992291 0.00012785615399479866 0
1731859012589 0.00013570219743996859 0
1731859032789 7.30758038116619e-05 0
1731859053152 0.00012368799070827663 0
1731859073344 8.440772944595665e-05 0
1731859093679 0.00010578144429018721 0
1731859114185 7.834417192498222e-05 0
1731859134496 9.697067434899509e-05 0
1731859154640 8.625171903986484e-05 0
1731859174936 0.00010197610390605405 0
1731859195163 0.00010899879271164536 0
1731859215530 9.159553883364424e-05 0
1731859235728 6.743950507370755e-05 0
1731859256019 9.788034367375076e-05 0
1731859276191 8.595154213253409e-05 0
1731859296561 0.0001200077313114889 0
1731859316769 8.81372980074957e-05 0
1731859337097 9.96819871943444e-05 0
1731859357297 8.83038155734539e-05 0
1731859377616 0.00010654119978426024 0
1731859397848 9.123524068854749e-05 0
1731859418562 9.045080514624715e-05 0
1731859438795 0.00013158476212993264 0
1731859459086 0.00012344121932983398 0
1731859479305 7.054195157252252e-05 0
1731859499657 8.386959962081164e-05 0
1731859519883 7.87023309385404e-05 0
1731859540223 8.493852510582656e-05 0
1731859560461 9.664979734225199e-05 0
1731859580818 0.00010244028817396611 0
1731859601038 6.607262184843421e-05 0
1731859621431 9.662417869549245e-05 0
1731859641633 8.619404979981482e-05 0
1731859661982 6.874076643725857e-05 0
1731859682237 8.239682938437909e-05 0
1731859702981 8.50789510877803e-05 0
1731859723254 8.655534475110471e-05 0
1731859743619 6.775033398298547e-05 0
1731859763812 8.742272621020675e-05 0
1731859784187 9.131162369158119e-05 0
1731859804466 8.51541553856805e-05 0
1731859824798 9.411068458575755e-05 0
1731859844980 9.940166637534276e-05 0
1731859865392 6.461497105192393e-05 0
1731859885621 7.204897701740265e-05 0
1731859905986 8.590179641032591e-05 0
1731859926188 8.940178668126464e-05 0
1731859946558 8.947995956987143e-05 0
1731859966732 6.870663492009044e-05 0
1731859987114 9.120080358115956e-05 0
1731860007765 6.457782728830352e-05 0
1731860028172 8.507121674483642e-05 0
1731860048402 5.703262286260724e-05 0
1731860068777 8.645541674923152e-05 0
1731860089017 7.579817611258477e-05 0
1731860109386 6.979652971494943e-05 0
1731860129651 8.737310417927802e-05 0
1731860150015 7.959644426591694e-05 0
1731860170249 8.909906318876892e-05 0
1731860190606 6.524358468595892e-05 0
1731860210837 7.43908021831885e-05 0
1731860231243 7.561621896456927e-05 0
1731860251467 7.298388663912192e-05 0
1731860271852 0.00011372652079444379 0
1731860292063 8.146659092744812e-05 0
1731860312825 7.461910718120635e-05 0
1731860333052 7.743941387161613e-05 0
1731860353442 7.383042247965932e-05 0
1731860373688 7.722381997155026e-05 0
1731860394053 8.077159873209894e-05 0
1731860414300 7.439831097144634e-05 0
1731860434684 8.358278137166053e-05 0
1731860454943 6.955239223316312e-05 0
1731860475359 6.753104389645159e-05 0
1731860495611 6.853193190181628e-05 0
1731860516017 8.243620686698705e-05 0
1731860536268 6.305558781605214e-05 0
1731860556663 5.2236049668863416e-05 0
1731860576901 6.900069274706766e-05 0
1731860597247 6.519840826513246e-05 0
1731860617820 6.150985427666456e-05 0
1731860638185 7.981578528415412e-05 0
1731860658429 6.955716526135802e-05 0
1731860678863 0.00010193836351390928 0
1731860699131 7.147531141526997e-05 0
1731860719497 5.977569890092127e-05 0
1731860739758 6.913808465469629e-05 0
1731860760105 5.2744842832908034e-05 0
1731860780398 8.282368071377277e-05 0
1731860800851 6.517369183711708e-05 0
1731860821104 6.032764940755442e-05 0
1731860841489 6.465559272328392e-05 0
1731860861761 7.07591389073059e-05 0
1731860882143 6.642317748628557e-05 0
1731860902407 6.800011760788038e-05 0
