1731856345959 1.284975528717041 0
1731856365298 1.3086087703704834 0
1731856384457 1.4613763093948364 0
1731856403673 1.2145955562591553 0
1731856422831 1.0988248586654663 0
1731856442078 1.1041816473007202 0
1731856461239 0.9788563251495361 0
1731856480497 0.9965598583221436 0
1731856499677 1.0136502981185913 0
1731856518906 0.9776844382286072 0
1731856538067 1.0795484781265259 0
1731856557311 1.1653505563735962 0
1731856576447 1.1085269451141357 0
1731856595716 1.0781680345535278 0
1731856614784 1.1056033372879028 0
1731856631810 1.1077117919921875 0
1731856648848 1.0291249752044678 0
1731856665881 1.0835806131362915 0
1731856682908 1.0049757957458496 0
1731856699940 1.023157000541687 0
1731856716981 1.0615984201431274 0
1731856733987 1.0720733404159546 0
1731856750256 1.1340750455856323 0
1731856766125 1.0065093040466309 0
1731856782101 1.069818377494812 0
1731856798066 1.0645643472671509 0
1731856814048 0.9813058376312256 0
1731856829910 1.047904133796692 0
1731856845888 1.0952372550964355 0
1731856861915 1.0249598026275635 0
1731856877218 1.1550228595733643 0
1731856892508 1.1080530881881714 0
1731856907813 1.055712342262268 0
1731856923112 1.1012420654296875 0
1731856938404 1.0177563428878784 0
1731856953714 1.0012651681900024 0
1731856969011 1.1798008680343628 0
1731856983936 1.0766469240188599 0
1731856998822 1.1014552116394043 0
1731857013647 1.1872906684875488 0
1731857028570 0.9584044218063354 0
1731857043389 1.133891224861145 0
1731857058294 1.0415910482406616 0
1731857073098 1.022618055343628 0
1731857088395 1.0278608798980713 0
1731857103219 1.0687692165374756 0
1731857118130 1.1130201816558838 0
1731857132932 1.0502842664718628 0
1731857147827 1.0059425830841064 0
1731857162631 1.109877586364746 0
1731857177543 1.1333012580871582 0
1731857192373 1.105628490447998 0
1731857207273 1.0620464086532593 0
1731857222101 1.1520799398422241 0
1731857237012 0.9864758253097534 0
1731857251882 1.0915429592132568 0
1731857266789 1.1290339231491089 0
1731857281617 1.111182451248169 0
1731857296527 1.0232840776443481 0
1731857311703 1.082560658454895 0
1731857326603 1.0896319150924683 0
1731857341414 1.0339263677597046 0
1731857356320 1.1173508167266846 0
1731857371112 1.0613768100738525 0
1731857386004 1.0803380012512207 0
1731857400809 1.1794804334640503 0
1731857415717 1.0597517490386963 0
1731857430496 1.0432578325271606 0
1731857445379 1.0393917560577393 0
1731857460187 1.0815458297729492 0
1731857475061 1.1563102006912231 0
1731857489831 1.0608898401260376 0
1731857504708 1.0591521263122559 0
1731857519481 1.0198241472244263 0
1731857534687 1.1444728374481201 0
1731857549443 1.1281288862228394 0
1731857564327 1.1032023429870605 0
1731857579087 1.1541266441345215 0
1731857593965 1.157310128211975 0
1731857608734 1.0979114770889282 0
1731857623593 1.148918628692627 0
1731857638367 1.16135573387146 0
1731857653254 1.1027328968048096 0
1731857668016 1.0789541006088257 0
1731857682877 1.0726104974746704 0
1731857697637 1.1182992458343506 0
1731857712516 1.1232788562774658 0
1731857727281 1.0529712438583374 0
1731857742478 1.0513923168182373 0
1731857757245 1.0608813762664795 0
1731857772097 1.1065682172775269 0
1731857786864 1.028908610343933 0
1731857801743 1.0124051570892334 0
1731857816510 1.1435829401016235 0
1731857831373 1.08945894241333 0
1731857846121 1.15767240524292 0
1731857860984 1.0432966947555542 0
1731857875744 1.068665862083435 0
1731857890606 1.0308412313461304 0
1731857905358 1.103983998298645 0
1731857920209 1.0752357244491577 0
1731857934955 1.1185733079910278 0
1731857949807 1.032764196395874 0
1731857964945 1.060451626777649 0
1731857979790 1.0653834342956543 0
1731857994545 1.061387300491333 0
1731858009383 1.070304036140442 0
1731858024130 1.0432674884796143 0
1731858038990 0.9653297066688538 0
1731858053719 1.1149009466171265 0
1731858068571 1.0358620882034302 0
1731858083316 1.034178376197815 0
1731858098153 1.051574945449829 0
1731858112900 1.0016731023788452 0
1731858127731 1.1102745532989502 0
1731858142459 1.137218713760376 0
1731858157304 1.0572221279144287 0
1731858172051 1.051156759262085 0
1731858187219 1.0848523378372192 0
1731858201971 1.062520980834961 0
1731858216799 1.085357666015625 0
1731858231530 1.1099860668182373 0
1731858246383 1.054640293121338 0
1731858261140 1.0631680488586426 0
1731858275969 1.0574594736099243 0
1731858290706 1.0823960304260254 0
1731858305535 1.153396487236023 0
1731858320278 1.0929052829742432 0
1731858335104 1.0239163637161255 0
1731858349861 1.0675424337387085 0
1731858364691 1.0965884923934937 0
1731858379415 1.0736074447631836 0
1731858394239 1.1087466478347778 0
1731858409321 1.1123242378234863 0
1731858424165 1.0738085508346558 0
1731858438889 1.060628056526184 0
1731858453740 1.1035219430923462 0
1731858468471 1.0754492282867432 0
1731858483319 1.0727893114089966 0
1731858498050 1.0671647787094116 0
1731858512892 1.1035199165344238 0
1731858527626 1.0828447341918945 0
1731858542447 1.088267207145691 0
1731858557184 1.0767284631729126 0
1731858572020 1.092638373374939 0
1731858586749 1.1757277250289917 0
1731858601576 1.096516489982605 0
1731858616333 1.0776513814926147 0
1731858631544 1.0324593782424927 0
1731858646263 1.0932607650756836 0
1731858661088 1.0596975088119507 0
1731858675813 1.0761445760726929 0
1731858690638 1.080731987953186 0
1731858705364 1.0552572011947632 0
1731858720206 1.1054434776306152 0
1731858734935 1.0775939226150513 0
1731858749751 1.117208480834961 0
1731858764492 1.1170954704284668 0
1731858779313 1.0665189027786255 0
1731858794047 1.0902457237243652 0
1731858808854 1.0795942544937134 0
1731858823586 1.0404964685440063 0
1731858838759 1.122070074081421 0
1731858853502 1.0576516389846802 0
1731858868320 1.0620429515838623 0
1731858883051 1.0741767883300781 0
1731858897872 1.047358512878418 0
1731858912615 1.1095024347305298 0
1731858927434 1.113711953163147 0
1731858942190 1.062288522720337 0
1731858957023 1.0867527723312378 0
1731858971740 1.0610456466674805 0
1731858986560 1.0771275758743286 0
1731859001290 1.0464869737625122 0
1731859016116 1.1384482383728027 0
1731859030863 1.1009935140609741 0
1731859045670 1.1176092624664307 0
1731859060771 1.0825494527816772 0
1731859075577 1.0977261066436768 0
1731859090313 1.072390079498291 0
1731859105128 1.0929205417633057 0
1731859119851 1.081550121307373 0
1731859134673 1.0933594703674316 0
1731859149399 1.0942366123199463 0
1731859164219 1.0813809633255005 0
1731859178937 1.113390326499939 0
1731859193746 1.1042743921279907 0
1731859208486 1.077309012413025 0
1731859223293 1.0953218936920166 0
1731859238010 1.0829285383224487 0
1731859252826 1.1150856018066406 0
1731859267550 1.078413724899292 0
1731859282728 1.0487667322158813 0
1731859297454 1.0542776584625244 0
1731859312276 1.0567901134490967 0
1731859326999 1.0601798295974731 0
1731859341823 1.1026225090026855 0
1731859356548 1.0957000255584717 0
1731859371368 1.0885224342346191 0
1731859386107 1.1098281145095825 0
1731859400924 1.0633063316345215 0
1731859415639 1.0705467462539673 0
1731859430466 1.0614466667175293 0
1731859445177 1.0891233682632446 0
1731859459992 1.0811688899993896 0
1731859474719 1.077887773513794 0
1731859489552 1.0772160291671753 0
1731859504630 1.0792688131332397 0
1731859519455 1.079123616218567 0
1731859534171 1.079217553138733 0
1731859548976 1.0740728378295898 0
1731859563700 1.0280534029006958 0
1731859578521 1.0807095766067505 0
1731859593259 1.0418730974197388 0
1731859608061 1.0853358507156372 0
1731859622800 1.0809108018875122 0
1731859637613 1.0908100605010986 0
1731859652348 1.0666837692260742 0
1731859667166 1.106648564338684 0
1731859681883 1.0938588380813599 0
1731859696683 1.0923510789871216 0
1731859711399 1.0854716300964355 0
