1731856345959 0.01798413135111332 0
1731856365298 0.014464096166193485 0
1731856384457 0.013231680728495121 0
1731856403673 0.012587489560246468 0
1731856422831 0.012364440597593784 0
1731856442078 0.012685712426900864 0
1731856461239 0.012878045439720154 0
1731856480497 0.01318427361547947 0
1731856499677 0.012599832378327847 0
1731856518906 0.013179030269384384 0
1731856538067 0.012983744964003563 0
1731856557311 0.013848314061760902 0
1731856576447 0.013943665660917759 0
1731856595716 0.014011465944349766 0
1731856614784 0.014320002868771553 0
1731856631810 0.014175253920257092 0
1731856648848 0.014239293523132801 0
1731856665881 0.014215053990483284 0
1731856682908 0.014263108372688293 0
1731856699940 0.014674169942736626 0
1731856716981 0.014709005132317543 0
1731856733987 0.015067140571773052 0
1731856750256 0.014730355702340603 0
1731856766125 0.015154662542045116 0
1731856782101 0.014815222471952438 0
1731856798066 0.015061472542583942 0
1731856814048 0.015391208231449127 0
1731856829910 0.015567743219435215 0
1731856845888 0.015167473815381527 0
1731856861915 0.015362951904535294 0
1731856877218 0.01549137569963932 0
1731856892508 0.015043039806187153 0
1731856907813 0.015468536876142025 0
1731856923112 0.015364125370979309 0
1731856938404 0.015676653012633324 0
1731856953714 0.015375628136098385 0
1731856969011 0.015738097950816154 0
1731856983936 0.015306857414543629 0
1731856998822 0.015573202632367611 0
1731857013647 0.015590788796544075 0
1731857028570 0.015846196562051773 0
1731857043389 0.015778815373778343 0
1731857058294 0.015961123630404472 0
1731857073098 0.015660928562283516 0
1731857088395 0.015909487381577492 0
1731857103219 0.015858471393585205 0
1731857118130 0.016068020835518837 0
1731857132932 0.01605391688644886 0
1731857147827 0.015873432159423828 0
1731857162631 0.016149822622537613 0
1731857177543 0.016013288870453835 0
1731857192373 0.016069406643509865 0
1731857207273 0.015947915613651276 0
1731857222101 0.01610957458615303 0
1731857237012 0.015986070036888123 0
1731857251882 0.016045650467276573 0
1731857266789 0.01605633832514286 0
1731857281617 0.01641942374408245 0
1731857296527 0.01589028723537922 0
1731857311703 0.016201484948396683 0
1731857326603 0.016195036470890045 0
1731857341414 0.01627826876938343 0
1731857356320 0.016287412494421005 0
1731857371112 0.01674395054578781 0
1731857386004 0.016718178987503052 0
1731857400809 0.016331112012267113 0
1731857415717 0.01616406999528408 0
1731857430496 0.016208427026867867 0
1731857445379 0.01637696847319603 0
1731857460187 0.016337204724550247 0
1731857475061 0.016693536192178726 0
1731857489831 0.016500525176525116 0
1731857504708 0.016570383682847023 0
1731857519481 0.01684703305363655 0
1731857534687 0.016527345404028893 0
1731857549443 0.01650428958237171 0
1731857564327 0.01649840734899044 0
1731857579087 0.016575394198298454 0
1731857593965 0.016425039619207382 0
1731857608734 0.016305308789014816 0
1731857623593 0.016686562448740005 0
1731857638367 0.016775742173194885 0
1731857653254 0.016498779878020287 0
1731857668016 0.016601882874965668 0
1731857682877 0.016480449587106705 0
1731857697637 0.016607994213700294 0
1731857712516 0.016733389347791672 0
1731857727281 0.016722233965992928 0
1731857742478 0.016550211235880852 0
1731857757245 0.01656232587993145 0
1731857772097 0.01661057025194168 0
1731857786864 0.016637330874800682 0
1731857801743 0.01666145958006382 0
1731857816510 0.01660109870135784 0
1731857831373 0.01663968525826931 0
1731857846121 0.016706837341189384 0
1731857860984 0.016674650833010674 0
1731857875744 0.01695181243121624 0
1731857890606 0.016853783279657364 0
1731857905358 0.016761014237999916 0
1731857920209 0.016895223408937454 0
1731857934955 0.016981767490506172 0
1731857949807 0.016850993037223816 0
1731857964945 0.016925644129514694 0
1731857979790 0.01694398559629917 0
1731857994545 0.01713484711945057 0
1731858009383 0.016817105934023857 0
1731858024130 0.016893357038497925 0
1731858038990 0.016981659457087517 0
1731858053719 0.017137331888079643 0
1731858068571 0.01705753058195114 0
1731858083316 0.016966888681054115 0
1731858098153 0.01701556332409382 0
1731858112900 0.017123889178037643 0
1731858127731 0.016789549961686134 0
1731858142459 0.016815848648548126 0
1731858157304 0.017004825174808502 0
1731858172051 0.016892477869987488 0
1731858187219 0.01691756211221218 0
1731858201971 0.016996055841445923 0
1731858216799 0.01710238680243492 0
1731858231530 0.017040422186255455 0
1731858246383 0.016916589811444283 0
1731858261140 0.017072774469852448 0
1731858275969 0.017078055068850517 0
1731858290706 0.017083443701267242 0
1731858305535 0.017089081928133965 0
1731858320278 0.016913816332817078 0
1731858335104 0.01700710691511631 0
1731858349861 0.01693718507885933 0
1731858364691 0.017051000148057938 0
1731858379415 0.017131583765149117 0
1731858394239 0.017161782830953598 0
1731858409321 0.017066486179828644 0
1731858424165 0.0171480942517519 0
1731858438889 0.01710444502532482 0
1731858453740 0.017105065286159515 0
1731858468471 0.017150476574897766 0
1731858483319 0.01707279123365879 0
1731858498050 0.017118291929364204 0
1731858512892 0.01726701110601425 0
1731858527626 0.017052778974175453 0
1731858542447 0.01712855137884617 0
1731858557184 0.01722169667482376 0
1731858572020 0.017089376226067543 0
1731858586749 0.017150459811091423 0
1731858601576 0.017179984599351883 0
1731858616333 0.017213869839906693 0
1731858631544 0.017145391553640366 0
1731858646263 0.017315011471509933 0
1731858661088 0.017380762845277786 0
1731858675813 0.017137298360466957 0
1731858690638 0.017266981303691864 0
1731858705364 0.01716102659702301 0
1731858720206 0.01714531145989895 0
1731858734935 0.017390334978699684 0
1731858749751 0.01730360835790634 0
1731858764492 0.017330102622509003 0
1731858779313 0.017350006848573685 0
1731858794047 0.017374541610479355 0
1731858808854 0.017161721363663673 0
1731858823586 0.017244018614292145 0
1731858838759 0.01738525740802288 0
1731858853502 0.01734197326004505 0
1731858868320 0.01736869290471077 0
1731858883051 0.017329812049865723 0
1731858897872 0.017308568581938744 0
1731858912615 0.017283333465456963 0
1731858927434 0.017278021201491356 0
1731858942190 0.017213456332683563 0
1731858957023 0.017247917130589485 0
1731858971740 0.017271175980567932 0
1731858986560 0.017309924587607384 0
1731859001290 0.017373856157064438 0
1731859016116 0.01736532337963581 0
1731859030863 0.017301009967923164 0
1731859045670 0.017351511865854263 0
1731859060771 0.017392447218298912 0
1731859075577 0.017358766868710518 0
1731859090313 0.017382755875587463 0
1731859105128 0.017297275364398956 0
1731859119851 0.017489254474639893 0
1731859134673 0.01743476651608944 0
1731859149399 0.01748199202120304 0
1731859164219 0.01740979216992855 0
1731859178937 0.01747714914381504 0
1731859193746 0.017441222444176674 0
1731859208486 0.017472343519330025 0
1731859223293 0.01744629070162773 0
1731859238010 0.01747821271419525 0
1731859252826 0.017369933426380157 0
1731859267550 0.0174285676330328 0
1731859282728 0.017404543235898018 0
1731859297454 0.017368920147418976 0
1731859312276 0.017413422465324402 0
1731859326999 0.01754409447312355 0
1731859341823 0.017499379813671112 0
1731859356548 0.01757340505719185 0
1731859371368 0.017407726496458054 0
1731859386107 0.017532318830490112 0
1731859400924 0.017415396869182587 0
1731859415639 0.017457883805036545 0
1731859430466 0.017470190301537514 0
1731859445177 0.017394131049513817 0
1731859459992 0.017433863133192062 0
1731859474719 0.01744636334478855 0
1731859489552 0.017469262704253197 0
1731859504630 0.017468968406319618 0
1731859519455 0.01740850880742073 0
1731859534171 0.01736600138247013 0
1731859548976 0.017411205917596817 0
1731859563700 0.01738419197499752 0
1731859578521 0.017380952835083008 0
1731859593259 0.017478473484516144 0
1731859608061 0.01748596876859665 0
1731859622800 0.017364874482154846 0
1731859637613 0.01742444559931755 0
1731859652348 0.0175184216350317 0
1731859667166 0.017416810616850853 0
1731859681883 0.017446409910917282 0
1731859696683 0.017489757388830185 0
1731859711399 0.01746220514178276 0
