1731856345959 0.2550208568572998 0
1731856365298 0.17364272475242615 0
1731856384457 0.1390436887741089 0
1731856403673 0.12078070640563965 0
1731856422831 0.11188329756259918 0
1731856442078 0.10475057363510132 0
1731856461239 0.09724119305610657 0
1731856480497 0.09604647755622864 0
1731856499677 0.09175490587949753 0
1731856518906 0.09028971195220947 0
1731856538067 0.08838269114494324 0
1731856557311 0.08717687427997589 0
1731856576447 0.08282633125782013 0
1731856595716 0.0860973447561264 0
1731856614784 0.08255736529827118 0
1731856631810 0.08059436827898026 0
1731856648848 0.07739536464214325 0
1731856665881 0.07713668048381805 0
1731856682908 0.07787579298019409 0
1731856699940 0.07617660611867905 0
1731856716981 0.07496121525764465 0
1731856733987 0.07826347649097443 0
1731856750256 0.07337550818920135 0
1731856766125 0.07419021427631378 0
1731856782101 0.07553967833518982 0
1731856798066 0.0709029883146286 0
1731856814048 0.0734800472855568 0
1731856829910 0.07250001281499863 0
1731856845888 0.07110770046710968 0
1731856861915 0.07264412939548492 0
1731856877218 0.07251250743865967 0
1731856892508 0.06772863864898682 0
1731856907813 0.07065039873123169 0
1731856923112 0.06694212555885315 0
1731856938404 0.06941543519496918 0
1731856953714 0.06787915527820587 0
1731856969011 0.06953638792037964 0
1731856983936 0.06783846020698547 0
1731856998822 0.06834843754768372 0
1731857013647 0.06727170199155807 0
1731857028570 0.06629151105880737 0
1731857043389 0.06486500054597855 0
1731857058294 0.06475714594125748 0
1731857073098 0.06378235667943954 0
1731857088395 0.06470353156328201 0
1731857103219 0.06336197257041931 0
1731857118130 0.06380988657474518 0
1731857132932 0.06328551471233368 0
1731857147827 0.062345556914806366 0
1731857162631 0.06360891461372375 0
1731857177543 0.06449099630117416 0
1731857192373 0.06364190578460693 0
1731857207273 0.06455940753221512 0
1731857222101 0.06031905114650726 0
1731857237012 0.06110493838787079 0
1731857251882 0.06297376751899719 0
1731857266789 0.0618802085518837 0
1731857281617 0.06213560700416565 0
1731857296527 0.06254138052463531 0
1731857311703 0.06088363751769066 0
1731857326603 0.06037400662899017 0
1731857341414 0.05965254828333855 0
1731857356320 0.06031304970383644 0
1731857371112 0.060452722012996674 0
1731857386004 0.05851227045059204 0
1731857400809 0.059066955000162125 0
1731857415717 0.05904970318078995 0
1731857430496 0.05802740901708603 0
1731857445379 0.057326629757881165 0
1731857460187 0.05820181593298912 0
1731857475061 0.05777715519070625 0
1731857489831 0.0564267635345459 0
1731857504708 0.05560068041086197 0
1731857519481 0.05509387329220772 0
1731857534687 0.05779510736465454 0
1731857549443 0.056774649769067764 0
1731857564327 0.05714918673038483 0
1731857579087 0.05557118356227875 0
1731857593965 0.05510270595550537 0
1731857608734 0.05379442870616913 0
1731857623593 0.05280584841966629 0
1731857638367 0.053023822605609894 0
1731857653254 0.05352138727903366 0
1731857668016 0.05313221365213394 0
1731857682877 0.052500467747449875 0
1731857697637 0.0524437353014946 0
1731857712516 0.05127137526869774 0
1731857727281 0.05211079120635986 0
1731857742478 0.051066964864730835 0
1731857757245 0.05069143697619438 0
1731857772097 0.05087944120168686 0
1731857786864 0.05247265100479126 0
1731857801743 0.05111953616142273 0
1731857816510 0.051597148180007935 0
1731857831373 0.04992794990539551 0
1731857846121 0.04904698580503464 0
1731857860984 0.04884311929345131 0
1731857875744 0.05022849887609482 0
1731857890606 0.050951503217220306 0
1731857905358 0.048168666660785675 0
1731857920209 0.05073412507772446 0
1731857934955 0.04989025369286537 0
1731857949807 0.0475861132144928 0
1731857964945 0.048191849142313004 0
1731857979790 0.049165986478328705 0
1731857994545 0.04785502701997757 0
1731858009383 0.046800609678030014 0
1731858024130 0.04726194962859154 0
1731858038990 0.047714125365018845 0
1731858053719 0.04877031221985817 0
1731858068571 0.04763660207390785 0
1731858083316 0.046850189566612244 0
1731858098153 0.047260262072086334 0
1731858112900 0.046052634716033936 0
1731858127731 0.0458947978913784 0
1731858142459 0.04614453762769699 0
1731858157304 0.04646333307027817 0
1731858172051 0.04572383686900139 0
1731858187219 0.044987455010414124 0
1731858201971 0.045153141021728516 0
1731858216799 0.04484429582953453 0
1731858231530 0.04708658158779144 0
1731858246383 0.044078096747398376 0
1731858261140 0.04467522352933884 0
1731858275969 0.04550801217556 0
1731858290706 0.0439552366733551 0
1731858305535 0.0443108007311821 0
1731858320278 0.04412289708852768 0
1731858335104 0.04208808019757271 0
1731858349861 0.044598355889320374 0
1731858364691 0.043656833469867706 0
1731858379415 0.04340843856334686 0
1731858394239 0.04279195889830589 0
1731858409321 0.04305747151374817 0
1731858424165 0.04378340393304825 0
1731858438889 0.042392224073410034 0
1731858453740 0.04395228624343872 0
1731858468471 0.0426313616335392 0
1731858483319 0.042026739567518234 0
1731858498050 0.04138391464948654 0
1731858512892 0.04070520028471947 0
1731858527626 0.04302990436553955 0
1731858542447 0.042538516223430634 0
1731858557184 0.0423111692070961 0
1731858572020 0.0415315106511116 0
1731858586749 0.04233302175998688 0
1731858601576 0.0411098375916481 0
1731858616333 0.042025014758110046 0
1731858631544 0.04020100459456444 0
1731858646263 0.04277294874191284 0
1731858661088 0.04196823760867119 0
1731858675813 0.040647611021995544 0
1731858690638 0.041387736797332764 0
1731858705364 0.0411093533039093 0
1731858720206 0.04271543398499489 0
1731858734935 0.040700655430555344 0
1731858749751 0.04035169258713722 0
1731858764492 0.04065937548875809 0
1731858779313 0.040500134229660034 0
1731858794047 0.04163163900375366 0
1731858808854 0.041256777942180634 0
1731858823586 0.04121430218219757 0
1731858838759 0.03990279138088226 0
1731858853502 0.03918619081377983 0
1731858868320 0.04055815935134888 0
1731858883051 0.040832288563251495 0
1731858897872 0.04149123281240463 0
1731858912615 0.04024022817611694 0
1731858927434 0.039544932544231415 0
1731858942190 0.040529634803533554 0
1731858957023 0.04032522812485695 0
1731858971740 0.0397191122174263 0
1731858986560 0.039831988513469696 0
1731859001290 0.039507485926151276 0
1731859016116 0.039155587553977966 0
1731859030863 0.040102265775203705 0
1731859045670 0.038824412971735 0
1731859060771 0.040233712643384933 0
1731859075577 0.0402032695710659 0
1731859090313 0.03997121378779411 0
1731859105128 0.040367767214775085 0
1731859119851 0.0398416668176651 0
1731859134673 0.03756236284971237 0
1731859149399 0.03938832879066467 0
1731859164219 0.038184989243745804 0
1731859178937 0.039433807134628296 0
1731859193746 0.038738083094358444 0
1731859208486 0.038709454238414764 0
1731859223293 0.03858088701963425 0
1731859238010 0.038640644401311874 0
1731859252826 0.03957945853471756 0
1731859267550 0.03867784142494202 0
1731859282728 0.038058530539274216 0
1731859297454 0.037854790687561035 0
1731859312276 0.03821782022714615 0
1731859326999 0.03813779354095459 0
1731859341823 0.038203295320272446 0
1731859356548 0.036623015999794006 0
1731859371368 0.03830781579017639 0
1731859386107 0.039014093577861786 0
1731859400924 0.037346236407756805 0
1731859415639 0.038580503314733505 0
1731859430466 0.0386606864631176 0
1731859445177 0.03800792992115021 0
1731859459992 0.03792140260338783 0
1731859474719 0.03743055462837219 0
1731859489552 0.037156496196985245 0
1731859504630 0.03669261187314987 0
1731859519455 0.037356186658144 0
1731859534171 0.03843499720096588 0
1731859548976 0.03860766440629959 0
1731859563700 0.03642997145652771 0
1731859578521 0.038439106196165085 0
1731859593259 0.037077002227306366 0
1731859608061 0.03723093867301941 0
1731859622800 0.03748408704996109 0
1731859637613 0.03747542202472687 0
1731859652348 0.03749977424740791 0
1731859667166 0.038537003099918365 0
1731859681883 0.03711975738406181 0
1731859696683 0.037377119064331055 0
1731859711399 0.03612375259399414 0
