1731856345963 0.009682789444923401 0
1731856365302 0.00820673443377018 0
1731856384460 0.005848339758813381 0
1731856403675 0.0057497709058225155 0
1731856422834 0.004766487050801516 0
1731856442080 0.005207225680351257 0
1731856461241 0.0045005991123616695 0
1731856480499 0.0049880873411893845 0
1731856499679 0.004310409538447857 0
1731856518908 0.004039781168103218 0
1731856538069 0.0038546151481568813 0
1731856557313 0.003947795834392309 0
1731856576449 0.0030324645340442657 0
1731856595719 0.0036670572590082884 0
1731856614787 0.004634425044059753 0
1731856631812 0.0038580854889005423 0
1731856648851 0.004277510102838278 0
1731856665883 0.0036682195495814085 0
1731856682910 0.00348788034170866 0
1731856699942 0.0036292094737291336 0
1731856716983 0.0037016994319856167 0
1731856733989 0.003219960257411003 0
1731856750259 0.003655423875898123 0
1731856766127 0.0033528669737279415 0
1731856782104 0.00361258490011096 0
1731856798068 0.0034448462538421154 0
1731856814050 0.003531341440975666 0
1731856829912 0.003432520432397723 0
1731856845891 0.0031597106717526913 0
1731856861917 0.00365996896289289 0
1731856877220 0.0035878047347068787 0
1731856892510 0.003614235669374466 0
1731856907816 0.0031217876821756363 0
1731856923114 0.0029894232284277678 0
1731856938406 0.0027046415489166975 0
1731856953716 0.002836821600794792 0
1731856969013 0.0028381533920764923 0
1731856983939 0.003003711812198162 0
1731856998824 0.003393376711755991 0
1731857013649 0.0031030643731355667 0
1731857028572 0.0026526101864874363 0
1731857043391 0.003327164798974991 0
1731857058296 0.0029411143623292446 0
1731857073100 0.003342225681990385 0
1731857088397 0.0028376735281199217 0
1731857103222 0.0028105496894568205 0
1731857118132 0.0025894001591950655 0
1731857132934 0.002787512494251132 0
1731857147829 0.002767471130937338 0
1731857162633 0.002569122239947319 0
1731857177546 0.002642409410327673 0
1731857192375 0.0026146932505071163 0
1731857207275 0.0029206867329776287 0
1731857222103 0.0031717121601104736 0
1731857237051 0.002462742617353797 0
1731857251884 0.0029435325413942337 0
1731857266791 0.002545763971284032 0
1731857281620 0.0024500410072505474 0
1731857296529 0.003047393634915352 0
1731857311705 0.0024326499551534653 0
1731857326605 0.0022181484382599592 0
1731857341416 0.0020209685899317265 0
1731857356323 0.002656773431226611 0
1731857371114 0.0023989209439605474 0
1731857386006 0.0026689665392041206 0
1731857400811 0.002188584301620722 0
1731857415720 0.00270741805434227 0
1731857430498 0.002594258636236191 0
1731857445381 0.002014386234804988 0
1731857460189 0.0026859380304813385 0
1731857475064 0.002569621428847313 0
1731857489833 0.0021542003378272057 0
1731857504710 0.002250948455184698 0
1731857519483 0.002306510228663683 0
1731857534689 0.0025136349722743034 0
1731857549446 0.0025538175832480192 0
1731857564329 0.00247099157422781 0
1731857579089 0.0021627340465784073 0
1731857593967 0.002295775804668665 0
1731857608736 0.0022027974482625723 0
1731857623595 0.0024391671176999807 0
1731857638369 0.002470351755619049 0
1731857653256 0.002319491934031248 0
1731857668018 0.002357496414333582 0
1731857682879 0.001885146601125598 0
1731857697639 0.002376183867454529 0
1731857712518 0.0020857187919318676 0
1731857727283 0.002497697016224265 0
1731857742480 0.0019468071404844522 0
1731857757247 0.002009072108194232 0
1731857772099 0.0017864033579826355 0
1731857786866 0.0022066605743020773 0
1731857801746 0.0021166582591831684 0
1731857816512 0.002041869331151247 0
1731857831375 0.0022394719999283552 0
1731857846123 0.002112592337653041 0
1731857860987 0.0020133673679083586 0
1731857875746 0.0018312276806682348 0
1731857890608 0.0018917776178568602 0
1731857905360 0.0017959506949409842 0
1731857920211 0.002047221176326275 0
1731857934957 0.0021225556265562773 0
1731857949809 0.0020484011620283127 0
1731857964947 0.002136189490556717 0
1731857979792 0.0017817033221945167 0
1731857994547 0.0021012299694120884 0
1731858009385 0.0020429957658052444 0
1731858024133 0.0020829495042562485 0
1731858038992 0.0018265241524204612 0
1731858053722 0.0017878677463158965 0
1731858068574 0.0020127701573073864 0
1731858083319 0.0018949088407680392 0
1731858098155 0.0021262047812342644 0
1731858112902 0.0018726743292063475 0
1731858127734 0.001834402559325099 0
1731858142461 0.00173698621802032 0
1731858157306 0.0020067894365638494 0
1731858172053 0.0017283638007938862 0
1731858187221 0.0017850999720394611 0
1731858201973 0.0018324650591239333 0
1731858216801 0.00196808110922575 0
1731858231532 0.0019200871465727687 0
1731858246385 0.0017539458349347115 0
1731858261143 0.0019476584857329726 0
1731858275971 0.0019275350496172905 0
1731858290708 0.0016538569470867515 0
1731858305537 0.001829157816246152 0
1731858320280 0.001725477515719831 0
1731858335106 0.0013807736104354262 0
1731858349863 0.0017607565969228745 0
1731858364693 0.0018754934426397085 0
1731858379417 0.0018538963049650192 0
1731858394241 0.001584536163136363 0
1731858409323 0.0017074644565582275 0
1731858424167 0.0019077731994912028 0
1731858438892 0.0017067211447283626 0
1731858453742 0.0016002969350665808 0
1731858468473 0.0017823664238676429 0
1731858483321 0.0017134061781689525 0
1731858498052 0.0015849871560931206 0
1731858512894 0.001728476956486702 0
1731858527628 0.0016620535170659423 0
1731858542449 0.0018637831090018153 0
1731858557186 0.0018371278420090675 0
1731858572022 0.0017187590710818768 0
1731858586751 0.0015761174727231264 0
1731858601578 0.0018576965667307377 0
1731858616335 0.001863427460193634 0
1731858631547 0.00177839957177639 0
1731858646265 0.0015861107967793941 0
1731858661090 0.0016535631148144603 0
1731858675815 0.0018116012215614319 0
1731858690640 0.0017807267140597105 0
1731858705366 0.001666031195782125 0
1731858720209 0.0014412858290597796 0
1731858734937 0.0015749552985653281 0
1731858749753 0.0016446798108518124 0
1731858764494 0.0014731151750311255 0
1731858779316 0.0015345945721492171 0
1731858794049 0.0015691904118284583 0
1731858808856 0.0017164067830890417 0
1731858823588 0.0015692710876464844 0
1731858838761 0.0015615581069141626 0
1731858853504 0.0015980387106537819 0
1731858868322 0.0015719154616817832 0
1731858883053 0.001501268008723855 0
1731858897875 0.0014669718220829964 0
1731858912620 0.0015730250161141157 0
1731858927436 0.0012906172778457403 0
1731858942193 0.0016799878794699907 0
1731858957026 0.0015108741354197264 0
1731858971741 0.0014524210710078478 0
1731858986562 0.0015769618330523372 0
1731859001292 0.001636952511034906 0
1731859016118 0.0015243462985381484 0
1731859030865 0.0015408843755722046 0
1731859045672 0.0015392580535262823 0
1731859060773 0.0015782786067575216 0
1731859075579 0.0013798268046230078 0
1731859090315 0.0016860546311363578 0
1731859105129 0.0016333316452801228 0
1731859119853 0.001587164937518537 0
1731859134675 0.0013995307963341475 0
1731859149401 0.0015272216405719519 0
1731859164221 0.0014368550619110465 0
1731859178939 0.0014803627273067832 0
1731859193748 0.00138273264747113 0
1731859208488 0.0014810202410444617 0
1731859223295 0.001362212235108018 0
1731859238012 0.0012825715821236372 0
1731859252828 0.0015768188750371337 0
1731859267552 0.0014028118457645178 0
1731859282730 0.0013035645242780447 0
1731859297456 0.0013854913413524628 0
1731859312278 0.0013935246970504522 0
1731859327001 0.0014504886930808425 0
1731859341825 0.0013486205134540796 0
1731859356550 0.001470145769417286 0
1731859371370 0.0013770186342298985 0
1731859386108 0.001391122117638588 0
1731859400926 0.0012976526049897075 0
1731859415641 0.0012544423807412386 0
1731859430468 0.0017900150269269943 0
1731859445179 0.0012281225062906742 0
1731859459994 0.0014563383301720023 0
1731859474721 0.0013061407953500748 0
1731859489554 0.0013216834049671888 0
1731859504632 0.0013512171572074294 0
1731859519457 0.0012184040388092399 0
1731859534174 0.0011867093853652477 0
1731859548978 0.0015368781751021743 0
1731859563702 0.001342314062640071 0
1731859578523 0.001384037546813488 0
1731859593261 0.0012359744869172573 0
1731859608063 0.0011640014126896858 0
1731859622802 0.0015356603544205427 0
1731859637615 0.0013485740637406707 0
1731859652350 0.001167189795523882 0
1731859667168 0.0013595533091574907 0
1731859681885 0.0014202222228050232 0
1731859696685 0.0011880288366228342 0
1731859711401 0.0014506963780149817 0
