1731880018379 0.40646839141845703 0
1731880041679 0.4130871891975403 0
1731880064367 0.4107712209224701 0
1731880086937 0.41082122921943665 0
1731880109166 0.4070899784564972 0
1731880131455 0.4092816710472107 0
1731880153457 0.4002939760684967 0
1731880175475 0.4099929928779602 0
1731880197373 0.4085632562637329 0
1731880219351 0.416728138923645 0
1731880241219 0.417632520198822 0
1731880263147 0.4232284724712372 0
1731880284966 0.41393688321113586 0
1731880306883 0.41623687744140625 0
1731880328494 0.4010888338088989 0
1731880347697 0.403507798910141 0
1731880366887 0.4125002920627594 0
1731880386094 0.4115540385246277 0
1731880405273 0.4078223407268524 0
1731880424419 0.41287344694137573 0
1731880443596 0.4127577841281891 0
1731880462742 0.3909960091114044 0
1731880480983 0.3917127549648285 0
1731880498749 0.4098590016365051 0
1731880516623 0.4025886356830597 0
1731880534533 0.40756654739379883 0
1731880552411 0.41066524386405945 0
1731880570187 0.39599472284317017 0
1731880588070 0.4071098566055298 0
1731880605947 0.41289153695106506 0
1731880623017 0.4105822741985321 0
1731880640075 0.40542954206466675 0
1731880657121 0.40805432200431824 0
1731880674189 0.3993804156780243 0
1731880691258 0.410045862197876 0
1731880708300 0.4044068157672882 0
1731880725357 0.4079926013946533 0
1731880741926 0.4050271809101105 0
1731880758492 0.41303589940071106 0
1731880774975 0.41130903363227844 0
1731880791562 0.4099447429180145 0
1731880808025 0.4169537127017975 0
1731880824606 0.41020631790161133 0
1731880841082 0.4109683632850647 0
1731880858062 0.41396692395210266 0
1731880874562 0.4130077660083771 0
1731880891159 0.416658490896225 0
1731880907636 0.40994951128959656 0
1731880924211 0.40598803758621216 0
1731880940672 0.41265609860420227 0
1731880957262 0.4049513638019562 0
1731880973736 0.41853952407836914 0
1731880990275 0.40647614002227783 0
1731881006734 0.4077538549900055 0
1731881023319 0.4141397476196289 0
1731881039768 0.4128302037715912 0
1731881056332 0.4144154191017151 0
1731881072821 0.4110618233680725 0
1731881089371 0.4070286452770233 0
1731881106165 0.4107350707054138 0
1731881122750 0.4027899503707886 0
1731881139220 0.41165420413017273 0
1731881155794 0.4063480794429779 0
1731881172236 0.4038732647895813 0
1731881188803 0.41269651055336 0
1731881205248 0.4164648652076721 0
1731881221835 0.41098886728286743 0
1731881238291 0.40781599283218384 0
1731881254881 0.4088625907897949 0
1731881271315 0.40582218766212463 0
1731881287911 0.4150804579257965 0
1731881304374 0.4096439480781555 0
1731881320931 0.40783074498176575 0
1731881337375 0.41860997676849365 0
1731881354276 0.41389960050582886 0
1731881370751 0.40994271636009216 0
1731881387309 0.4121834933757782 0
1731881403779 0.41354992985725403 0
1731881420353 0.4019324779510498 0
1731881436801 0.4146654009819031 0
1731881453386 0.41629788279533386 0
1731881469834 0.40751802921295166 0
1731881486418 0.41443878412246704 0
1731881502881 0.4138965904712677 0
1731881519466 0.40945225954055786 0
1731881535927 0.40998879075050354 0
1731881552514 0.40611541271209717 0
1731881568979 0.4113267958164215 0
1731881585868 0.4081519842147827 0
1731881602340 0.4116705060005188 0
1731881618914 0.4167320132255554 0
1731881635362 0.4102461636066437 0
1731881651922 0.4095335304737091 0
1731881668363 0.4062371850013733 0
1731881684936 0.408797949552536 0
1731881701374 0.410614550113678 0
1731881717933 0.4167197346687317 0
1731881734824 0.4092227816581726 0
1731881751420 0.41308632493019104 0
1731881767868 0.4118407070636749 0
1731881784455 0.41321903467178345 0
1731881800918 0.4130226671695709 0
1731881817481 0.4174659550189972 0
1731881834505 0.4134010672569275 0
1731881851089 0.41079163551330566 0
1731881867555 0.41434594988822937 0
1731881884097 0.4130297005176544 0
1731881900534 0.41303181648254395 0
1731881917108 0.4108445644378662 0
1731881933579 0.41217488050460815 0
1731881950163 0.40859898924827576 0
1731881966620 0.4135504961013794 0
1731881983186 0.41236886382102966 0
1731881999629 0.41283565759658813 0
1731882016209 0.4128260612487793 0
1731882032659 0.413895845413208 0
1731882049225 0.41325560212135315 0
1731882065678 0.41513052582740784 0
1731882082556 0.41981613636016846 0
1731882098996 0.40917301177978516 0
1731882115560 0.4106503427028656 0
1731882132000 0.416708379983902 0
1731882148573 0.4095754027366638 0
1731882165021 0.4131512939929962 0
1731882181585 0.4163143038749695 0
1731882198051 0.41571515798568726 0
1731882214632 0.4116816520690918 0
1731882231084 0.4149554371833801 0
1731882247667 0.4171738028526306 0
1731882264122 0.4135814607143402 0
1731882280711 0.4147794842720032 0
1731882297159 0.41231927275657654 0
1731882313740 0.414406955242157 0
1731882330551 0.41169673204421997 0
1731882347108 0.41313889622688293 0
1731882363537 0.4114621877670288 0
1731882380112 0.4147275388240814 0
1731882396550 0.4116791784763336 0
1731882413125 0.4128292202949524 0
1731882429604 0.41285741329193115 0
1731882446177 0.4134584367275238 0
1731882462644 0.41254714131355286 0
1731882479241 0.4121401309967041 0
1731882495723 0.4109262228012085 0
1731882512312 0.4163433015346527 0
1731882528765 0.4130997061729431 0
1731882545336 0.4107513427734375 0
1731882561795 0.41324537992477417 0
1731882578792 0.4141119420528412 0
1731882595235 0.4115028977394104 0
1731882611824 0.41414618492126465 0
1731882628254 0.4137206971645355 0
1731882644799 0.4149128794670105 0
1731882661229 0.4152458906173706 0
1731882677761 0.41188421845436096 0
1731882694157 0.41459915041923523 0
1731882710710 0.41123420000076294 0
1731882727164 0.4137805998325348 0
1731882743667 0.4118363857269287 0
1731882760092 0.4145578145980835 0
1731882776636 0.4143090844154358 0
1731882793051 0.41379863023757935 0
1731882809931 0.41265320777893066 0
1731882826362 0.41277846693992615 0
1731882842888 0.4106124937534332 0
1731882859323 0.41186413168907166 0
1731882875882 0.4126054048538208 0
1731882892302 0.41365671157836914 0
1731882908839 0.41373318433761597 0
1731882925236 0.4143967032432556 0
1731882941797 0.4144350290298462 0
1731882958198 0.4116066098213196 0
1731882974735 0.41532403230667114 0
1731882991173 0.4123421013355255 0
1731883007690 0.41418203711509705 0
1731883024080 0.4129124879837036 0
1731883040625 0.4107278287410736 0
1731883057388 0.4156108796596527 0
1731883073906 0.4156489372253418 0
1731883090325 0.4122525453567505 0
1731883106846 0.4151075780391693 0
1731883123251 0.4136444330215454 0
1731883139752 0.41362297534942627 0
1731883156160 0.4129275381565094 0
1731883172667 0.4145606756210327 0
1731883189062 0.4120359718799591 0
1731883205546 0.4150518476963043 0
1731883221937 0.41165363788604736 0
1731883238452 0.4136787950992584 0
1731883254866 0.41281604766845703 0
1731883271395 0.41459107398986816 0
1731883287793 0.4118156433105469 0
1731883304709 0.4143981337547302 0
1731883321127 0.41528210043907166 0
1731883337857 0.41450968384742737 0
1731883354252 0.41307416558265686 0
1731883370768 0.4147559106349945 0
1731883387177 0.41506901383399963 0
1731883403692 0.4184513986110687 0
1731883420103 0.4148593842983246 0
1731883436619 0.41600003838539124 0
1731883453045 0.4151664972305298 0
1731883469561 0.4163391888141632 0
1731883485963 0.4158966839313507 0
1731883502483 0.4159020185470581 0
1731883518885 0.41597890853881836 0
1731883535363 0.41567277908325195 0
1731883552179 0.41425830125808716 0
1731883568697 0.4128352701663971 0
1731883585093 0.4158359467983246 0
1731883601605 0.41506120562553406 0
1731883617997 0.41700461506843567 0
1731883634496 0.4162678122520447 0
1731883650908 0.41453275084495544 0
1731883667432 0.41489800810813904 0
1731883683812 0.41412949562072754 0
1731883700323 0.4147527813911438 0
1731883716699 0.4147004187107086 0
1731883733211 0.41502654552459717 0
1731883749619 0.41490882635116577 0
1731883766102 0.41458168625831604 0
1731883782490 0.4174829125404358 0
