1731880018379 0.6790001392364502 0
1731880041679 0.7738111615180969 0
1731880064367 0.7886137366294861 0
1731880086937 0.7833750247955322 0
1731880109166 0.7768726944923401 0
1731880131455 0.7982527613639832 0
1731880153457 0.7493792772293091 0
1731880175475 0.7801046967506409 0
1731880197373 0.8055750131607056 0
1731880219351 0.8630087375640869 0
1731880241219 0.7867825627326965 0
1731880263147 0.8462445735931396 0
1731880284966 0.8251817226409912 0
1731880306883 0.8268965482711792 0
1731880328494 0.7944095730781555 0
1731880347697 0.8499101400375366 0
1731880366887 0.8140250444412231 0
1731880386094 0.7908616065979004 0
1731880405273 0.8649795651435852 0
1731880424419 0.8115332722663879 0
1731880443596 0.818511962890625 0
1731880462742 0.8132920265197754 0
1731880480983 0.8288313150405884 0
1731880498749 0.8470950126647949 0
1731880516623 0.8126651048660278 0
1731880534533 0.7803955078125 0
1731880552411 0.825049877166748 0
1731880570187 0.8417155146598816 0
1731880588070 0.8020378947257996 0
1731880605947 0.8233370780944824 0
1731880623017 0.8171320557594299 0
1731880640075 0.8344696760177612 0
1731880657121 0.8190470337867737 0
1731880674189 0.8184278011322021 0
1731880691258 0.8359086513519287 0
1731880708300 0.8262330293655396 0
1731880725357 0.8357220888137817 0
1731880741926 0.8389889001846313 0
1731880758492 0.8681744933128357 0
1731880774975 0.848703920841217 0
1731880791562 0.8357036709785461 0
1731880808025 0.836257815361023 0
1731880824606 0.8789311051368713 0
1731880841082 0.8387728333473206 0
1731880858062 0.8644780516624451 0
1731880874562 0.8321269154548645 0
1731880891159 0.8432170748710632 0
1731880907636 0.8328896164894104 0
1731880924211 0.7974368929862976 0
1731880940672 0.8574826121330261 0
1731880957262 0.8348950147628784 0
1731880973736 0.8718269467353821 0
1731880990275 0.8483695387840271 0
1731881006734 0.8431457281112671 0
1731881023319 0.862030565738678 0
1731881039768 0.8542965054512024 0
1731881056332 0.859062910079956 0
1731881072821 0.8451329469680786 0
1731881089371 0.853085994720459 0
1731881106165 0.851619303226471 0
1731881122750 0.8548046350479126 0
1731881139220 0.8548679947853088 0
1731881155794 0.8355394005775452 0
1731881172236 0.8546847701072693 0
1731881188803 0.8621299266815186 0
1731881205248 0.8532992601394653 0
1731881221835 0.883506715297699 0
1731881238291 0.8411900401115417 0
1731881254881 0.8365926742553711 0
1731881271315 0.8356554508209229 0
1731881287911 0.8550392985343933 0
1731881304374 0.8401666283607483 0
1731881320931 0.8758084774017334 0
1731881337375 0.8592128157615662 0
1731881354276 0.8594351410865784 0
1731881370751 0.8690405488014221 0
1731881387309 0.8456737995147705 0
1731881403779 0.85027676820755 0
1731881420353 0.8446614742279053 0
1731881436801 0.8684856295585632 0
1731881453386 0.8633808493614197 0
1731881469834 0.8614540696144104 0
1731881486418 0.8626578450202942 0
1731881502881 0.853161096572876 0
1731881519466 0.8321305513381958 0
1731881535927 0.84499192237854 0
1731881552514 0.8328357338905334 0
1731881568979 0.83765709400177 0
1731881585868 0.842150092124939 0
1731881602340 0.8506077527999878 0
1731881618914 0.8577203154563904 0
1731881635362 0.8473751544952393 0
1731881651922 0.8352186679840088 0
1731881668363 0.8370569348335266 0
1731881684936 0.8465086817741394 0
1731881701374 0.8462879657745361 0
1731881717933 0.8618026375770569 0
1731881734824 0.860511839389801 0
1731881751420 0.855732262134552 0
1731881767868 0.8609763383865356 0
1731881784455 0.8683666586875916 0
1731881800918 0.8400778770446777 0
1731881817481 0.8564662337303162 0
1731881834505 0.8873132467269897 0
1731881851089 0.8256227374076843 0
1731881867555 0.8519822955131531 0
1731881884097 0.8337979912757874 0
1731881900534 0.8566135764122009 0
1731881917108 0.8563629984855652 0
1731881933579 0.8625190854072571 0
1731881950163 0.8503003120422363 0
1731881966620 0.8664799332618713 0
1731881983186 0.856532633304596 0
1731881999629 0.8605630397796631 0
1731882016209 0.8559152483940125 0
1731882032659 0.8480594158172607 0
1731882049225 0.8716684579849243 0
1731882065678 0.8618531227111816 0
1731882082556 0.8909714221954346 0
1731882098996 0.862797200679779 0
1731882115560 0.8830211162567139 0
1731882132000 0.8591765761375427 0
1731882148573 0.8728551268577576 0
1731882165021 0.8827216029167175 0
1731882181585 0.8546780943870544 0
1731882198051 0.8642605543136597 0
1731882214632 0.9030982255935669 0
1731882231084 0.8478171229362488 0
1731882247667 0.8604692816734314 0
1731882264122 0.8629905581474304 0
1731882280711 0.8583236336708069 0
1731882297159 0.854897677898407 0
1731882313740 0.8498235940933228 0
1731882330551 0.8452624082565308 0
1731882347108 0.8505104780197144 0
1731882363537 0.8773730397224426 0
1731882380112 0.8758242130279541 0
1731882396550 0.8767336010932922 0
1731882413125 0.8500663042068481 0
1731882429604 0.8553953170776367 0
1731882446177 0.8521390557289124 0
1731882462644 0.8541550636291504 0
1731882479241 0.867456316947937 0
1731882495723 0.873134434223175 0
1731882512312 0.8591680526733398 0
1731882528765 0.8637301325798035 0
1731882545336 0.8551965951919556 0
1731882561795 0.8696713447570801 0
1731882578792 0.8628292679786682 0
1731882595235 0.8510705828666687 0
1731882611824 0.8514866232872009 0
1731882628254 0.874258279800415 0
1731882644799 0.8538907766342163 0
1731882661229 0.8619272708892822 0
1731882677761 0.857885479927063 0
1731882694157 0.8603969216346741 0
1731882710710 0.8647330403327942 0
1731882727164 0.8720658421516418 0
1731882743667 0.8579180836677551 0
1731882760092 0.870256781578064 0
1731882776636 0.8720746636390686 0
1731882793051 0.8709847927093506 0
1731882809931 0.8576707243919373 0
1731882826362 0.8697029948234558 0
1731882842888 0.8636090159416199 0
1731882859323 0.8690568804740906 0
1731882875882 0.8612600564956665 0
1731882892302 0.8676965236663818 0
1731882908839 0.8816350102424622 0
1731882925236 0.8711410760879517 0
1731882941797 0.8669778108596802 0
1731882958198 0.8713256120681763 0
1731882974735 0.8675826191902161 0
1731882991173 0.8550198674201965 0
1731883007690 0.886021077632904 0
1731883024080 0.8726353645324707 0
1731883040625 0.8729154467582703 0
1731883057388 0.872682511806488 0
1731883073906 0.8779343366622925 0
1731883090325 0.8801218271255493 0
1731883106846 0.8647336363792419 0
1731883123251 0.8571349382400513 0
1731883139752 0.8753345012664795 0
1731883156160 0.8704656958580017 0
1731883172667 0.8645259737968445 0
1731883189062 0.8674687147140503 0
1731883205546 0.8636122941970825 0
1731883221937 0.8678046464920044 0
1731883238452 0.8675113916397095 0
1731883254866 0.8605539202690125 0
1731883271395 0.8802118301391602 0
1731883287793 0.8566377758979797 0
1731883304709 0.8648117780685425 0
1731883321127 0.8712083697319031 0
1731883337857 0.8704010248184204 0
1731883354252 0.8607199788093567 0
1731883370768 0.8829749226570129 0
1731883387177 0.8727971911430359 0
1731883403692 0.8740774989128113 0
1731883420103 0.8824414610862732 0
1731883436619 0.8654317259788513 0
1731883453045 0.8838791251182556 0
1731883469561 0.8758962750434875 0
1731883485963 0.8846405148506165 0
1731883502483 0.8697389960289001 0
1731883518885 0.8799153566360474 0
1731883535363 0.8761762380599976 0
1731883552179 0.87259840965271 0
1731883568697 0.8829988241195679 0
1731883585093 0.8794851899147034 0
1731883601605 0.8595477938652039 0
1731883617997 0.876410722732544 0
1731883634496 0.8763148784637451 0
1731883650908 0.8663991689682007 0
1731883667432 0.8809042572975159 0
1731883683812 0.8746780157089233 0
1731883700323 0.8792522549629211 0
1731883716699 0.8722006678581238 0
1731883733211 0.8723662495613098 0
1731883749619 0.8669324517250061 0
1731883766102 0.8778980374336243 0
1731883782490 0.8790817260742188 0
