1731880018399 0.00013317771663423628 0
1731880041683 0.00011193666432518512 0
1731880064370 0.00011033298505935818 0
1731880086940 9.674346802057698e-05 0
1731880109169 8.9259359810967e-05 0
1731880131457 8.690860704518855e-05 0
1731880153459 8.098887337837368e-05 0
1731880175477 7.37111404305324e-05 0
1731880197375 7.520310464315116e-05 0
1731880219353 6.90311353537254e-05 0
1731880241221 6.802219286328182e-05 0
1731880263149 6.440001743612811e-05 0
1731880284969 5.810912625747733e-05 0
1731880306886 6.049126750440337e-05 0
1731880328496 5.986799078527838e-05 0
1731880347699 5.87292670388706e-05 0
1731880366890 5.550869173021056e-05 0
1731880386096 5.3005980589659885e-05 0
1731880405276 5.351503205019981e-05 0
1731880424421 5.220563252805732e-05 0
1731880443598 5.156598490430042e-05 0
1731880462744 4.87099023303017e-05 0
1731880480985 4.7778103180462494e-05 0
1731880498751 4.632677519111894e-05 0
1731880516625 4.49730250693392e-05 0
1731880534535 4.6139521145960316e-05 0
1731880552413 4.581969915307127e-05 0
1731880570190 4.4415381125872955e-05 0
1731880588073 4.242131399223581e-05 0
1731880605949 4.049986455356702e-05 0
1731880623020 4.040553540107794e-05 0
1731880640078 4.058559352415614e-05 0
1731880657124 4.004644142696634e-05 0
1731880674192 3.91318608308211e-05 0
1731880691261 3.994195503764786e-05 0
1731880708303 3.872427623718977e-05 0
1731880725359 3.8614565710304305e-05 0
1731880741929 3.716615537996404e-05 0
1731880758495 3.872272282023914e-05 0
1731880774977 3.48313624272123e-05 0
1731880791564 3.546538937371224e-05 0
1731880808028 3.5793258575722575e-05 0
1731880824608 3.544624269125052e-05 0
1731880841084 3.4373788366792724e-05 0
1731880858064 3.395242310944013e-05 0
1731880874565 3.346488665556535e-05 0
1731880891161 3.489155278657563e-05 0
1731880907639 3.213094169041142e-05 0
1731880924213 3.37520323228091e-05 0
1731880940674 3.167786780977622e-05 0
1731880957264 3.116914740530774e-05 0
1731880973739 3.164493682561442e-05 0
1731880990278 3.334118446218781e-05 0
1731881006736 3.1816794944461435e-05 0
1731881023322 3.109741737716831e-05 0
1731881039770 2.9997721867403015e-05 0
1731881056335 3.028186984010972e-05 0
1731881072823 2.969400338770356e-05 0
1731881089374 2.7919471904169768e-05 0
1731881106167 3.040498631889932e-05 0
1731881122752 2.8579437639564276e-05 0
1731881139223 2.9202134101069532e-05 0
1731881155796 2.9403072403511032e-05 0
1731881172238 2.899044193327427e-05 0
1731881188805 2.788233177852817e-05 0
1731881205251 2.8460217436077073e-05 0
1731881221837 2.6184716261923313e-05 0
1731881238293 2.6844381864066236e-05 0
1731881254884 2.7522646632860415e-05 0
1731881271318 2.629947994137183e-05 0
1731881287914 2.6788013201439753e-05 0
1731881304377 2.7438933102530427e-05 0
1731881320933 2.6430958314449526e-05 0
1731881337377 2.5144070605165325e-05 0
1731881354279 2.4711505830055103e-05 0
1731881370754 2.613690958241932e-05 0
1731881387311 2.4805394787108526e-05 0
1731881403781 2.489765392965637e-05 0
1731881420356 2.547675285313744e-05 0
1731881436804 2.4299233700730838e-05 0
1731881453388 2.26898100663675e-05 0
1731881469837 2.5532610379741527e-05 0
1731881486421 2.4776179998298176e-05 0
1731881502883 2.4011684217839502e-05 0
1731881519468 2.3783435608493164e-05 0
1731881535930 2.5252089471905492e-05 0
1731881552516 2.2829519366496243e-05 0
1731881568982 2.3671045710216276e-05 0
1731881585871 2.3558211978524923e-05 0
1731881602343 2.3029309886624105e-05 0
1731881618916 2.3082604457158595e-05 0
1731881635365 2.4159651729860343e-05 0
1731881651924 2.233916529803537e-05 0
1731881668365 2.3659480575588532e-05 0
1731881684939 2.1220397684373893e-05 0
1731881701377 2.223109004262369e-05 0
1731881718347 2.156898881366942e-05 0
1731881734826 2.2011747205397114e-05 0
1731881751423 2.0980258341296576e-05 0
1731881767870 2.2365686163539067e-05 0
1731881784458 2.1308940631570294e-05 0
1731881800920 2.07072062039515e-05 0
1731881817525 2.168107130273711e-05 0
1731881834507 2.276257328048814e-05 0
1731881851091 2.0452500393730588e-05 0
1731881867558 2.059392318187747e-05 0
1731881884099 2.0975430743419565e-05 0
1731881900537 2.043688073172234e-05 0
1731881917112 2.1899873900110833e-05 0
1731881933581 2.0722032786579803e-05 0
1731881950166 2.0109286197111942e-05 0
1731881966623 2.0867353669018485e-05 0
1731881983189 2.006746581173502e-05 0
1731881999631 2.0338275135145523e-05 0
1731882016213 2.004697307711467e-05 0
1731882032662 1.9910417904611677e-05 0
1731882049228 2.01157290575793e-05 0
1731882065680 1.9906134184566326e-05 0
1731882082559 2.016898179135751e-05 0
1731882098998 2.0408628188306466e-05 0
1731882115562 1.959374640136957e-05 0
1731882132002 1.89782240340719e-05 0
1731882148575 1.9715451344382018e-05 0
1731882165023 1.789736415958032e-05 0
1731882181588 1.873314795375336e-05 0
1731882198053 1.9491642888169736e-05 0
1731882214635 1.8436350728734396e-05 0
1731882231086 1.9016459191334434e-05 0
1731882247669 1.9711749700945802e-05 0
1731882264124 1.9017748854821548e-05 0
1731882280713 1.892029285954777e-05 0
1731882297161 1.818265809561126e-05 0
1731882313743 2.0536706870188937e-05 0
1731882330554 1.8793934941641055e-05 0
1731882347110 1.8589411411085166e-05 0
1731882363540 1.839890865085181e-05 0
1731882380114 1.8197959434473887e-05 0
1731882396552 1.8684741007746197e-05 0
1731882413128 1.799847996153403e-05 0
1731882429606 1.9062419596593827e-05 0
1731882446180 1.828346648835577e-05 0
1731882462647 1.834291651903186e-05 0
1731882479243 1.784388041414786e-05 0
1731882495726 1.7790540368878283e-05 0
1731882512314 1.8272256056661718e-05 0
1731882528767 1.7891779862111434e-05 0
1731882545338 1.8528515283833258e-05 0
1731882561797 1.7223439499503e-05 0
1731882578795 1.9334313037688844e-05 0
1731882595238 1.7631498849368654e-05 0
1731882611826 1.8411434211884625e-05 0
1731882628256 1.7797477994463407e-05 0
1731882644801 1.724715912132524e-05 0
1731882661231 1.7058693629223853e-05 0
1731882677763 1.6751424482208677e-05 0
1731882694160 1.667926881054882e-05 0
1731882710713 1.7613016098039225e-05 0
1731882727167 1.6510091882082634e-05 0
1731882743670 1.6380798115278594e-05 0
1731882760094 1.764440821716562e-05 0
1731882776638 1.625699587748386e-05 0
1731882793054 1.6651056284899823e-05 0
1731882809934 1.6194424460991286e-05 0
1731882826364 1.7257667423109524e-05 0
1731882842891 1.66580721270293e-05 0
1731882859325 1.7187037883559242e-05 0
1731882875884 1.727513699734118e-05 0
1731882892304 1.670264646236319e-05 0
1731882908842 1.635892658669036e-05 0
1731882925238 1.545212035125587e-05 0
1731882941800 1.7457363355788402e-05 0
1731882958200 1.5712659660493955e-05 0
1731882974737 1.7275267964578234e-05 0
1731882991176 1.6033849533414468e-05 0
1731883007692 1.6016379959182814e-05 0
1731883024082 1.6585854609729722e-05 0
1731883040627 1.5578829334117472e-05 0
1731883057390 1.6075364328571595e-05 0
1731883073909 1.593890556250699e-05 0
1731883090328 1.679558408795856e-05 0
1731883106849 1.608691854926292e-05 0
1731883123253 1.653080471442081e-05 0
1731883139754 1.5815739971003495e-05 0
1731883156163 1.5273766621248797e-05 0
1731883172670 1.5186383279797155e-05 0
1731883189065 1.5631505448254757e-05 0
1731883205548 1.4923435628588777e-05 0
1731883221939 1.6159952792804688e-05 0
1731883238454 1.5583420463372022e-05 0
1731883254868 1.5591574992868118e-05 0
1731883271398 1.5454974345630035e-05 0
1731883287796 1.5988985978765413e-05 0
1731883304711 1.5689432984800078e-05 0
1731883321130 1.5851512216613628e-05 0
1731883337860 1.540664743515663e-05 0
1731883354254 1.6166486602742225e-05 0
1731883370771 1.6047333701862954e-05 0
1731883387180 1.5085133782122284e-05 0
1731883403695 1.5195878404483665e-05 0
1731883420106 1.545707527839113e-05 0
1731883436622 1.516318297944963e-05 0
1731883453047 1.4381209439306986e-05 0
1731883469563 1.4227636711439118e-05 0
1731883485966 1.5067150343384128e-05 0
1731883502485 1.6093754311441444e-05 0
1731883518887 1.5527266441495158e-05 0
1731883535366 1.4715452380187344e-05 0
1731883552181 1.5316250937758014e-05 0
1731883568700 1.5223889022308867e-05 0
1731883585096 1.4838497008895501e-05 0
1731883601607 1.4775720046600327e-05 0
1731883617999 1.4584286873287056e-05 0
1731883634498 1.468466598453233e-05 0
1731883650910 1.5079126569617074e-05 0
1731883667434 1.4450427443080116e-05 0
1731883683815 1.4756322343600914e-05 0
1731883700326 1.4661010936833918e-05 0
1731883716701 1.4508524145639967e-05 0
1731883733213 1.461736155761173e-05 0
1731883749622 1.4734965589013882e-05 0
1731883766104 1.4150741662888322e-05 0
1731883782492 1.4901503163855523e-05 0
