1731880018399 0.002423421945422888 0
1731880041683 0.0012209933483973145 0
1731880064370 0.0009789286414161325 0
1731880086940 0.0011914243223145604 0
1731880109169 0.0010229526087641716 0
1731880131457 0.001009786268696189 0
1731880153459 0.0009293394396081567 0
1731880175477 0.0009425083990208805 0
1731880197375 0.0009413576917722821 0
1731880219353 0.0009434864623472095 0
1731880241221 0.0009968465892598033 0
1731880263149 0.0009657095069997013 0
1731880284969 0.0009310132591053843 0
1731880306886 0.0008476360817439854 0
1731880328496 0.0008225857745856047 0
1731880347699 0.0009251492447219789 0
1731880366890 0.0009447593474760652 0
1731880386096 0.0009190727723762393 0
1731880405276 0.0008360102074220777 0
1731880424421 0.0009693798492662609 0
1731880443598 0.0008891496108844876 0
1731880462744 0.000872576143592596 0
1731880480985 0.000998043455183506 0
1731880498751 0.000970434513874352 0
1731880516625 0.0009393721120432019 0
1731880534535 0.0008728113025426865 0
1731880552413 0.0010124885011464357 0
1731880570190 0.0009963613701984286 0
1731880588073 0.0010011488338932395 0
1731880605949 0.0010492459405213594 0
1731880623020 0.0009888110216706991 0
1731880640078 0.0010604747803881764 0
1731880657124 0.0011263040360063314 0
1731880674192 0.0011210027150809765 0
1731880691261 0.0011017280630767345 0
1731880708303 0.0011467860313132405 0
1731880725359 0.0009992483537644148 0
1731880741929 0.0009344075806438923 0
1731880758495 0.001054057152941823 0
1731880774977 0.0010365170892328024 0
1731880791564 0.0010955852922052145 0
1731880808028 0.0010592583566904068 0
1731880824608 0.0011743688955903053 0
1731880841084 0.0011129281483590603 0
1731880858064 0.0011058050440624356 0
1731880874565 0.0011189612559974194 0
1731880891161 0.0010845992946997285 0
1731880907639 0.001089588738977909 0
1731880924213 0.0010607556905597448 0
1731880940674 0.0012138434685766697 0
1731880957264 0.0012015827232971787 0
1731880973739 0.0011936611263081431 0
1731880990278 0.0010215258225798607 0
1731881006736 0.0011217810679227114 0
1731881023322 0.0011668030638247728 0
1731881039770 0.001247991225682199 0
1731881056335 0.0011860707309097052 0
1731881072823 0.00119614670984447 0
1731881089374 0.0011764544760808349 0
1731881106167 0.00128830224275589 0
1731881122752 0.0011596539989113808 0
1731881139223 0.0011427097488194704 0
1731881155796 0.0012298007495701313 0
1731881172238 0.0012657390907406807 0
1731881188805 0.0013253891374915838 0
1731881205251 0.0012174134608358145 0
1731881221837 0.0013315863907337189 0
1731881238293 0.0013619643868878484 0
1731881254884 0.0012348820455372334 0
1731881271318 0.0014142856234684587 0
1731881287914 0.0012584031792357564 0
1731881304377 0.0014012379106134176 0
1731881320933 0.0011620926670730114 0
1731881337377 0.001353819970972836 0
1731881354279 0.0013547597918659449 0
1731881370754 0.0012677662307396531 0
1731881387311 0.0012861884897574782 0
1731881403781 0.0013367322972044349 0
1731881420356 0.0012842254946008325 0
1731881436804 0.0012875567190349102 0
1731881453388 0.0013944655656814575 0
1731881469837 0.001378486049361527 0
1731881486421 0.0013541685184463859 0
1731881502883 0.0012407227186486125 0
1731881519468 0.0013740349095314741 0
1731881535930 0.0012410564813762903 0
1731881552516 0.0014269903767853975 0
1731881568982 0.0013516772305592895 0
1731881585871 0.0013654639478772879 0
1731881602343 0.0012641784269362688 0
1731881618916 0.0014046169817447662 0
1731881635365 0.0013407743535935879 0
1731881651924 0.0013357525458559394 0
1731881668365 0.001388878095895052 0
1731881684939 0.0014225200284272432 0
1731881701377 0.001324334996752441 0
1731881718347 0.0013654542854055762 0
1731881734826 0.0014401753433048725 0
1731881751423 0.0013988689752295613 0
1731881767870 0.001386652234941721 0
1731881784458 0.0014370887074619532 0
1731881800920 0.0014568320475518703 0
1731881817525 0.0015238007763400674 0
1731881834507 0.0014534806832671165 0
1731881851091 0.0014853142201900482 0
1731881867558 0.001461606938391924 0
1731881884099 0.0015484599862247705 0
1731881900537 0.0014715100405737758 0
1731881917112 0.0014972822973504663 0
1731881933581 0.0014621107839047909 0
1731881950166 0.001427956740371883 0
1731881966623 0.001621802686713636 0
1731881983189 0.0014300390612334013 0
1731881999631 0.0014481074176728725 0
1731882016213 0.0015101480530574918 0
1731882032662 0.0015419432893395424 0
1731882049228 0.0015302500687539577 0
1731882065680 0.0016042343340814114 0
1731882082559 0.0016255152877420187 0
1731882098998 0.0016425622161477804 0
1731882115562 0.0014866219135001302 0
1731882132002 0.0015990035608410835 0
1731882148575 0.0015848445473238826 0
1731882165023 0.0016479589976370335 0
1731882181588 0.0015738694928586483 0
1731882198053 0.0015897660050541162 0
1731882214635 0.00163221824914217 0
1731882231086 0.0015601655468344688 0
1731882247669 0.0015632461290806532 0
1731882264124 0.0015331879258155823 0
1731882280713 0.0016778784338384867 0
1731882297161 0.0015703508397564292 0
1731882313743 0.0016280087875202298 0
1731882330554 0.0015021698782220483 0
1731882347110 0.001562809688039124 0
1731882363540 0.001598317176103592 0
1731882380114 0.0015654789749532938 0
1731882396552 0.0016446482622995973 0
1731882413128 0.001624236349016428 0
1731882429606 0.0016003852942958474 0
1731882446180 0.0015434203669428825 0
1731882462647 0.0016014464199543 0
1731882479243 0.0016702021239325404 0
1731882495726 0.0016558511415496469 0
1731882512314 0.0015582020860165358 0
1731882528767 0.0016761417500674725 0
1731882545338 0.0015778287779539824 0
1731882561797 0.001784617779776454 0
1731882578795 0.0017327090026810765 0
1731882595238 0.0016577192582190037 0
1731882611826 0.0016941032372415066 0
1731882628256 0.0016529203858226538 0
1731882644801 0.0016158943763002753 0
1731882661231 0.0016444510547444224 0
1731882677763 0.001686873147264123 0
1731882694160 0.0016335772816091776 0
1731882710713 0.0016770942602306604 0
1731882727167 0.0016789191868156195 0
1731882743670 0.0018206199165433645 0
1731882760094 0.0017109368927776814 0
1731882776638 0.0017127564642578363 0
1731882793054 0.0016324676107615232 0
1731882809934 0.0016105060931295156 0
1731882826364 0.0016995223704725504 0
1731882842891 0.0017181322909891605 0
1731882859325 0.0017934261122718453 0
1731882875884 0.0018406237941235304 0
1731882892304 0.0018051133956760168 0
1731882908842 0.0017868702998384833 0
1731882925238 0.001816989853978157 0
1731882941800 0.0016865693032741547 0
1731882958200 0.001703937421552837 0
1731882974737 0.0018199272453784943 0
1731882991176 0.0018497637938708067 0
1731883007692 0.001811642199754715 0
1731883024082 0.0017155185341835022 0
1731883040627 0.0016733380034565926 0
1731883057390 0.0016912720166146755 0
1731883073909 0.0017751106061041355 0
1731883090328 0.0017437257338315248 0
1731883106849 0.001690813573077321 0
1731883123253 0.0017379617784172297 0
1731883139754 0.0017588313203305006 0
1731883156163 0.001806089305318892 0
1731883172670 0.0018051170045509934 0
1731883189065 0.001769187394529581 0
1731883205548 0.0017027829308062792 0
1731883221939 0.001843855483457446 0
1731883238454 0.0017665392952039838 0
1731883254868 0.0017576849786564708 0
1731883271398 0.001985053764656186 0
1731883287796 0.0017548673786222935 0
1731883304711 0.0018287210259586573 0
1731883321130 0.0018106175120919943 0
1731883337860 0.0018096193671226501 0
1731883354254 0.0019115968607366085 0
1731883370771 0.0018469954375177622 0
1731883387180 0.0018000865820795298 0
1731883403695 0.0018334693741053343 0
1731883420106 0.0018316165078431368 0
1731883436622 0.00195516855455935 0
1731883453047 0.0018537528812885284 0
1731883469563 0.0017673769034445286 0
1731883485966 0.001830054447054863 0
1731883502485 0.001862918958067894 0
1731883518887 0.0018322347896173596 0
1731883535366 0.001763833686709404 0
1731883552181 0.0018099767621606588 0
1731883568700 0.0018150912364944816 0
1731883585096 0.0018264990067109466 0
1731883601607 0.001910579507239163 0
1731883617999 0.0018007175531238317 0
1731883634498 0.0018053605454042554 0
1731883650910 0.001886066049337387 0
1731883667434 0.0018796806689351797 0
1731883683815 0.001937344903126359 0
1731883700326 0.0017905236454680562 0
1731883716701 0.0018569303210824728 0
1731883733213 0.0018268924904987216 0
1731883749622 0.001796421129256487 0
1731883766104 0.0018484399188309908 0
1731883782492 0.0019266561139374971 0
