1731880018379 20.152193069458008 0
1731880041679 21.39606285095215 0
1731880064367 22.443328857421875 0
1731880086937 23.34202766418457 0
1731880109166 23.313915252685547 0
1731880131455 22.91585350036621 0
1731880153457 23.465232849121094 0
1731880175475 24.380342483520508 0
1731880197373 23.003551483154297 0
1731880219351 24.60348129272461 0
1731880241219 23.575929641723633 0
1731880263147 24.763593673706055 0
1731880284966 24.516374588012695 0
1731880306883 23.973207473754883 0
1731880328494 24.953641891479492 0
1731880347697 24.397296905517578 0
1731880366887 24.76539421081543 0
1731880386094 25.013364791870117 0
1731880405273 25.396556854248047 0
1731880424419 25.32805633544922 0
1731880443596 25.043621063232422 0
1731880462742 24.63228416442871 0
1731880480983 26.193584442138672 0
1731880498749 26.18071937561035 0
1731880516623 25.365100860595703 0
1731880534533 25.81775665283203 0
1731880552411 25.978960037231445 0
1731880570187 25.51076889038086 0
1731880588070 26.019874572753906 0
1731880605947 25.609804153442383 0
1731880623017 25.462158203125 0
1731880640075 25.85333824157715 0
1731880657121 25.558731079101562 0
1731880674189 25.66480827331543 0
1731880691258 25.90437126159668 0
1731880708300 26.80156707763672 0
1731880725357 25.823734283447266 0
1731880741926 25.756511688232422 0
1731880758492 26.098766326904297 0
1731880774975 26.15618896484375 0
1731880791562 26.137557983398438 0
1731880808025 25.966489791870117 0
1731880824606 25.858272552490234 0
1731880841082 26.34629249572754 0
1731880858062 25.73257064819336 0
1731880874562 26.655235290527344 0
1731880891159 26.126544952392578 0
1731880907636 26.48211097717285 0
1731880924211 25.943965911865234 0
1731880940672 27.854331970214844 0
1731880957262 26.38329315185547 0
1731880973736 26.065752029418945 0
1731880990275 26.210134506225586 0
1731881006734 26.166162490844727 0
1731881023319 26.207965850830078 0
1731881039768 26.648941040039062 0
1731881056332 26.829326629638672 0
1731881072821 26.004241943359375 0
1731881089371 27.008821487426758 0
1731881106165 27.272695541381836 0
1731881122750 27.74697494506836 0
1731881139220 26.406490325927734 0
1731881155794 27.298219680786133 0
1731881172236 27.287982940673828 0
1731881188803 26.619251251220703 0
1731881205248 27.320941925048828 0
1731881221835 27.598812103271484 0
1731881238291 27.49185562133789 0
1731881254881 27.541715621948242 0
1731881271315 26.747251510620117 0
1731881287911 26.644147872924805 0
1731881304374 26.53862953186035 0
1731881320931 27.19624900817871 0
1731881337375 26.48428726196289 0
1731881354276 26.90711212158203 0
1731881370751 27.15186309814453 0
1731881387309 27.270723342895508 0
1731881403779 27.10017967224121 0
1731881420353 27.723085403442383 0
1731881436801 28.727426528930664 0
1731881453386 27.95919418334961 0
1731881469834 27.515335083007812 0
1731881486418 27.70852279663086 0
1731881502881 27.47527313232422 0
1731881519466 28.10381507873535 0
1731881535927 27.34071922302246 0
1731881552514 27.96385383605957 0
1731881568979 27.549297332763672 0
1731881585868 27.819211959838867 0
1731881602340 28.206401824951172 0
1731881618914 27.8504638671875 0
1731881635362 28.200456619262695 0
1731881651922 28.72945213317871 0
1731881668363 28.053564071655273 0
1731881684936 27.882539749145508 0
1731881701374 28.378860473632812 0
1731881717933 27.2009334564209 0
1731881734824 27.516515731811523 0
1731881751420 28.399206161499023 0
1731881767868 28.60814666748047 0
1731881784455 29.0367488861084 0
1731881800918 27.777463912963867 0
1731881817481 28.17898941040039 0
1731881834505 28.251216888427734 0
1731881851089 28.481693267822266 0
1731881867555 29.342918395996094 0
1731881884097 28.20372200012207 0
1731881900534 28.494253158569336 0
1731881917108 28.27399444580078 0
1731881933579 27.950408935546875 0
1731881950163 28.464046478271484 0
1731881966620 28.132394790649414 0
1731881983186 29.122581481933594 0
1731881999629 28.731239318847656 0
1731882016209 29.817014694213867 0
1731882032659 29.09955596923828 0
1731882049225 28.385141372680664 0
1731882065678 28.791288375854492 0
1731882082556 28.513017654418945 0
1731882098996 28.29962730407715 0
1731882115560 28.90825653076172 0
1731882132000 28.88235855102539 0
1731882148573 28.935686111450195 0
1731882165021 29.21148109436035 0
1731882181585 29.1093807220459 0
1731882198051 29.774065017700195 0
1731882214632 29.24714469909668 0
1731882231084 29.535608291625977 0
1731882247667 28.877653121948242 0
1731882264122 29.308502197265625 0
1731882280711 29.615734100341797 0
1731882297159 29.705963134765625 0
1731882313740 28.779834747314453 0
1731882330551 28.895793914794922 0
1731882347108 29.539318084716797 0
1731882363537 28.7366886138916 0
1731882380112 28.86945343017578 0
1731882396550 28.768789291381836 0
1731882413125 29.62822914123535 0
1731882429604 29.470684051513672 0
1731882446177 29.582218170166016 0
1731882462644 30.481788635253906 0
1731882479241 29.16104507446289 0
1731882495723 29.193910598754883 0
1731882512312 30.506668090820312 0
1731882528765 29.86911392211914 0
1731882545336 29.07618522644043 0
1731882561795 28.958162307739258 0
1731882578792 29.79218864440918 0
1731882595235 29.780540466308594 0
1731882611824 30.057954788208008 0
1731882628254 30.196674346923828 0
1731882644799 29.6859130859375 0
1731882661229 29.550378799438477 0
1731882677761 30.541078567504883 0
1731882694157 30.32977867126465 0
1731882710710 29.638891220092773 0
1731882727164 30.57232093811035 0
1731882743667 30.781513214111328 0
1731882760092 29.645532608032227 0
1731882776636 30.349824905395508 0
1731882793051 29.811540603637695 0
1731882809931 30.90402603149414 0
1731882826362 30.363698959350586 0
1731882842888 30.442466735839844 0
1731882859323 30.571102142333984 0
1731882875882 29.603221893310547 0
1731882892302 30.082210540771484 0
1731882908839 30.75900650024414 0
1731882925236 30.09575843811035 0
1731882941797 30.408788681030273 0
1731882958198 30.88374137878418 0
1731882974735 30.317838668823242 0
1731882991173 30.56443977355957 0
1731883007690 31.484169006347656 0
1731883024080 30.682350158691406 0
1731883040625 29.81304168701172 0
1731883057388 30.336700439453125 0
1731883073906 31.0782527923584 0
1731883090325 29.579973220825195 0
1731883106846 31.047630310058594 0
1731883123251 30.962615966796875 0
1731883139752 31.451139450073242 0
1731883156160 31.155710220336914 0
1731883172667 30.30198860168457 0
1731883189062 30.050077438354492 0
1731883205546 31.874032974243164 0
1731883221937 30.7355899810791 0
1731883238452 31.300369262695312 0
1731883254866 31.165706634521484 0
1731883271395 30.962574005126953 0
1731883287793 29.462684631347656 0
1731883304709 31.465539932250977 0
1731883321127 31.222063064575195 0
1731883337857 31.419055938720703 0
1731883354252 30.59822654724121 0
1731883370768 31.737634658813477 0
1731883387177 31.313005447387695 0
1731883403692 30.63228988647461 0
1731883420103 31.061260223388672 0
1731883436619 31.439247131347656 0
1731883453045 31.509946823120117 0
1731883469561 32.02003479003906 0
1731883485963 31.171981811523438 0
1731883502483 31.281143188476562 0
1731883518885 32.15862274169922 0
1731883535363 31.33510398864746 0
1731883552179 31.40447425842285 0
1731883568697 31.196203231811523 0
1731883585093 31.513206481933594 0
1731883601605 31.906173706054688 0
1731883617997 31.78893280029297 0
1731883634496 30.989246368408203 0
1731883650908 31.777973175048828 0
1731883667432 31.919584274291992 0
1731883683812 32.27579879760742 0
1731883700323 31.939075469970703 0
1731883716699 31.929927825927734 0
1731883733211 31.432723999023438 0
1731883749619 32.02197265625 0
1731883766102 31.968582153320312 0
1731883782490 31.393199920654297 0
