1731880018399 0.009655631147325039 0
1731880041683 0.007250930182635784 0
1731880064370 0.00569727411493659 0
1731880086940 0.004632304888218641 0
1731880109169 0.004662388004362583 0
1731880131457 0.005109927151352167 0
1731880153459 0.0045027355663478374 0
1731880175477 0.003647250821813941 0
1731880197375 0.0050077736377716064 0
1731880219353 0.0034645895939320326 0
1731880241221 0.004389416426420212 0
1731880263149 0.003339185379445553 0
1731880284969 0.003534780815243721 0
1731880306886 0.0040057068690657616 0
1731880328496 0.0031962133944034576 0
1731880347699 0.0036330409348011017 0
1731880366890 0.003337800269946456 0
1731880386096 0.003152560442686081 0
1731880405276 0.0028863176703453064 0
1731880424421 0.002932205330580473 0
1731880443598 0.00313067389652133 0
1731880462744 0.0034416881389915943 0
1731880480985 0.0024023791775107384 0
1731880498751 0.0024095054250210524 0
1731880516625 0.0029073001351207495 0
1731880534535 0.0026195356622338295 0
1731880552413 0.002524084411561489 0
1731880570190 0.0028114011511206627 0
1731880588073 0.002500416710972786 0
1731880605949 0.0027480176649987698 0
1731880623020 0.002843047957867384 0
1731880640078 0.002598161343485117 0
1731880657124 0.002780524082481861 0
1731880674192 0.0027134332340210676 0
1731880691261 0.002567809075117111 0
1731880708303 0.0020885418634861708 0
1731880725359 0.002615931909531355 0
1731880741929 0.002656737109646201 0
1731880758495 0.0024554054252803326 0
1731880774977 0.0024231532588601112 0
1731880791564 0.0024335712660104036 0
1731880808028 0.002531343372538686 0
1731880824608 0.0025952099822461605 0
1731880841084 0.0023193738888949156 0
1731880858064 0.0026714233681559563 0
1731880874565 0.0021601123735308647 0
1731880891161 0.0024397503584623337 0
1731880907639 0.0022479617036879063 0
1731880924213 0.002544505288824439 0
1731880940674 0.0016389539232477546 0
1731880957264 0.002299697371199727 0
1731880973739 0.002474142238497734 0
1731880990278 0.0023932410404086113 0
1731881006736 0.0024175948929041624 0
1731881023322 0.0023944368585944176 0
1731881039770 0.002163245342671871 0
1731881056335 0.0020752353593707085 0
1731881072823 0.0025094335433095694 0
1731881089374 0.001991212833672762 0
1731881106167 0.0018738310318440199 0
1731881122752 0.0016799734439700842 0
1731881139223 0.0022874462883919477 0
1731881155796 0.0018628498073667288 0
1731881172238 0.001867246231995523 0
1731881188805 0.002178085269406438 0
1731881205251 0.0018531291279941797 0
1731881221837 0.0017382754012942314 0
1731881238293 0.001781617058441043 0
1731881254884 0.0017612790688872337 0
1731881271318 0.0021148272790014744 0
1731881287914 0.0021656337194144726 0
1731881304377 0.002218895824626088 0
1731881320933 0.0019071068381890655 0
1731881337377 0.002246835269033909 0
1731881354279 0.002038396429270506 0
1731881370754 0.0019266977906227112 0
1731881387311 0.0018746815621852875 0
1731881403781 0.0019497632747516036 0
1731881420356 0.0016892401035875082 0
1731881436804 0.0013404707424342632 0
1731881453388 0.0015998540911823511 0
1731881469837 0.001772010698914528 0
1731881486421 0.0016949137207120657 0
1731881502883 0.0017884329427033663 0
1731881519468 0.0015474564861506224 0
1731881535930 0.0018447097390890121 0
1731881552516 0.0015981387114152312 0
1731881568982 0.0017582077998667955 0
1731881585871 0.0016522611258551478 0
1731881602343 0.0015113315312191844 0
1731881618916 0.0016404138877987862 0
1731881635365 0.0015134015120565891 0
1731881651924 0.001339845359325409 0
1731881668365 0.0015654652379453182 0
1731881684939 0.0016283433651551604 0
1731881701377 0.0014524925500154495 0
1731881718347 0.0019050510600209236 0
1731881734826 0.001771528972312808 0
1731881751423 0.0014457035576924682 0
1731881767870 0.0013777971034869552 0
1731881784458 0.0012483170721679926 0
1731881800920 0.0016682208515703678 0
1731881817525 0.0015209007542580366 0
1731881834507 0.0014958156971260905 0
1731881851091 0.0014185039326548576 0
1731881867558 0.0011633436661213636 0
1731881884099 0.0015122639015316963 0
1731881900537 0.0014144070446491241 0
1731881917112 0.001487990841269493 0
1731881933581 0.0016030946280807257 0
1731881950166 0.0014242797624319792 0
1731881966623 0.001537306234240532 0
1731881983189 0.0012238881317898631 0
1731881999631 0.0013392940163612366 0
1731882016213 0.0010430340189486742 0
1731882032662 0.001230394234880805 0
1731882049228 0.0014503931161016226 0
1731882065680 0.001320903655141592 0
1731882082559 0.001408309442922473 0
1731882098998 0.0014792348956689239 0
1731882115562 0.0012858019908890128 0
1731882132002 0.0012934927362948656 0
1731882148575 0.001277707051485777 0
1731882165023 0.0011990898055955768 0
1731882181588 0.0012276140041649342 0
1731882198053 0.0010534003376960754 0
1731882214635 0.001189283560961485 0
1731882231086 0.0011128559708595276 0
1731882247669 0.0012948947260156274 0
1731882264124 0.001172599266283214 0
1731882280713 0.0010925126262009144 0
1731882297161 0.0010700488928705454 0
1731882313743 0.0013243919238448143 0
1731882330554 0.0012894970132037997 0
1731882347110 0.0011119062546640635 0
1731882363540 0.0013376146089285612 0
1731882380114 0.0012973423581570387 0
1731882396552 0.0013277641264721751 0
1731882413128 0.0010893740691244602 0
1731882429606 0.0011296176817268133 0
1731882446180 0.0011009764857590199 0
1731882462647 0.0008949956391006708 0
1731882479243 0.0012130967807024717 0
1731882495726 0.0012039514258503914 0
1731882512314 0.0008898833766579628 0
1731882528767 0.0010305964387953281 0
1731882545338 0.0012370332842692733 0
1731882561797 0.0012711116578429937 0
1731882578795 0.001049013459123671 0
1731882595238 0.0010518310591578484 0
1731882611826 0.0009867437183856964 0
1731882628256 0.0009557236917316914 0
1731882644801 0.0010750001529231668 0
1731882661231 0.0011090775951743126 0
1731882677763 0.000882860622368753 0
1731882694160 0.0009268770227208734 0
1731882710713 0.0010867025703191757 0
1731882727167 0.0008765318780206144 0
1731882743670 0.0008353119483217597 0
1731882760094 0.0010850420221686363 0
1731882776638 0.0009226083639077842 0
1731882793054 0.001044349279254675 0
1731882809934 0.0008120769052766263 0
1731882826364 0.0009196657920256257 0
1731882842891 0.0009031359804794192 0
1731882859325 0.0008767782710492611 0
1731882875884 0.001095665036700666 0
1731882892304 0.0009812482167035341 0
1731882908842 0.0008396515622735023 0
1731882925238 0.0009781920816749334 0
1731882941800 0.0009101670002564788 0
1731882958200 0.0008158787968568504 0
1731882974737 0.0009294282644987106 0
1731882991176 0.0008781240321695805 0
1731883007692 0.0007105306722223759 0
1731883024082 0.0008546036551706493 0
1731883040627 0.0010439883917570114 0
1731883057390 0.0009254005271941423 0
1731883073909 0.0007801434840075672 0
1731883090328 0.0011015458730980754 0
1731883106849 0.0007856638985686004 0
1731883123253 0.0008011952741071582 0
1731883139754 0.0007159555098041892 0
1731883156163 0.0007663528667762876 0
1731883172670 0.000932827009819448 0
1731883189065 0.0009885354666039348 0
1731883205548 0.0006495259585790336 0
1731883221939 0.000844191643409431 0
1731883238454 0.0007412472041323781 0
1731883254868 0.0007645910372957587 0
1731883271398 0.0008012028411030769 0
1731883287796 0.0011317000025883317 0
1731883304711 0.0007135851192288101 0
1731883321130 0.0007547334535047412 0
1731883337860 0.0007212642813101411 0
1731883354254 0.0008713192073628306 0
1731883370771 0.0006702494574710727 0
1731883387180 0.000739093404263258 0
1731883403695 0.0008645118214190006 0
1731883420106 0.0007832024130038917 0
1731883436622 0.0007179185631684959 0
1731883453047 0.0007063261000439525 0
1731883469563 0.0006280530942603946 0
1731883485966 0.0007634872454218566 0
1731883502485 0.0007445357041433454 0
1731883518887 0.0006083279149606824 0
1731883535366 0.0007353421533480287 0
1731883552181 0.0007236896781250834 0
1731883568700 0.0007592405891045928 0
1731883585096 0.0007057962939143181 0
1731883601607 0.0006447368650697172 0
1731883617999 0.0006623790832236409 0
1731883634498 0.000796297041233629 0
1731883650910 0.0006640525534749031 0
1731883667434 0.000642749248072505 0
1731883683815 0.0005921336705796421 0
1731883700326 0.0006398707046173513 0
1731883716701 0.0006412200164049864 0
1731883733213 0.0007189977914094925 0
1731883749622 0.0006277730572037399 0
1731883766104 0.0006355383084155619 0
1731883782492 0.000725570775102824 0
