1731880018399 0.0003043317701667547 0
1731880041683 0.000139392854180187 0
1731880064370 0.00010345957707613707 0
1731880086940 0.00013747450429946184 0
1731880109169 8.673532283864915e-05 0
1731880131457 8.789006824372336e-05 0
1731880153459 8.89413058757782e-05 0
1731880175477 0.00010993747127940878 0
1731880197375 9.176832827506587e-05 0
1731880219353 6.977880548220128e-05 0
1731880241221 0.00016544725804124027 0
1731880263149 6.53973693260923e-05 0
1731880284969 0.0004896464524790645 0
1731880306886 5.098171823192388e-05 0
1731880328496 6.13778829574585e-05 0
1731880347699 5.4765558161307126e-05 0
1731880366890 7.70583501434885e-05 0
1731880386096 6.710500019835308e-05 0
1731880405276 6.140214100014418e-05 0
1731880424421 6.093935007811524e-05 0
1731880443598 8.437689393758774e-05 0
1731880462744 6.052219760022126e-05 0
1731880480985 8.607447671238333e-05 0
1731880498751 3.0362589313881472e-05 0
1731880516625 6.0242942709010094e-05 0
1731880534535 5.120832065586001e-05 0
1731880552413 5.10605241288431e-05 0
1731880570190 7.966708653839305e-05 0
1731880588073 5.0245631427969784e-05 0
1731880605949 6.248072895687073e-05 0
1731880623020 5.72743228985928e-05 0
1731880640078 8.068315219134092e-05 0
1731880657124 4.293856181902811e-05 0
1731880674192 4.705108585767448e-05 0
1731880691261 5.549847264774144e-05 0
1731880708303 4.2743187805172056e-05 0
1731880725359 4.515208274824545e-05 0
1731880741929 3.808742621913552e-05 0
1731880758495 4.639200051315129e-05 0
1731880774977 3.630298306234181e-05 0
1731880791564 4.230978083796799e-05 0
1731880808028 3.686282434500754e-05 0
1731880824608 5.4747895774198696e-05 0
1731880841084 3.8968093576841056e-05 0
1731880858064 4.151573375565931e-05 0
1731880874565 4.532442835625261e-05 0
1731880891161 3.903941615135409e-05 0
1731880907639 4.139415977988392e-05 0
1731880924213 3.9447091694455594e-05 0
1731880940674 2.8992133593419567e-05 0
1731880957264 4.33180684922263e-05 0
1731880973739 4.0435377741232514e-05 0
1731880990278 5.1022288971580565e-05 0
1731881006736 3.777939127758145e-05 0
1731881023322 3.644992466433905e-05 0
1731881039770 3.0973300454206765e-05 0
1731881056335 3.4247095754835755e-05 0
1731881072823 4.849319884669967e-05 0
1731881089374 3.8400961784645915e-05 0
1731881106167 3.414820821490139e-05 0
1731881122752 3.3763848477974534e-05 0
1731881139223 3.215394099242985e-05 0
1731881155796 2.401166784693487e-05 0
1731881172238 3.1300296541303396e-05 0
1731881188805 4.483622615225613e-05 0
1731881205251 2.2976637410465628e-05 0
1731881221837 2.5659866878413595e-05 0
1731881238293 3.0224344300222583e-05 0
1731881254884 3.093411942245439e-05 0
1731881271318 3.4375538234598935e-05 0
1731881287914 2.7061074433731847e-05 0
1731881304377 3.0153607440297492e-05 0
1731881320933 2.6132232960662805e-05 0
1731881337377 2.4547744033043273e-05 0
1731881354279 2.0012885215692222e-05 0
1731881370754 3.160622873110697e-05 0
1731881387311 3.1969881092663854e-05 0
1731881403781 2.76894643320702e-05 0
1731881420356 1.9188522855984047e-05 0
1731881436804 2.2470663679996505e-05 0
1731881453388 2.8677048248937353e-05 0
1731881469837 2.3495751520385966e-05 0
1731881486421 2.5055065634660423e-05 0
1731881502883 3.15010329359211e-05 0
1731881519468 1.8043559975922108e-05 0
1731881535930 2.686609877855517e-05 0
1731881552516 2.8582478989847004e-05 0
1731881568982 2.3567539756186306e-05 0
1731881585871 2.321219835721422e-05 0
1731881602343 3.3451720810262486e-05 0
1731881618916 2.5738670956343412e-05 0
1731881635365 1.807282751542516e-05 0
1731881651924 2.9314660423551686e-05 0
1731881668365 1.694754246273078e-05 0
1731881684939 2.404429869784508e-05 0
1731881701377 2.643451080075465e-05 0
1731881718347 2.3445898477802984e-05 0
1731881734826 2.9729637390119024e-05 0
1731881751423 2.2464761059382e-05 0
1731881767870 2.348526322748512e-05 0
1731881784458 1.9692253772518598e-05 0
1731881800920 2.009728632401675e-05 0
1731881817525 1.904244527395349e-05 0
1731881834507 2.2766362235415727e-05 0
1731881851091 1.8088323486153968e-05 0
1731881867558 2.1985017156112008e-05 0
1731881884099 2.1918463971815072e-05 0
1731881900537 2.285587470396422e-05 0
1731881917112 2.8182515961816534e-05 0
1731881933581 1.8098087821272202e-05 0
1731881950166 2.05392025236506e-05 0
1731881966623 2.6608871849020943e-05 0
1731881983189 2.153118111891672e-05 0
1731881999631 2.646096436365042e-05 0
1731882016213 1.53272740135435e-05 0
1731882032662 1.414723647030769e-05 0
1731882049228 1.8101671230397187e-05 0
1731882065680 2.0986481104046106e-05 0
1731882082559 2.8009100788040087e-05 0
1731882098998 2.1290979930199683e-05 0
1731882115562 1.8174006982007995e-05 0
1731882132002 1.4611242477258202e-05 0
1731882148575 1.910735954879783e-05 0
1731882165023 2.1110336092533544e-05 0
1731882181588 1.875251837191172e-05 0
1731882198053 2.3922475520521402e-05 0
1731882214635 1.85702938324539e-05 0
1731882231086 1.2809397048840765e-05 0
1731882247669 1.6951988072833046e-05 0
1731882264124 1.6288697224808857e-05 0
1731882280713 1.264287311641965e-05 0
1731882297161 1.4772487702430226e-05 0
1731882313743 1.5408333638333715e-05 0
1731882330554 1.8398994143353775e-05 0
1731882347110 1.59519931912655e-05 0
1731882363540 1.696207618806511e-05 0
1731882380114 1.5013109077699482e-05 0
1731882396552 1.778591104084626e-05 0
1731882413128 1.5691197404521517e-05 0
1731882429606 1.9987797713838518e-05 0
1731882446180 1.837825584516395e-05 0
1731882462647 1.577848888700828e-05 0
1731882479243 1.3217417290434241e-05 0
1731882495726 1.4485125575447455e-05 0
1731882512314 1.6544985555810854e-05 0
1731882528767 1.538736978545785e-05 0
1731882545338 1.4889573321852367e-05 0
1731882561797 1.974831502593588e-05 0
1731882578795 2.0882462195004337e-05 0
1731882595238 1.3687308637599926e-05 0
1731882611826 1.321025047218427e-05 0
1731882628256 1.6595788110862486e-05 0
1731882644801 1.3281024621392135e-05 0
1731882661231 3.3404161513317376e-05 0
1731882677763 1.627983510843478e-05 0
1731882694160 1.4173065210343339e-05 0
1731882710713 1.721466105664149e-05 0
1731882727167 1.4408286006073467e-05 0
1731882743670 1.0460271369083785e-05 0
1731882760094 1.4936711522750556e-05 0
1731882776638 1.3178563676774502e-05 0
1731882793054 1.3743012459599413e-05 0
1731882809934 1.3274286175146699e-05 0
1731882826364 1.9615836208686233e-05 0
1731882842891 1.2862787116318941e-05 0
1731882859325 1.970322227862198e-05 0
1731882875884 1.3916043826611713e-05 0
1731882892304 1.2004453310510144e-05 0
1731882908842 1.0899995686486363e-05 0
1731882925238 1.642289680603426e-05 0
1731882941800 1.8352864572079852e-05 0
1731882958200 1.0425720574858133e-05 0
1731882974737 1.2820853953598998e-05 0
1731882991176 1.568370862514712e-05 0
1731883007692 1.1099307812401094e-05 0
1731883024082 1.773379699443467e-05 0
1731883040627 1.1990996426902711e-05 0
1731883057390 1.2954559679201338e-05 0
1731883073909 1.5293540855054744e-05 0
1731883090328 1.2282633178983815e-05 0
1731883106849 1.3990789739182219e-05 0
1731883123253 1.3198633496358525e-05 0
1731883139754 1.2897220585728064e-05 0
1731883156163 1.5038260244182311e-05 0
1731883172670 1.1678168448270299e-05 0
1731883189065 1.4557479516952299e-05 0
1731883205548 8.908124073059298e-06 0
1731883221939 1.5315195923903957e-05 0
1731883238454 1.8570190150057897e-05 0
1731883254868 1.2792233974323608e-05 0
1731883271398 1.1305646694381721e-05 0
1731883287796 1.4407309208763763e-05 0
1731883304711 1.4346583157021087e-05 0
1731883321130 9.691741070128046e-06 0
1731883337860 1.4502504200208932e-05 0
1731883354254 1.7025335182552226e-05 0
1731883370771 1.4189442481438164e-05 0
1731883387180 1.151137075794395e-05 0
1731883403695 1.1299915058771148e-05 0
1731883420106 1.5157711459323764e-05 0
1731883436622 9.892355592455715e-06 0
1731883453047 1.1051172805309761e-05 0
1731883469563 9.564948413753882e-06 0
1731883485966 1.5430156054208055e-05 0
1731883502485 1.0423746971355285e-05 0
1731883518887 1.1262294719927013e-05 0
1731883535366 1.026702557282988e-05 0
1731883552181 1.2016411346849054e-05 0
1731883568700 1.1072462257288862e-05 0
1731883585096 1.1498626918182708e-05 0
1731883601607 1.1119567716377787e-05 0
1731883617999 1.1160831490997225e-05 0
1731883634498 9.98484483716311e-06 0
1731883650910 1.3277399375510868e-05 0
1731883667434 9.24232790566748e-06 0
1731883683815 9.98338327917736e-06 0
1731883700326 9.945020792656578e-06 0
1731883716701 9.081195457838476e-06 0
1731883733213 1.1734236977645196e-05 0
1731883749622 1.0139687219634652e-05 0
1731883766104 8.32351634016959e-06 0
1731883782492 1.2411470379447564e-05 0
