1731968589492 1.7139019966125488 0
1731968612001 1.4885356426239014 0
1731968633487 1.5204309225082397 0
1731968654484 1.3591654300689697 0
1731968675009 1.207093596458435 0
1731968695528 1.3488386869430542 0
1731968715910 1.0793578624725342 0
1731968736391 1.054751992225647 0
1731968756728 1.1050543785095215 0
1731968777151 1.2247047424316406 0
1731968797453 1.0995672941207886 0
1731968817882 1.1488077640533447 0
1731968838154 1.0959663391113281 0
1731968858518 1.085114598274231 0
1731968878763 1.0189265012741089 0
1731968896629 1.0191535949707031 0
1731968914457 0.9682725071907043 0
1731968932297 0.999400794506073 0
1731968950152 1.0210072994232178 0
1731968967997 1.0190234184265137 0
1731968985829 1.0267002582550049 0
1731969003697 1.0326869487762451 0
1731969020670 1.102525234222412 0
1731969037212 1.0165072679519653 0
1731969053831 1.0408668518066406 0
1731969070450 1.1846429109573364 0
1731969087083 0.9881153106689453 0
1731969103603 1.008901834487915 0
1731969120219 1.185089349746704 0
1731969142051 1.0907117128372192 0
1731969157928 1.094452142715454 0
1731969173811 1.146426796913147 0
1731969189700 1.1836464405059814 0
1731969205578 1.1430354118347168 0
1731969221512 1.1469935178756714 0
1731969237381 1.0781047344207764 0
1731969253279 1.1564863920211792 0
1731969268726 1.1352858543395996 0
1731969284182 1.1483620405197144 0
1731969299522 1.0688854455947876 0
1731969314993 1.1366682052612305 0
1731969330344 0.9882612824440002 0
1731969345826 1.143050193786621 0
1731969361179 1.0586066246032715 0
1731969376968 1.1150201559066772 0
1731969392323 1.180353045463562 0
1731969407773 1.201590657234192 0
1731969423142 1.068734884262085 0
1731969438599 1.0803160667419434 0
1731969453943 1.1132527589797974 0
1731969469408 1.0998704433441162 0
1731969484783 1.109626293182373 0
1731969500263 1.1010322570800781 0
1731969515639 1.1564217805862427 0
1731969531102 1.1528477668762207 0
1731969546474 1.1445964574813843 0
1731969561970 1.1825214624404907 0
1731969577343 1.1898529529571533 0
1731969592853 1.1069248914718628 0
1731969608547 1.1443500518798828 0
1731969624023 1.072392463684082 0
1731969639396 1.1277234554290771 0
1731969654877 1.0808544158935547 0
1731969670274 1.0959281921386719 0
1731969685748 1.0963131189346313 0
1731969701129 1.1236002445220947 0
1731969716576 1.1335368156433105 0
1731969731936 1.0720727443695068 0
1731969747435 1.1386371850967407 0
1731969762832 1.1122506856918335 0
1731969778349 1.1619282960891724 0
1731969793743 1.083084225654602 0
1731969809244 1.1134154796600342 0
1731969824664 1.1064447164535522 0
1731969840495 1.1393224000930786 0
1731969855843 1.1113213300704956 0
1731969871324 1.1115280389785767 0
1731969886696 1.108508586883545 0
1731969902223 1.1515647172927856 0
1731969917600 1.1983122825622559 0
1731969933107 1.1188160181045532 0
1731969948482 1.1534178256988525 0
1731969963998 1.1400734186172485 0
1731969979399 1.1113425493240356 0
1731969994926 1.1485388278961182 0
1731970010314 1.1344406604766846 0
1731970025839 1.135351538658142 0
1731970041254 1.094915509223938 0
1731970057100 1.1529842615127563 0
1731970072501 1.119577169418335 0
1731970088030 1.1691718101501465 0
1731970103419 1.091163158416748 0
1731970118926 1.081997275352478 0
1731970134334 1.107361912727356 0
1731970149850 1.1199449300765991 0
1731970165265 1.1126219034194946 0
1731970180776 1.1288992166519165 0
1731970196195 1.0626749992370605 0
1731970211728 1.125564694404602 0
1731970227135 1.1687328815460205 0
1731970242651 1.20084810256958 0
1731970258038 1.2047662734985352 0
1731970273529 1.1650171279907227 0
1731970289194 1.1030863523483276 0
1731970304715 1.1470824480056763 0
1731970320117 1.1461520195007324 0
1731970335608 1.1513195037841797 0
1731970350982 1.1214096546173096 0
1731970366460 1.1749439239501953 0
1731970381847 1.1377673149108887 0
1731970397304 1.1442980766296387 0
1731970412714 1.140142560005188 0
1731970428170 1.1388877630233765 0
1731970443573 1.09865403175354 0
1731970459052 1.0822731256484985 0
1731970474434 1.1091138124465942 0
1731970489900 1.199023962020874 0
1731970505269 1.1158136129379272 0
1731970521067 1.1083837747573853 0
1731970536453 1.130527138710022 0
1731970551950 1.1404719352722168 0
1731970567318 1.1485825777053833 0
1731970582816 1.1379348039627075 0
1731970598206 1.1266816854476929 0
1731970613684 1.1275038719177246 0
1731970629093 1.1269451379776 0
1731970644614 1.1705818176269531 0
1731970660017 1.2378038167953491 0
1731970675514 1.1737712621688843 0
1731970690896 1.1576863527297974 0
1731970706398 1.1574515104293823 0
1731970721784 1.1298248767852783 0
1731970737261 1.1484915018081665 0
1731970752994 1.1279796361923218 0
1731970768466 1.1188099384307861 0
1731970783820 1.2023155689239502 0
1731970799305 1.1125048398971558 0
1731970814697 1.158524990081787 0
1731970830182 1.139905571937561 0
1731970845546 1.1625261306762695 0
1731970861036 1.1333773136138916 0
1731970876421 1.1540733575820923 0
1731970891893 1.1650002002716064 0
1731970907275 1.1387029886245728 0
1731970922767 1.1225429773330688 0
1731970938125 1.1523282527923584 0
1731970953590 1.1427035331726074 0
1731970969002 1.162064790725708 0
1731970984822 1.156610131263733 0
1731971000194 1.1457359790802002 0
1731971015679 1.1619179248809814 0
1731971031044 1.1568485498428345 0
1731971046532 1.1727721691131592 0
1731971061891 1.1863136291503906 0
1731971077388 1.146284580230713 0
1731971092766 1.1529548168182373 0
1731971108240 1.1579420566558838 0
1731971123617 1.1237132549285889 0
1731971139106 1.149495244026184 0
1731971154509 1.144985556602478 0
1731971169990 1.1484373807907104 0
1731971185351 1.1554749011993408 0
1731971201176 1.1325725317001343 0
1731971216553 1.1493726968765259 0
1731971232039 1.1497763395309448 0
1731971247412 1.1225255727767944 0
1731971262924 1.1427116394042969 0
1731971278310 1.1564375162124634 0
1731971293807 1.1628379821777344 0
1731971309188 1.1387391090393066 0
1731971324683 1.126152753829956 0
1731971340075 1.1270911693572998 0
1731971355563 1.1337412595748901 0
1731971370946 1.139328956604004 0
1731971386436 1.1610685586929321 0
1731971401818 1.168680191040039 0
1731971417317 1.1494073867797852 0
1731971433043 1.1410362720489502 0
1731971448513 1.1519560813903809 0
1731971463874 1.1762977838516235 0
1731971479356 1.1932469606399536 0
1731971494704 1.1910388469696045 0
1731971510180 1.1387219429016113 0
1731971525568 1.1338335275650024 0
1731971541074 1.1759154796600342 0
1731971556455 1.1373465061187744 0
1731971571951 1.1350367069244385 0
1731971587326 1.1403485536575317 0
1731971602787 1.1130080223083496 0
1731971618154 1.1181875467300415 0
1731971633648 1.1659291982650757 0
1731971649023 1.1488640308380127 0
1731971664868 1.1569634675979614 0
1731971680238 1.1413778066635132 0
1731971695752 1.179537296295166 0
1731971711139 1.1444876194000244 0
1731971726656 1.1382975578308105 0
1731971742035 1.1436926126480103 0
1731971757530 1.1811282634735107 0
1731971772920 1.1431262493133545 0
1731971788401 1.1482977867126465 0
1731971803803 1.1466312408447266 0
1731971819316 1.1465109586715698 0
1731971834712 1.1431132555007935 0
1731971850217 1.134625792503357 0
1731971865628 1.1322604417800903 0
1731971881111 1.1582061052322388 0
1731971896810 1.1370768547058105 0
1731971912297 1.1558842658996582 0
1731971927685 1.1511428356170654 0
1731971943195 1.179739236831665 0
1731971958578 1.14322030544281 0
1731971974085 1.1412432193756104 0
1731971989489 1.1591416597366333 0
1731972004987 1.142616868019104 0
1731972020394 1.1315404176712036 0
1731972035875 1.1600823402404785 0
1731972051242 1.1609456539154053 0
1731972066743 1.1290521621704102 0
1731972082128 1.1673614978790283 0
1731972097646 1.1213746070861816 0
1731972113048 1.1647722721099854 0
