1731968589492 0.8134041428565979 0
1731968612001 0.6348458528518677 0
1731968633487 0.518658459186554 0
1731968654484 0.4763526916503906 0
1731968675009 0.45232072472572327 0
1731968695528 0.4551353454589844 0
1731968715910 0.4349219501018524 0
1731968736391 0.4294642210006714 0
1731968756728 0.43399861454963684 0
1731968777151 0.45164963603019714 0
1731968797453 0.44367653131484985 0
1731968817882 0.4471237361431122 0
1731968838154 0.41833701729774475 0
1731968858518 0.43688488006591797 0
1731968878763 0.4259597659111023 0
1731968896629 0.4281556308269501 0
1731968914457 0.41712427139282227 0
1731968932297 0.43566346168518066 0
1731968950152 0.44269371032714844 0
1731968967997 0.42398738861083984 0
1731968985829 0.43575817346572876 0
1731969003697 0.4294144809246063 0
1731969020670 0.42720672488212585 0
1731969037212 0.4316021800041199 0
1731969053831 0.43135979771614075 0
1731969070450 0.43809178471565247 0
1731969087083 0.42731723189353943 0
1731969103603 0.44461727142333984 0
1731969120219 0.4223361313343048 0
1731969142051 0.4253631830215454 0
1731969157928 0.42232075333595276 0
1731969173811 0.44052401185035706 0
1731969189700 0.4355567991733551 0
1731969205578 0.44156473875045776 0
1731969221512 0.44172346591949463 0
1731969237381 0.43047523498535156 0
1731969253279 0.4300827085971832 0
1731969268726 0.4169211983680725 0
1731969284182 0.43778765201568604 0
1731969299522 0.42223262786865234 0
1731969314993 0.4242504835128784 0
1731969330344 0.4246380925178528 0
1731969345826 0.4349985718727112 0
1731969361179 0.4252488911151886 0
1731969376968 0.4308125972747803 0
1731969392323 0.4097943902015686 0
1731969407773 0.4393726587295532 0
1731969423142 0.43390169739723206 0
1731969438599 0.4311363101005554 0
1731969453943 0.43483805656433105 0
1731969469408 0.4394443929195404 0
1731969484783 0.42423394322395325 0
1731969500263 0.42746859788894653 0
1731969515639 0.4255867302417755 0
1731969531102 0.43173089623451233 0
1731969546474 0.43485018610954285 0
1731969561970 0.4257039427757263 0
1731969577343 0.42603999376296997 0
1731969592853 0.4333486557006836 0
1731969608547 0.43557408452033997 0
1731969624023 0.4306131899356842 0
1731969639396 0.42866188287734985 0
1731969654877 0.4273033142089844 0
1731969670274 0.4281872510910034 0
1731969685748 0.42904457449913025 0
1731969701129 0.4224942922592163 0
1731969716576 0.42917102575302124 0
1731969731936 0.4310496747493744 0
1731969747435 0.42912259697914124 0
1731969762832 0.43595072627067566 0
1731969778349 0.4364711344242096 0
1731969793743 0.43323928117752075 0
1731969809244 0.4290667176246643 0
1731969824664 0.43337637186050415 0
1731969840495 0.43037453293800354 0
1731969855843 0.42399030923843384 0
1731969871324 0.4319760799407959 0
1731969886696 0.4348490238189697 0
1731969902223 0.4351454973220825 0
1731969917600 0.4304060637950897 0
1731969933107 0.4316798746585846 0
1731969948482 0.4280228018760681 0
1731969963998 0.4320688545703888 0
1731969979399 0.42615097761154175 0
1731969994926 0.4338419735431671 0
1731970010314 0.42182883620262146 0
1731970025839 0.43195095658302307 0
1731970041254 0.42691656947135925 0
1731970057100 0.4256369173526764 0
1731970072501 0.43611595034599304 0
1731970088030 0.43117618560791016 0
1731970103419 0.439980685710907 0
1731970118926 0.4185718894004822 0
1731970134334 0.4323264956474304 0
1731970149850 0.4276922941207886 0
1731970165265 0.4262934923171997 0
1731970180776 0.42496606707572937 0
1731970196195 0.42562761902809143 0
1731970211728 0.4350235164165497 0
1731970227135 0.4317706227302551 0
1731970242651 0.42514660954475403 0
1731970258038 0.4325404763221741 0
1731970273529 0.42629274725914 0
1731970289194 0.43002161383628845 0
1731970304715 0.43061956763267517 0
1731970320117 0.4303796589374542 0
1731970335608 0.4314841330051422 0
1731970350982 0.4232521653175354 0
1731970366460 0.42782527208328247 0
1731970381847 0.4307592809200287 0
1731970397304 0.4314587116241455 0
1731970412714 0.4253154695034027 0
1731970428170 0.42518046498298645 0
1731970443573 0.4252640902996063 0
1731970459052 0.42652738094329834 0
1731970474434 0.42648714780807495 0
1731970489900 0.43051856756210327 0
1731970505269 0.42974793910980225 0
1731970521067 0.4343809187412262 0
1731970536453 0.4304691553115845 0
1731970551950 0.429320365190506 0
1731970567318 0.42289218306541443 0
1731970582816 0.4245944321155548 0
1731970598206 0.4278949797153473 0
1731970613684 0.42883729934692383 0
1731970629093 0.42680421471595764 0
1731970644614 0.42713531851768494 0
1731970660017 0.4290021061897278 0
1731970675514 0.43173712491989136 0
1731970690896 0.43182042241096497 0
1731970706398 0.42819860577583313 0
1731970721784 0.4331798553466797 0
1731970737261 0.430006206035614 0
1731970752994 0.4343653619289398 0
1731970768466 0.4248553216457367 0
1731970783820 0.4306454360485077 0
1731970799305 0.43112194538116455 0
1731970814697 0.434308797121048 0
1731970830182 0.42556819319725037 0
1731970845546 0.43150410056114197 0
1731970861036 0.43426379561424255 0
1731970876421 0.427995890378952 0
1731970891893 0.43453893065452576 0
1731970907275 0.4282378852367401 0
1731970922767 0.42446964979171753 0
1731970938125 0.42701566219329834 0
1731970953590 0.4267883896827698 0
1731970969002 0.4275354743003845 0
1731970984822 0.4283623993396759 0
1731971000194 0.4286235570907593 0
1731971015679 0.42950889468193054 0
1731971031044 0.4304456114768982 0
1731971046532 0.4313237965106964 0
1731971061891 0.42868244647979736 0
1731971077388 0.4281541109085083 0
1731971092766 0.43144211173057556 0
1731971108240 0.42903000116348267 0
1731971123617 0.43161138892173767 0
1731971139106 0.42884549498558044 0
1731971154509 0.4279540479183197 0
1731971169990 0.43080824613571167 0
1731971185351 0.43033045530319214 0
1731971201176 0.4312225878238678 0
1731971216553 0.431690514087677 0
1731971232039 0.4333079755306244 0
1731971247412 0.42408257722854614 0
1731971262924 0.4301386773586273 0
1731971278310 0.43020519614219666 0
1731971293807 0.4287877678871155 0
1731971309188 0.42929309606552124 0
1731971324683 0.42776963114738464 0
1731971340075 0.43037766218185425 0
1731971355563 0.43325525522232056 0
1731971370946 0.4255538284778595 0
1731971386436 0.4322086572647095 0
1731971401818 0.428516685962677 0
1731971417317 0.43071895837783813 0
1731971433043 0.43143513798713684 0
1731971448513 0.4302303194999695 0
1731971463874 0.430266797542572 0
1731971479356 0.4349919259548187 0
1731971494704 0.43049532175064087 0
1731971510180 0.4309040307998657 0
1731971525568 0.42683085799217224 0
1731971541074 0.4318355321884155 0
1731971556455 0.4308292269706726 0
1731971571951 0.42876917123794556 0
1731971587326 0.43180540204048157 0
1731971602787 0.42226091027259827 0
1731971618154 0.42955440282821655 0
1731971633648 0.43165746331214905 0
1731971649023 0.43020325899124146 0
1731971664868 0.42718079686164856 0
1731971680238 0.42760366201400757 0
1731971695752 0.4302454888820648 0
1731971711139 0.43220630288124084 0
1731971726656 0.4280014932155609 0
1731971742035 0.4280473589897156 0
1731971757530 0.4313366711139679 0
1731971772920 0.42787623405456543 0
1731971788401 0.42797979712486267 0
1731971803803 0.4307524561882019 0
1731971819316 0.4285537600517273 0
1731971834712 0.43046441674232483 0
1731971850217 0.42808249592781067 0
1731971865628 0.42701661586761475 0
1731971881111 0.42973676323890686 0
1731971896810 0.4296213388442993 0
1731971912297 0.4302155673503876 0
1731971927685 0.4314723610877991 0
1731971943195 0.42516204714775085 0
1731971958578 0.42693954706192017 0
1731971974085 0.4309142231941223 0
1731971989489 0.4346284866333008 0
1731972004987 0.4267270863056183 0
1731972020394 0.42964431643486023 0
1731972035875 0.42855319380760193 0
1731972051242 0.4277774393558502 0
1731972066743 0.4264755845069885 0
1731972082128 0.4283384084701538 0
1731972097646 0.42896297574043274 0
1731972113048 0.42992570996284485 0
