1731968589492 0.03206843137741089 0
1731968612001 0.03567459061741829 0
1731968633487 0.034163571894168854 0
1731968654484 0.035415101796388626 0
1731968675009 0.03478699177503586 0
1731968695528 0.032675016671419144 0
1731968715910 0.0342494435608387 0
1731968736391 0.03402462601661682 0
1731968756728 0.0331193283200264 0
1731968777151 0.03418464586138725 0
1731968797453 0.03390425443649292 0
1731968817882 0.03427944704890251 0
1731968838154 0.03427332639694214 0
1731968858518 0.033886898308992386 0
1731968878763 0.03444362431764603 0
1731968896629 0.03292983025312424 0
1731968914457 0.034795235842466354 0
1731968932297 0.03451940417289734 0
1731968950152 0.033717334270477295 0
1731968967997 0.033945001661777496 0
1731968985829 0.034338682889938354 0
1731969003697 0.034286074340343475 0
1731969020670 0.03403914347290993 0
1731969037212 0.034151121973991394 0
1731969053831 0.03431714326143265 0
1731969070450 0.03471122682094574 0
1731969087083 0.033849962055683136 0
1731969103603 0.03371275216341019 0
1731969120219 0.03422340750694275 0
1731969142051 0.03529994562268257 0
1731969157928 0.0342550203204155 0
1731969173811 0.03370755910873413 0
1731969189700 0.0350160151720047 0
1731969205578 0.03504849970340729 0
1731969221512 0.03438475355505943 0
1731969237381 0.03412756696343422 0
1731969253279 0.0338691808283329 0
1731969268726 0.03445998206734657 0
1731969284182 0.034340180456638336 0
1731969299522 0.03409908711910248 0
1731969314993 0.03447934612631798 0
1731969330344 0.033819928765296936 0
1731969345826 0.03533203899860382 0
1731969361179 0.03454975038766861 0
1731969376968 0.034948620945215225 0
1731969392323 0.034457068890333176 0
1731969407773 0.03466544672846794 0
1731969423142 0.03347368165850639 0
1731969438599 0.03377425670623779 0
1731969453943 0.034281689673662186 0
1731969469408 0.034692827612161636 0
1731969484783 0.034962233155965805 0
1731969500263 0.034845516085624695 0
1731969515639 0.03423811122775078 0
1731969531102 0.034257952123880386 0
1731969546474 0.034245047718286514 0
1731969561970 0.03485161438584328 0
1731969577343 0.03467993810772896 0
1731969592853 0.034669190645217896 0
1731969608547 0.034863997250795364 0
1731969624023 0.03405898064374924 0
1731969639396 0.03441852703690529 0
1731969654877 0.03456318378448486 0
1731969670274 0.03475652262568474 0
1731969685748 0.033922228962183 0
1731969701129 0.03464290872216225 0
1731969716576 0.03493169695138931 0
1731969731936 0.03440643101930618 0
1731969747435 0.033970873802900314 0
1731969762832 0.03419271856546402 0
1731969778349 0.03481942042708397 0
1731969793743 0.0338871031999588 0
1731969809244 0.03441927582025528 0
1731969824664 0.034615520387887955 0
1731969840495 0.03460928052663803 0
1731969855843 0.03430883586406708 0
1731969871324 0.034354060888290405 0
1731969886696 0.03450284153223038 0
1731969902223 0.03505216911435127 0
1731969917600 0.0340130440890789 0
1731969933107 0.03442173823714256 0
1731969948482 0.03440338000655174 0
1731969963998 0.03474648296833038 0
1731969979399 0.033643003553152084 0
1731969994926 0.03509074077010155 0
1731970010314 0.03421562537550926 0
1731970025839 0.03473932668566704 0
1731970041254 0.03458713740110397 0
1731970057100 0.03464309498667717 0
1731970072501 0.03484509140253067 0
1731970088030 0.034639135003089905 0
1731970103419 0.03428005054593086 0
1731970118926 0.03406529873609543 0
1731970134334 0.0345529206097126 0
1731970149850 0.034533385187387466 0
1731970165265 0.034762751311063766 0
1731970180776 0.03461617976427078 0
1731970196195 0.034718871116638184 0
1731970211728 0.03423269838094711 0
1731970227135 0.0339372344315052 0
1731970242651 0.034790027886629105 0
1731970258038 0.03521733358502388 0
1731970273529 0.03440795838832855 0
1731970289194 0.03424224257469177 0
1731970304715 0.03460080549120903 0
1731970320117 0.033794160932302475 0
1731970335608 0.03442595526576042 0
1731970350982 0.03446170315146446 0
1731970366460 0.03455957770347595 0
1731970381847 0.034799885004758835 0
1731970397304 0.0347132571041584 0
1731970412714 0.03452397137880325 0
1731970428170 0.034009601920843124 0
1731970443573 0.03434647619724274 0
1731970459052 0.03421146795153618 0
1731970474434 0.03415414318442345 0
1731970489900 0.03487119451165199 0
1731970505269 0.03423404321074486 0
1731970521067 0.03420468792319298 0
1731970536453 0.034832172095775604 0
1731970551950 0.03443560376763344 0
1731970567318 0.03451601415872574 0
1731970582816 0.03460332378745079 0
1731970598206 0.03458593785762787 0
1731970613684 0.03480525314807892 0
1731970629093 0.03399235010147095 0
1731970644614 0.03436153009533882 0
1731970660017 0.03345523029565811 0
1731970675514 0.03420256823301315 0
1731970690896 0.03459244966506958 0
1731970706398 0.03440330922603607 0
1731970721784 0.03422491252422333 0
1731970737261 0.03449897840619087 0
1731970752994 0.03454018384218216 0
1731970768466 0.03465191647410393 0
1731970783820 0.03446304425597191 0
1731970799305 0.03448015823960304 0
1731970814697 0.034555476158857346 0
1731970830182 0.034300778061151505 0
1731970845546 0.03481606766581535 0
1731970861036 0.03459229692816734 0
1731970876421 0.03461112827062607 0
1731970891893 0.0341775082051754 0
1731970907275 0.03451024740934372 0
1731970922767 0.034806668758392334 0
1731970938125 0.03453618660569191 0
1731970953590 0.03439854457974434 0
1731970969002 0.034500543028116226 0
1731970984822 0.03522316738963127 0
1731971000194 0.03485808148980141 0
1731971015679 0.034005988389253616 0
1731971031044 0.03420558199286461 0
1731971046532 0.0344441682100296 0
1731971061891 0.0348544605076313 0
1731971077388 0.034354809671640396 0
1731971092766 0.03439551591873169 0
1731971108240 0.03454124554991722 0
1731971123617 0.03501053526997566 0
1731971139106 0.034457750618457794 0
1731971154509 0.034579575061798096 0
1731971169990 0.03476531058549881 0
1731971185351 0.034303002059459686 0
1731971201176 0.03431810066103935 0
1731971216553 0.03427955508232117 0
1731971232039 0.034413743764162064 0
1731971247412 0.03453562408685684 0
1731971262924 0.03439079597592354 0
1731971278310 0.03453422710299492 0
1731971293807 0.03453817218542099 0
1731971309188 0.03439388424158096 0
1731971324683 0.03444100171327591 0
1731971340075 0.03414875641465187 0
1731971355563 0.03455851972103119 0
1731971370946 0.03454624116420746 0
1731971386436 0.03428094461560249 0
1731971401818 0.03448242321610451 0
1731971417317 0.03454599156975746 0
1731971433043 0.03463172912597656 0
1731971448513 0.03478933498263359 0
1731971463874 0.03485066071152687 0
1731971479356 0.03424721583724022 0
1731971494704 0.0345703661441803 0
1731971510180 0.03445449844002724 0
1731971525568 0.03455200046300888 0
1731971541074 0.03460988402366638 0
1731971556455 0.03439060598611832 0
1731971571951 0.03453122824430466 0
1731971587326 0.03446412459015846 0
1731971602787 0.03426925837993622 0
1731971618154 0.03439011424779892 0
1731971633648 0.03461024910211563 0
1731971649023 0.034616924822330475 0
1731971664868 0.03455175459384918 0
1731971680238 0.03426682576537132 0
1731971695752 0.034532900899648666 0
1731971711139 0.034462250769138336 0
1731971726656 0.034699685871601105 0
1731971742035 0.03429434448480606 0
1731971757530 0.03484829142689705 0
1731971772920 0.034386735409498215 0
1731971788401 0.034657251089811325 0
1731971803803 0.034422777593135834 0
1731971819316 0.034335970878601074 0
1731971834712 0.03455721586942673 0
1731971850217 0.03446217626333237 0
1731971865628 0.034393154084682465 0
1731971881111 0.034511275589466095 0
1731971896810 0.03440902382135391 0
1731971912297 0.034530434757471085 0
1731971927685 0.03446630761027336 0
1731971943195 0.03442008048295975 0
1731971958578 0.03434896841645241 0
1731971974085 0.034563228487968445 0
1731971989489 0.034455664455890656 0
1731972004987 0.03454989194869995 0
1731972020394 0.03468562290072441 0
1731972035875 0.034521616995334625 0
1731972051242 0.03446350619196892 0
1731972066743 0.03451256826519966 0
1731972082128 0.03450886905193329 0
1731972097646 0.034396253526210785 0
1731972113048 0.03459577634930611 0
