1731968589492 0.012970313429832458 0
1731968612001 0.01347823441028595 0
1731968633487 0.01345399022102356 0
1731968654484 0.013062877580523491 0
1731968675009 0.01274418830871582 0
1731968695528 0.012106475420296192 0
1731968715910 0.011829585768282413 0
1731968736391 0.011749724857509136 0
1731968756728 0.011855611577630043 0
1731968777151 0.011640536598861217 0
1731968797453 0.01169897336512804 0
1731968817882 0.01130878645926714 0
1731968838154 0.011498987674713135 0
1731968858518 0.011371039785444736 0
1731968878763 0.011435596272349358 0
1731968896629 0.011360017582774162 0
1731968914457 0.011103961616754532 0
1731968932297 0.011341018602252007 0
1731968950152 0.011143345385789871 0
1731968967997 0.011306309141218662 0
1731968985829 0.011094996705651283 0
1731969003697 0.011134359985589981 0
1731969020670 0.011105057783424854 0
1731969037212 0.011069648899137974 0
1731969053831 0.010928763076663017 0
1731969070450 0.011040900833904743 0
1731969087083 0.011152186430990696 0
1731969103603 0.010854196734726429 0
1731969120219 0.011079060845077038 0
1731969142051 0.010964415967464447 0
1731969157928 0.010960831306874752 0
1731969173811 0.010845141485333443 0
1731969189700 0.010930393822491169 0
1731969205578 0.01067135576158762 0
1731969221512 0.011088399216532707 0
1731969237381 0.01073030661791563 0
1731969253279 0.01055521797388792 0
1731969268726 0.010775703936815262 0
1731969284182 0.010845291428267956 0
1731969299522 0.010993123054504395 0
1731969314993 0.010706739500164986 0
1731969330344 0.010772868059575558 0
1731969345826 0.010878700762987137 0
1731969361179 0.010859866626560688 0
1731969376968 0.010735328309237957 0
1731969392323 0.010830082930624485 0
1731969407773 0.010825023055076599 0
1731969423142 0.010848002508282661 0
1731969438599 0.010961875319480896 0
1731969453943 0.010527405887842178 0
1731969469408 0.010829773731529713 0
1731969484783 0.01091111171990633 0
1731969500263 0.010966690257191658 0
1731969515639 0.010842384770512581 0
1731969531102 0.010852822102606297 0
1731969546474 0.010952734388411045 0
1731969561970 0.010776353068649769 0
1731969577343 0.010658485814929008 0
1731969592853 0.010719696059823036 0
1731969608547 0.010746563784778118 0
1731969624023 0.010771475732326508 0
1731969639396 0.01066620834171772 0
1731969654877 0.010798833332955837 0
1731969670274 0.010827087797224522 0
1731969685748 0.010753109119832516 0
1731969701129 0.010827257297933102 0
1731969716576 0.010766860097646713 0
1731969731936 0.010789642110466957 0
1731969747435 0.010764283128082752 0
1731969762832 0.010609823279082775 0
1731969778349 0.010671641677618027 0
1731969793743 0.010652564465999603 0
1731969809244 0.010599263943731785 0
1731969824664 0.010616259649395943 0
1731969840495 0.010692543350160122 0
1731969855843 0.010658418759703636 0
1731969871324 0.010657292790710926 0
1731969886696 0.010708549059927464 0
1731969902223 0.010743715800344944 0
1731969917600 0.01062853541225195 0
1731969933107 0.010752803646028042 0
1731969948482 0.010708145797252655 0
1731969963998 0.0107144545763731 0
1731969979399 0.010658136568963528 0
1731969994926 0.010555701330304146 0
1731970010314 0.010647041723132133 0
1731970025839 0.010686103254556656 0
1731970041254 0.010910077020525932 0
1731970057100 0.010585200972855091 0
1731970072501 0.010713109746575356 0
1731970088030 0.010659788735210896 0
1731970103419 0.010858281515538692 0
1731970118926 0.010753069072961807 0
1731970134334 0.010548500344157219 0
1731970149850 0.010603968985378742 0
1731970165265 0.010546354576945305 0
1731970180776 0.010661344043910503 0
1731970196195 0.010671102441847324 0
1731970211728 0.010780314914882183 0
1731970227135 0.010601055808365345 0
1731970242651 0.010501646436750889 0
1731970258038 0.01062027458101511 0
1731970273529 0.010652773082256317 0
1731970289194 0.010778188705444336 0
1731970304715 0.010827028192579746 0
1731970320117 0.010687163099646568 0
1731970335608 0.010646829381585121 0
1731970350982 0.010659584775567055 0
1731970366460 0.010569286532700062 0
1731970381847 0.01060937624424696 0
1731970397304 0.010634202510118484 0
1731970412714 0.010666294023394585 0
1731970428170 0.010709552094340324 0
1731970443573 0.010727182030677795 0
1731970459052 0.010693511925637722 0
1731970474434 0.010688770562410355 0
1731970489900 0.010647732764482498 0
1731970505269 0.010635270737111568 0
1731970521067 0.010791226290166378 0
1731970536453 0.010736295953392982 0
1731970551950 0.01072720717638731 0
1731970567318 0.010742914862930775 0
1731970582816 0.010761221870779991 0
1731970598206 0.010674959048628807 0
1731970613684 0.010644198395311832 0
1731970629093 0.010634269565343857 0
1731970644614 0.010639314539730549 0
1731970660017 0.010659405030310154 0
1731970675514 0.010657005943357944 0
1731970690896 0.0106982896104455 0
1731970706398 0.010683511383831501 0
1731970721784 0.010796045884490013 0
1731970737261 0.010774672962725163 0
1731970752994 0.010787325911223888 0
1731970768466 0.010798575356602669 0
1731970783820 0.010651608929038048 0
1731970799305 0.010668043978512287 0
1731970814697 0.010699366219341755 0
1731970830182 0.010677452199161053 0
1731970845546 0.010671166703104973 0
1731970861036 0.010660968720912933 0
1731970876421 0.010697092860937119 0
1731970891893 0.010576453991234303 0
1731970907275 0.010753168724477291 0
1731970922767 0.010708801448345184 0
1731970938125 0.010629670694470406 0
1731970953590 0.01066014263778925 0
1731970969002 0.010683884844183922 0
1731970984822 0.010768404230475426 0
1731971000194 0.010627850890159607 0
1731971015679 0.01082600373774767 0
1731971031044 0.010756220668554306 0
1731971046532 0.010790614411234856 0
1731971061891 0.0107711311429739 0
1731971077388 0.010705623775720596 0
1731971092766 0.01062705833464861 0
1731971108240 0.010748648084700108 0
1731971123617 0.010795564390718937 0
1731971139106 0.01063490565866232 0
1731971154509 0.01069282740354538 0
1731971169990 0.01067697536200285 0
1731971185351 0.010832608677446842 0
1731971201176 0.010727228596806526 0
1731971216553 0.010686769150197506 0
1731971232039 0.010677349753677845 0
1731971247412 0.010830068029463291 0
1731971262924 0.010711061768233776 0
1731971278310 0.010761816054582596 0
1731971293807 0.010762123391032219 0
1731971309188 0.010674035176634789 0
1731971324683 0.010787693783640862 0
1731971340075 0.010865277610719204 0
1731971355563 0.010765940882265568 0
1731971370946 0.01072631310671568 0
1731971386436 0.010719504207372665 0
1731971401818 0.01065867766737938 0
1731971417317 0.01065953727811575 0
1731971433043 0.010719921439886093 0
1731971448513 0.01081293635070324 0
1731971463874 0.010829482227563858 0
1731971479356 0.010734617710113525 0
1731971494704 0.01083288248628378 0
1731971510180 0.01072397455573082 0
1731971525568 0.01071143802255392 0
1731971541074 0.010756715200841427 0
1731971556455 0.010696498677134514 0
1731971571951 0.010654432699084282 0
1731971587326 0.010728972032666206 0
1731971602787 0.010735047049820423 0
1731971618154 0.010744133032858372 0
1731971633648 0.010798358358442783 0
1731971649023 0.010767473839223385 0
1731971664868 0.010712560266256332 0
1731971680238 0.01077299565076828 0
1731971695752 0.010807528160512447 0
1731971711139 0.010827550664544106 0
1731971726656 0.010807070881128311 0
1731971742035 0.01068953238427639 0
1731971757530 0.01081719622015953 0
1731971772920 0.010749260894954205 0
1731971788401 0.010727000422775745 0
1731971803803 0.010761184617877007 0
1731971819316 0.01072152704000473 0
1731971834712 0.01070733368396759 0
1731971850217 0.01072659157216549 0
1731971865628 0.010784270241856575 0
1731971881111 0.010735202580690384 0
1731971896810 0.010811724700033665 0
1731971912297 0.010826339945197105 0
1731971927685 0.010762597434222698 0
1731971943195 0.010766958817839622 0
1731971958578 0.010805762372910976 0
1731971974085 0.010755474679172039 0
1731971989489 0.010774488560855389 0
1731972004987 0.010737834498286247 0
1731972020394 0.010682442225515842 0
1731972035875 0.010758216492831707 0
1731972051242 0.01072721928358078 0
1731972066743 0.010724009945988655 0
1731972082128 0.010744045488536358 0
1731972097646 0.010771291330456734 0
1731972113048 0.010723413899540901 0
