1731968589495 0.012981070205569267 0
1731968612007 0.008709199726581573 0
1731968633492 0.006500003393739462 0
1731968654490 0.005662013776600361 0
1731968675011 0.005554258823394775 0
1731968695530 0.005174542777240276 0
1731968715912 0.0040385425090789795 0
1731968736394 0.004039151128381491 0
1731968756730 0.004711687099188566 0
1731968777153 0.004426204599440098 0
1731968797456 0.0036496813409030437 0
1731968817884 0.0037144634407013655 0
1731968838156 0.0037584519013762474 0
1731968858521 0.004200730472803116 0
1731968878765 0.0036732638254761696 0
1731968896632 0.0036030146293342113 0
1731968914459 0.0034287318121641874 0
1731968932299 0.004683883395045996 0
1731968950155 0.0038201238494366407 0
1731968968000 0.0036453227512538433 0
1731968985831 0.003168578026816249 0
1731969003700 0.0037900477182120085 0
1731969020672 0.0036033696960657835 0
1731969037214 0.0036307673435658216 0
1731969053834 0.003418020671233535 0
1731969070453 0.0033229810651391745 0
1731969087085 0.0033245112281292677 0
1731969103606 0.0032597386743873358 0
1731969120222 0.0031192321330308914 0
1731969142053 0.00336718512699008 0
1731969157930 0.0029499575030058622 0
1731969173814 0.003093619365245104 0
1731969189703 0.0029582069255411625 0
1731969205581 0.0032903989776968956 0
1731969221514 0.0030150902457535267 0
1731969237384 0.002978762611746788 0
1731969253281 0.0033119143918156624 0
1731969268729 0.00270847394131124 0
1731969284185 0.0027941418811678886 0
1731969299524 0.003321794793009758 0
1731969314996 0.003012822475284338 0
1731969330346 0.0029526434373110533 0
1731969345829 0.003002757905051112 0
1731969361181 0.0027140274178236723 0
1731969376971 0.0029509812593460083 0
1731969392325 0.002930902410298586 0
1731969407776 0.0024476151447743177 0
1731969423144 0.002781343413516879 0
1731969438602 0.0022926623933017254 0
1731969453945 0.00232665310613811 0
1731969469410 0.0029307350050657988 0
1731969484785 0.0022695446386933327 0
1731969500266 0.0028533469885587692 0
1731969515642 0.0024855693336576223 0
1731969531105 0.002856628969311714 0
1731969546476 0.002806029748171568 0
1731969561972 0.002511687111109495 0
1731969577345 0.0022745728492736816 0
1731969592855 0.0023354035802185535 0
1731969608549 0.0025447921361774206 0
1731969624026 0.0022339187562465668 0
1731969639398 0.002579210791736841 0
1731969654879 0.0023962054401636124 0
1731969670276 0.002519752597436309 0
1731969685750 0.00267048180103302 0
1731969701131 0.002639218932017684 0
1731969716579 0.0027549981605261564 0
1731969731938 0.002639490645378828 0
1731969747437 0.002008701441809535 0
1731969762835 0.002488192869350314 0
1731969778351 0.002254264196380973 0
1731969793745 0.002328648930415511 0
1731969809246 0.0021370071917772293 0
1731969824667 0.0022294046357274055 0
1731969840497 0.0022191833704710007 0
1731969855845 0.0022477630991488695 0
1731969871327 0.0022335632238537073 0
1731969886698 0.002431656699627638 0
1731969902226 0.002491019433364272 0
1731969917603 0.0019870263058692217 0
1731969933109 0.0021385771688073874 0
1731969948485 0.0023003784008324146 0
1731969964000 0.00205538934096694 0
1731969979402 0.0021049734205007553 0
1731969994928 0.0020613097585737705 0
1731970010316 0.002326676156371832 0
1731970025843 0.0019358857534825802 0
1731970041256 0.002034961013123393 0
1731970057102 0.0021668183617293835 0
1731970072504 0.00207889243029058 0
1731970088033 0.0022575659677386284 0
1731970103421 0.0020972867496311665 0
1731970118929 0.001990154618397355 0
1731970134336 0.0019151418237015605 0
1731970149853 0.0018390350742265582 0
1731970165268 0.0016730136703699827 0
1731970180778 0.001726972870528698 0
1731970196198 0.001618554349988699 0
1731970211730 0.0015983234625309706 0
1731970227137 0.0019404729828238487 0
1731970242653 0.0020443331450223923 0
1731970258041 0.002005337504670024 0
1731970273532 0.001983837690204382 0
1731970289196 0.002018221188336611 0
1731970304718 0.002072062576189637 0
1731970320120 0.001776158344000578 0
1731970335611 0.0016006918158382177 0
1731970350985 0.0018224986270070076 0
1731970366462 0.001780741848051548 0
1731970381850 0.0016263739671558142 0
1731970397307 0.0018462329171597958 0
1731970412716 0.0016822488978505135 0
1731970428173 0.0021255887113511562 0
1731970443575 0.0014759569894522429 0
1731970459055 0.0018109511584043503 0
1731970474436 0.0016018841415643692 0
1731970489902 0.0017526433803141117 0
1731970505272 0.0016348939388990402 0
1731970521069 0.0016561977099627256 0
1731970536456 0.001942040747962892 0
1731970551953 0.0017437560018151999 0
1731970567321 0.0017638796707615256 0
1731970582818 0.0017012142343446612 0
1731970598209 0.001595027046278119 0
1731970613686 0.001609209692105651 0
1731970629096 0.0016151673626154661 0
1731970644617 0.001452307216823101 0
1731970660019 0.0015666913241147995 0
1731970675517 0.0016479681944474578 0
1731970690898 0.0020876782946288586 0
1731970706400 0.0017207509372383356 0
1731970721787 0.0016127489507198334 0
1731970737263 0.0018154128920286894 0
1731970752997 0.0017937462544068694 0
1731970768468 0.001649640267714858 0
1731970783823 0.0014428608119487762 0
1731970799307 0.0015190737321972847 0
1731970814700 0.001473557553254068 0
1731970830184 0.0016010450199246407 0
1731970845548 0.0016647870652377605 0
1731970861039 0.0016069018747657537 0
1731970876423 0.0015651639550924301 0
1731970891895 0.0015506686177104712 0
1731970907278 0.0014612938975915313 0
1731970922769 0.0015013078227639198 0
1731970938128 0.0016252431087195873 0
1731970953592 0.0018060518195852637 0
1731970969004 0.0013415329158306122 0
1731970984825 0.0014138715341687202 0
1731971000196 0.0015735235065221786 0
1731971015682 0.0015890458598732948 0
1731971031046 0.0013815646525472403 0
1731971046534 0.0014830550644546747 0
1731971061893 0.0015241847140714526 0
1731971077390 0.0012883819872513413 0
1731971092769 0.0018914192914962769 0
1731971108242 0.0015199314802885056 0
1731971123619 0.001550561166368425 0
1731971139111 0.001504165818914771 0
1731971154512 0.0015879124402999878 0
1731971169992 0.0016087492695078254 0
1731971185353 0.0015113430563360453 0
1731971201179 0.001515177427791059 0
1731971216555 0.0015167661476880312 0
1731971232042 0.0013791503151878715 0
1731971247414 0.0012631018180400133 0
1731971262927 0.0013762095477432013 0
1731971278313 0.0013950939755886793 0
1731971293809 0.0014382225926965475 0
1731971309191 0.0013429878745228052 0
1731971324685 0.0013544713146984577 0
1731971340078 0.0015141016338020563 0
1731971355565 0.0014233344700187445 0
1731971370948 0.0012089734664186835 0
1731971386438 0.0012806305894628167 0
1731971401820 0.0014484156854450703 0
1731971417320 0.0014149947091937065 0
1731971433045 0.0012240591458976269 0
1731971448515 0.001362732844427228 0
1731971463877 0.001304730074480176 0
1731971479359 0.0014906370779499412 0
1731971494706 0.0011917193187400699 0
1731971510183 0.0012049688957631588 0
1731971525570 0.001519146841019392 0
1731971541076 0.0013714067172259092 0
1731971556457 0.0013289828784763813 0
1731971571954 0.0012233788147568703 0
1731971587328 0.0013394526904448867 0
1731971602789 0.0014420542865991592 0
1731971618157 0.001186327077448368 0
1731971633650 0.0012382174609228969 0
1731971649025 0.001273272093385458 0
1731971664871 0.0010170560562983155 0
1731971680241 0.0011898453813046217 0
1731971695754 0.001142239081673324 0
1731971711142 0.001287706894800067 0
1731971726658 0.0012456172844395041 0
1731971742037 0.0011206588242202997 0
1731971757532 0.0012580963084474206 0
1731971772922 0.0011908651795238256 0
1731971788404 0.0011841942323371768 0
1731971803805 0.001158488099463284 0
1731971819318 0.001022638170979917 0
1731971834714 0.0011069434694945812 0
1731971850219 0.001040259376168251 0
1731971865630 0.0012268945574760437 0
1731971881114 0.0010987063869833946 0
1731971896812 0.0011953767389059067 0
1731971912299 0.001344793476164341 0
1731971927688 0.0009522076579742134 0
1731971943197 0.0012240936048328876 0
1731971958581 0.0010681846179068089 0
1731971974087 0.0013613984920084476 0
1731971989492 0.0011220253072679043 0
1731972004989 0.0011948273750022054 0
1731972020397 0.0010587971191853285 0
1731972035877 0.0011182490270584822 0
1731972051245 0.0010441343765705824 0
1731972066745 0.0013002771884202957 0
1731972082130 0.001107440097257495 0
1731972097648 0.0011702415067702532 0
1731972113050 0.00117882015183568 0
