1731973274175 0.037569187581539154 0
1731973296049 0.03598709776997566 0
1731973317902 0.03445373848080635 0
1731973339955 0.032530490309000015 0
1731973361913 0.034664250910282135 0
1731973384030 0.034736741334199905 0
1731973406070 0.03297028690576553 0
1731973428256 0.03383911773562431 0
1731973450372 0.03148277476429939 0
1731973472654 0.0326104462146759 0
1731973494833 0.03127266839146614 0
1731973517205 0.03016817942261696 0
1731973539449 0.03142435476183891 0
1731973561816 0.0312984436750412 0
1731973584241 0.032961033284664154 0
1731973603981 0.03030010685324669 0
1731973623731 0.030168024823069572 0
1731973643514 0.031141074374318123 0
1731973663304 0.02986009418964386 0
1731973683065 0.03025634028017521 0
1731973702851 0.02996465191245079 0
1731973722659 0.02957918867468834 0
1731973741524 0.0283933375030756 0
1731973759944 0.02927100658416748 0
1731973778478 0.030187340453267097 0
1731973797017 0.029667017981410027 0
1731973815561 0.030288951471447945 0
1731973833998 0.028473738580942154 0
1731973852543 0.028572294861078262 0
1731973871279 0.028629200533032417 0
1731973889010 0.02778058685362339 0
1731973906727 0.028388991951942444 0
1731973924464 0.030228015035390854 0
1731973942202 0.029011353850364685 0
1731973959934 0.028248533606529236 0
1731973977676 0.0283549465239048 0
1731973995434 0.0274407546967268 0
1731974012697 0.027763038873672485 0
1731974029976 0.029865173622965813 0
1731974047157 0.02738185040652752 0
1731974064447 0.02733711339533329 0
1731974081628 0.027295079082250595 0
1731974098900 0.02789510414004326 0
1731974116082 0.028043637052178383 0
1731974133884 0.027828598394989967 0
1731974151056 0.028219878673553467 0
1731974168339 0.029478546231985092 0
1731974185509 0.028513392433524132 0
1731974202782 0.027607226744294167 0
1731974219979 0.028252393007278442 0
1731974237264 0.028549475595355034 0
1731974254440 0.028291834518313408 0
1731974271713 0.02784700319170952 0
1731974288885 0.027298998087644577 0
1731974306190 0.02568298764526844 0
1731974323370 0.026132704690098763 0
1731974340678 0.028735708445310593 0
1731974357888 0.02727317065000534 0
1731974375194 0.028572440147399902 0
1731974392901 0.02820718288421631 0
1731974410203 0.027624787762761116 0
1731974427531 0.02795049548149109 0
1731974444870 0.027592143043875694 0
1731974462073 0.027692433446645737 0
1731974479389 0.027239196002483368 0
1731974496598 0.027629198506474495 0
1731974513897 0.02916260063648224 0
1731974531097 0.02954697236418724 0
1731974548422 0.02696668542921543 0
1731974565634 0.027519261464476585 0
1731974582959 0.02741190418601036 0
1731974600183 0.028134500607848167 0
1731974617519 0.026759864762425423 0
1731974634758 0.02655300311744213 0
1731974652693 0.02651369571685791 0
1731974669930 0.02618536166846752 0
1731974687273 0.02719157747924328 0
1731974704505 0.02741667814552784 0
1731974721848 0.02760946936905384 0
1731974739085 0.026097100228071213 0
1731974756441 0.02649236097931862 0
1731974773677 0.02742258831858635 0
1731974791038 0.02784305438399315 0
1731974808266 0.026340313255786896 0
1731974825623 0.027577005326747894 0
1731974842874 0.027375483885407448 0
1731974860234 0.02662043459713459 0
1731974877478 0.02712313085794449 0
1731974895521 0.026676682755351067 0
1731974912775 0.02649874985218048 0
1731974930149 0.02567426487803459 0
1731974947412 0.026959331706166267 0
1731974964743 0.02699442394077778 0
1731974981981 0.026830747723579407 0
1731974999346 0.02666250616312027 0
1731975016611 0.026596039533615112 0
1731975033975 0.025883765891194344 0
1731975051208 0.02764904871582985 0
1731975068580 0.02696605958044529 0
1731975085840 0.02678438276052475 0
1731975103208 0.027764029800891876 0
1731975120459 0.025884006172418594 0
1731975137822 0.02692161314189434 0
1731975155649 0.02721419557929039 0
1731975173031 0.027052894234657288 0
1731975190290 0.02712073363363743 0
1731975207680 0.02572670951485634 0
1731975224961 0.027190569788217545 0
1731975242345 0.02678360603749752 0
1731975259592 0.02667619101703167 0
1731975277014 0.026782415807247162 0
1731975294270 0.026123231276869774 0
1731975311637 0.026667186990380287 0
1731975328906 0.027229275554418564 0
1731975346263 0.028014536947011948 0
1731975363504 0.027001388370990753 0
1731975380865 0.026744507253170013 0
1731975398142 0.026959305629134178 0
1731975416077 0.02806832455098629 0
1731975433320 0.026350755244493484 0
1731975450686 0.02737068571150303 0
1731975467933 0.027431996539235115 0
1731975485303 0.02733440138399601 0
1731975502555 0.026356739923357964 0
1731975519917 0.026779137551784515 0
1731975537160 0.026862075552344322 0
1731975554526 0.02653866820037365 0
1731975571764 0.02701733075082302 0
1731975589140 0.02644679695367813 0
1731975606391 0.025766951963305473 0
1731975623760 0.02838887646794319 0
1731975641023 0.026301367208361626 0
1731975658362 0.026137758046388626 0
1731975676449 0.026987433433532715 0
1731975693827 0.02654477022588253 0
1731975711042 0.026306958869099617 0
1731975728394 0.027251165360212326 0
1731975745657 0.027805784717202187 0
1731975763037 0.027117060497403145 0
1731975780275 0.026059184223413467 0
1731975797629 0.026528961956501007 0
1731975814890 0.02703685499727726 0
1731975832233 0.026770200580358505 0
1731975849466 0.02612532116472721 0
1731975866821 0.027018262073397636 0
1731975884083 0.026760028675198555 0
1731975901414 0.026891836896538734 0
1731975918647 0.027046261355280876 0
1731975936582 0.027527904137969017 0
1731975953806 0.027149001136422157 0
1731975971139 0.026285642758011818 0
1731975988398 0.026785435155034065 0
1731976005760 0.027413949370384216 0
1731976022988 0.027461428195238113 0
1731976040338 0.026800040155649185 0
1731976057574 0.026300186291337013 0
1731976074940 0.02718084678053856 0
1731976092189 0.02754104509949684 0
1731976109546 0.027526618912816048 0
1731976126791 0.02738814800977707 0
1731976144143 0.026843611150979996 0
1731976161372 0.02684018760919571 0
1731976179318 0.02640497125685215 0
1731976196568 0.02691872976720333 0
1731976213948 0.027307523414492607 0
1731976231181 0.027225639671087265 0
1731976248528 0.026556817814707756 0
1731976265773 0.026951609179377556 0
1731976283094 0.027035048231482506 0
1731976300351 0.02664429321885109 0
1731976317727 0.027160227298736572 0
1731976334985 0.02717859297990799 0
1731976352346 0.0268414169549942 0
1731976369598 0.026224035769701004 0
1731976386983 0.027339709922671318 0
1731976404250 0.026365969330072403 0
1731976421624 0.026905188336968422 0
1731976439357 0.027683090418577194 0
1731976456727 0.026919014751911163 0
1731976473952 0.02692749723792076 0
1731976491315 0.02755770832300186 0
1731976508572 0.02586868219077587 0
1731976525957 0.02697933465242386 0
1731976543201 0.027214305475354195 0
1731976560572 0.027164436876773834 0
1731976577819 0.027081476524472237 0
1731976595174 0.027065714821219444 0
1731976612435 0.027008622884750366 0
1731976629789 0.02705501951277256 0
1731976647021 0.02661367505788803 0
1731976664377 0.02678944543004036 0
1731976681637 0.026993056759238243 0
1731976699637 0.027034081518650055 0
1731976716905 0.02696814201772213 0
1731976734288 0.02729056030511856 0
1731976751519 0.026995917782187462 0
1731976768867 0.02678910456597805 0
1731976786107 0.027164842933416367 0
1731976803454 0.027045607566833496 0
1731976820706 0.027104174718260765 0
1731976838040 0.026756495237350464 0
1731976855286 0.026770994067192078 0
1731976872654 0.027246033772826195 0
1731976889934 0.026560446247458458 0
1731976907287 0.026546990498900414 0
1731976924542 0.02652740105986595 0
1731976941933 0.026411661878228188 0
1731976959704 0.026731308549642563 0
1731976977069 0.026894574984908104 0
1731976994332 0.02658076025545597 0
1731977011695 0.02723771706223488 0
1731977028942 0.02690219134092331 0
1731977046297 0.026843784376978874 0
1731977063540 0.026766078546643257 0
1731977080922 0.026583073660731316 0
1731977098188 0.02712366357445717 0
1731977115583 0.026845622807741165 0
1731977132833 0.026579126715660095 0
1731977150233 0.026455780491232872 0
1731977167501 0.026411689817905426 0
1731977184874 0.02647295594215393 0
1731977202116 0.026756564155220985 0
