1731973274175 0.7622807025909424 0
1731973296049 0.7002843618392944 0
1731973317902 0.6564343571662903 0
1731973339955 0.6122714877128601 0
1731973361913 0.6098461151123047 0
1731973384030 0.6010133624076843 0
1731973406070 0.5855067372322083 0
1731973428256 0.5783266425132751 0
1731973450372 0.5778619050979614 0
1731973472654 0.570537805557251 0
1731973494833 0.5590519905090332 0
1731973517205 0.5690579414367676 0
1731973539449 0.5498369932174683 0
1731973561816 0.5480036735534668 0
1731973584241 0.5453093647956848 0
1731973603981 0.5374957323074341 0
1731973623731 0.5333285927772522 0
1731973643514 0.5189362168312073 0
1731973663304 0.5339617729187012 0
1731973683065 0.5228566527366638 0
1731973702851 0.5127061009407043 0
1731973722659 0.5131805539131165 0
1731973741524 0.521898090839386 0
1731973759944 0.5128504037857056 0
1731973778478 0.5083550214767456 0
1731973797017 0.5140455365180969 0
1731973815561 0.5061250329017639 0
1731973833998 0.5047638416290283 0
1731973852543 0.49721086025238037 0
1731973871279 0.4971413314342499 0
1731973889010 0.5026289820671082 0
1731973906727 0.5102313160896301 0
1731973924464 0.4922163784503937 0
1731973942202 0.4999130964279175 0
1731973959934 0.5024316310882568 0
1731973977676 0.4902667999267578 0
1731973995434 0.505769670009613 0
1731974012697 0.5047343969345093 0
1731974029976 0.5018526315689087 0
1731974047157 0.5018118023872375 0
1731974064447 0.4882000684738159 0
1731974081628 0.5056700706481934 0
1731974098900 0.4909544587135315 0
1731974116082 0.4854881167411804 0
1731974133884 0.49485090374946594 0
1731974151056 0.5005516409873962 0
1731974168339 0.4839613437652588 0
1731974185509 0.485395222902298 0
1731974202782 0.4806530177593231 0
1731974219979 0.4842284321784973 0
1731974237264 0.48755890130996704 0
1731974254440 0.47988277673721313 0
1731974271713 0.48571398854255676 0
1731974288885 0.4884463846683502 0
1731974306190 0.48228055238723755 0
1731974323370 0.4967914819717407 0
1731974340678 0.4838986098766327 0
1731974357888 0.48139816522598267 0
1731974375194 0.48295944929122925 0
1731974392901 0.4796008765697479 0
1731974410203 0.4814872741699219 0
1731974427531 0.4761313796043396 0
1731974444870 0.47651639580726624 0
1731974462073 0.4763086140155792 0
1731974479389 0.48128920793533325 0
1731974496598 0.47854843735694885 0
1731974513897 0.483587384223938 0
1731974531097 0.4793989956378937 0
1731974548422 0.48054707050323486 0
1731974565634 0.4762289226055145 0
1731974582959 0.4742787480354309 0
1731974600183 0.4769422113895416 0
1731974617519 0.47528141736984253 0
1731974634758 0.47259485721588135 0
1731974652693 0.4775710105895996 0
1731974669930 0.47576385736465454 0
1731974687273 0.47995617985725403 0
1731974704505 0.47305354475975037 0
1731974721848 0.4754270315170288 0
1731974739085 0.4777764678001404 0
1731974756441 0.4802326560020447 0
1731974773677 0.4761599004268646 0
1731974791038 0.4767732322216034 0
1731974808266 0.4756871163845062 0
1731974825623 0.4721767008304596 0
1731974842874 0.47263434529304504 0
1731974860234 0.4703192710876465 0
1731974877478 0.47101274132728577 0
1731974895521 0.4724554717540741 0
1731974912775 0.46613946557044983 0
1731974930149 0.4692571759223938 0
1731974947412 0.47714951634407043 0
1731974964743 0.46913668513298035 0
1731974981981 0.4735029935836792 0
1731974999346 0.47137609124183655 0
1731975016611 0.4696759581565857 0
1731975033975 0.4716230034828186 0
1731975051208 0.46934446692466736 0
1731975068580 0.4732414782047272 0
1731975085840 0.47335514426231384 0
1731975103208 0.4724977910518646 0
1731975120459 0.47496968507766724 0
1731975137822 0.4724041819572449 0
1731975155649 0.4690600037574768 0
1731975173031 0.4718250036239624 0
1731975190290 0.47282350063323975 0
1731975207680 0.4725872278213501 0
1731975224961 0.4681956171989441 0
1731975242345 0.46673011779785156 0
1731975259592 0.4702017307281494 0
1731975277014 0.46863383054733276 0
1731975294270 0.46951737999916077 0
1731975311637 0.469914048910141 0
1731975328906 0.4705684185028076 0
1731975346263 0.46749281883239746 0
1731975363504 0.4689789116382599 0
1731975380865 0.4686194658279419 0
1731975398142 0.473324179649353 0
1731975416077 0.4750770330429077 0
1731975433320 0.47137919068336487 0
1731975450686 0.4720945954322815 0
1731975467933 0.47050029039382935 0
1731975485303 0.46864768862724304 0
1731975502555 0.46650153398513794 0
1731975519917 0.47013235092163086 0
1731975537160 0.4697420597076416 0
1731975554526 0.4702187478542328 0
1731975571764 0.4706791341304779 0
1731975589140 0.47146520018577576 0
1731975606391 0.4701225459575653 0
1731975623760 0.46743836998939514 0
1731975641023 0.47172948718070984 0
1731975658362 0.4708678722381592 0
1731975676449 0.4676518142223358 0
1731975693827 0.46788448095321655 0
1731975711042 0.4685582220554352 0
1731975728394 0.46663525700569153 0
1731975745657 0.46918460726737976 0
1731975763037 0.4669596254825592 0
1731975780275 0.46825116872787476 0
1731975797629 0.46682098507881165 0
1731975814890 0.46834784746170044 0
1731975832233 0.46717017889022827 0
1731975849466 0.4680139422416687 0
1731975866821 0.4681932330131531 0
1731975884083 0.4685220718383789 0
1731975901414 0.4664285182952881 0
1731975918647 0.46423208713531494 0
1731975936582 0.46765193343162537 0
1731975953806 0.46847453713417053 0
1731975971139 0.4662237763404846 0
1731975988398 0.46872901916503906 0
1731976005760 0.4691639542579651 0
1731976022988 0.4682317078113556 0
1731976040338 0.46776947379112244 0
1731976057574 0.46942275762557983 0
1731976074940 0.4691127836704254 0
1731976092189 0.4660862684249878 0
1731976109546 0.46415993571281433 0
1731976126791 0.47028759121894836 0
1731976144143 0.4670637845993042 0
1731976161372 0.47022488713264465 0
1731976179318 0.4677375257015228 0
1731976196568 0.47021254897117615 0
1731976213948 0.46478554606437683 0
1731976231181 0.46856561303138733 0
1731976248528 0.46586358547210693 0
1731976265773 0.4663597345352173 0
1731976283094 0.4681788682937622 0
1731976300351 0.46638011932373047 0
1731976317727 0.4659816324710846 0
1731976334985 0.4675265848636627 0
1731976352346 0.4672984778881073 0
1731976369598 0.4672580063343048 0
1731976386983 0.46386784315109253 0
1731976404250 0.4640052616596222 0
1731976421624 0.46703624725341797 0
1731976439357 0.46697062253952026 0
1731976456727 0.46468186378479004 0
1731976473952 0.4685072898864746 0
1731976491315 0.465600848197937 0
1731976508572 0.46442919969558716 0
1731976525957 0.46403276920318604 0
1731976543201 0.46643295884132385 0
1731976560572 0.46399280428886414 0
1731976577819 0.4666111171245575 0
1731976595174 0.4662155508995056 0
1731976612435 0.46936333179473877 0
1731976629789 0.46924662590026855 0
1731976647021 0.4666314125061035 0
1731976664377 0.4698515832424164 0
1731976681637 0.4660494029521942 0
1731976699637 0.4670553505420685 0
1731976716905 0.4657916724681854 0
1731976734288 0.47097277641296387 0
1731976751519 0.4668746590614319 0
1731976768867 0.4668208956718445 0
1731976786107 0.4671667218208313 0
1731976803454 0.4674650728702545 0
1731976820706 0.46806782484054565 0
1731976838040 0.46692946553230286 0
1731976855286 0.4700649082660675 0
1731976872654 0.46791204810142517 0
1731976889934 0.46706661581993103 0
1731976907287 0.4668382406234741 0
1731976924542 0.46637389063835144 0
1731976941933 0.46873190999031067 0
1731976959704 0.4656836688518524 0
1731976977069 0.469092458486557 0
1731976994332 0.4704504907131195 0
1731977011695 0.46838605403900146 0
1731977028942 0.46813857555389404 0
1731977046297 0.4672066271305084 0
1731977063540 0.4699168801307678 0
1731977080922 0.46893516182899475 0
1731977098188 0.46649596095085144 0
1731977115583 0.46592581272125244 0
1731977132833 0.46841999888420105 0
1731977150233 0.46937671303749084 0
1731977167501 0.4681337773799896 0
1731977184874 0.4690878093242645 0
1731977202116 0.4683067202568054 0
