1731973274179 0.0010260498384013772 0
1731973296053 0.0005344481905922294 0
1731973317905 0.00045572122326120734 0
1731973339958 0.0003184343222528696 0
1731973361916 0.0003285139100626111 0
1731973384032 0.00029534066561609507 0
1731973406072 0.00028674048371613026 0
1731973428258 0.00032104382989928126 0
1731973450374 0.0002911001502070576 0
1731973472657 0.00022866153449285775 0
1731973494835 0.0002691383706405759 0
1731973517207 0.000258486601524055 0
1731973539451 0.00021842229762114584 0
1731973561818 0.00023130435147322714 0
1731973584244 0.00024855410447344184 0
1731973603983 0.0001779288286343217 0
1731973623733 0.0002245551295345649 0
1731973643517 0.00015849247574806213 0
1731973663306 0.00018864014418795705 0
1731973683067 0.0001892640721052885 0
1731973702854 0.00023659286671318114 0
1731973722661 0.00023295803111977875 0
1731973741526 0.00020999173284508288 0
1731973759947 0.00020258859149180353 0
1731973778480 0.00027798203518614173 0
1731973797019 0.00020910835883114487 0
1731973815564 0.00020668693468905985 0
1731973834000 0.00019214244093745947 0
1731973852545 0.00022746391186956316 0
1731973871282 0.00015053412062115967 0
1731973889013 0.00019393984985072166 0
1731973906730 0.00020597899856511503 0
1731973924467 0.00017348886467516422 0
1731973942205 0.00018892181105911732 0
1731973959936 0.0002397404459770769 0
1731973977679 0.0001697856350801885 0
1731973995436 0.00018073120736517012 0
1731974012699 0.00017347164975944906 0
1731974029979 0.00017827186093199998 0
1731974047159 0.0001653525687288493 0
1731974064449 0.00015385361621156335 0
1731974081630 0.00031283515272662044 0
1731974098903 0.00015557125152554363 0
1731974116084 0.0002601159212645143 0
1731974133886 0.00019574270118027925 0
1731974151059 0.00015988826635293663 0
1731974168342 0.00014594930689781904 0
1731974185512 0.00018726778216660023 0
1731974202785 0.00017310073599219322 0
1731974219981 0.00013388128718361259 0
1731974237267 0.00014547510363627225 0
1731974254443 0.00018528720829635859 0
1731974271716 0.00023710998357273638 0
1731974288887 0.00016658891399856657 0
1731974306192 0.00015979417366907 0
1731974323373 0.00017866249254439026 0
1731974340681 0.0001592050975887105 0
1731974357890 0.00017807632684707642 0
1731974375196 0.00014497565280180424 0
1731974392903 0.0001679723063716665 0
1731974410206 0.000196311273612082 0
1731974427534 0.0001470287243137136 0
1731974444873 0.00017103087157011032 0
1731974462075 0.0001648610195843503 0
1731974479392 0.00015499728033319116 0
1731974496601 0.00016973551828414202 0
1731974513899 0.00012148936366429552 0
1731974531099 0.00014825802645646036 0
1731974548425 0.00015792663907632232 0
1731974565636 0.0001614931970834732 0
1731974582961 0.00019559230713639408 0
1731974600186 0.00013214099453762174 0
1731974617521 0.00013487089017871767 0
1731974634760 0.00013883618521504104 0
1731974652695 0.0001384415663778782 0
1731974669933 0.00014392512093763798 0
1731974687276 0.00013586526620201766 0
1731974704507 0.00016359791334252805 0
1731974721851 0.00013573475007433444 0
1731974739087 0.00014323160576168448 0
1731974756443 0.00013892514107283205 0
1731974773680 0.00014364659728016704 0
1731974791040 0.00013788684736937284 0
1731974808268 0.00016547460108995438 0
1731974825626 0.0001528100110590458 0
1731974842876 0.00016585274715907872 0
1731974860236 0.00013894423318561167 0
1731974877480 0.00014094021753408015 0
1731974895523 0.0001623231073608622 0
1731974912777 0.00014352821744978428 0
1731974930151 0.00014884219854138792 0
1731974947414 0.00013586090062744915 0
1731974964745 0.0001478081103414297 0
1731974981983 0.00017537432722747326 0
1731974999348 0.00015609548427164555 0
1731975016613 0.0001669993216637522 0
1731975033977 0.00014310734695754945 0
1731975051210 0.00012556786532513797 0
1731975068582 0.00014796342293266207 0
1731975085842 0.0001427823881385848 0
1731975103210 0.00017111602937802672 0
1731975120462 0.00014010220183990896 0
1731975137824 0.00013572319585364312 0
1731975155651 0.00012278718349989504 0
1731975173034 0.0001561579992994666 0
1731975190292 0.00016446129302494228 0
1731975207682 0.00015544614871032536 0
1731975224964 0.00015554294805042446 0
1731975242348 0.00015232875011861324 0
1731975259595 0.0001570891181472689 0
1731975277017 0.00014149886555969715 0
1731975294273 0.00015741033712401986 0
1731975311640 0.00015072018140926957 0
1731975328908 0.00013894832227379084 0
1731975346267 0.00015000019629951566 0
1731975363506 0.00016308145131915808 0
1731975380867 0.0001553704496473074 0
1731975398145 0.00016298182890750468 0
1731975416080 0.00016376981511712074 0
1731975433322 0.00019210600294172764 0
1731975450689 0.00014860935334581882 0
1731975467935 0.0001392160338582471 0
1731975485306 0.0001465079840272665 0
1731975502557 0.0001628519967198372 0
1731975519920 0.00016029298421926796 0
1731975537162 0.0001647401077207178 0
1731975554528 0.00014860605006106198 0
1731975571767 0.0001375173160340637 0
1731975589142 0.00017733804997988045 0
1731975606394 0.00011798201012425125 0
1731975623763 0.00014972158533055335 0
1731975641026 0.00014289066893979907 0
1731975658364 0.0001567717408761382 0
1731975676452 0.00014021960669197142 0
1731975693830 0.0001418877363903448 0
1731975711044 0.00015365533181466162 0
1731975728396 0.00014948344323784113 0
1731975745660 0.00014088004536461085 0
1731975763039 0.0001368201192235574 0
1731975780277 0.00016892142593860626 0
1731975797631 0.00014195640687830746 0
1731975814892 0.0001545331033412367 0
1731975832235 0.0001423413777956739 0
1731975849468 0.00012849870836362243 0
1731975866823 0.00014322793867904693 0
1731975884086 0.00014118455874267966 0
1731975901416 0.0001388848468195647 0
1731975918649 0.00014435456250794232 0
1731975936585 0.00013821531319990754 0
1731975953808 0.00017601580475457013 0
1731975971141 0.00013390608364716172 0
1731975988401 0.0001572730834595859 0
1731976005762 0.00014862947864457965 0
1731976022991 0.00012946703645866364 0
1731976040341 0.00015123613411560655 0
1731976057576 0.00019584037363529205 0
1731976074943 0.00014207404456101358 0
1731976092195 0.0001508435234427452 0
1731976109548 0.00014021483366377652 0
1731976126794 0.00013795969425700605 0
1731976144145 0.00013900476915296167 0
1731976161374 0.0001282526063732803 0
1731976179321 0.00013850997493136674 0
1731976196571 0.0001589312741998583 0
1731976213950 0.00014928000746294856 0
1731976231183 0.00014426535926759243 0
1731976248531 0.0001554905902594328 0
1731976265775 0.00012210826389491558 0
1731976283097 0.0001494433672633022 0
1731976300354 0.0001473263546358794 0
1731976317729 0.00013880306505598128 0
1731976334987 0.00013661308912560344 0
1731976352348 0.0001406986266374588 0
1731976369600 0.00014715263387188315 0
1731976386985 0.00014747651584912091 0
1731976404253 0.00015571809490211308 0
1731976421626 0.00015008452464826405 0
1731976439359 0.0001587432634551078 0
1731976456729 0.00014848640421405435 0
1731976473954 0.00016069981211330742 0
1731976491317 0.0001433960278518498 0
1731976508575 0.0001401715853717178 0
1731976525959 0.00014088225725572556 0
1731976543203 0.0001357479632133618 0
1731976560575 0.00013373342517297715 0
1731976577821 0.0001355403510387987 0
1731976595176 0.00017217107233591378 0
1731976612437 0.00015614772564731538 0
1731976629791 0.00014271897089201957 0
1731976647023 0.000161888703587465 0
1731976664379 0.00016621346003375947 0
1731976681639 0.00013931769353803247 0
1731976699639 0.00013991023297421634 0
1731976716907 0.00015461427392438054 0
1731976734290 0.00013325497275218368 0
1731976751521 0.00013960432261228561 0
1731976768869 0.00013905912055633962 0
1731976786109 0.00013364518235903233 0
1731976803457 0.00013171938189771026 0
1731976820708 0.00014889299927745014 0
1731976838042 0.0001279657444683835 0
1731976855288 0.00012445435277186334 0
1731976872656 0.00013322755694389343 0
1731976889936 0.00013253421639092267 0
1731976907290 0.00013555726036429405 0
1731976924544 0.00014131203352008015 0
1731976941935 0.00013476359890773892 0
1731976959707 0.00011461768008302897 0
1731976977071 0.00014841572556179017 0
1731976994334 0.00011849561997223645 0
1731977011697 0.00013730148202739656 0
1731977028944 0.0001333335239905864 0
1731977046299 0.00014698067388962954 0
1731977063542 0.0001363374467473477 0
1731977080924 0.00012819949188269675 0
1731977098190 0.0001284304598812014 0
1731977115585 0.00015759422967676073 0
1731977132835 0.00013119280629325658 0
1731977150235 0.00012661275104619563 0
1731977167503 0.00013499235501512885 0
1731977184875 0.0001597009541001171 0
1731977202118 0.0001383709313813597 0
