1731973277634 0.054505594074726105 0
1731973304191 0.06719603389501572 0
1731973323385 0.0904655009508133 0
1731973342690 0.10410606861114502 0
1731973361869 0.11450208723545074 0
1731973381185 0.11508287489414215 0
1731973400362 0.11990994215011597 0
1731973419648 0.1204427182674408 0
1731973438809 0.12065311521291733 0
1731973458083 0.11958794295787811 0
1731973477321 0.11944888532161713 0
1731973496652 0.1226603239774704 0
1731973515887 0.11949212104082108 0
1731973535201 0.12219371646642685 0
1731973554641 0.11834363639354706 0
1731973571735 0.12269613146781921 0
1731973588836 0.12235129624605179 0
1731973605922 0.12031643092632294 0
1731973623037 0.12230901420116425 0
1731973640142 0.12490393966436386 0
1731973657248 0.1246943548321724 0
1731973674317 0.12420041859149933 0
1731973690638 0.12374905496835709 0
1731973706610 0.12221840769052505 0
1731973722660 0.12320036441087723 0
1731973738688 0.12239806354045868 0
1731973754735 0.12220753729343414 0
1731973770704 0.12242092192173004 0
1731973786770 0.12261440604925156 0
1731973803099 0.12476184964179993 0
1731973818492 0.12292689830064774 0
1731973833903 0.124269500374794 0
1731973849288 0.11963138729333878 0
1731973864681 0.12360866367816925 0
1731973880078 0.12502022087574005 0
1731973895493 0.12196607887744904 0
1731973910863 0.12037121504545212 0
1731973925884 0.12232651561498642 0
1731973940905 0.12432635575532913 0
1731973955807 0.12636736035346985 0
1731973970816 0.12310512363910675 0
1731973985739 0.1255357712507248 0
1731974000752 0.12618762254714966 0
1731974015682 0.12418301403522491 0
1731974031263 0.12143584340810776 0
1731974046214 0.12505869567394257 0
1731974061222 0.1224113330245018 0
1731974076160 0.1233023926615715 0
1731974091185 0.12565965950489044 0
1731974106130 0.1236313059926033 0
1731974121185 0.12407714128494263 0
1731974136127 0.12303150445222855 0
1731974151150 0.12410317361354828 0
1731974166077 0.1264433115720749 0
1731974181101 0.126617893576622 0
1731974196021 0.12606610357761383 0
1731974211051 0.12519708275794983 0
1731974225974 0.12584038078784943 0
1731974240978 0.12583547830581665 0
1731974256433 0.12395743280649185 0
1731974271474 0.12453655153512955 0
1731974286409 0.12511412799358368 0
1731974301427 0.12640178203582764 0
1731974316365 0.12403973191976547 0
1731974331401 0.12421729415655136 0
1731974346330 0.12646915018558502 0
1731974361355 0.1260892003774643 0
1731974376304 0.1267496645450592 0
1731974391317 0.12665081024169922 0
1731974406252 0.12707878649234772 0
1731974421343 0.12645035982131958 0
1731974436333 0.1270257532596588 0
1731974451364 0.12638498842716217 0
1731974466326 0.12778739631175995 0
1731974481709 0.127109557390213 0
1731974496644 0.1260748952627182 0
1731974511681 0.12561947107315063 0
1731974526629 0.1291685253381729 0
1731974541648 0.12639962136745453 0
1731974556588 0.12723883986473083 0
1731974571604 0.12671852111816406 0
1731974586564 0.12578168511390686 0
1731974601599 0.1284896731376648 0
1731974616526 0.12956419587135315 0
1731974631575 0.12838715314865112 0
1731974646521 0.1265396773815155 0
1731974661551 0.12454696744680405 0
1731974676493 0.12769411504268646 0
1731974692004 0.12687762081623077 0
1731974706950 0.12738437950611115 0
1731974721966 0.12796694040298462 0
1731974736908 0.12794040143489838 0
1731974751933 0.12632204592227936 0
1731974766860 0.12754255533218384 0
1731974781886 0.12636230885982513 0
1731974796809 0.12657523155212402 0
1731974811830 0.12895798683166504 0
1731974826762 0.1282159835100174 0
1731974841784 0.12558987736701965 0
1731974856734 0.12899059057235718 0
1731974871774 0.12725991010665894 0
1731974886707 0.1270003467798233 0
1731974901716 0.12758488953113556 0
1731974917202 0.1262076497077942 0
1731974932216 0.12855835258960724 0
1731974947153 0.12769150733947754 0
1731974962181 0.1271817535161972 0
1731974977122 0.1266508847475052 0
1731974992163 0.12706258893013 0
1731975007093 0.12702025473117828 0
1731975022125 0.12796373665332794 0
1731975037074 0.12907445430755615 0
1731975052106 0.12750758230686188 0
1731975067056 0.12899214029312134 0
1731975082083 0.12863223254680634 0
1731975097027 0.1279328167438507 0
1731975112053 0.12709461152553558 0
1731975126978 0.12694120407104492 0
1731975142675 0.13009370863437653 0
1731975157606 0.12805171310901642 0
1731975172622 0.12767326831817627 0
1731975187565 0.12782149016857147 0
1731975202607 0.12722563743591309 0
1731975217573 0.12939146161079407 0
1731975232615 0.12762780487537384 0
1731975247549 0.1284177452325821 0
1731975262576 0.12814666330814362 0
1731975277514 0.12871767580509186 0
1731975292552 0.1277913898229599 0
1731975307480 0.1269482970237732 0
1731975322518 0.128633514046669 0
1731975337439 0.1280156672000885 0
1731975352448 0.12781922519207 0
1731975367883 0.12923318147659302 0
1731975382880 0.12893986701965332 0
1731975397777 0.1286584734916687 0
1731975412760 0.12843412160873413 0
1731975427680 0.1272720843553543 0
1731975442677 0.12866663932800293 0
1731975457577 0.1285172551870346 0
1731975472572 0.12779931724071503 0
1731975487493 0.12792442739009857 0
1731975502503 0.12812581658363342 0
1731975517393 0.1276528388261795 0
1731975532379 0.1281796246767044 0
1731975547289 0.12865403294563293 0
1731975562296 0.12818515300750732 0
1731975577210 0.12832510471343994 0
1731975592819 0.1290649026632309 0
1731975607744 0.12802432477474213 0
1731975622762 0.12783312797546387 0
1731975637687 0.12903957068920135 0
1731975652689 0.12954476475715637 0
1731975667581 0.12986865639686584 0
1731975682557 0.13030578196048737 0
1731975697474 0.1275222897529602 0
1731975712470 0.12789765000343323 0
1731975727393 0.12887024879455566 0
1731975742400 0.12854941189289093 0
1731975757308 0.12829816341400146 0
1731975772295 0.12927217781543732 0
1731975787203 0.12795577943325043 0
1731975802830 0.12861791253089905 0
1731975817729 0.12895454466342926 0
1731975832737 0.1280781775712967 0
1731975847613 0.12897562980651855 0
1731975862595 0.12836802005767822 0
1731975877494 0.12925167381763458 0
1731975892470 0.12864527106285095 0
1731975907351 0.12773840129375458 0
1731975922363 0.128087118268013 0
1731975937266 0.12866726517677307 0
1731975952241 0.12892837822437286 0
1731975967128 0.12862394750118256 0
1731975982116 0.12851770222187042 0
1731975997022 0.12890510261058807 0
1731976012007 0.12832504510879517 0
1731976027457 0.1285431683063507 0
1731976042432 0.1290293037891388 0
1731976057311 0.12920190393924713 0
1731976072292 0.12942910194396973 0
1731976087186 0.12925323843955994 0
1731976102168 0.12882620096206665 0
1731976117054 0.12825335562229156 0
1731976132037 0.12864553928375244 0
1731976146933 0.12884707748889923 0
1731976161913 0.12888240814208984 0
1731976176787 0.12957285344600677 0
1731976191792 0.12846381962299347 0
1731976206687 0.12876272201538086 0
1731976221685 0.1289713829755783 0
1731976236574 0.1297094076871872 0
1731976252213 0.1289903223514557 0
1731976267108 0.12930063903331757 0
1731976282100 0.1279534250497818 0
1731976296979 0.12904870510101318 0
1731976311959 0.12911732494831085 0
1731976326867 0.12960343062877655 0
1731976341836 0.1290764957666397 0
1731976356743 0.13025642931461334 0
1731976371707 0.12917083501815796 0
1731976386618 0.1289513260126114 0
1731976401606 0.12844912707805634 0
1731976416512 0.1284073442220688 0
1731976431484 0.12891319394111633 0
1731976446361 0.12925635278224945 0
1731976461335 0.12964767217636108 0
1731976476731 0.1293671727180481 0
1731976491698 0.12833593785762787 0
1731976506581 0.12848398089408875 0
1731976521573 0.12852811813354492 0
1731976536483 0.1286855787038803 0
1731976551483 0.13019338250160217 0
1731976566372 0.1293996274471283 0
1731976581338 0.1294325888156891 0
1731976596235 0.12930083274841309 0
1731976611236 0.12911951541900635 0
1731976626137 0.12947434186935425 0
1731976641126 0.12915101647377014 0
1731976656013 0.12849636375904083 0
1731976670991 0.12843076884746552 0
1731976685861 0.12866388261318207 0
