1731973277634 1.374337077140808 0
1731973304191 1.987911343574524 0
1731973323385 2.231527805328369 0
1731973342690 2.583268880844116 0
1731973361869 2.9126837253570557 0
1731973381185 2.698882579803467 0
1731973400362 2.823103666305542 0
1731973419648 2.8318252563476562 0
1731973438809 2.851280450820923 0
1731973458083 2.894834280014038 0
1731973477321 2.9109079837799072 0
1731973496652 2.89275860786438 0
1731973515887 2.780487537384033 0
1731973535201 2.813617706298828 0
1731973554641 2.9656755924224854 0
1731973571735 3.0238213539123535 0
1731973588836 2.8239738941192627 0
1731973605922 2.872281074523926 0
1731973623037 3.065654754638672 0
1731973640142 2.927309989929199 0
1731973657248 2.9850237369537354 0
1731973674317 3.0108773708343506 0
1731973690638 3.009392499923706 0
1731973706610 2.7854063510894775 0
1731973722660 2.9239752292633057 0
1731973738688 2.933151960372925 0
1731973754735 3.003377676010132 0
1731973770704 2.9989936351776123 0
1731973786770 3.016537666320801 0
1731973803099 3.032811403274536 0
1731973818492 3.027390241622925 0
1731973833903 2.9619791507720947 0
1731973849288 2.9752414226531982 0
1731973864681 2.9259867668151855 0
1731973880078 3.023318290710449 0
1731973895493 2.9994959831237793 0
1731973910863 2.953827381134033 0
1731973925884 3.0331921577453613 0
1731973940905 3.0110297203063965 0
1731973955807 2.917489767074585 0
1731973970816 2.985522508621216 0
1731973985739 2.9356300830841064 0
1731974000752 2.9987614154815674 0
1731974015682 3.0476834774017334 0
1731974031263 2.9433341026306152 0
1731974046214 2.9843006134033203 0
1731974061222 2.930238723754883 0
1731974076160 3.018275260925293 0
1731974091185 3.048848867416382 0
1731974106130 2.985508918762207 0
1731974121185 2.983506917953491 0
1731974136127 3.00974702835083 0
1731974151150 2.965864896774292 0
1731974166077 2.9670369625091553 0
1731974181101 3.0529391765594482 0
1731974196021 2.9993367195129395 0
1731974211051 2.962989330291748 0
1731974225974 2.9355552196502686 0
1731974240978 3.0167622566223145 0
1731974256433 2.9927871227264404 0
1731974271474 2.9570987224578857 0
1731974286409 2.9364490509033203 0
1731974301427 3.0279061794281006 0
1731974316365 3.0144846439361572 0
1731974331401 3.037867546081543 0
1731974346330 3.0594396591186523 0
1731974361355 3.008063793182373 0
1731974376304 3.0397160053253174 0
1731974391317 3.07546067237854 0
1731974406252 2.9872348308563232 0
1731974421343 3.05452823638916 0
1731974436333 2.937727451324463 0
1731974451364 2.9966812133789062 0
1731974466326 2.926478862762451 0
1731974481709 3.016064405441284 0
1731974496644 3.042145013809204 0
1731974511681 3.0284440517425537 0
1731974526629 3.073395013809204 0
1731974541648 2.9973461627960205 0
1731974556588 2.9934637546539307 0
1731974571604 3.0701122283935547 0
1731974586564 2.9475314617156982 0
1731974601599 3.087188959121704 0
1731974616526 3.090229034423828 0
1731974631575 3.089172601699829 0
1731974646521 3.0482051372528076 0
1731974661551 3.042787790298462 0
1731974676493 2.996664047241211 0
1731974692004 3.0165743827819824 0
1731974706950 3.0395562648773193 0
1731974721966 3.054867744445801 0
1731974736908 3.022627830505371 0
1731974751933 2.996703624725342 0
1731974766860 2.955357551574707 0
1731974781886 2.963456392288208 0
1731974796809 3.006505250930786 0
1731974811830 3.050017833709717 0
1731974826762 3.0754666328430176 0
1731974841784 3.018019914627075 0
1731974856734 3.028679132461548 0
1731974871774 3.030336856842041 0
1731974886707 3.0345494747161865 0
1731974901716 3.0300683975219727 0
1731974917202 3.009580373764038 0
1731974932216 3.0173630714416504 0
1731974947153 3.060967206954956 0
1731974962181 3.060605525970459 0
1731974977122 3.1263158321380615 0
1731974992163 3.0288758277893066 0
1731975007093 3.0571606159210205 0
1731975022125 3.033076286315918 0
1731975037074 3.0432002544403076 0
1731975052106 3.077873706817627 0
1731975067056 3.0541391372680664 0
1731975082083 3.035433769226074 0
1731975097027 3.0388100147247314 0
1731975112053 3.0330498218536377 0
1731975126978 3.062284231185913 0
1731975142675 3.054149866104126 0
1731975157606 3.018480062484741 0
1731975172622 3.0398569107055664 0
1731975187565 3.0308005809783936 0
1731975202607 3.014528274536133 0
1731975217573 3.0412957668304443 0
1731975232615 3.064939260482788 0
1731975247549 3.1203410625457764 0
1731975262576 3.0647778511047363 0
1731975277514 3.0628442764282227 0
1731975292552 3.047132730484009 0
1731975307480 3.0941593647003174 0
1731975322518 3.0757827758789062 0
1731975337439 3.056950092315674 0
1731975352448 3.062934398651123 0
1731975367883 3.0760440826416016 0
1731975382880 3.024064779281616 0
1731975397777 3.0980947017669678 0
1731975412760 3.07627534866333 0
1731975427680 3.0683960914611816 0
1731975442677 3.04913067817688 0
1731975457577 3.0603840351104736 0
1731975472572 3.0990042686462402 0
1731975487493 3.0708694458007812 0
1731975502503 3.0556979179382324 0
1731975517393 3.0824954509735107 0
1731975532379 3.060494899749756 0
1731975547289 3.0380520820617676 0
1731975562296 3.018944025039673 0
1731975577210 3.04807710647583 0
1731975592819 3.038278579711914 0
1731975607744 3.051304340362549 0
1731975622762 3.0475010871887207 0
1731975637687 3.0739030838012695 0
1731975652689 3.0644421577453613 0
1731975667581 3.0674993991851807 0
1731975682557 3.0518441200256348 0
1731975697474 3.0445854663848877 0
1731975712470 3.026702642440796 0
1731975727393 3.0060834884643555 0
1731975742400 3.038544178009033 0
1731975757308 3.052879571914673 0
1731975772295 3.048444986343384 0
1731975787203 3.0319113731384277 0
1731975802830 3.0270724296569824 0
1731975817729 3.0734262466430664 0
1731975832737 3.0845813751220703 0
1731975847613 3.079850673675537 0
1731975862595 3.067605495452881 0
1731975877494 3.0097479820251465 0
1731975892470 3.0919785499572754 0
1731975907351 3.0564725399017334 0
1731975922363 3.0202903747558594 0
1731975937266 3.0739755630493164 0
1731975952241 3.0791001319885254 0
1731975967128 3.038665771484375 0
1731975982116 3.0560967922210693 0
1731975997022 3.0552563667297363 0
1731976012007 3.07012677192688 0
1731976027457 3.063734531402588 0
1731976042432 3.064525604248047 0
1731976057311 3.0589494705200195 0
1731976072292 3.0477569103240967 0
1731976087186 3.0289206504821777 0
1731976102168 3.0410056114196777 0
1731976117054 3.0785434246063232 0
1731976132037 3.076148509979248 0
1731976146933 3.095228910446167 0
1731976161913 3.058274984359741 0
1731976176787 3.0498709678649902 0
1731976191792 3.0363669395446777 0
1731976206687 3.076932907104492 0
1731976221685 3.0426692962646484 0
1731976236574 3.0754318237304688 0
1731976252213 3.0605106353759766 0
1731976267108 3.073422431945801 0
1731976282100 3.089808225631714 0
1731976296979 3.0278961658477783 0
1731976311959 3.041900157928467 0
1731976326867 3.0795600414276123 0
1731976341836 3.087282180786133 0
1731976356743 3.0826244354248047 0
1731976371707 3.099806547164917 0
1731976386618 3.048543930053711 0
1731976401606 3.060469388961792 0
1731976416512 3.057365655899048 0
1731976431484 3.078648328781128 0
1731976446361 3.0687572956085205 0
1731976461335 3.0745489597320557 0
1731976476731 3.0585031509399414 0
1731976491698 3.047625780105591 0
1731976506581 3.082033157348633 0
1731976521573 3.047644853591919 0
1731976536483 3.1074512004852295 0
1731976551483 3.0748252868652344 0
1731976566372 3.124789237976074 0
1731976581338 3.0854902267456055 0
1731976596235 3.074747323989868 0
1731976611236 3.0986921787261963 0
1731976626137 3.0733978748321533 0
1731976641126 3.0818326473236084 0
1731976656013 3.0861775875091553 0
1731976670991 3.052180290222168 0
1731976685861 3.0512993335723877 0
