1731973284833 0.0004892426659353077 0
1731973304194 0.0004021108616143465 0
1731973323388 0.0003461657324805856 0
1731973342693 0.00031360023422166705 0
1731973361872 0.0002888538292609155 0
1731973381188 0.0002619199804030359 0
1731973400365 0.0002535492239985615 0
1731973419650 0.0002464815916027874 0
1731973438811 0.0002318555925739929 0
1731973458086 0.00022541986254509538 0
1731973477324 0.00021743515389971435 0
1731973496654 0.00021527972421608865 0
1731973515889 0.0002041264233412221 0
1731973535204 0.00020985676383133978 0
1731973554643 0.0002007700240937993 0
1731973571738 0.00019688959582708776 0
1731973588838 0.00019454765424598008 0
1731973605924 0.00018926052143797278 0
1731973623039 0.00018737409845925868 0
1731973640145 0.00018328431178815663 0
1731973657250 0.00018193438882008195 0
1731973674319 0.0001825377985369414 0
1731973690640 0.00018427829490974545 0
1731973706613 0.0001732432283461094 0
1731973722662 0.00017496015061624348 0
1731973738691 0.00016678783867973834 0
1731973754737 0.00016399219748564065 0
1731973770706 0.00016630507889203727 0
1731973786773 0.00016958374180831015 0
1731973803102 0.00016272095672320575 0
1731973818494 0.00015954655827954412 0
1731973833906 0.0001609115715837106 0
1731973849290 0.00015811578487046063 0
1731973864684 0.00015619114856235683 0
1731973880081 0.0001553275651531294 0
1731973895496 0.0001611996121937409 0
1731973910865 0.00015373843780253083 0
1731973925886 0.00014821098011452705 0
1731973940908 0.00014818049385212362 0
1731973955810 0.00015063116734381765 0
1731973970818 0.00014863866090308875 0
1731973985741 0.000148921855725348 0
1731974000754 0.00014690557145513594 0
1731974015684 0.00014456207281909883 0
1731974031265 0.00014589674538001418 0
1731974046216 0.00014175593969412148 0
1731974061224 0.00014393536548595876 0
1731974076162 0.0001417132734786719 0
1731974091188 0.00014190090587362647 0
1731974106133 0.00014233145338948816 0
1731974121187 0.00013911315181758255 0
1731974136129 0.0001384019124088809 0
1731974151152 0.00013705214951187372 0
1731974166080 0.00013817900617141277 0
1731974181103 0.00013491288700606674 0
1731974196024 0.0001295607362408191 0
1731974211053 0.00012939682346768677 0
1731974225977 0.00013159599620848894 0
1731974240981 0.00013461883645504713 0
1731974256438 0.00012892302765976638 0
1731974271476 0.0001295788970310241 0
1731974286412 0.000128041923744604 0
1731974301429 0.0001290162035729736 0
1731974316367 0.00012688228162005544 0
1731974331403 0.00012756467913277447 0
1731974346332 0.00013078183110337704 0
1731974361357 0.00012194571172585711 0
1731974376306 0.00012697903730440885 0
1731974391319 0.00012147966481279582 0
1731974406255 0.00012184195657027885 0
1731974421346 0.00012054785474902019 0
1731974436335 0.0001207700843224302 0
1731974451366 0.00011958501272602007 0
1731974466329 0.00012298081128392369 0
1731974481712 0.00012127036461606622 0
1731974496646 0.00011730541882570833 0
1731974511683 0.00012079460429958999 0
1731974526631 0.0001171427866211161 0
1731974541650 0.00012007746408926323 0
1731974556590 0.00011880113743245602 0
1731974571606 0.00011455268395366147 0
1731974586567 0.0001136581995524466 0
1731974601601 0.00011577634722925723 0
1731974616529 0.00011189842916792259 0
1731974631578 0.00011609448119997978 0
1731974646523 0.0001158107043011114 0
1731974661553 0.00011183792958036065 0
1731974676495 0.00010889103577937931 0
1731974692014 0.00011554325465112925 0
1731974706952 0.00010887497046496719 0
1731974721968 0.00010945503890980035 0
1731974736911 0.00010879091132665053 0
1731974751935 0.0001079000867321156 0
1731974766862 0.00010563543764874339 0
1731974781888 0.0001107647767639719 0
1731974796811 0.00010495700553292409 0
1731974811832 0.00010476752504473552 0
1731974826764 0.0001067499106284231 0
1731974841786 0.00010582304821582511 0
1731974856736 0.00010688789916457608 0
1731974871776 0.00010953404125757515 0
1731974886709 0.00010197862138738856 0
1731974901718 0.00010516029578866437 0
1731974917204 0.000106796644104179 0
1731974932219 0.00010298789129592478 0
1731974947155 0.00010784168989630416 0
1731974962183 0.0001023094737320207 0
1731974977124 0.0001000155316432938 0
1731974992167 0.00010266883327858523 0
1731975007095 0.00010315275721950457 0
1731975022127 0.00010015590669354424 0
1731975037077 0.00010103738895850256 0
1731975052108 9.97520619421266e-05 0
1731975067059 9.836997196543962e-05 0
1731975082086 0.00010382026812294498 0
1731975097029 0.00010050272976513952 0
1731975112056 9.999271424021572e-05 0
1731975126981 9.936851711245254e-05 0
1731975142677 0.00010127708810614422 0
1731975157609 9.497607970843092e-05 0
1731975172624 9.608941036276519e-05 0
1731975187567 0.00010017541353590786 0
1731975202610 9.818971011554822e-05 0
1731975217575 9.750475874170661e-05 0
1731975232617 9.843524458119646e-05 0
1731975247551 9.641969518270344e-05 0
1731975262578 9.295230120187625e-05 0
1731975277516 9.32459588511847e-05 0
1731975292554 9.026056795846671e-05 0
1731975307483 9.312439942732453e-05 0
1731975322520 9.26249340409413e-05 0
1731975337441 9.351087646791711e-05 0
1731975352450 9.509045048616827e-05 0
1731975367885 9.1896639787592e-05 0
1731975382883 9.247557318303734e-05 0
1731975397779 9.200726344715804e-05 0
1731975412762 9.379266703035682e-05 0
1731975427682 9.404710726812482e-05 0
1731975442680 9.492647222941741e-05 0
1731975457579 9.137953747995198e-05 0
1731975472574 8.742119825910777e-05 0
1731975487495 9.0352026745677e-05 0
1731975502506 8.893668564269319e-05 0
1731975517395 9.088188380701467e-05 0
1731975532381 9.145581134362146e-05 0
1731975547291 8.980264101410285e-05 0
1731975562298 9.182086796499789e-05 0
1731975577212 9.000272984849289e-05 0
1731975592822 8.93428223207593e-05 0
1731975607746 8.78962964634411e-05 0
1731975622764 9.059598232852295e-05 0
1731975637690 8.76977646839805e-05 0
1731975652691 8.733368304092437e-05 0
1731975667583 8.756419265409932e-05 0
1731975682560 8.484654244966805e-05 0
1731975697477 8.662348409416154e-05 0
1731975712473 8.760585478739813e-05 0
1731975727395 8.841059025144204e-05 0
1731975742402 8.702634659130126e-05 0
1731975757310 9.148114622803405e-05 0
1731975772297 8.865941344993189e-05 0
1731975787205 8.43581001390703e-05 0
1731975802832 8.980960410553962e-05 0
1731975817732 8.603254536865279e-05 0
1731975832739 8.674867422087118e-05 0
1731975847615 8.750736742513254e-05 0
1731975862597 8.660050662001595e-05 0
1731975877496 8.680470637045801e-05 0
1731975892472 8.70428848429583e-05 0
1731975907353 8.497213275404647e-05 0
1731975922365 8.59700667206198e-05 0
1731975937268 8.469499152852222e-05 0
1731975952243 8.230113598983735e-05 0
1731975967130 8.868674922268838e-05 0
1731975982119 8.345362584805116e-05 0
1731975997024 8.371883450308815e-05 0
1731976012009 8.455127681372687e-05 0
1731976027459 8.122601866489276e-05 0
1731976042435 8.395202166866511e-05 0
1731976057313 8.573587547289208e-05 0
1731976072294 8.59465217217803e-05 0
1731976087188 8.321920176967978e-05 0
1731976102175 8.193410030798987e-05 0
1731976117056 8.182384772226214e-05 0
1731976132039 8.304162474814802e-05 0
1731976146935 8.13271981314756e-05 0
1731976161916 8.409528527408838e-05 0
1731976176789 8.199946751119569e-05 0
1731976191794 8.495985821355134e-05 0
1731976206689 8.167591295205057e-05 0
1731976221688 8.124967280309647e-05 0
1731976236576 8.286900992970914e-05 0
1731976252217 8.25892057036981e-05 0
1731976267111 8.187918137991801e-05 0
1731976282102 8.400833758059889e-05 0
1731976296981 8.097186946542934e-05 0
1731976311961 8.02464855951257e-05 0
1731976326869 8.113757212413475e-05 0
1731976341838 8.339989290107042e-05 0
1731976356745 8.281447662739083e-05 0
1731976371709 8.122755389194936e-05 0
1731976386621 8.112531213555485e-05 0
1731976401608 8.385401451960206e-05 0
1731976416514 8.08216500445269e-05 0
1731976431486 8.011092722881585e-05 0
1731976446363 7.998109504114836e-05 0
1731976461337 7.842061313567683e-05 0
1731976476733 7.967717829160392e-05 0
1731976491700 7.938790804473683e-05 0
1731976506583 8.049910684349015e-05 0
1731976521575 7.936685142340139e-05 0
1731976536485 7.82901406637393e-05 0
1731976551485 8.048140443861485e-05 0
1731976566375 7.890533015597612e-05 0
1731976581340 7.754428952466697e-05 0
1731976596237 8.095506200334057e-05 0
1731976611238 7.942125375848264e-05 0
1731976626139 8.293012069771066e-05 0
1731976641128 8.078941755229607e-05 0
1731976656015 7.947792619233951e-05 0
1731976670993 8.013688056962565e-05 0
1731976685863 7.909437408670783e-05 0
