1731973284833 0.0012332687620073557 0
1731973304194 0.00048640480963513255 0
1731973323388 0.0004333563265390694 0
1731973342693 0.0004380587488412857 0
1731973361872 0.00040245146374218166 0
1731973381188 0.0004005709197372198 0
1731973400365 0.00037174668977968395 0
1731973419650 0.00036010314943268895 0
1731973438811 0.00041535316267982125 0
1731973458086 0.0004086049157194793 0
1731973477324 0.000372059119399637 0
1731973496654 0.0003634038148447871 0
1731973515889 0.00041824631625786424 0
1731973535204 0.0003696094499900937 0
1731973554643 0.0003602716024033725 0
1731973571738 0.0004081802908331156 0
1731973588838 0.0004333225078880787 0
1731973605924 0.00039680153713561594 0
1731973623039 0.0003672089078463614 0
1731973640145 0.0003704106784425676 0
1731973657250 0.0003524395579006523 0
1731973674319 0.0003958680317737162 0
1731973690640 0.00040867418283596635 0
1731973706613 0.00037643476389348507 0
1731973722662 0.0003814520896412432 0
1731973738691 0.00036761316005140543 0
1731973754737 0.0003871757653541863 0
1731973770706 0.00043407658813521266 0
1731973786773 0.0004204838187433779 0
1731973803102 0.00042456816299818456 0
1731973818494 0.000374533497961238 0
1731973833906 0.0003773118951357901 0
1731973849290 0.0003899746516253799 0
1731973864684 0.0003798779216594994 0
1731973880081 0.0003884317702613771 0
1731973895496 0.00043737239320762455 0
1731973910865 0.0004196018271613866 0
1731973925886 0.00043856597039848566 0
1731973940908 0.00038918599602766335 0
1731973955810 0.00042042421409860253 0
1731973970818 0.0003982341440860182 0
1731973985741 0.00043165357783436775 0
1731974000754 0.0003817214455921203 0
1731974015684 0.00037230236921459436 0
1731974031265 0.0004133759066462517 0
1731974046216 0.00039619559538550675 0
1731974061224 0.0003722211695276201 0
1731974076162 0.0003855559043586254 0
1731974091188 0.0003919894224964082 0
1731974106133 0.0004318079154472798 0
1731974121187 0.00039090518839657307 0
1731974136129 0.0004128802102059126 0
1731974151152 0.0003717570216394961 0
1731974166080 0.00038766441866755486 0
1731974181103 0.0003687277203425765 0
1731974196024 0.0003343016724102199 0
1731974211053 0.00036283250665292144 0
1731974225977 0.00037430640077218413 0
1731974240981 0.0004010994452983141 0
1731974256438 0.0003600242198444903 0
1731974271476 0.0003781681298278272 0
1731974286412 0.00035819975892081857 0
1731974301429 0.0003772105847019702 0
1731974316367 0.00037211866583675146 0
1731974331403 0.00036845417344011366 0
1731974346332 0.0003750796022359282 0
1731974361357 0.00038847216637805104 0
1731974376306 0.00036560327862389386 0
1731974391319 0.0003353967040311545 0
1731974406255 0.00033841363620013 0
1731974421346 0.0003465813060756773 0
1731974436335 0.00035069871228188276 0
1731974451366 0.0003491622628644109 0
1731974466329 0.0003601353382691741 0
1731974481712 0.00036263454239815474 0
1731974496646 0.0003389719931874424 0
1731974511683 0.00033094771788455546 0
1731974526631 0.0003677236381918192 0
1731974541650 0.00035976507933810353 0
1731974556590 0.0003355261287651956 0
1731974571606 0.00032564904540777206 0
1731974586567 0.0003437989216763526 0
1731974601601 0.00036274464218877256 0
1731974616529 0.0003043818287551403 0
1731974631578 0.00035739262239076197 0
1731974646523 0.0003655761538539082 0
1731974661553 0.00035077016218565404 0
1731974676495 0.00036202906630933285 0
1731974692014 0.00033025446464307606 0
1731974706952 0.0003518190933391452 0
1731974721968 0.0003347709134686738 0
1731974736911 0.0003366221208125353 0
1731974751935 0.0003025463956873864 0
1731974766862 0.00034555932506918907 0
1731974781888 0.0004024363588541746 0
1731974796811 0.00033414718927815557 0
1731974811832 0.000320004066452384 0
1731974826764 0.00029689352959394455 0
1731974841786 0.00032383418874815106 0
1731974856736 0.00030733569292351604 0
1731974871776 0.00033047457691282034 0
1731974886709 0.00032300822203978896 0
1731974901718 0.0003139643813483417 0
1731974917204 0.00035490607842803 0
1731974932219 0.0003620897768996656 0
1731974947155 0.0003542913473211229 0
1731974962183 0.0003310609608888626 0
1731974977124 0.0003482020983938128 0
1731974992167 0.00031695928191766143 0
1731975007095 0.00035323837073519826 0
1731975022127 0.000311225769110024 0
1731975037077 0.00034611811861395836 0
1731975052108 0.00031021214090287685 0
1731975067059 0.0003301081887912005 0
1731975082086 0.0003583953657653183 0
1731975097029 0.00032803145586512983 0
1731975112056 0.00034941593185067177 0
1731975126981 0.00033235803130082786 0
1731975142677 0.00033552831155247986 0
1731975157609 0.0003818150144070387 0
1731975172624 0.0003168100374750793 0
1731975187567 0.0003035539120901376 0
1731975202610 0.00033522662124596536 0
1731975217575 0.00031735439551994205 0
1731975232617 0.00032705074409022927 0
1731975247551 0.00029417831683531404 0
1731975262578 0.00029968764283694327 0
1731975277516 0.0003040456213057041 0
1731975292554 0.0002910478215198964 0
1731975307483 0.00036193401319906116 0
1731975322520 0.00032277870923280716 0
1731975337441 0.0002980795397888869 0
1731975352450 0.00032622856087982655 0
1731975367885 0.000339318357873708 0
1731975382883 0.00027844379656016827 0
1731975397779 0.00031348312040790915 0
1731975412762 0.00035470901639200747 0
1731975427682 0.00030464306473731995 0
1731975442680 0.00032657073461450636 0
1731975457579 0.0002903090789914131 0
1731975472574 0.0002997051051352173 0
1731975487495 0.00029760380857624114 0
1731975502506 0.00034143938682973385 0
1731975517395 0.0003282058169133961 0
1731975532381 0.0003103618510067463 0
1731975547291 0.00031117472099140286 0
1731975562298 0.0002982315490953624 0
1731975577212 0.0003128121607005596 0
1731975592822 0.00031888397643342614 0
1731975607746 0.00030591749236918986 0
1731975622764 0.00031944160582497716 0
1731975637690 0.00031219853553920984 0
1731975652691 0.00029425491811707616 0
1731975667583 0.0003105787909589708 0
1731975682560 0.0002903872518800199 0
1731975697477 0.0003190351417288184 0
1731975712473 0.00031098388717509806 0
1731975727395 0.0003061481402255595 0
1731975742402 0.00031590016442351043 0
1731975757310 0.00032304663909599185 0
1731975772297 0.0003283812548033893 0
1731975787205 0.00028184408438391984 0
1731975802832 0.0003134939179290086 0
1731975817732 0.0002957647666335106 0
1731975832739 0.000302094966173172 0
1731975847615 0.00031061330810189247 0
1731975862597 0.00030287032132036984 0
1731975877496 0.0003089688252657652 0
1731975892472 0.00031496473820880055 0
1731975907353 0.00031811761436983943 0
1731975922365 0.0003153724828734994 0
1731975937268 0.00029677985003218055 0
1731975952243 0.0002885498688556254 0
1731975967130 0.0003365250595379621 0
1731975982119 0.0003039681469090283 0
1731975997024 0.0002958357217721641 0
1731976012009 0.0002932220813818276 0
1731976027459 0.00030483928276225924 0
1731976042435 0.00030978815630078316 0
1731976057313 0.0003143580979667604 0
1731976072294 0.0002857830550055951 0
1731976087188 0.0003137269814033061 0
1731976102175 0.00029463530518114567 0
1731976117056 0.00029679766157642007 0
1731976132039 0.0003144519287161529 0
1731976146935 0.0002992273948621005 0
1731976161916 0.0002966366009786725 0
1731976176789 0.00030492449877783656 0
1731976191794 0.0003051956300623715 0
1731976206689 0.00027874045190401375 0
1731976221688 0.00029997003730386496 0
1731976236576 0.00029468664433807135 0
1731976252217 0.0003060824528802186 0
1731976267111 0.0002897639060392976 0
1731976282102 0.00029192958027124405 0
1731976296981 0.0002751380670815706 0
1731976311961 0.00030342862010002136 0
1731976326869 0.00029192824149504304 0
1731976341838 0.00029801286291331053 0
1731976356745 0.0003237033961340785 0
1731976371709 0.00032508003641851246 0
1731976386621 0.00029451827867887914 0
1731976401608 0.00032572957570664585 0
1731976416514 0.00029220953001640737 0
1731976431486 0.0002823590475600213 0
1731976446363 0.00030290853464975953 0
1731976461337 0.00028124224627390504 0
1731976476733 0.00028248399030417204 0
1731976491700 0.0003112992853857577 0
1731976506583 0.00029478647047653794 0
1731976521575 0.000343957741279155 0
1731976536485 0.0002830576850101352 0
1731976551485 0.0003047945792786777 0
1731976566375 0.0003166382375638932 0
1731976581340 0.0002690190158318728 0
1731976596237 0.00029269198421388865 0
1731976611238 0.000284407171420753 0
1731976626139 0.00031289851176552474 0
1731976641128 0.00031651134486310184 0
1731976656015 0.0002803757961373776 0
1731976670993 0.000299801176879555 0
1731976685863 0.0002969540364574641 0
