1731973277634 22.059730529785156 0
1731973304191 23.718883514404297 0
1731973323385 24.37287712097168 0
1731973342690 24.776735305786133 0
1731973361869 25.321651458740234 0
1731973381185 24.934608459472656 0
1731973400362 24.716264724731445 0
1731973419648 25.06421661376953 0
1731973438809 25.278532028198242 0
1731973458083 25.375999450683594 0
1731973477321 25.324996948242188 0
1731973496652 25.66742706298828 0
1731973515887 26.016891479492188 0
1731973535201 26.081418991088867 0
1731973554641 25.724185943603516 0
1731973571735 25.94509506225586 0
1731973588836 25.927274703979492 0
1731973605922 25.68733024597168 0
1731973623037 26.028207778930664 0
1731973640142 25.653072357177734 0
1731973657248 26.048099517822266 0
1731973674317 26.26545524597168 0
1731973690638 26.14246940612793 0
1731973706610 26.0272216796875 0
1731973722660 25.788745880126953 0
1731973738688 26.73960304260254 0
1731973754735 26.57206153869629 0
1731973770704 26.6932430267334 0
1731973786770 26.38164520263672 0
1731973803099 26.754762649536133 0
1731973818492 26.579835891723633 0
1731973833903 26.618154525756836 0
1731973849288 26.94740104675293 0
1731973864681 26.622419357299805 0
1731973880078 26.583566665649414 0
1731973895493 26.899694442749023 0
1731973910863 26.601177215576172 0
1731973925884 26.674535751342773 0
1731973940905 26.925846099853516 0
1731973955807 27.439834594726562 0
1731973970816 26.991405487060547 0
1731973985739 26.625621795654297 0
1731974000752 27.184921264648438 0
1731974015682 27.00853729248047 0
1731974031263 26.83674430847168 0
1731974046214 26.96230697631836 0
1731974061222 27.941822052001953 0
1731974076160 27.67177391052246 0
1731974091185 27.34622573852539 0
1731974106130 27.964826583862305 0
1731974121185 27.396390914916992 0
1731974136127 27.137115478515625 0
1731974151150 27.004915237426758 0
1731974166077 26.81319236755371 0
1731974181101 27.358322143554688 0
1731974196021 27.420625686645508 0
1731974211051 28.098920822143555 0
1731974225974 27.85257339477539 0
1731974240978 27.55647087097168 0
1731974256433 27.23455238342285 0
1731974271474 28.344017028808594 0
1731974286409 27.81852149963379 0
1731974301427 27.65214729309082 0
1731974316365 27.99413299560547 0
1731974331401 27.549367904663086 0
1731974346330 28.177509307861328 0
1731974361355 27.629295349121094 0
1731974376304 27.622671127319336 0
1731974391317 28.393587112426758 0
1731974406252 27.631988525390625 0
1731974421343 28.072181701660156 0
1731974436333 27.70916175842285 0
1731974451364 28.18968963623047 0
1731974466326 27.852012634277344 0
1731974481709 27.945680618286133 0
1731974496644 28.114368438720703 0
1731974511681 27.972518920898438 0
1731974526629 28.217302322387695 0
1731974541648 28.28508758544922 0
1731974556588 28.32115364074707 0
1731974571604 28.06605339050293 0
1731974586564 27.935348510742188 0
1731974601599 28.13216781616211 0
1731974616526 28.43147850036621 0
1731974631575 28.307342529296875 0
1731974646521 28.65756607055664 0
1731974661551 28.000064849853516 0
1731974676493 28.299667358398438 0
1731974692004 27.961406707763672 0
1731974706950 28.973392486572266 0
1731974721966 28.083236694335938 0
1731974736908 28.06214714050293 0
1731974751933 28.49384880065918 0
1731974766860 28.536943435668945 0
1731974781886 28.450397491455078 0
1731974796809 28.806562423706055 0
1731974811830 29.03319549560547 0
1731974826762 29.005903244018555 0
1731974841784 29.272207260131836 0
1731974856734 29.275558471679688 0
1731974871774 28.50749969482422 0
1731974886707 28.149887084960938 0
1731974901716 28.241981506347656 0
1731974917202 28.19893455505371 0
1731974932216 28.63257598876953 0
1731974947153 28.482589721679688 0
1731974962181 29.118318557739258 0
1731974977122 28.95768928527832 0
1731974992163 29.62963104248047 0
1731975007093 29.18634605407715 0
1731975022125 29.402793884277344 0
1731975037074 28.576904296875 0
1731975052106 28.853113174438477 0
1731975067056 29.304595947265625 0
1731975082083 28.74059295654297 0
1731975097027 29.00901222229004 0
1731975112053 29.37642478942871 0
1731975126978 29.22334098815918 0
1731975142675 28.9564151763916 0
1731975157606 29.184106826782227 0
1731975172622 30.052602767944336 0
1731975187565 29.072128295898438 0
1731975202607 29.433704376220703 0
1731975217573 29.413101196289062 0
1731975232615 29.566701889038086 0
1731975247549 29.009260177612305 0
1731975262576 29.508533477783203 0
1731975277514 29.717681884765625 0
1731975292552 29.437101364135742 0
1731975307480 29.457767486572266 0
1731975322518 29.074501037597656 0
1731975337439 29.346742630004883 0
1731975352448 29.890499114990234 0
1731975367883 30.323095321655273 0
1731975382880 29.327579498291016 0
1731975397777 29.119478225708008 0
1731975412760 29.507549285888672 0
1731975427680 29.585556030273438 0
1731975442677 30.045053482055664 0
1731975457577 29.46066665649414 0
1731975472572 29.4261474609375 0
1731975487493 29.01544761657715 0
1731975502503 29.918607711791992 0
1731975517393 29.876859664916992 0
1731975532379 29.785682678222656 0
1731975547289 29.994312286376953 0
1731975562296 29.54672622680664 0
1731975577210 29.501239776611328 0
1731975592819 29.44154167175293 0
1731975607744 29.88079261779785 0
1731975622762 29.74700164794922 0
1731975637687 30.045799255371094 0
1731975652689 29.905601501464844 0
1731975667581 29.589374542236328 0
1731975682557 30.04265022277832 0
1731975697474 29.796661376953125 0
1731975712470 29.955808639526367 0
1731975727393 29.900279998779297 0
1731975742400 29.937841415405273 0
1731975757308 29.655834197998047 0
1731975772295 29.91668128967285 0
1731975787203 30.164112091064453 0
1731975802830 29.829071044921875 0
1731975817729 29.92226791381836 0
1731975832737 30.07216453552246 0
1731975847613 29.792190551757812 0
1731975862595 30.111019134521484 0
1731975877494 29.581459045410156 0
1731975892470 30.150590896606445 0
1731975907351 29.503103256225586 0
1731975922363 30.141326904296875 0
1731975937266 29.24140167236328 0
1731975952241 29.75023078918457 0
1731975967128 29.80380630493164 0
1731975982116 30.175737380981445 0
1731975997022 29.954477310180664 0
1731976012007 30.436260223388672 0
1731976027457 29.98455047607422 0
1731976042432 30.836820602416992 0
1731976057311 30.45458221435547 0
1731976072292 30.627300262451172 0
1731976087186 30.401660919189453 0
1731976102168 30.239748001098633 0
1731976117054 30.721399307250977 0
1731976132037 30.074541091918945 0
1731976146933 30.52543067932129 0
1731976161913 30.79974937438965 0
1731976176787 30.85618019104004 0
1731976191792 30.087905883789062 0
1731976206687 30.75113868713379 0
1731976221685 29.628740310668945 0
1731976236574 30.487163543701172 0
1731976252213 30.111820220947266 0
1731976267108 30.37464714050293 0
1731976282100 30.86695671081543 0
1731976296979 30.586585998535156 0
1731976311959 29.97637176513672 0
1731976326867 30.61476707458496 0
1731976341836 30.009777069091797 0
1731976356743 30.177623748779297 0
1731976371707 30.14259910583496 0
1731976386618 30.359148025512695 0
1731976401606 30.462270736694336 0
1731976416512 30.429664611816406 0
1731976431484 30.553138732910156 0
1731976446361 30.809267044067383 0
1731976461335 30.968984603881836 0
1731976476731 30.673131942749023 0
1731976491698 30.774124145507812 0
1731976506581 30.96684455871582 0
1731976521573 30.994571685791016 0
1731976536483 30.183969497680664 0
1731976551483 30.40777587890625 0
1731976566372 30.192806243896484 0
1731976581338 30.776256561279297 0
1731976596235 31.013099670410156 0
1731976611236 30.87900733947754 0
1731976626137 30.208314895629883 0
1731976641126 31.036130905151367 0
1731976656013 30.79434585571289 0
1731976670991 30.93230438232422 0
1731976685861 30.916988372802734 0
