1731973284833 0.006223385687917471 0
1731973304194 0.004247286822646856 0
1731973323388 0.0036535270046442747 0
1731973342693 0.0033290968276560307 0
1731973361872 0.0029365322552621365 0
1731973381188 0.0032102526165544987 0
1731973400365 0.0033757733181118965 0
1731973419650 0.0031158621422946453 0
1731973438811 0.0029658335261046886 0
1731973458086 0.0029000132344663143 0
1731973477324 0.0029342705383896828 0
1731973496654 0.0027117962017655373 0
1731973515889 0.002502135466784239 0
1731973535204 0.0024652329739183187 0
1731973554643 0.002676587086170912 0
1731973571738 0.0025438438169658184 0
1731973588838 0.0025543023366481066 0
1731973605924 0.002699397038668394 0
1731973623039 0.002495623892173171 0
1731973640145 0.0027207748498767614 0
1731973657250 0.0024842184502631426 0
1731973674319 0.0023629493080079556 0
1731973690640 0.002430820604786277 0
1731973706613 0.002496190834790468 0
1731973722662 0.002637092024087906 0
1731973738691 0.002118553500622511 0
1731973754737 0.002201880095526576 0
1731973770706 0.002141290344297886 0
1731973786773 0.00230056862346828 0
1731973803102 0.0021111718378961086 0
1731973818494 0.0021979426965117455 0
1731973833906 0.0021786349825561047 0
1731973849290 0.0020195741672068834 0
1731973864684 0.0021764966659247875 0
1731973880081 0.0021960551384836435 0
1731973895496 0.0020418809726834297 0
1731973910865 0.0021871679928153753 0
1731973925886 0.0021505337208509445 0
1731973940908 0.0020296224392950535 0
1731973955810 0.001803085906431079 0
1731973970818 0.001999214757233858 0
1731973985741 0.002174891997128725 0
1731974000754 0.0019120880169793963 0
1731974015684 0.0019913427531719208 0
1731974031265 0.0020716930739581585 0
1731974046216 0.0020126537419855595 0
1731974061224 0.001606266712769866 0
1731974076162 0.0017093162750825286 0
1731974091188 0.0018423718865960836 0
1731974106133 0.0015977814327925444 0
1731974121187 0.0018212137511000037 0
1731974136129 0.0019332522060722113 0
1731974151152 0.0019930049311369658 0
1731974166080 0.002082958584651351 0
1731974181103 0.001837247866205871 0
1731974196024 0.0018110789824277163 0
1731974211053 0.0015492008533328772 0
1731974225977 0.00163961760699749 0
1731974240981 0.0017553053330630064 0
1731974256438 0.00189036107622087 0
1731974271476 0.0014641921734437346 0
1731974286412 0.001652523293159902 0
1731974301429 0.0017170588253065944 0
1731974316367 0.0015870351344347 0
1731974331403 0.0017581789288669825 0
1731974346332 0.0015214196173474193 0
1731974361357 0.0017261169850826263 0
1731974376306 0.0017287526279687881 0
1731974391319 0.0014475755160674453 0
1731974406255 0.0017250473611056805 0
1731974421346 0.001558769028633833 0
1731974436335 0.0016946648247539997 0
1731974451366 0.0015171580016613007 0
1731974466329 0.001639829482883215 0
1731974481712 0.0016048401594161987 0
1731974496646 0.0015437004622071981 0
1731974511683 0.0015949532389640808 0
1731974526631 0.0015075429109856486 0
1731974541650 0.0014841959346085787 0
1731974556590 0.0014719213359057903 0
1731974571606 0.0015609695110470057 0
1731974586567 0.0016086630057543516 0
1731974601601 0.0015373870264738798 0
1731974616529 0.0014350004494190216 0
1731974631578 0.0014766094973310828 0
1731974646523 0.0013622080441564322 0
1731974661553 0.001584869110956788 0
1731974676495 0.0014792209258303046 0
1731974692014 0.0015990398824214935 0
1731974706952 0.0012666616821661592 0
1731974721968 0.0015548060182482004 0
1731974736911 0.0015623749932274222 0
1731974751935 0.0014145392924547195 0
1731974766862 0.0014005725970491767 0
1731974781888 0.0014287632657215 0
1731974796811 0.0013162660179659724 0
1731974811832 0.001249339198693633 0
1731974826764 0.0012572150444611907 0
1731974841786 0.0011824402026832104 0
1731974856736 0.0011815282050520182 0
1731974871776 0.001410100026987493 0
1731974886709 0.0015311269089579582 0
1731974901718 0.0014990002382546663 0
1731974917204 0.0015139325987547636 0
1731974932219 0.0013700681738555431 0
1731974947155 0.001418211031705141 0
1731974962183 0.0012250903528183699 0
1731974977124 0.001271250075660646 0
1731974992167 0.0010890222620218992 0
1731975007095 0.001206050394102931 0
1731975022127 0.0011474152561277151 0
1731975037077 0.0013877442106604576 0
1731975052108 0.001302232383750379 0
1731975067059 0.001173654804006219 0
1731975082086 0.0013364128535613418 0
1731975097029 0.0012563156196847558 0
1731975112056 0.0011544030858203769 0
1731975126981 0.0011958200484514236 0
1731975142677 0.0012716229539364576 0
1731975157609 0.0012066722847521305 0
1731975172624 0.0009879604913294315 0
1731975187567 0.0012381896376609802 0
1731975202610 0.001139277359470725 0
1731975217575 0.0011446948628872633 0
1731975232617 0.001104917610064149 0
1731975247551 0.001256243558600545 0
1731975262578 0.0011198155116289854 0
1731975277516 0.0010671651689335704 0
1731975292554 0.0011383863165974617 0
1731975307483 0.0011329824337735772 0
1731975322520 0.001237513031810522 0
1731975337441 0.001162319560535252 0
1731975352450 0.001025534002110362 0
1731975367885 0.0009283041581511497 0
1731975382883 0.0011674598790705204 0
1731975397779 0.0012247631093487144 0
1731975412762 0.0011200695298612118 0
1731975427682 0.0011001307284459472 0
1731975442680 0.0009896792471408844 0
1731975457579 0.0011322263162583113 0
1731975472574 0.001141261775046587 0
1731975487495 0.0012544551864266396 0
1731975502506 0.0010189181193709373 0
1731975517395 0.0010287592886015773 0
1731975532381 0.0010505863465368748 0
1731975547291 0.001001309952698648 0
1731975562298 0.001110011013224721 0
1731975577212 0.0011216974817216396 0
1731975592822 0.001137223094701767 0
1731975607746 0.0010278284316882491 0
1731975622764 0.0010599850211292505 0
1731975637690 0.0009895096300169826 0
1731975652691 0.001021973555907607 0
1731975667583 0.0010991634335368872 0
1731975682560 0.0009902268648147583 0
1731975697477 0.0010479337070137262 0
1731975712473 0.0010102270171046257 0
1731975727395 0.0010232268832623959 0
1731975742402 0.0010144151747226715 0
1731975757310 0.0010824718046933413 0
1731975772297 0.001019369694404304 0
1731975787205 0.0009629166452214122 0
1731975802832 0.0010401422623544931 0
1731975817732 0.0010180592071264982 0
1731975832739 0.0009835202945396304 0
1731975847615 0.00104901276063174 0
1731975862597 0.0009747607400640845 0
1731975877496 0.0011011690367013216 0
1731975892472 0.0009659192292019725 0
1731975907353 0.0011212171521037817 0
1731975922365 0.0009679821087047458 0
1731975937268 0.0011908571468666196 0
1731975952243 0.0010591971222311258 0
1731975967130 0.0010462107602506876 0
1731975982119 0.0009603422367945313 0
1731975997024 0.0010105370311066508 0
1731976012009 0.0009044274920597672 0
1731976027459 0.0010035632876679301 0
1731976042435 0.0008247416699305177 0
1731976057313 0.0009006201289594173 0
1731976072294 0.0008655055426061153 0
1731976087188 0.0009116620640270412 0
1731976102175 0.0009462914895266294 0
1731976117056 0.0008469544118270278 0
1731976132039 0.0009829825721681118 0
1731976146935 0.0008860469679348171 0
1731976161916 0.0008318116306327283 0
1731976176789 0.0008210730738937855 0
1731976191794 0.000979962176643312 0
1731976206689 0.0008411742746829987 0
1731976221688 0.001089245779439807 0
1731976236576 0.0008938892278820276 0
1731976252217 0.000974580820184201 0
1731976267111 0.000917350291274488 0
1731976282102 0.0008190380176529288 0
1731976296981 0.0008736578747630119 0
1731976311961 0.001005454920232296 0
1731976326869 0.0008680066093802452 0
1731976341838 0.000997750903479755 0
1731976356745 0.0009599250624887645 0
1731976371709 0.0009676981717348099 0
1731976386621 0.00092063017655164 0
1731976401608 0.0008990272763185203 0
1731976416514 0.0009058023570105433 0
1731976431486 0.0008804122335277498 0
1731976446363 0.0008299904875457287 0
1731976461337 0.0008000208763405681 0
1731976476733 0.0008564199088141322 0
1731976491700 0.0008367343107238412 0
1731976506583 0.0008004155242815614 0
1731976521575 0.0007953215390443802 0
1731976536485 0.0009585236548446119 0
1731976551485 0.0009103793418034911 0
1731976566375 0.0009565757354721427 0
1731976581340 0.0008363233646377921 0
1731976596237 0.0007919357158243656 0
1731976611238 0.0008167686755768955 0
1731976626139 0.0009531655232422054 0
1731976641128 0.0007877469761297107 0
1731976656015 0.0008328472031280398 0
1731976670993 0.0008068066090345383 0
1731976685863 0.0008096569217741489 0
