1731849854833 0.045789722353219986 0
1731849874352 0.05593825504183769 0
1731849893626 0.060983192175626755 0
1731849913281 0.06261849403381348 0
1731849933022 0.06816302239894867 0
1731849952891 0.06853317469358444 0
1731849972709 0.06980385631322861 0
1731849992661 0.07144421339035034 0
1731850012538 0.06898940354585648 0
1731850032530 0.0678488090634346 0
1731850052426 0.06519003957509995 0
1731850072425 0.06271929293870926 0
1731850092351 0.059771567583084106 0
1731850112404 0.057444896548986435 0
1731850132373 0.05440651997923851 0
1731850150213 0.052098456770181656 0
1731850168040 0.04911014810204506 0
1731850185868 0.04802941158413887 0
1731850203697 0.04374794661998749 0
1731850221539 0.04073157161474228 0
1731850239399 0.03940710052847862 0
1731850257230 0.03974281623959541 0
1731850274306 0.037900667637586594 0
1731850290992 0.03492610156536102 0
1731850307767 0.03400099277496338 0
1731850324526 0.03155733644962311 0
1731850341331 0.03101431578397751 0
1731850358027 0.029434192925691605 0
1731850374803 0.02834414876997471 0
1731850391679 0.02943902090191841 0
1731850407811 0.029830247163772583 0
1731850423925 0.029378077015280724 0
1731850440082 0.029235614463686943 0
1731850456216 0.02831158973276615 0
1731850472380 0.029415026307106018 0
1731850488520 0.02793031930923462 0
1731850504671 0.029284292832016945 0
1731850520447 0.029482349753379822 0
1731850536205 0.029141396284103394 0
1731850551877 0.029105812311172485 0
1731850567660 0.029230087995529175 0
1731850583331 0.03009132668375969 0
1731850599097 0.030234523117542267 0
1731850614764 0.03048207424581051 0
1731850630874 0.02996346913278103 0
1731850646555 0.03054303117096424 0
1731850662328 0.03070896863937378 0
1731850678005 0.031232178211212158 0
1731850693773 0.031172707676887512 0
1731850709465 0.031588681042194366 0
1731850725228 0.031103910878300667 0
1731850740909 0.03155047073960304 0
1731850756683 0.030623067170381546 0
1731850772370 0.031728193163871765 0
1731850788129 0.031640466302633286 0
1731850803808 0.03256626054644585 0
1731850819590 0.03164266049861908 0
1731850835293 0.03305119276046753 0
1731850851080 0.031754326075315475 0
1731850867312 0.032425407320261 0
1731850883085 0.03228958323597908 0
1731850898780 0.03184764087200165 0
1731850914570 0.03197900205850601 0
1731850930262 0.03167834132909775 0
1731850946041 0.03241845220327377 0
1731850961729 0.032229144126176834 0
1731850977526 0.03201519697904587 0
1731850993217 0.03271377086639404 0
1731851009005 0.03246398642659187 0
1731851024717 0.031902190297842026 0
1731851040511 0.03200691193342209 0
1731851056219 0.03217635676264763 0
1731851071993 0.03288257494568825 0
1731851087682 0.03272608667612076 0
1731851103854 0.03321367874741554 0
1731851119564 0.03323876112699509 0
1731851135370 0.03229379653930664 0
1731851151074 0.033390697091817856 0
1731851166868 0.032693348824977875 0
1731851182565 0.032892074435949326 0
1731851198363 0.032900433987379074 0
1731851214058 0.03279959037899971 0
1731851229855 0.03287600353360176 0
1731851245568 0.03233831375837326 0
1731851261378 0.033127978444099426 0
1731851277096 0.03338295966386795 0
1731851292901 0.033523302525281906 0
1731851308621 0.033174388110637665 0
1731851324813 0.033297110348939896 0
1731851340514 0.03326788544654846 0
1731851356321 0.03365429490804672 0
1731851372039 0.033743422478437424 0
1731851387839 0.03447246924042702 0
1731851403537 0.03347977250814438 0
1731851419375 0.033097077161073685 0
1731851435097 0.03394174203276634 0
1731851450904 0.03382612019777298 0
1731851466633 0.03331095352768898 0
1731851482446 0.03411272168159485 0
1731851498168 0.03397086635231972 0
1731851513970 0.03417319059371948 0
1731851529698 0.034154605120420456 0
1731851545510 0.03388608619570732 0
1731851561602 0.03406005725264549 0
1731851577423 0.033900465816259384 0
1731851593148 0.03397129103541374 0
1731851608934 0.03292834013700485 0
1731851624642 0.03356483206152916 0
1731851640465 0.0338883250951767 0
1731851656158 0.03372325003147125 0
1731851671977 0.0338405966758728 0
1731851687711 0.03383120149374008 0
1731851703554 0.03421206772327423 0
1731851719289 0.03404775634407997 0
1731851735143 0.03387634456157684 0
1731851750872 0.03365275636315346 0
1731851766693 0.03415166959166527 0
1731851782414 0.034092456102371216 0
1731851798591 0.034199509769678116 0
1731851814313 0.034421004354953766 0
1731851830134 0.033421192318201065 0
1731851845845 0.0339798778295517 0
1731851861681 0.03428195044398308 0
1731851877385 0.03424827381968498 0
1731851893208 0.03433062508702278 0
1731851908942 0.034150607883930206 0
1731851924759 0.03428679332137108 0
1731851940497 0.03426764905452728 0
1731851956323 0.03404703363776207 0
1731851972042 0.03430910035967827 0
1731851987875 0.034561190754175186 0
1731852003609 0.03436301648616791 0
1731852019451 0.034721244126558304 0
1731852035504 0.03447803854942322 0
1731852051327 0.03487960249185562 0
1731852067086 0.03458981588482857 0
1731852082920 0.03452882915735245 0
1731852098644 0.03481956198811531 0
1731852114501 0.034725371748209 0
1731852130230 0.034833140671253204 0
1731852146042 0.03466467559337616 0
1731852161764 0.03432191163301468 0
1731852177582 0.034310244023799896 0
1731852193309 0.03415098041296005 0
1731852209143 0.03484732285141945 0
1731852224883 0.03456273674964905 0
1731852240723 0.03460858389735222 0
1731852256453 0.03446662425994873 0
1731852272603 0.03455408290028572 0
1731852288328 0.03442686051130295 0
1731852304147 0.03440454602241516 0
1731852319869 0.03458520770072937 0
1731852335693 0.034703224897384644 0
1731852351410 0.03447786346077919 0
1731852367243 0.03453933820128441 0
1731852382964 0.034824516624212265 0
1731852398810 0.03489037603139877 0
1731852414515 0.034862931817770004 0
1731852430323 0.035207394510507584 0
1731852446039 0.035162121057510376 0
1731852461861 0.0352216474711895 0
1731852477569 0.03502847999334335 0
1731852493703 0.03480071201920509 0
1731852509429 0.03487364575266838 0
1731852525223 0.03495006263256073 0
1731852540935 0.03474700450897217 0
1731852556756 0.0349234901368618 0
1731852572482 0.035043083131313324 0
1731852588320 0.03489077091217041 0
1731852604054 0.035055529326200485 0
1731852619869 0.03517879173159599 0
1731852635602 0.03536409139633179 0
1731852651435 0.03496292605996132 0
1731852667172 0.03507499024271965 0
1731852683000 0.03466277942061424 0
1731852698742 0.03493595868349075 0
1731852714554 0.03508472070097923 0
1731852730621 0.035118576139211655 0
1731852746453 0.0350286066532135 0
1731852762192 0.03528054058551788 0
1731852778038 0.03521161153912544 0
1731852793745 0.03542494401335716 0
1731852809558 0.035417187958955765 0
1731852825293 0.03541640564799309 0
1731852841091 0.03526096045970917 0
1731852856798 0.0352267250418663 0
1731852872631 0.03539719060063362 0
1731852888332 0.03515776991844177 0
1731852904103 0.035296481102705 0
1731852919808 0.03526143357157707 0
1731852935604 0.03519674763083458 0
1731852951307 0.03531781584024429 0
1731852967445 0.035326048731803894 0
1731852983170 0.03518352657556534 0
1731852999002 0.03505939990282059 0
1731853014703 0.03505494073033333 0
1731853030510 0.034986503422260284 0
1731853046212 0.0350554995238781 0
1731853062006 0.035153284668922424 0
1731853077711 0.034981898963451385 0
1731853093529 0.03497779741883278 0
1731853109246 0.03498988598585129 0
1731853125057 0.03465091064572334 0
1731853140763 0.035192281007766724 0
1731853156582 0.03500781208276749 0
1731853172270 0.035088758915662766 0
1731853188069 0.03525575250387192 0
1731853204096 0.03509754687547684 0
1731853219905 0.0351717583835125 0
1731853235626 0.03536836802959442 0
1731853251426 0.03502578288316727 0
1731853267156 0.035333022475242615 0
1731853282952 0.035095442086458206 0
1731853298643 0.035321544855833054 0
1731853314426 0.035277996212244034 0
1731853330137 0.03519962355494499 0
1731853345935 0.03543683513998985 0
1731853361633 0.03500988334417343 0
1731853377443 0.03519607335329056 0
1731853393119 0.03518439084291458 0
1731853408898 0.03525932878255844 0
1731853424574 0.03531598672270775 0
