1731849854833 2.2963738441467285 0
1731849874352 1.8221447467803955 0
1731849893626 2.0090854167938232 0
1731849913281 2.1754438877105713 0
1731849933022 2.1673693656921387 0
1731849952891 2.023512840270996 0
1731849972709 2.021134853363037 0
1731849992661 1.9889780282974243 0
1731850012538 2.0146548748016357 0
1731850032530 1.9684070348739624 0
1731850052426 1.9948586225509644 0
1731850072425 1.8741625547409058 0
1731850092351 1.777410864830017 0
1731850112404 1.6230698823928833 0
1731850132373 1.5923278331756592 0
1731850150213 1.5614839792251587 0
1731850168040 1.4753612279891968 0
1731850185868 1.310755968093872 0
1731850203697 1.3468014001846313 0
1731850221539 1.2976863384246826 0
1731850239399 1.1510038375854492 0
1731850257230 1.0419129133224487 0
1731850274306 1.046044111251831 0
1731850290992 1.0470219850540161 0
1731850307767 0.9212366342544556 0
1731850324526 0.9674187898635864 0
1731850341331 0.9766837954521179 0
1731850358027 0.9372079968452454 0
1731850374803 0.9504363536834717 0
1731850391679 0.9679718017578125 0
1731850407811 1.0521860122680664 0
1731850423925 1.02953040599823 0
1731850440082 1.041045904159546 0
1731850456216 1.034706950187683 0
1731850472380 1.0497725009918213 0
1731850488520 1.0726335048675537 0
1731850504671 1.0810292959213257 0
1731850520447 1.07964289188385 0
1731850536205 1.0790125131607056 0
1731850551877 1.090368390083313 0
1731850567660 1.039392113685608 0
1731850583331 1.0671632289886475 0
1731850599097 1.0898219347000122 0
1731850614764 1.082180380821228 0
1731850630874 1.1188921928405762 0
1731850646555 1.1125200986862183 0
1731850662328 1.1143908500671387 0
1731850678005 1.1023578643798828 0
1731850693773 1.1147637367248535 0
1731850709465 1.1008549928665161 0
1731850725228 1.1380977630615234 0
1731850740909 1.1104893684387207 0
1731850756683 1.1538562774658203 0
1731850772370 1.118517518043518 0
1731850788129 1.1381677389144897 0
1731850803808 1.1035569906234741 0
1731850819590 1.1701269149780273 0
1731850835293 1.1172853708267212 0
1731850851080 1.14451003074646 0
1731850867312 1.1554677486419678 0
1731850883085 1.1458548307418823 0
1731850898780 1.1518259048461914 0
1731850914570 1.141640067100525 0
1731850930262 1.1355016231536865 0
1731850946041 1.164223551750183 0
1731850961729 1.1385986804962158 0
1731850977526 1.1675359010696411 0
1731850993217 1.1161653995513916 0
1731851009005 1.1244323253631592 0
1731851024717 1.1772232055664062 0
1731851040511 1.1832373142242432 0
1731851056219 1.1814874410629272 0
1731851071993 1.1725184917449951 0
1731851087682 1.1698189973831177 0
1731851103854 1.1648297309875488 0
1731851119564 1.1743628978729248 0
1731851135370 1.2199780941009521 0
1731851151074 1.1597609519958496 0
1731851166868 1.2190827131271362 0
1731851182565 1.1715998649597168 0
1731851198363 1.163177251815796 0
1731851214058 1.1903663873672485 0
1731851229855 1.1669843196868896 0
1731851245568 1.227445363998413 0
1731851261378 1.186485767364502 0
1731851277096 1.1783125400543213 0
1731851292901 1.1707490682601929 0
1731851308621 1.2013825178146362 0
1731851324813 1.1877108812332153 0
1731851340514 1.1758956909179688 0
1731851356321 1.1920751333236694 0
1731851372039 1.1916183233261108 0
1731851387839 1.154350757598877 0
1731851403537 1.21254563331604 0
1731851419375 1.2194736003875732 0
1731851435097 1.1902782917022705 0
1731851450904 1.1998202800750732 0
1731851466633 1.2004823684692383 0
1731851482446 1.1674799919128418 0
1731851498168 1.204323649406433 0
1731851513970 1.2014448642730713 0
1731851529698 1.1942055225372314 0
1731851545510 1.2159638404846191 0
1731851561602 1.1954222917556763 0
1731851577423 1.2032246589660645 0
1731851593148 1.1948890686035156 0
1731851608934 1.2271300554275513 0
1731851624642 1.2044967412948608 0
1731851640465 1.1937415599822998 0
1731851656158 1.193534016609192 0
1731851671977 1.1860591173171997 0
1731851687711 1.1919156312942505 0
1731851703554 1.1877892017364502 0
1731851719289 1.2000974416732788 0
1731851735143 1.2180671691894531 0
1731851750872 1.2377429008483887 0
1731851766693 1.1945629119873047 0
1731851782414 1.195754885673523 0
1731851798591 1.1887704133987427 0
1731851814313 1.1838486194610596 0
1731851830134 1.2268648147583008 0
1731851845845 1.1992360353469849 0
1731851861681 1.1947026252746582 0
1731851877385 1.195429801940918 0
1731851893208 1.184232473373413 0
1731851908942 1.1990305185317993 0
1731851924759 1.1902793645858765 0
1731851940497 1.2146669626235962 0
1731851956323 1.2155240774154663 0
1731851972042 1.2140005826950073 0
1731851987875 1.1992532014846802 0
1731852003609 1.2371926307678223 0
1731852019451 1.2214601039886475 0
1731852035504 1.233941912651062 0
1731852051327 1.2250747680664062 0
1731852067086 1.2270749807357788 0
1731852082920 1.2315281629562378 0
1731852098644 1.2178422212600708 0
1731852114501 1.2197344303131104 0
1731852130230 1.2195852994918823 0
1731852146042 1.2197176218032837 0
1731852161764 1.21379816532135 0
1731852177582 1.2176845073699951 0
1731852193309 1.2263880968093872 0
1731852209143 1.2051758766174316 0
1731852224883 1.2294906377792358 0
1731852240723 1.2207415103912354 0
1731852256453 1.2267992496490479 0
1731852272603 1.2052990198135376 0
1731852288328 1.2139506340026855 0
1731852304147 1.212536334991455 0
1731852319869 1.1973462104797363 0
1731852335693 1.2145341634750366 0
1731852351410 1.2256284952163696 0
1731852367243 1.2158846855163574 0
1731852382964 1.2200937271118164 0
1731852398810 1.2275216579437256 0
1731852414515 1.2432557344436646 0
1731852430323 1.2309224605560303 0
1731852446039 1.2230697870254517 0
1731852461861 1.2054359912872314 0
1731852477569 1.224570631980896 0
1731852493703 1.226495623588562 0
1731852509429 1.2340190410614014 0
1731852525223 1.2299596071243286 0
1731852540935 1.2315553426742554 0
1731852556756 1.2207764387130737 0
1731852572482 1.2294808626174927 0
1731852588320 1.2307037115097046 0
1731852604054 1.2254459857940674 0
1731852619869 1.2153104543685913 0
1731852635602 1.220598578453064 0
1731852651435 1.2390872240066528 0
1731852667172 1.2257074117660522 0
1731852683000 1.2349042892456055 0
1731852698742 1.22883141040802 0
1731852714554 1.2185434103012085 0
1731852730621 1.2307493686676025 0
1731852746453 1.2323787212371826 0
1731852762192 1.2252107858657837 0
1731852778038 1.2481706142425537 0
1731852793745 1.2327160835266113 0
1731852809558 1.2278621196746826 0
1731852825293 1.2157150506973267 0
1731852841091 1.2274127006530762 0
1731852856798 1.2328581809997559 0
1731852872631 1.2345038652420044 0
1731852888332 1.2381898164749146 0
1731852904103 1.2375686168670654 0
1731852919808 1.242266297340393 0
1731852935604 1.244862675666809 0
1731852951307 1.2404626607894897 0
1731852967445 1.2340967655181885 0
1731852983170 1.2250014543533325 0
1731852999002 1.2305222749710083 0
1731853014703 1.2435275316238403 0
1731853030510 1.2319854497909546 0
1731853046212 1.2373073101043701 0
1731853062006 1.224523663520813 0
1731853077711 1.226931095123291 0
1731853093529 1.2448070049285889 0
1731853109246 1.233028531074524 0
1731853125057 1.2544136047363281 0
1731853140763 1.23495614528656 0
1731853156582 1.2357211112976074 0
1731853172270 1.2278107404708862 0
1731853188069 1.2174792289733887 0
1731853204096 1.2295233011245728 0
1731853219905 1.2304627895355225 0
1731853235626 1.2197853326797485 0
1731853251426 1.2419028282165527 0
1731853267156 1.2411266565322876 0
1731853282952 1.2409546375274658 0
1731853298643 1.2330876588821411 0
1731853314426 1.2346113920211792 0
1731853330137 1.2356035709381104 0
1731853345935 1.2204437255859375 0
1731853361633 1.2421469688415527 0
1731853377443 1.2356925010681152 0
1731853393119 1.2328351736068726 0
1731853408898 1.2269095182418823 0
1731853424574 1.2362834215164185 0
