1731849854833 0.7175460457801819 0
1731849874352 0.8239932656288147 0
1731849893626 0.8560903072357178 0
1731849913281 0.8454664945602417 0
1731849933022 0.8173134922981262 0
1731849952891 0.7805655002593994 0
1731849972709 0.7401488423347473 0
1731849992661 0.7156388759613037 0
1731850012538 0.6796387434005737 0
1731850032530 0.633454442024231 0
1731850052426 0.6010415554046631 0
1731850072425 0.5717902779579163 0
1731850092351 0.5362297892570496 0
1731850112404 0.5218455791473389 0
1731850132373 0.49877166748046875 0
1731850150213 0.48205679655075073 0
1731850168040 0.4623948633670807 0
1731850185868 0.44832366704940796 0
1731850203697 0.4223783016204834 0
1731850221539 0.4194505214691162 0
1731850239399 0.40018945932388306 0
1731850257230 0.40263280272483826 0
1731850274306 0.38338133692741394 0
1731850290992 0.3753834068775177 0
1731850307767 0.3630358874797821 0
1731850324526 0.3684268891811371 0
1731850341331 0.35486364364624023 0
1731850358027 0.35668179392814636 0
1731850374803 0.3420168459415436 0
1731850391679 0.3451118469238281 0
1731850407811 0.3332975506782532 0
1731850423925 0.3348747789859772 0
1731850440082 0.32881781458854675 0
1731850456216 0.3216215968132019 0
1731850472380 0.317365825176239 0
1731850488520 0.31926658749580383 0
1731850504671 0.31375357508659363 0
1731850520447 0.3170087933540344 0
1731850536205 0.3127789795398712 0
1731850551877 0.31205758452415466 0
1731850567660 0.30920514464378357 0
1731850583331 0.30576568841934204 0
1731850599097 0.29865381121635437 0
1731850614764 0.2971409857273102 0
1731850630874 0.3016001284122467 0
1731850646555 0.2981921136379242 0
1731850662328 0.29920563101768494 0
1731850678005 0.2920610308647156 0
1731850693773 0.2912529706954956 0
1731850709465 0.29474973678588867 0
1731850725228 0.29666438698768616 0
1731850740909 0.2918667197227478 0
1731850756683 0.28823935985565186 0
1731850772370 0.2929861843585968 0
1731850788129 0.2892370820045471 0
1731850803808 0.2877560257911682 0
1731850819590 0.28207942843437195 0
1731850835293 0.2862282395362854 0
1731850851080 0.2810401916503906 0
1731850867312 0.2818586230278015 0
1731850883085 0.281860888004303 0
1731850898780 0.283724844455719 0
1731850914570 0.2845494747161865 0
1731850930262 0.2803919315338135 0
1731850946041 0.2832868695259094 0
1731850961729 0.283600389957428 0
1731850977526 0.28194084763526917 0
1731850993217 0.273689866065979 0
1731851009005 0.27597057819366455 0
1731851024717 0.27485188841819763 0
1731851040511 0.2789001166820526 0
1731851056219 0.279003769159317 0
1731851071993 0.2721726596355438 0
1731851087682 0.27098512649536133 0
1731851103854 0.2729446291923523 0
1731851119564 0.2752487361431122 0
1731851135370 0.2751493752002716 0
1731851151074 0.2733534574508667 0
1731851166868 0.2703827917575836 0
1731851182565 0.2703915536403656 0
1731851198363 0.2719685733318329 0
1731851214058 0.2709333300590515 0
1731851229855 0.26970699429512024 0
1731851245568 0.2721422612667084 0
1731851261378 0.2660210430622101 0
1731851277096 0.2703682780265808 0
1731851292901 0.27062761783599854 0
1731851308621 0.26791852712631226 0
1731851324813 0.2681865096092224 0
1731851340514 0.26811277866363525 0
1731851356321 0.2664790451526642 0
1731851372039 0.26886552572250366 0
1731851387839 0.263895183801651 0
1731851403537 0.2697257399559021 0
1731851419375 0.27151715755462646 0
1731851435097 0.2665184736251831 0
1731851450904 0.26592665910720825 0
1731851466633 0.26190629601478577 0
1731851482446 0.2666345238685608 0
1731851498168 0.2649800181388855 0
1731851513970 0.26464226841926575 0
1731851529698 0.26712659001350403 0
1731851545510 0.2633906602859497 0
1731851561602 0.26256227493286133 0
1731851577423 0.2637139856815338 0
1731851593148 0.2618621289730072 0
1731851608934 0.2629258334636688 0
1731851624642 0.2611474096775055 0
1731851640465 0.26179414987564087 0
1731851656158 0.2619173228740692 0
1731851671977 0.2620866000652313 0
1731851687711 0.26364827156066895 0
1731851703554 0.2619435787200928 0
1731851719289 0.2593608796596527 0
1731851735143 0.2625461220741272 0
1731851750872 0.2642826437950134 0
1731851766693 0.2618201673030853 0
1731851782414 0.2623338997364044 0
1731851798591 0.26241129636764526 0
1731851814313 0.2594829499721527 0
1731851830134 0.25741565227508545 0
1731851845845 0.25557586550712585 0
1731851861681 0.2567175328731537 0
1731851877385 0.25567078590393066 0
1731851893208 0.257313996553421 0
1731851908942 0.25356554985046387 0
1731851924759 0.2533257305622101 0
1731851940497 0.25830185413360596 0
1731851956323 0.25510358810424805 0
1731851972042 0.2569473683834076 0
1731851987875 0.2543092668056488 0
1731852003609 0.25550585985183716 0
1731852019451 0.25353917479515076 0
1731852035504 0.2564425766468048 0
1731852051327 0.2567511796951294 0
1731852067086 0.2555146813392639 0
1731852082920 0.25711411237716675 0
1731852098644 0.25338077545166016 0
1731852114501 0.2547230124473572 0
1731852130230 0.25596269965171814 0
1731852146042 0.2539065182209015 0
1731852161764 0.2520384192466736 0
1731852177582 0.25357258319854736 0
1731852193309 0.2532865107059479 0
1731852209143 0.25135061144828796 0
1731852224883 0.2509259879589081 0
1731852240723 0.25261080265045166 0
1731852256453 0.2540786564350128 0
1731852272603 0.25299742817878723 0
1731852288328 0.2534066438674927 0
1731852304147 0.25344693660736084 0
1731852319869 0.25288456678390503 0
1731852335693 0.25053274631500244 0
1731852351410 0.2526906728744507 0
1731852367243 0.25223711133003235 0
1731852382964 0.25187844038009644 0
1731852398810 0.25101086497306824 0
1731852414515 0.24988162517547607 0
1731852430323 0.2508498728275299 0
1731852446039 0.25164544582366943 0
1731852461861 0.2493654191493988 0
1731852477569 0.25179362297058105 0
1731852493703 0.25078320503234863 0
1731852509429 0.2526802122592926 0
1731852525223 0.2503977119922638 0
1731852540935 0.2516671121120453 0
1731852556756 0.24926383793354034 0
1731852572482 0.2519553005695343 0
1731852588320 0.2505685091018677 0
1731852604054 0.25095289945602417 0
1731852619869 0.2477569878101349 0
1731852635602 0.25009211897850037 0
1731852651435 0.24958918988704681 0
1731852667172 0.24918799102306366 0
1731852683000 0.24760527908802032 0
1731852698742 0.24902112782001495 0
1731852714554 0.24936218559741974 0
1731852730621 0.249966099858284 0
1731852746453 0.24735310673713684 0
1731852762192 0.2494996190071106 0
1731852778038 0.24903209507465363 0
1731852793745 0.24741080403327942 0
1731852809558 0.2473466396331787 0
1731852825293 0.25027841329574585 0
1731852841091 0.2488452047109604 0
1731852856798 0.24855396151542664 0
1731852872631 0.2482214719057083 0
1731852888332 0.24915200471878052 0
1731852904103 0.24700716137886047 0
1731852919808 0.2498559057712555 0
1731852935604 0.2465524971485138 0
1731852951307 0.24755080044269562 0
1731852967445 0.24763517081737518 0
1731852983170 0.2459898144006729 0
1731852999002 0.24842911958694458 0
1731853014703 0.2475760132074356 0
1731853030510 0.24847322702407837 0
1731853046212 0.2458343207836151 0
1731853062006 0.24609079957008362 0
1731853077711 0.2461770474910736 0
1731853093529 0.24768172204494476 0
1731853109246 0.24693824350833893 0
1731853125057 0.24611426889896393 0
1731853140763 0.24754789471626282 0
1731853156582 0.24592657387256622 0
1731853172270 0.24457566440105438 0
1731853188069 0.24677728116512299 0
1731853204096 0.24672043323516846 0
1731853219905 0.24498505890369415 0
1731853235626 0.24532125890254974 0
1731853251426 0.24433737993240356 0
1731853267156 0.24445182085037231 0
1731853282952 0.2435145080089569 0
1731853298643 0.24456395208835602 0
1731853314426 0.24465608596801758 0
1731853330137 0.2447856366634369 0
1731853345935 0.24408434331417084 0
1731853361633 0.24257968366146088 0
1731853377443 0.24312660098075867 0
1731853393119 0.24389506876468658 0
1731853408898 0.24274878203868866 0
1731853424574 0.24476855993270874 0
