1731849854833 0.022372672334313393 0
1731849874352 0.025775859132409096 0
1731849893626 0.026302069425582886 0
1731849913281 0.02559696137905121 0
1731849933022 0.024609453976154327 0
1731849952891 0.023533154278993607 0
1731849972709 0.02273600921034813 0
1731849992661 0.021932734176516533 0
1731850012538 0.020822705700993538 0
1731850032530 0.020064426586031914 0
1731850052426 0.019235629588365555 0
1731850072425 0.018422238528728485 0
1731850092351 0.017839163541793823 0
1731850112404 0.017046185210347176 0
1731850132373 0.01672220602631569 0
1731850150213 0.016267769038677216 0
1731850168040 0.01601160317659378 0
1731850185868 0.015531711280345917 0
1731850203697 0.015509726479649544 0
1731850221539 0.014889797195792198 0
1731850239399 0.014632130041718483 0
1731850257230 0.014223890379071236 0
1731850274306 0.01421536598354578 0
1731850290992 0.013992494903504848 0
1731850307767 0.013831077143549919 0
1731850324526 0.013589651323854923 0
1731850341331 0.01352621242403984 0
1731850358027 0.013229381293058395 0
1731850374803 0.013195537030696869 0
1731850391679 0.013164231553673744 0
1731850407811 0.013073504902422428 0
1731850423925 0.013016149401664734 0
1731850440082 0.012988542206585407 0
1731850456216 0.01280888170003891 0
1731850472380 0.012798570096492767 0
1731850488520 0.012493027374148369 0
1731850504671 0.012577825225889683 0
1731850520447 0.0125453295186162 0
1731850536205 0.012542263604700565 0
1731850551877 0.012435074895620346 0
1731850567660 0.01227816566824913 0
1731850583331 0.012291760183870792 0
1731850599097 0.012253979220986366 0
1731850614764 0.012325766496360302 0
1731850630874 0.012354814447462559 0
1731850646555 0.012184140272438526 0
1731850662328 0.012155900709331036 0
1731850678005 0.012086411006748676 0
1731850693773 0.01215611957013607 0
1731850709465 0.01207023672759533 0
1731850725228 0.011989476159214973 0
1731850740909 0.01209343783557415 0
1731850756683 0.012060861103236675 0
1731850772370 0.011975768022239208 0
1731850788129 0.011881725862622261 0
1731850803808 0.011835219338536263 0
1731850819590 0.011896074749529362 0
1731850835293 0.011873876675963402 0
1731850851080 0.011829345487058163 0
1731850867312 0.011954626068472862 0
1731850883085 0.011815921403467655 0
1731850898780 0.011759747751057148 0
1731850914570 0.011719929054379463 0
1731850930262 0.011826731264591217 0
1731850946041 0.011846082285046577 0
1731850961729 0.011857345700263977 0
1731850977526 0.011691703461110592 0
1731850993217 0.011757412925362587 0
1731851009005 0.011603404767811298 0
1731851024717 0.011813884600996971 0
1731851040511 0.011681513860821724 0
1731851056219 0.011729652993381023 0
1731851071993 0.011749248020350933 0
1731851087682 0.011695055291056633 0
1731851103854 0.011705122888088226 0
1731851119564 0.01169800665229559 0
1731851135370 0.011643634177744389 0
1731851151074 0.011785149574279785 0
1731851166868 0.011669072322547436 0
1731851182565 0.011699956841766834 0
1731851198363 0.011602193117141724 0
1731851214058 0.01152389869093895 0
1731851229855 0.0115986168384552 0
1731851245568 0.0115552619099617 0
1731851261378 0.011678005568683147 0
1731851277096 0.011513801291584969 0
1731851292901 0.011607008054852486 0
1731851308621 0.011650176718831062 0
1731851324813 0.011648480780422688 0
1731851340514 0.011527014896273613 0
1731851356321 0.011558813974261284 0
1731851372039 0.011568752117455006 0
1731851387839 0.011617508716881275 0
1731851403537 0.011569563299417496 0
1731851419375 0.011583472602069378 0
1731851435097 0.011505810543894768 0
1731851450904 0.011567628011107445 0
1731851466633 0.011629725806415081 0
1731851482446 0.01154667604714632 0
1731851498168 0.011460468173027039 0
1731851513970 0.011396585032343864 0
1731851529698 0.01152107771486044 0
1731851545510 0.01154608279466629 0
1731851561602 0.011462386697530746 0
1731851577423 0.011489544995129108 0
1731851593148 0.011467727832496166 0
1731851608934 0.011464218609035015 0
1731851624642 0.011431225575506687 0
1731851640465 0.011414973065257072 0
1731851656158 0.011452428065240383 0
1731851671977 0.011427192017436028 0
1731851687711 0.01147805992513895 0
1731851703554 0.011451881378889084 0
1731851719289 0.011450222693383694 0
1731851735143 0.011478804051876068 0
1731851750872 0.011490436270833015 0
1731851766693 0.011347786523401737 0
1731851782414 0.011474383994936943 0
1731851798591 0.011403493583202362 0
1731851814313 0.011413061991333961 0
1731851830134 0.011321031488478184 0
1731851845845 0.011388701386749744 0
1731851861681 0.011370825581252575 0
1731851877385 0.011433119885623455 0
1731851893208 0.0113526601344347 0
1731851908942 0.011420336551964283 0
1731851924759 0.011400820687413216 0
1731851940497 0.011272323317825794 0
1731851956323 0.011330035515129566 0
1731851972042 0.011280090548098087 0
1731851987875 0.01128949411213398 0
1731852003609 0.011293317191302776 0
1731852019451 0.011356513947248459 0
1731852035504 0.011231356300413609 0
1731852051327 0.011333334259688854 0
1731852067086 0.011384041979908943 0
1731852082920 0.011328666470944881 0
1731852098644 0.011329489760100842 0
1731852114501 0.011309620924293995 0
1731852130230 0.011274359188973904 0
1731852146042 0.011214491911232471 0
1731852161764 0.011288916692137718 0
1731852177582 0.011291404254734516 0
1731852193309 0.01122836209833622 0
1731852209143 0.011265350505709648 0
1731852224883 0.011247565038502216 0
1731852240723 0.011266646906733513 0
1731852256453 0.011329497210681438 0
1731852272603 0.01133058499544859 0
1731852288328 0.011331387795507908 0
1731852304147 0.01128238532692194 0
1731852319869 0.011272885836660862 0
1731852335693 0.011235801503062248 0
1731852351410 0.011267961002886295 0
1731852367243 0.011231056414544582 0
1731852382964 0.011299257166683674 0
1731852398810 0.011229565367102623 0
1731852414515 0.011222617700695992 0
1731852430323 0.01123226247727871 0
1731852446039 0.011264057829976082 0
1731852461861 0.01127005647867918 0
1731852477569 0.011184466071426868 0
1731852493703 0.01121100876480341 0
1731852509429 0.011182837188243866 0
1731852525223 0.011172882281243801 0
1731852540935 0.01112617738544941 0
1731852556756 0.011225894093513489 0
1731852572482 0.011154926382005215 0
1731852588320 0.011205189861357212 0
1731852604054 0.011183998547494411 0
1731852619869 0.011174432002007961 0
1731852635602 0.011138870380818844 0
1731852651435 0.011124210432171822 0
1731852667172 0.011146733537316322 0
1731852683000 0.011144147254526615 0
1731852698742 0.011169956997036934 0
1731852714554 0.011151525191962719 0
1731852730621 0.011101435869932175 0
1731852746453 0.011156488209962845 0
1731852762192 0.011098058894276619 0
1731852778038 0.011136201210319996 0
1731852793745 0.011168847791850567 0
1731852809558 0.011200608685612679 0
1731852825293 0.011166858486831188 0
1731852841091 0.011175795458257198 0
1731852856798 0.011146560311317444 0
1731852872631 0.011147959157824516 0
1731852888332 0.011112718842923641 0
1731852904103 0.011159933172166348 0
1731852919808 0.011141173541545868 0
1731852935604 0.011149577796459198 0
1731852951307 0.011141329072415829 0
1731852967445 0.011152144521474838 0
1731852983170 0.01119716465473175 0
1731852999002 0.011167045682668686 0
1731853014703 0.01113815512508154 0
1731853030510 0.01112031564116478 0
1731853046212 0.011180789209902287 0
1731853062006 0.011109700426459312 0
1731853077711 0.011119166389107704 0
1731853093529 0.011077644303441048 0
1731853109246 0.011123216710984707 0
1731853125057 0.011086109094321728 0
1731853140763 0.011083182878792286 0
1731853156582 0.011084292083978653 0
1731853172270 0.01113224495202303 0
1731853188069 0.011084144003689289 0
1731853204096 0.01110047660768032 0
1731853219905 0.011106995865702629 0
1731853235626 0.011097377166152 0
1731853251426 0.011075611226260662 0
1731853267156 0.011068390682339668 0
1731853282952 0.01113832090049982 0
1731853298643 0.011072481982409954 0
1731853314426 0.011106349527835846 0
1731853330137 0.011105261743068695 0
1731853345935 0.011109774932265282 0
1731853361633 0.0110886599868536 0
1731853377443 0.011069557629525661 0
1731853393119 0.011095194146037102 0
1731853408898 0.01108863577246666 0
1731853424574 0.011056298390030861 0
