1731849854833 0.2084069401025772 0
1731849874352 0.1874200701713562 0
1731849893626 0.16894222795963287 0
1731849913281 0.14905810356140137 0
1731849933022 0.13793730735778809 0
1731849952891 0.12331916391849518 0
1731849972709 0.11509780585765839 0
1731849992661 0.10770756006240845 0
1731850012538 0.10205693542957306 0
1731850032530 0.09687970578670502 0
1731850052426 0.09260590374469757 0
1731850072425 0.08620837330818176 0
1731850092351 0.08423389494419098 0
1731850112404 0.08126143366098404 0
1731850132373 0.08043842017650604 0
1731850150213 0.07725647836923599 0
1731850168040 0.07305270433425903 0
1731850185868 0.0714506134390831 0
1731850203697 0.06959527730941772 0
1731850221539 0.06843014061450958 0
1731850239399 0.06686823070049286 0
1731850257230 0.06563691794872284 0
1731850274306 0.0641007274389267 0
1731850290992 0.061680227518081665 0
1731850307767 0.060772426426410675 0
1731850324526 0.059496670961380005 0
1731850341331 0.058927662670612335 0
1731850358027 0.06110735237598419 0
1731850374803 0.056953415274620056 0
1731850391679 0.05650705844163895 0
1731850407811 0.05625046417117119 0
1731850423925 0.054980017244815826 0
1731850440082 0.05500683933496475 0
1731850456216 0.05284556746482849 0
1731850472380 0.05223366990685463 0
1731850488520 0.05238614231348038 0
1731850504671 0.050220418721437454 0
1731850520447 0.050820961594581604 0
1731850536205 0.04993850737810135 0
1731850551877 0.04933375120162964 0
1731850567660 0.04936571419239044 0
1731850583331 0.04754549264907837 0
1731850599097 0.048300646245479584 0
1731850614764 0.04663516953587532 0
1731850630874 0.04624878615140915 0
1731850646555 0.044298652559518814 0
1731850662328 0.04465768486261368 0
1731850678005 0.04532201588153839 0
1731850693773 0.045035913586616516 0
1731850709465 0.04468955844640732 0
1731850725228 0.044622112065553665 0
1731850740909 0.0431479811668396 0
1731850756683 0.0436529815196991 0
1731850772370 0.04280076175928116 0
1731850788129 0.04201892763376236 0
1731850803808 0.04247459024190903 0
1731850819590 0.04140475392341614 0
1731850835293 0.04217054322361946 0
1731850851080 0.04071197286248207 0
1731850867312 0.04074499383568764 0
1731850883085 0.04004311561584473 0
1731850898780 0.03915998339653015 0
1731850914570 0.038376547396183014 0
1731850930262 0.03860338404774666 0
1731850946041 0.03847283869981766 0
1731850961729 0.039502598345279694 0
1731850977526 0.03800980746746063 0
1731850993217 0.038140591233968735 0
1731851009005 0.03785568103194237 0
1731851024717 0.03670090436935425 0
1731851040511 0.037251442670822144 0
1731851056219 0.03732616454362869 0
1731851071993 0.0367012619972229 0
1731851087682 0.036346759647130966 0
1731851103854 0.03540690243244171 0
1731851119564 0.03467600792646408 0
1731851135370 0.03494133800268173 0
1731851151074 0.034640535712242126 0
1731851166868 0.03490731865167618 0
1731851182565 0.03455078974366188 0
1731851198363 0.03409646451473236 0
1731851214058 0.03364134579896927 0
1731851229855 0.03313172236084938 0
1731851245568 0.03240244463086128 0
1731851261378 0.03387345373630524 0
1731851277096 0.03359721601009369 0
1731851292901 0.03253552317619324 0
1731851308621 0.03172218054533005 0
1731851324813 0.03227539733052254 0
1731851340514 0.03205343335866928 0
1731851356321 0.031206350773572922 0
1731851372039 0.03201825171709061 0
1731851387839 0.03183123469352722 0
1731851403537 0.03086945414543152 0
1731851419375 0.030869947746396065 0
1731851435097 0.0302046500146389 0
1731851450904 0.0312693789601326 0
1731851466633 0.031296636909246445 0
1731851482446 0.030910372734069824 0
1731851498168 0.030693748965859413 0
1731851513970 0.03025326505303383 0
1731851529698 0.029598210006952286 0
1731851545510 0.02947595715522766 0
1731851561602 0.029638420790433884 0
1731851577423 0.028310172259807587 0
1731851593148 0.02876528725028038 0
1731851608934 0.029167747125029564 0
1731851624642 0.029216982424259186 0
1731851640465 0.028192071244120598 0
1731851656158 0.028449714183807373 0
1731851671977 0.028628086671233177 0
1731851687711 0.029161207377910614 0
1731851703554 0.027941277250647545 0
1731851719289 0.027371477335691452 0
1731851735143 0.02871527522802353 0
1731851750872 0.02753543108701706 0
1731851766693 0.0277177132666111 0
1731851782414 0.027447454631328583 0
1731851798591 0.026435580104589462 0
1731851814313 0.027077555656433105 0
1731851830134 0.02646538056433201 0
1731851845845 0.02638077363371849 0
1731851861681 0.025853630155324936 0
1731851877385 0.02675722911953926 0
1731851893208 0.025926873087882996 0
1731851908942 0.02721547707915306 0
1731851924759 0.025729859247803688 0
1731851940497 0.025948353111743927 0
1731851956323 0.02605079486966133 0
1731851972042 0.02447473257780075 0
1731851987875 0.026060087606310844 0
1731852003609 0.024906907230615616 0
1731852019451 0.025578930974006653 0
1731852035504 0.024612344801425934 0
1731852051327 0.02476859651505947 0
1731852067086 0.025518350303173065 0
1731852082920 0.024348292499780655 0
1731852098644 0.024464860558509827 0
1731852114501 0.025364715605974197 0
1731852130230 0.024970807135105133 0
1731852146042 0.02558569610118866 0
1731852161764 0.02504708431661129 0
1731852177582 0.023578811436891556 0
1731852193309 0.02464298903942108 0
1731852209143 0.02428174577653408 0
1731852224883 0.024176672101020813 0
1731852240723 0.02499314956367016 0
1731852256453 0.0242171548306942 0
1731852272603 0.02441171556711197 0
1731852288328 0.024645544588565826 0
1731852304147 0.023691479116678238 0
1731852319869 0.02392970211803913 0
1731852335693 0.024529799818992615 0
1731852351410 0.023501839488744736 0
1731852367243 0.02288873866200447 0
1731852382964 0.023365681990981102 0
1731852398810 0.023613687604665756 0
1731852414515 0.02327793836593628 0
1731852430323 0.02327030524611473 0
1731852446039 0.023858267813920975 0
1731852461861 0.02304009348154068 0
1731852477569 0.02321288175880909 0
1731852493703 0.023050474002957344 0
1731852509429 0.022873330861330032 0
1731852525223 0.024201292544603348 0
1731852540935 0.023466039448976517 0
1731852556756 0.02289414033293724 0
1731852572482 0.022610262036323547 0
1731852588320 0.022543802857398987 0
1731852604054 0.022952085360884666 0
1731852619869 0.022821176797151566 0
1731852635602 0.022709332406520844 0
1731852651435 0.02245783805847168 0
1731852667172 0.021767612546682358 0
1731852683000 0.022140538319945335 0
1731852698742 0.022555626928806305 0
1731852714554 0.021550441160798073 0
1731852730621 0.021718138828873634 0
1731852746453 0.02236752398312092 0
1731852762192 0.021404163911938667 0
1731852778038 0.022261198610067368 0
1731852793745 0.022189604118466377 0
1731852809558 0.021962784230709076 0
1731852825293 0.021489905193448067 0
1731852841091 0.021859362721443176 0
1731852856798 0.022595204412937164 0
1731852872631 0.021743450313806534 0
1731852888332 0.022878821939229965 0
1731852904103 0.021390780806541443 0
1731852919808 0.022451063618063927 0
1731852935604 0.021738609299063683 0
1731852951307 0.021388614550232887 0
1731852967445 0.02195768617093563 0
1731852983170 0.021646328270435333 0
1731852999002 0.02179396152496338 0
1731853014703 0.021559923887252808 0
1731853030510 0.020909421145915985 0
1731853046212 0.021169835701584816 0
1731853062006 0.02090892568230629 0
1731853077711 0.020345445722341537 0
1731853093529 0.02144278958439827 0
1731853109246 0.02115606516599655 0
1731853125057 0.021412082016468048 0
1731853140763 0.02062433771789074 0
1731853156582 0.020840143784880638 0
1731853172270 0.021184951066970825 0
1731853188069 0.02083427459001541 0
1731853204096 0.02078373171389103 0
1731853219905 0.02108326181769371 0
1731853235626 0.021084927022457123 0
1731853251426 0.02023577317595482 0
1731853267156 0.021498151123523712 0
1731853282952 0.020891034975647926 0
1731853298643 0.02060260996222496 0
1731853314426 0.02066200226545334 0
1731853330137 0.020323989912867546 0
1731853345935 0.02030070871114731 0
1731853361633 0.02047829143702984 0
1731853377443 0.019886761903762817 0
1731853393119 0.020944219082593918 0
1731853408898 0.0201615821570158 0
1731853424574 0.020667079836130142 0
