1731849855066 0.02022530883550644 0
1731849874359 0.010372387245297432 0
1731849893628 0.008177186362445354 0
1731849913283 0.006934936158359051 0
1731849933025 0.0056658172979950905 0
1731849952894 0.005666736513376236 0
1731849972711 0.005413057282567024 0
1731849992663 0.0053009651601314545 0
1731850012540 0.004212904255837202 0
1731850032532 0.004483452998101711 0
1731850052428 0.004984752740710974 0
1731850072427 0.00439244881272316 0
1731850092353 0.0035794980358332396 0
1731850112406 0.0038309860974550247 0
1731850132375 0.004106038250029087 0
1731850150215 0.0042319586500525475 0
1731850168042 0.00382714020088315 0
1731850185871 0.003718830179423094 0
1731850203699 0.0038765957579016685 0
1731850221541 0.003102376591414213 0
1731850239401 0.003635755507275462 0
1731850257232 0.0034854121040552855 0
1731850274308 0.0028927556704729795 0
1731850290994 0.0038248233031481504 0
1731850307769 0.0032346188090741634 0
1731850324528 0.00324819004163146 0
1731850341333 0.003180241212248802 0
1731850358029 0.0031548626720905304 0
1731850374805 0.0028735725209116936 0
1731850391681 0.0032701685559004545 0
1731850407813 0.0029084496200084686 0
1731850423927 0.002968129701912403 0
1731850440084 0.003101296490058303 0
1731850456219 0.002845646347850561 0
1731850472382 0.0033000498078763485 0
1731850488522 0.0029293550178408623 0
1731850504674 0.0026502697728574276 0
1731850520450 0.0031940226908773184 0
1731850536207 0.0023780413903295994 0
1731850551879 0.0031193741597235203 0
1731850567663 0.0026545196305960417 0
1731850583333 0.00307257822714746 0
1731850599099 0.0029132342897355556 0
1731850614766 0.002862233202904463 0
1731850630876 0.00274835666641593 0
1731850646557 0.002862660912796855 0
1731850662330 0.002832436468452215 0
1731850678007 0.00274733267724514 0
1731850693776 0.0024191562552005053 0
1731850709467 0.002609149320051074 0
1731850725230 0.0024143073242157698 0
1731850740911 0.0025969950947910547 0
1731850756685 0.002370904665440321 0
1731850772372 0.0026584144216030836 0
1731850788131 0.0027275369502604008 0
1731850803810 0.0023939507082104683 0
1731850819592 0.0023657381534576416 0
1731850835295 0.002494713058695197 0
1731850851083 0.002218096749857068 0
1731850867314 0.00232746172696352 0
1731850883087 0.001845441642217338 0
1731850898782 0.0023429053835570812 0
1731850914572 0.0021263184025883675 0
1731850930264 0.0022257883101701736 0
1731850946043 0.0024885344319045544 0
1731850961731 0.002755772788077593 0
1731850977529 0.002010029274970293 0
1731850993219 0.002265610732138157 0
1731851009007 0.0020300825126469135 0
1731851024720 0.0022732398938387632 0
1731851040514 0.002209294121712446 0
1731851056221 0.002557298168540001 0
1731851071995 0.0022111968137323856 0
1731851087684 0.0021837863605469465 0
1731851103856 0.002217748900875449 0
1731851119566 0.002212745836004615 0
1731851135372 0.0020533555652946234 0
1731851151076 0.0017237372230738401 0
1731851166870 0.0024110032245516777 0
1731851182567 0.0022799582220613956 0
1731851198365 0.0018858968978747725 0
1731851214060 0.0021127702202647924 0
1731851229857 0.0020848894491791725 0
1731851245570 0.0020554012153297663 0
1731851261380 0.0019860235042870045 0
1731851277098 0.0019798188004642725 0
1731851292903 0.0022887899540364742 0
1731851308623 0.002276219427585602 0
1731851324815 0.0017031937604770064 0
1731851340516 0.0017632273957133293 0
1731851356323 0.0017532872734591365 0
1731851372041 0.0018554588314145803 0
1731851387841 0.001850685104727745 0
1731851403539 0.0018001425778493285 0
1731851419377 0.0016756345285102725 0
1731851435099 0.001912869862280786 0
1731851450906 0.0015264557441696525 0
1731851466635 0.0015110628446564078 0
1731851482449 0.0018473551608622074 0
1731851498170 0.0018903426826000214 0
1731851513972 0.0018916515400633216 0
1731851529700 0.0016753835370764136 0
1731851545513 0.0015568910166621208 0
1731851561604 0.0015456851106137037 0
1731851577425 0.0015977388247847557 0
1731851593150 0.0017631453229114413 0
1731851608936 0.0018518834840506315 0
1731851624644 0.00166360754519701 0
1731851640467 0.0016772797098383307 0
1731851656162 0.0014947743620723486 0
1731851671979 0.0015874778619036078 0
1731851687713 0.001581427175551653 0
1731851703557 0.0015323539264500141 0
1731851719291 0.0017590904608368874 0
1731851735146 0.0017021512612700462 0
1731851750874 0.0016523193335160613 0
1731851766695 0.0015361933037638664 0
1731851782416 0.001635599648579955 0
1731851798593 0.001462594955228269 0
1731851814315 0.0016596958739683032 0
1731851830137 0.001278680982068181 0
1731851845847 0.0014905061107128859 0
1731851861683 0.0015418713446706533 0
1731851877388 0.0014706561341881752 0
1731851893210 0.0015323536936193705 0
1731851908944 0.0013269316405057907 0
1731851924761 0.0012748830486088991 0
1731851940499 0.0013308770721778274 0
1731851956325 0.001747766276821494 0
1731851972044 0.00148924277164042 0
1731851987877 0.0014729076065123081 0
1731852003611 0.0013848909875378013 0
1731852019453 0.0015685104299336672 0
1731852035506 0.0012373997597023845 0
1731852051329 0.0013634341303259134 0
1731852067088 0.001445783651433885 0
1731852082922 0.0014341927599161863 0
1731852098646 0.0014505470171570778 0
1731852114503 0.0014089144533500075 0
1731852130232 0.0013567863497883081 0
1731852146044 0.001391907106153667 0
1731852161767 0.001326063647866249 0
1731852177584 0.001283538993448019 0
1731852193311 0.0014285085489973426 0
1731852209145 0.0014284508069977164 0
1731852224885 0.0016239769756793976 0
1731852240725 0.0013072118163108826 0
1731852256455 0.001311438507400453 0
1731852272606 0.0012404735898599029 0
1731852288330 0.0011746351374313235 0
1731852304149 0.0013358163414523005 0
1731852319871 0.0013795573031529784 0
1731852335696 0.001333253225311637 0
1731852351412 0.0012254571774974465 0
1731852367245 0.0011473739286884665 0
1731852382967 0.0015868580667302012 0
1731852398812 0.0012627255637198687 0
1731852414517 0.0012416051467880607 0
1731852430325 0.0013635556679219007 0
1731852446041 0.0011496839579194784 0
1731852461863 0.001181391766294837 0
1731852477571 0.0012682726373896003 0
1731852493706 0.001256199087947607 0
1731852509432 0.001164271030575037 0
1731852525225 0.0013690672349184752 0
1731852540937 0.0012499572476372123 0
1731852556759 0.0012607156531885266 0
1731852572484 0.0010835761204361916 0
1731852588322 0.0011446068529039621 0
1731852604056 0.0012364373542368412 0
1731852619872 0.001304800040088594 0
1731852635604 0.001103459857404232 0
1731852651437 0.0011794567108154297 0
1731852667174 0.0011002732207998633 0
1731852683002 0.0010791553650051355 0
1731852698744 0.001268979161977768 0
1731852714556 0.0011738577159121633 0
1731852730623 0.0011478835949674249 0
1731852746455 0.0011637558927759528 0
1731852762194 0.0010865007061511278 0
1731852778040 0.0011333500733599067 0
1731852793748 0.0010701512219384313 0
1731852809560 0.0011259298771619797 0
1731852825295 0.0012876878026872873 0
1731852841093 0.0012448237976059318 0
1731852856800 0.0011351467110216618 0
1731852872633 0.0011264854110777378 0
1731852888334 0.001046450575813651 0
1731852904105 0.0011784032685682178 0
1731852919810 0.0010063854278996587 0
1731852935606 0.001095279585570097 0
1731852951309 0.0011522998102009296 0
1731852967448 0.0012371966149657965 0
1731852983172 0.000941333593800664 0
1731852999004 0.0009954478591680527 0
1731853014705 0.0011927245650440454 0
1731853030512 0.0010702728759497404 0
1731853046213 0.001032032072544098 0
1731853062008 0.001084633870050311 0
1731853077714 0.0010076022008433938 0
1731853093530 0.0010334583930671215 0
1731853109248 0.0009988811798393726 0
1731853125059 0.0011234607081860304 0
1731853140765 0.0011680033057928085 0
1731853156584 0.0009705584379844368 0
1731853172272 0.0009235207689926028 0
1731853188072 0.0010496716713532805 0
1731853204098 0.0010592029429972172 0
1731853219907 0.0010180987883359194 0
1731853235628 0.0010682512074708939 0
1731853251429 0.0010796308051794767 0
1731853267158 0.0009774866048246622 0
1731853282954 0.0008769173873588443 0
1731853298646 0.0010973995085805655 0
1731853314428 0.0010863683419302106 0
1731853330139 0.0010779659496620297 0
1731853345938 0.0011880302336066961 0
1731853361635 0.0010288109770044684 0
1731853377445 0.0009386120364069939 0
1731853393121 0.0009614608134143054 0
1731853408900 0.0009283594554290175 0
1731853424576 0.0009417608380317688 0
