1731849855066 0.0008088561007753015 0
1731849874359 0.00044574530329555273 0
1731849893628 0.00034590973518788815 0
1731849913283 0.00032528169685974717 0
1731849933025 0.00031865728669799864 0
1731849952894 0.00031741964630782604 0
1731849972711 0.00019643831183202565 0
1731849992663 0.00024489976931363344 0
1731850012540 0.00020664815383497626 0
1731850032532 0.00015735463239252567 0
1731850052428 0.00022837573487777263 0
1731850072427 0.00014147188630886376 0
1731850092353 0.0001982718677027151 0
1731850112406 0.00015794549835845828 0
1731850132375 0.00016934701125137508 0
1731850150215 0.0001566616410855204 0
1731850168042 0.0001419219479430467 0
1731850185871 0.0001822283084038645 0
1731850203699 0.00022624240955337882 0
1731850221541 0.00010298762936145067 0
1731850239401 0.00012004715244984254 0
1731850257232 0.000151174288475886 0
1731850274308 0.00012534743291325867 0
1731850290994 0.00015379252727143466 0
1731850307769 0.00015142603660933673 0
1731850324528 0.0001503669045632705 0
1731850341333 0.00017201437731273472 0
1731850358029 0.00017080010729841888 0
1731850374805 0.00010698378900997341 0
1731850391681 0.0001447519171051681 0
1731850407813 0.00014748734247405082 0
1731850423927 0.00015470662037841976 0
1731850440084 0.00011632680980255827 0
1731850456219 0.00011410671140765771 0
1731850472382 0.00016694676014594734 0
1731850488522 0.00020063624833710492 0
1731850504674 0.00013841697364114225 0
1731850520450 0.00014481498510576785 0
1731850536207 0.00016102992231026292 0
1731850551879 0.00023569597396999598 0
1731850567663 9.928386862156913e-05 0
1731850583333 0.00013566299458034337 0
1731850599099 0.00018296725465916097 0
1731850614766 0.00019761157454922795 0
1731850630876 0.00013554826728068292 0
1731850646557 0.00011469311721157283 0
1731850662330 0.00016024895012378693 0
1731850678007 0.00014292349806055427 0
1731850693776 0.00010209972970187664 0
1731850709467 0.0001218840989167802 0
1731850725230 0.00011908043961739168 0
1731850740911 0.00011363435623934492 0
1731850756685 0.00011050340253859758 0
1731850772372 0.00012088860967196524 0
1731850788131 8.958223043009639e-05 0
1731850803810 0.00010696535900933668 0
1731850819592 0.00011828838614746928 0
1731850835295 0.00017034533084370196 0
1731850851083 9.032883099280298e-05 0
1731850867314 0.00011129771155538037 0
1731850883087 0.00013032541028223932 0
1731850898782 0.00011504096619319171 0
1731850914572 0.00017813281738199294 0
1731850930264 0.00010356309212511405 0
1731850946043 0.00018879759591072798 0
1731850961731 0.0001278259587706998 0
1731850977529 0.00012255008914507926 0
1731850993219 9.302252146881074e-05 0
1731851009007 9.961570322047919e-05 0
1731851024720 0.00012658505875151604 0
1731851040514 0.0001194513461086899 0
1731851056221 0.00010717721306718886 0
1731851071995 0.00014503738202620298 0
1731851087684 0.00016977507038973272 0
1731851103856 0.00011587634799070656 0
1731851119566 0.0001186343579320237 0
1731851135372 8.97392092156224e-05 0
1731851151076 0.00011557769903447479 0
1731851166870 0.00012048080679960549 0
1731851182567 9.868500637821853e-05 0
1731851198365 0.00012812107161153108 0
1731851214060 9.752476762514561e-05 0
1731851229857 0.0001045145108946599 0
1731851245570 0.00011060084216296673 0
1731851261380 0.00010156201460631564 0
1731851277098 0.00013956925249658525 0
1731851292903 0.00011724579962901771 0
1731851308623 0.00010638715320965275 0
1731851324815 8.748756226850674e-05 0
1731851340516 0.0001132843317463994 0
1731851356323 7.018193718977273e-05 0
1731851372041 9.500759188085794e-05 0
1731851387841 9.558557940181345e-05 0
1731851403539 9.587613021722063e-05 0
1731851419377 9.476838749833405e-05 0
1731851435099 0.00011267767695244402 0
1731851450906 8.740481280256063e-05 0
1731851466635 5.8643228840082884e-05 0
1731851482449 9.461962326895446e-05 0
1731851498170 0.0001149763265857473 0
1731851513972 9.912943642120808e-05 0
1731851529700 0.00010061431385111064 0
1731851545513 0.00010389636736363173 0
1731851561604 0.00011107265891041607 0
1731851577425 0.00011412365711294115 0
1731851593150 8.683458145242184e-05 0
1731851608936 9.568591485731304e-05 0
1731851624644 9.336628136225045e-05 0
1731851640467 8.510751649737358e-05 0
1731851656162 8.887986768968403e-05 0
1731851671979 0.00010414978896733373 0
1731851687713 7.48020684113726e-05 0
1731851703557 9.311047324445099e-05 0
1731851719291 0.00012956411228515208 0
1731851735146 6.899375875946134e-05 0
1731851750874 8.886412979336455e-05 0
1731851766695 7.70145925343968e-05 0
1731851782416 8.31662182463333e-05 0
1731851798593 9.821118146646768e-05 0
1731851814315 9.747117292135954e-05 0
1731851830137 8.321637869812548e-05 0
1731851845847 0.00010466511594131589 0
1731851861683 9.762794070411474e-05 0
1731851877388 9.462579328101128e-05 0
1731851893210 7.801306492183357e-05 0
1731851908944 8.043511479627341e-05 0
1731851924761 8.493901987094432e-05 0
1731851940499 6.927737558726221e-05 0
1731851956325 6.435946124838665e-05 0
1731851972044 7.539769285358489e-05 0
1731851987877 9.619310003472492e-05 0
1731852003611 8.871126919984818e-05 0
1731852019453 6.656942423433065e-05 0
1731852035506 7.659355469513685e-05 0
1731852051329 9.010141366161406e-05 0
1731852067088 0.00010479090269654989 0
1731852082922 0.00010348959767725319 0
1731852098646 0.00013196557119954377 0
1731852114503 8.00732959760353e-05 0
1731852130232 7.856026059016585e-05 0
1731852146044 6.15406024735421e-05 0
1731852161767 8.048857853282243e-05 0
1731852177584 7.189759344328195e-05 0
1731852193311 9.223504457622766e-05 0
1731852209145 0.00011195459228474647 0
1731852224885 8.11417048680596e-05 0
1731852240725 8.237236033892259e-05 0
1731852256455 7.099177310010418e-05 0
1731852272606 8.177070412784815e-05 0
1731852288330 9.180226334137842e-05 0
1731852304149 8.402723324252293e-05 0
1731852319871 6.661019142484292e-05 0
1731852335696 8.510349289281294e-05 0
1731852351412 9.420081914868206e-05 0
1731852367245 8.406517736148089e-05 0
1731852382967 8.498634269926697e-05 0
1731852398812 0.00010454529547132552 0
1731852414517 8.768748375587165e-05 0
1731852430325 8.19130873424001e-05 0
1731852446041 0.000111770088551566 0
1731852461863 9.487914212513715e-05 0
1731852477571 6.829449557699263e-05 0
1731852493706 9.627341933082789e-05 0
1731852509432 6.98954172548838e-05 0
1731852525225 8.768473344389349e-05 0
1731852540937 9.328052692580968e-05 0
1731852556759 6.875985855003819e-05 0
1731852572484 7.809391536284238e-05 0
1731852588322 8.272050035884604e-05 0
1731852604056 8.707674714969471e-05 0
1731852619872 8.824982796795666e-05 0
1731852635604 6.134201248642057e-05 0
1731852651437 7.895386079326272e-05 0
1731852667174 6.867834599688649e-05 0
1731852683002 8.192773384507746e-05 0
1731852698744 7.617473602294922e-05 0
1731852714556 8.507460734108463e-05 0
1731852730623 7.434419239871204e-05 0
1731852746455 8.578246342949569e-05 0
1731852762194 7.527628622483462e-05 0
1731852778040 6.617036706302315e-05 0
1731852793748 6.033925819792785e-05 0
1731852809560 7.95514351921156e-05 0
1731852825295 8.331228309543803e-05 0
1731852841093 7.340384763665497e-05 0
1731852856800 6.486155325546861e-05 0
1731852872633 6.418362318072468e-05 0
1731852888334 9.76473675109446e-05 0
1731852904105 9.372014028485864e-05 0
1731852919810 6.311280594673008e-05 0
1731852935606 6.403152656275779e-05 0
1731852951309 8.940354746300727e-05 0
1731852967448 7.836222357582301e-05 0
1731852983172 0.00011731003178283572 0
1731852999004 8.01125934231095e-05 0
1731853014705 8.552736107958481e-05 0
1731853030512 8.120214624796063e-05 0
1731853046213 9.647719707572833e-05 0
1731853062008 7.624469435540959e-05 0
1731853077714 0.00010961421503452584 0
1731853093530 5.8091416576644406e-05 0
1731853109248 6.42983359284699e-05 0
1731853125059 6.046058842912316e-05 0
1731853140765 6.0579484852496535e-05 0
1731853156584 7.081128569552675e-05 0
1731853172272 7.976604683790356e-05 0
1731853188072 6.851433136034757e-05 0
1731853204098 5.278098615235649e-05 0
1731853219907 9.128976671490818e-05 0
1731853235628 6.538660090882331e-05 0
1731853251429 8.500079275108874e-05 0
1731853267158 6.663214298896492e-05 0
1731853282954 0.00011425449338275939 0
1731853298646 8.269814134109765e-05 0
1731853314428 7.350508531089872e-05 0
1731853330139 7.911896682344377e-05 0
1731853345938 8.958265243563801e-05 0
1731853361635 7.126692798919976e-05 0
1731853377445 5.822753155371174e-05 0
1731853393121 6.1033388192299753e-05 0
1731853408900 7.420319889206439e-05 0
1731853424576 6.227401172509417e-05 0
