1731954720319 1.1429798603057861 0
1731954741255 1.2251991033554077 0
1731954760125 1.039292335510254 0
1731954779077 1.0308423042297363 0
1731954797935 0.9534309506416321 0
1731954816897 0.9686885476112366 0
1731954835745 0.9194527864456177 0
1731954854697 0.8903257846832275 0
1731954873558 0.7303628921508789 0
1731954892512 0.779472827911377 0
1731954911434 0.7763352394104004 0
1731954930440 0.8163760304450989 0
1731954949359 0.7218969464302063 0
1731954968427 0.6863157749176025 0
1731954988330 0.731235682964325 0
1731955005458 0.6143936514854431 0
1731955022593 0.7327776551246643 0
1731955039732 0.7582208514213562 0
1731955056909 0.7023864388465881 0
1731955074025 0.7346841096878052 0
1731955091139 0.687725841999054 0
1731955108276 0.7353987097740173 0
1731955124720 0.6838581562042236 0
1731955140830 0.6566203236579895 0
1731955157060 0.638020932674408 0
1731955173251 0.7058094143867493 0
1731955189460 0.6529308557510376 0
1731955205587 0.6310003995895386 0
1731955221817 0.6761313676834106 0
1731955239255 0.6170015931129456 0
1731955254860 0.6468620300292969 0
1731955270482 0.6726179122924805 0
1731955286093 0.6397044658660889 0
1731955301740 0.6532918214797974 0
1731955317364 0.6682692766189575 0
1731955332977 0.7168340086936951 0
1731955348623 0.6361523866653442 0
1731955363887 0.6193247437477112 0
1731955379141 0.6424561738967896 0
1731955394337 0.6642773151397705 0
1731955409619 0.6595338582992554 0
1731955424819 0.719772458076477 0
1731955440114 0.6751278638839722 0
1731955455319 0.6284633278846741 0
1731955470977 0.6484695076942444 0
1731955486191 0.5984187126159668 0
1731955501480 0.6141697764396667 0
1731955516663 0.6554738283157349 0
1731955531948 0.649297833442688 0
1731955547154 0.6392261385917664 0
1731955562438 0.6361818909645081 0
1731955577645 0.6287561655044556 0
1731955592924 0.6445998549461365 0
1731955608115 0.6553739309310913 0
1731955623404 0.5938748121261597 0
1731955638589 0.6149494051933289 0
1731955653911 0.6509311199188232 0
1731955669113 0.6552025079727173 0
1731955684384 0.6127160787582397 0
1731955699920 0.6063959002494812 0
1731955715202 0.6403306722640991 0
1731955730386 0.6372754573822021 0
1731955745677 0.6106346845626831 0
1731955760870 0.6320395469665527 0
1731955776154 0.6256262063980103 0
1731955791341 0.578803300857544 0
1731955806628 0.607932448387146 0
1731955821827 0.5894829630851746 0
1731955837124 0.644686758518219 0
1731955852308 0.6185279488563538 0
1731955867616 0.5843960046768188 0
1731955882805 0.6261390447616577 0
1731955898119 0.634464681148529 0
1731955913322 0.6106163263320923 0
1731955928965 0.6421279907226562 0
1731955944174 0.6247823238372803 0
1731955959489 0.6383728981018066 0
1731955974701 0.6387324929237366 0
1731955989990 0.6054930090904236 0
1731956005213 0.6217843890190125 0
1731956020517 0.6132256984710693 0
1731956035727 0.5734018683433533 0
1731956051016 0.5674830675125122 0
1731956066216 0.5943557024002075 0
1731956081542 0.6044859290122986 0
1731956096733 0.5833913683891296 0
1731956112043 0.5819689631462097 0
1731956127262 0.5827490091323853 0
1731956143821 0.5837064981460571 0
1731956159037 0.5598864555358887 0
1731956174369 0.5909936428070068 0
1731956189610 0.5611183643341064 0
1731956204888 0.607346773147583 0
1731956220114 0.6041349768638611 0
1731956235414 0.5829910039901733 0
1731956250651 0.5969835519790649 0
1731956265936 0.588792085647583 0
1731956281157 0.590991199016571 0
1731956296463 0.5972746014595032 0
1731956311683 0.5754825472831726 0
1731956327006 0.5757973790168762 0
1731956342220 0.578506588935852 0
1731956357540 0.594077467918396 0
1731956373099 0.5523641705513 0
1731956388385 0.592379629611969 0
1731956403640 0.583416759967804 0
1731956418955 0.5573950409889221 0
1731956434193 0.5674713253974915 0
1731956449523 0.5579977631568909 0
1731956464756 0.5350469946861267 0
1731956480050 0.5595855712890625 0
1731956495273 0.5509696006774902 0
1731956510596 0.5789268016815186 0
1731956525820 0.5823646187782288 0
1731956541144 0.5599914789199829 0
1731956556392 0.5928475856781006 0
1731956571705 0.558336079120636 0
1731956586922 0.5628674030303955 0
1731956602519 0.5701899528503418 0
1731956617749 0.5409953594207764 0
1731956633065 0.5460333228111267 0
1731956648312 0.5309774875640869 0
1731956663629 0.6105747222900391 0
1731956678874 0.5809428691864014 0
1731956694212 0.5597457885742188 0
1731956709448 0.5690514445304871 0
1731956724787 0.5760577321052551 0
1731956740037 0.5737723708152771 0
1731956755347 0.5570999979972839 0
1731956770575 0.5615202188491821 0
1731956785932 0.5445508360862732 0
1731956801178 0.5424379706382751 0
1731956816495 0.5583845973014832 0
1731956832072 0.550025224685669 0
1731956847399 0.5579780340194702 0
1731956862639 0.5464428663253784 0
1731956877958 0.5472330451011658 0
1731956893190 0.5592685341835022 0
1731956908511 0.5122371315956116 0
1731956923775 0.5407448410987854 0
1731956939092 0.5277446508407593 0
1731956954347 0.5300149321556091 0
1731956969678 0.533264696598053 0
1731956984922 0.5473353266716003 0
1731957000277 0.5193376541137695 0
1731957015534 0.5249471068382263 0
1731957030856 0.5431992411613464 0
1731957046107 0.5296460390090942 0
1731957061914 0.5245009064674377 0
1731957077145 0.5381109714508057 0
1731957092463 0.5269656181335449 0
1731957107704 0.5117382407188416 0
1731957123015 0.5373280048370361 0
1731957138249 0.5314980149269104 0
1731957153579 0.5451573729515076 0
1731957168809 0.5352271199226379 0
1731957184140 0.5369178652763367 0
1731957199345 0.5252212882041931 0
1731957214675 0.5420295000076294 0
1731957229927 0.5412931442260742 0
1731957245255 0.5767749547958374 0
1731957260508 0.561445951461792 0
1731957276169 0.5332249402999878 0
1731957291388 0.5318176746368408 0
1731957306725 0.5512517690658569 0
1731957321969 0.5517186522483826 0
1731957337289 0.5300743579864502 0
1731957352524 0.5334914922714233 0
1731957367862 0.5333910584449768 0
1731957383097 0.5121960043907166 0
1731957398450 0.5326157212257385 0
1731957413708 0.5356622338294983 0
1731957429030 0.5533685088157654 0
1731957444272 0.5296720862388611 0
1731957459630 0.5391174554824829 0
1731957474894 0.5396236181259155 0
1731957490207 0.5418024063110352 0
1731957505791 0.5252761244773865 0
1731957521137 0.5348918437957764 0
1731957536386 0.5451634526252747 0
1731957551715 0.5380578637123108 0
1731957566951 0.5396794080734253 0
1731957582289 0.5315124988555908 0
1731957597552 0.5132253170013428 0
1731957612859 0.5100488662719727 0
1731957628109 0.50820392370224 0
1731957643462 0.5161495208740234 0
1731957658707 0.5343820452690125 0
1731957674043 0.5154549479484558 0
1731957689265 0.5175461769104004 0
1731957704595 0.519955039024353 0
1731957719834 0.5249130129814148 0
1731957735470 0.5329455733299255 0
1731957750691 0.5239949822425842 0
1731957766015 0.5203973650932312 0
1731957781244 0.5181546807289124 0
1731957796563 0.5223711729049683 0
1731957811809 0.5269700884819031 0
1731957827135 0.5255969762802124 0
1731957842384 0.5295515656471252 0
1731957857714 0.5186998844146729 0
1731957872951 0.5299962162971497 0
1731957888285 0.5218355059623718 0
1731957903544 0.5352293252944946 0
1731957918877 0.5354834198951721 0
1731957934113 0.528549313545227 0
1731957949443 0.5505529046058655 0
1731957965017 0.5307058691978455 0
1731957980338 0.5385463237762451 0
1731957995569 0.5378606915473938 0
1731958010877 0.5248703360557556 0
1731958026118 0.5304913520812988 0
1731958041443 0.5355233550071716 0
1731958056686 0.521647572517395 0
1731958072020 0.5256825685501099 0
1731958087285 0.5281936526298523 0
1731958102614 0.5302734971046448 0
1731958117870 0.5334082245826721 0
1731958133165 0.5195568203926086 0
1731958148399 0.5345036387443542 0
1731958163721 0.5200192332267761 0
1731958178956 0.5248054265975952 0
