1731954720319 0.5459906458854675 0
1731954741255 0.5105621814727783 0
1731954760125 0.459528386592865 0
1731954779077 0.4172384440898895 0
1731954797935 0.3879295885562897 0
1731954816897 0.37616315484046936 0
1731954835745 0.3538953959941864 0
1731954854697 0.3450630009174347 0
1731954873558 0.3276028335094452 0
1731954892512 0.31876814365386963 0
1731954911434 0.3177749216556549 0
1731954930440 0.3142629563808441 0
1731954949359 0.30767127871513367 0
1731954968427 0.30134108662605286 0
1731954988330 0.3035666346549988 0
1731955005458 0.29676926136016846 0
1731955022593 0.2995792031288147 0
1731955039732 0.29514139890670776 0
1731955056909 0.29100024700164795 0
1731955074025 0.2887355387210846 0
1731955091139 0.28307536244392395 0
1731955108276 0.2939320206642151 0
1731955124720 0.2883998155593872 0
1731955140830 0.2878875434398651 0
1731955157060 0.28326067328453064 0
1731955173251 0.28480038046836853 0
1731955189460 0.2780694365501404 0
1731955205587 0.28139081597328186 0
1731955221817 0.2794053554534912 0
1731955239255 0.2838365435600281 0
1731955254860 0.27562496066093445 0
1731955270482 0.27642253041267395 0
1731955286093 0.2797590494155884 0
1731955301740 0.276682049036026 0
1731955317364 0.27789679169654846 0
1731955332977 0.27896806597709656 0
1731955348623 0.27114278078079224 0
1731955363887 0.26910287141799927 0
1731955379141 0.27624210715293884 0
1731955394337 0.2751089632511139 0
1731955409619 0.273659348487854 0
1731955424819 0.27337372303009033 0
1731955440114 0.2774626910686493 0
1731955455319 0.271778404712677 0
1731955470977 0.2716481387615204 0
1731955486191 0.2699621319770813 0
1731955501480 0.27052679657936096 0
1731955516663 0.27068158984184265 0
1731955531948 0.2718031108379364 0
1731955547154 0.2740931510925293 0
1731955562438 0.2729380130767822 0
1731955577645 0.2733042538166046 0
1731955592924 0.27152061462402344 0
1731955608115 0.26972872018814087 0
1731955623404 0.26918938755989075 0
1731955638589 0.27064570784568787 0
1731955653911 0.2717818021774292 0
1731955669113 0.26479005813598633 0
1731955684384 0.2687518894672394 0
1731955699920 0.26775988936424255 0
1731955715202 0.26487404108047485 0
1731955730386 0.2730771005153656 0
1731955745677 0.2638758718967438 0
1731955760870 0.26950803399086 0
1731955776154 0.2699197232723236 0
1731955791341 0.2710883319377899 0
1731955806628 0.2707766890525818 0
1731955821827 0.26473134756088257 0
1731955837124 0.2717410624027252 0
1731955852308 0.2676505148410797 0
1731955867616 0.2682570219039917 0
1731955882805 0.27075719833374023 0
1731955898119 0.2664734125137329 0
1731955913322 0.26594939827919006 0
1731955928965 0.2658892571926117 0
1731955944174 0.26822206377983093 0
1731955959489 0.2640599310398102 0
1731955974701 0.2667068541049957 0
1731955989990 0.2652643620967865 0
1731956005213 0.2613248825073242 0
1731956020517 0.26306959986686707 0
1731956035727 0.265786349773407 0
1731956051016 0.263503760099411 0
1731956066216 0.2619091272354126 0
1731956081542 0.2624788284301758 0
1731956096733 0.2636137008666992 0
1731956112043 0.26223450899124146 0
1731956127262 0.260198175907135 0
1731956143821 0.26617905497550964 0
1731956159037 0.26290571689605713 0
1731956174369 0.2586405873298645 0
1731956189610 0.2600475549697876 0
1731956204888 0.2604810893535614 0
1731956220114 0.2650507688522339 0
1731956235414 0.2617848217487335 0
1731956250651 0.25897976756095886 0
1731956265936 0.2600235641002655 0
1731956281157 0.25911545753479004 0
1731956296463 0.25774818658828735 0
1731956311683 0.25913453102111816 0
1731956327006 0.25830280780792236 0
1731956342220 0.2595498263835907 0
1731956357540 0.2590085566043854 0
1731956373099 0.258665531873703 0
1731956388385 0.25909602642059326 0
1731956403640 0.2600358724594116 0
1731956418955 0.26217910647392273 0
1731956434193 0.2594566345214844 0
1731956449523 0.2595404088497162 0
1731956464756 0.2583760619163513 0
1731956480050 0.25855201482772827 0
1731956495273 0.258190393447876 0
1731956510596 0.25851088762283325 0
1731956525820 0.25948256254196167 0
1731956541144 0.2608829736709595 0
1731956556392 0.25680187344551086 0
1731956571705 0.25739067792892456 0
1731956586922 0.25775668025016785 0
1731956602519 0.2573902904987335 0
1731956617749 0.2559784948825836 0
1731956633065 0.2559209167957306 0
1731956648312 0.2582356333732605 0
1731956663629 0.2571222484111786 0
1731956678874 0.25773826241493225 0
1731956694212 0.2566413879394531 0
1731956709448 0.25696703791618347 0
1731956724787 0.2550007104873657 0
1731956740037 0.2537586987018585 0
1731956755347 0.25399360060691833 0
1731956770575 0.2545052766799927 0
1731956785932 0.25417575240135193 0
1731956801178 0.25495803356170654 0
1731956816495 0.2550032436847687 0
1731956832072 0.25375697016716003 0
1731956847399 0.2532706558704376 0
1731956862639 0.2563178539276123 0
1731956877958 0.25483858585357666 0
1731956893190 0.2567828595638275 0
1731956908511 0.2553851306438446 0
1731956923775 0.25652456283569336 0
1731956939092 0.2561974823474884 0
1731956954347 0.25531449913978577 0
1731956969678 0.255622923374176 0
1731956984922 0.25591281056404114 0
1731957000277 0.25446176528930664 0
1731957015534 0.2553688883781433 0
1731957030856 0.25463372468948364 0
1731957046107 0.2513090968132019 0
1731957061914 0.25651347637176514 0
1731957077145 0.2561797797679901 0
1731957092463 0.25414490699768066 0
1731957107704 0.25588101148605347 0
1731957123015 0.25484684109687805 0
1731957138249 0.25501173734664917 0
1731957153579 0.25433647632598877 0
1731957168809 0.2565120458602905 0
1731957184140 0.25519827008247375 0
1731957199345 0.253679096698761 0
1731957214675 0.2542303800582886 0
1731957229927 0.2570668160915375 0
1731957245255 0.2540217339992523 0
1731957260508 0.2532733082771301 0
1731957276169 0.2532978057861328 0
1731957291388 0.254122257232666 0
1731957306725 0.25532543659210205 0
1731957321969 0.25676801800727844 0
1731957337289 0.2554737627506256 0
1731957352524 0.2531583607196808 0
1731957367862 0.25524693727493286 0
1731957383097 0.25544050335884094 0
1731957398450 0.25409772992134094 0
1731957413708 0.2541772723197937 0
1731957429030 0.2537088990211487 0
1731957444272 0.25333279371261597 0
1731957459630 0.25360679626464844 0
1731957474894 0.25178974866867065 0
1731957490207 0.2530464231967926 0
1731957505791 0.2543003559112549 0
1731957521137 0.25534480810165405 0
1731957536386 0.25214555859565735 0
1731957551715 0.25374457240104675 0
1731957566951 0.255980521440506 0
1731957582289 0.25356999039649963 0
1731957597552 0.2541038990020752 0
1731957612859 0.25292864441871643 0
1731957628109 0.2531445026397705 0
1731957643462 0.2530759572982788 0
1731957658707 0.2539837062358856 0
1731957674043 0.25492948293685913 0
1731957689265 0.253053218126297 0
1731957704595 0.25263267755508423 0
1731957719834 0.2524847686290741 0
1731957735470 0.25235244631767273 0
1731957750691 0.2529752254486084 0
1731957766015 0.2549535632133484 0
1731957781244 0.25453707575798035 0
1731957796563 0.2518429756164551 0
1731957811809 0.25316494703292847 0
1731957827135 0.25248563289642334 0
1731957842384 0.2541041970252991 0
1731957857714 0.25541651248931885 0
1731957872951 0.2545212507247925 0
1731957888285 0.25289207696914673 0
1731957903544 0.2544758915901184 0
1731957918877 0.25249940156936646 0
1731957934113 0.2529018521308899 0
1731957949443 0.2538769841194153 0
1731957965017 0.25302085280418396 0
1731957980338 0.2551892399787903 0
1731957995569 0.2539139688014984 0
1731958010877 0.25367289781570435 0
1731958026118 0.250822514295578 0
1731958041443 0.2529745101928711 0
1731958056686 0.2537950575351715 0
1731958072020 0.2539716958999634 0
1731958087285 0.25324568152427673 0
1731958102614 0.2528499662876129 0
1731958117870 0.2537288963794708 0
1731958133165 0.2534758746623993 0
1731958148399 0.25157830119132996 0
1731958163721 0.25081661343574524 0
1731958178956 0.2522749900817871 0
