1731954722460 0.0003831570502370596 0
1731954741259 0.00026728774537332356 0
1731954760127 0.00022383405303116888 0
1731954779079 0.0001948498102137819 0
1731954797938 0.00017462251707911491 0
1731954816899 0.00015906308544799685 0
1731954835748 0.00014761061174795032 0
1731954854699 0.00013447424862533808 0
1731954873561 0.00013009904068894684 0
1731954892515 0.0001229675253853202 0
1731954911437 0.00011669115338008851 0
1731954930443 0.00011478387023089454 0
1731954949361 0.00010602004476822913 0
1731954968429 0.00010336191189708188 0
1731954988332 9.798721293918788e-05 0
1731955005460 9.669228893471882e-05 0
1731955022595 9.396223322255537e-05 0
1731955039735 9.06212444533594e-05 0
1731955056911 8.882354450179264e-05 0
1731955074027 8.254853310063481e-05 0
1731955091142 8.198678551707417e-05 0
1731955108279 8.049868483794853e-05 0
1731955124722 7.919332711026073e-05 0
1731955140832 7.892662688391283e-05 0
1731955157062 7.539691432612017e-05 0
1731955173253 7.34121713321656e-05 0
1731955189462 7.29764869902283e-05 0
1731955205589 7.704532617935911e-05 0
1731955221819 7.223513239296153e-05 0
1731955239257 6.778453825972974e-05 0
1731955254863 7.415038999170065e-05 0
1731955270484 6.774777284590527e-05 0
1731955286095 6.863316957606003e-05 0
1731955301742 6.554117135237902e-05 0
1731955317366 6.697693606838584e-05 0
1731955332979 6.155157461762428e-05 0
1731955348625 6.273583130678162e-05 0
1731955363889 6.248483987292275e-05 0
1731955379144 6.265314732445404e-05 0
1731955394339 6.4046100305859e-05 0
1731955409621 6.322058470686898e-05 0
1731955424821 6.506668432848528e-05 0
1731955440117 5.9753401728812605e-05 0
1731955455321 5.6729688367340714e-05 0
1731955470979 5.8101599279325455e-05 0
1731955486193 5.7416516938246787e-05 0
1731955501483 5.869804954272695e-05 0
1731955516665 5.539263293030672e-05 0
1731955531950 5.963837611488998e-05 0
1731955547156 5.6632852647453547e-05 0
1731955562441 5.5619973863940686e-05 0
1731955577647 5.723506910726428e-05 0
1731955592926 5.514317308552563e-05 0
1731955608118 5.215831333771348e-05 0
1731955623406 5.347680416889489e-05 0
1731955638591 5.203742693993263e-05 0
1731955653914 5.231916293269023e-05 0
1731955669116 5.623053584713489e-05 0
1731955684386 5.2515100833261386e-05 0
1731955699922 5.199165752856061e-05 0
1731955715205 5.085576412966475e-05 0
1731955730388 5.197457721806131e-05 0
1731955745679 5.032059198128991e-05 0
1731955760872 5.081629933556542e-05 0
1731955776156 4.946653643855825e-05 0
1731955791343 4.9596863391343504e-05 0
1731955806630 4.845559669774957e-05 0
1731955821830 5.0651495257625356e-05 0
1731955837126 4.902376531390473e-05 0
1731955852310 4.75107372039929e-05 0
1731955867618 4.690732021117583e-05 0
1731955882807 4.6978941099951044e-05 0
1731955898121 4.543017712421715e-05 0
1731955913324 4.66477831650991e-05 0
1731955928967 4.541079033515416e-05 0
1731955944176 4.448385880095884e-05 0
1731955959491 4.6882083552191034e-05 0
1731955974703 4.48412902187556e-05 0
1731955989992 4.371050818008371e-05 0
1731956005215 4.2474584915908054e-05 0
1731956020519 4.17640658270102e-05 0
1731956035730 4.1521372622810304e-05 0
1731956051018 4.3294759962009266e-05 0
1731956066218 4.0690196328796446e-05 0
1731956081544 4.2162144382018596e-05 0
1731956096735 3.9316535549005494e-05 0
1731956112045 4.259606066625565e-05 0
1731956127264 4.1571118345018476e-05 0
1731956143823 4.089743742952123e-05 0
1731956159039 4.129476656089537e-05 0
1731956174371 3.955731517635286e-05 0
1731956189612 4.177700247964822e-05 0
1731956204890 3.959404057241045e-05 0
1731956220116 3.838310658466071e-05 0
1731956235417 4.016380989924073e-05 0
1731956250653 3.951122926082462e-05 0
1731956265938 3.770485272980295e-05 0
1731956281159 3.912269676220603e-05 0
1731956296465 3.822729195235297e-05 0
1731956311685 3.7090729165356606e-05 0
1731956327008 3.727159128175117e-05 0
1731956342222 3.6174456909066066e-05 0
1731956357542 3.749575262190774e-05 0
1731956373101 3.8165027945069596e-05 0
1731956388388 3.90807690564543e-05 0
1731956403642 3.481800013105385e-05 0
1731956418957 3.534967981977388e-05 0
1731956434196 3.630546780186705e-05 0
1731956449526 3.569700857042335e-05 0
1731956464758 3.7422571040224284e-05 0
1731956480052 3.365112206665799e-05 0
1731956495276 3.467181886662729e-05 0
1731956510598 3.64527186320629e-05 0
1731956525822 3.377682514837943e-05 0
1731956541146 3.61898128176108e-05 0
1731956556394 3.4638564102351665e-05 0
1731956571707 3.5551020118873566e-05 0
1731956586924 3.204789027222432e-05 0
1731956602522 3.351445775479078e-05 0
1731956617751 3.409812052268535e-05 0
1731956633067 3.364604344824329e-05 0
1731956648314 3.29156027873978e-05 0
1731956663631 3.4453420084901154e-05 0
1731956678876 3.221180668333545e-05 0
1731956694214 3.2094019843498245e-05 0
1731956709450 3.1494386348640546e-05 0
1731956724789 3.315454887342639e-05 0
1731956740039 3.25699475069996e-05 0
1731956755350 3.1247232982423156e-05 0
1731956770577 3.257504795328714e-05 0
1731956785934 3.1765983294462785e-05 0
1731956801180 3.0750590667594224e-05 0
1731956816497 3.101774927927181e-05 0
1731956832074 2.8837734134867787e-05 0
1731956847401 3.0144105039653368e-05 0
1731956862641 3.061101961066015e-05 0
1731956877960 3.013794957951177e-05 0
1731956893192 2.9080860258545727e-05 0
1731956908513 2.883585329982452e-05 0
1731956923777 2.8984770324314013e-05 0
1731956939094 2.9432736482704058e-05 0
1731956954349 2.9598368200822733e-05 0
1731956969680 2.9676668418687768e-05 0
1731956984924 2.880760257539805e-05 0
1731957000279 2.8192569516249932e-05 0
1731957015536 2.90421667159535e-05 0
1731957030858 2.9733808332821354e-05 0
1731957046109 3.069866943405941e-05 0
1731957061917 3.126442607026547e-05 0
1731957077147 2.83833342109574e-05 0
1731957092465 2.9792592613375746e-05 0
1731957107706 3.0395905923796818e-05 0
1731957123017 2.9118929887772538e-05 0
1731957138251 2.920615042967256e-05 0
1731957153581 2.867420880647842e-05 0
1731957168811 2.7950081857852638e-05 0
1731957184142 2.8590609872480854e-05 0
1731957199347 2.921729719673749e-05 0
1731957214677 2.8135418688179925e-05 0
1731957229929 2.71655972028384e-05 0
1731957245257 2.8043994461768307e-05 0
1731957260511 2.887722621380817e-05 0
1731957276172 2.9210261345724575e-05 0
1731957291390 2.9142223866074346e-05 0
1731957306728 2.654776835697703e-05 0
1731957321971 2.850592318281997e-05 0
1731957337291 2.8696413210127503e-05 0
1731957352526 2.7615980798145756e-05 0
1731957367864 2.7683761800290085e-05 0
1731957383099 2.834531187545508e-05 0
1731957398452 2.691650479391683e-05 0
1731957413710 2.7885065719601698e-05 0
1731957429032 2.6815598175744526e-05 0
1731957444274 2.6990337573806755e-05 0
1731957459632 2.637516809045337e-05 0
1731957474896 2.7467935069580562e-05 0
1731957490209 2.776333894871641e-05 0
1731957505793 2.8067228413419798e-05 0
1731957521140 2.6758505555335432e-05 0
1731957536388 2.6435800464241765e-05 0
1731957551717 2.635393502714578e-05 0
1731957566953 2.6295834686607122e-05 0
1731957582291 2.658047196746338e-05 0
1731957597554 2.8150150683359243e-05 0
1731957612861 2.5255692889913917e-05 0
1731957628111 2.6163454094785266e-05 0
1731957643464 2.6149449695367366e-05 0
1731957658709 2.5359160645166412e-05 0
1731957674045 2.455746835039463e-05 0
1731957689267 2.546460018493235e-05 0
1731957704597 2.6123650968656875e-05 0
1731957719836 2.6174431695835665e-05 0
1731957735472 2.555215178290382e-05 0
1731957750693 2.6045279810205102e-05 0
1731957766017 2.6099498427356593e-05 0
1731957781246 2.53557172982255e-05 0
1731957796565 2.3739728931104764e-05 0
1731957811811 2.5990955691668205e-05 0
1731957827137 2.5951685529435053e-05 0
1731957842386 2.6019944925792515e-05 0
1731957857716 2.4616238079033792e-05 0
1731957872954 2.3837006665416993e-05 0
1731957888287 2.6018442440545186e-05 0
1731957903545 2.6279554731445387e-05 0
1731957918879 2.499485890439246e-05 0
1731957934116 2.3731803594273515e-05 0
1731957949444 2.6000388970714994e-05 0
1731957965019 2.675502582860645e-05 0
1731957980340 2.5563245799276046e-05 0
1731957995571 2.5160354198305868e-05 0
1731958010879 2.533193037379533e-05 0
1731958026120 2.5229979655705392e-05 0
1731958041445 2.4690381906111725e-05 0
1731958056688 2.4970817321445793e-05 0
1731958072022 2.4427645257674158e-05 0
1731958087287 2.555436731199734e-05 0
1731958102616 2.43469221459236e-05 0
1731958117872 2.4795248464215547e-05 0
1731958133167 2.4240709535661153e-05 0
1731958148401 2.4546159693272784e-05 0
1731958163723 2.5521783754811622e-05 0
1731958178958 2.4752545868977904e-05 0
