1731954720319 19.33167266845703 0
1731954741255 21.98041343688965 0
1731954760125 22.823719024658203 0
1731954779077 23.249500274658203 0
1731954797935 23.923002243041992 0
1731954816897 23.740921020507812 0
1731954835745 24.318666458129883 0
1731954854697 25.09354019165039 0
1731954873558 24.406246185302734 0
1731954892512 24.09950828552246 0
1731954911434 24.37363052368164 0
1731954930440 24.891733169555664 0
1731954949359 25.42524528503418 0
1731954968427 25.611417770385742 0
1731954988330 25.47174835205078 0
1731955005458 25.015504837036133 0
1731955022593 24.650733947753906 0
1731955039732 25.152240753173828 0
1731955056909 25.89000701904297 0
1731955074025 25.422500610351562 0
1731955091139 25.1313419342041 0
1731955108276 25.488136291503906 0
1731955124720 25.914352416992188 0
1731955140830 25.89038848876953 0
1731955157060 26.13376235961914 0
1731955173251 25.924222946166992 0
1731955189460 26.620176315307617 0
1731955205587 25.619186401367188 0
1731955221817 26.453662872314453 0
1731955239255 25.283348083496094 0
1731955254860 26.431554794311523 0
1731955270482 26.775081634521484 0
1731955286093 26.63393783569336 0
1731955301740 26.202655792236328 0
1731955317364 25.33717918395996 0
1731955332977 25.952789306640625 0
1731955348623 25.743675231933594 0
1731955363887 26.91619300842285 0
1731955379141 26.39032554626465 0
1731955394337 26.20844268798828 0
1731955409619 26.936737060546875 0
1731955424819 26.138774871826172 0
1731955440114 26.726411819458008 0
1731955455319 26.384675979614258 0
1731955470977 27.19954490661621 0
1731955486191 26.859338760375977 0
1731955501480 25.897974014282227 0
1731955516663 27.237747192382812 0
1731955531948 26.687129974365234 0
1731955547154 27.072872161865234 0
1731955562438 26.324283599853516 0
1731955577645 26.40801239013672 0
1731955592924 26.4959659576416 0
1731955608115 27.400548934936523 0
1731955623404 27.063932418823242 0
1731955638589 27.7031192779541 0
1731955653911 27.02943992614746 0
1731955669113 26.336021423339844 0
1731955684384 27.44804573059082 0
1731955699920 27.11927032470703 0
1731955715202 27.842815399169922 0
1731955730386 27.31499671936035 0
1731955745677 27.117023468017578 0
1731955760870 27.7349853515625 0
1731955776154 27.911785125732422 0
1731955791341 27.737459182739258 0
1731955806628 27.903696060180664 0
1731955821827 27.982805252075195 0
1731955837124 27.148788452148438 0
1731955852308 28.288911819458008 0
1731955867616 27.681459426879883 0
1731955882805 27.88640594482422 0
1731955898119 27.91836166381836 0
1731955913322 27.706186294555664 0
1731955928965 27.656200408935547 0
1731955944174 28.037256240844727 0
1731955959489 27.718544006347656 0
1731955974701 27.864715576171875 0
1731955989990 27.96575927734375 0
1731956005213 28.02311134338379 0
1731956020517 28.5978946685791 0
1731956035727 28.158496856689453 0
1731956051016 28.072919845581055 0
1731956066216 27.31496810913086 0
1731956081542 28.17558479309082 0
1731956096733 28.131441116333008 0
1731956112043 28.37656021118164 0
1731956127262 28.363998413085938 0
1731956143821 28.240921020507812 0
1731956159037 28.1229190826416 0
1731956174369 28.39818572998047 0
1731956189610 28.26204490661621 0
1731956204888 28.0731201171875 0
1731956220114 28.683137893676758 0
1731956235414 28.42640495300293 0
1731956250651 28.784076690673828 0
1731956265936 28.8665714263916 0
1731956281157 28.31249237060547 0
1731956296463 28.94976234436035 0
1731956311683 28.41181755065918 0
1731956327006 28.813703536987305 0
1731956342220 28.97088623046875 0
1731956357540 27.918481826782227 0
1731956373099 29.042877197265625 0
1731956388385 28.48668098449707 0
1731956403640 28.427825927734375 0
1731956418955 28.849140167236328 0
1731956434193 29.071794509887695 0
1731956449523 29.079809188842773 0
1731956464756 29.26992416381836 0
1731956480050 29.312572479248047 0
1731956495273 29.247364044189453 0
1731956510596 29.424976348876953 0
1731956525820 29.28854751586914 0
1731956541144 28.8056583404541 0
1731956556392 29.529417037963867 0
1731956571705 29.252195358276367 0
1731956586922 29.058555603027344 0
1731956602519 28.897356033325195 0
1731956617749 28.703006744384766 0
1731956633065 28.537311553955078 0
1731956648312 28.845205307006836 0
1731956663629 28.93355941772461 0
1731956678874 29.57651138305664 0
1731956694212 29.0756893157959 0
1731956709448 29.180904388427734 0
1731956724787 29.331762313842773 0
1731956740037 29.60388946533203 0
1731956755347 29.389972686767578 0
1731956770575 28.703588485717773 0
1731956785932 28.952091217041016 0
1731956801178 28.842103958129883 0
1731956816495 29.291114807128906 0
1731956832072 29.421010971069336 0
1731956847399 29.288818359375 0
1731956862639 29.27214813232422 0
1731956877958 30.280616760253906 0
1731956893190 29.161954879760742 0
1731956908511 29.614891052246094 0
1731956923775 29.71395492553711 0
1731956939092 29.269596099853516 0
1731956954347 30.146623611450195 0
1731956969678 29.308141708374023 0
1731956984922 29.108409881591797 0
1731957000277 29.9088191986084 0
1731957015534 29.599424362182617 0
1731957030856 30.048995971679688 0
1731957046107 29.86774253845215 0
1731957061914 29.606197357177734 0
1731957077145 30.306203842163086 0
1731957092463 30.107011795043945 0
1731957107704 29.874244689941406 0
1731957123015 30.092716217041016 0
1731957138249 29.99307632446289 0
1731957153579 29.66946792602539 0
1731957168809 29.7401180267334 0
1731957184140 29.672992706298828 0
1731957199345 30.43393898010254 0
1731957214675 30.046873092651367 0
1731957229927 30.23387908935547 0
1731957245255 29.19038963317871 0
1731957260508 30.52218246459961 0
1731957276169 29.646102905273438 0
1731957291388 30.328346252441406 0
1731957306725 30.19620704650879 0
1731957321969 29.92871856689453 0
1731957337289 30.112009048461914 0
1731957352524 30.604080200195312 0
1731957367862 30.028593063354492 0
1731957383097 29.272197723388672 0
1731957398450 30.496173858642578 0
1731957413708 29.98923110961914 0
1731957429030 30.32176399230957 0
1731957444272 30.17662811279297 0
1731957459630 29.87249755859375 0
1731957474894 30.24995994567871 0
1731957490207 30.842777252197266 0
1731957505791 30.19109535217285 0
1731957521137 30.225082397460938 0
1731957536386 31.220422744750977 0
1731957551715 30.567283630371094 0
1731957566951 29.903945922851562 0
1731957582289 30.080286026000977 0
1731957597552 30.428640365600586 0
1731957612859 30.748188018798828 0
1731957628109 30.77355194091797 0
1731957643462 30.472599029541016 0
1731957658707 30.631135940551758 0
1731957674043 30.20257568359375 0
1731957689265 30.16059684753418 0
1731957704595 30.7463436126709 0
1731957719834 30.651201248168945 0
1731957735470 30.759273529052734 0
1731957750691 31.24852752685547 0
1731957766015 30.6722412109375 0
1731957781244 31.152254104614258 0
1731957796563 30.84812355041504 0
1731957811809 30.63298225402832 0
1731957827135 30.532522201538086 0
1731957842384 30.51268768310547 0
1731957857714 30.895647048950195 0
1731957872951 31.063879013061523 0
1731957888285 30.700279235839844 0
1731957903544 30.83010482788086 0
1731957918877 30.63104248046875 0
1731957934113 30.949678421020508 0
1731957949443 30.561161041259766 0
1731957965017 31.31089210510254 0
1731957980338 29.934383392333984 0
1731957995569 30.497650146484375 0
1731958010877 30.02259063720703 0
1731958026118 31.7562255859375 0
1731958041443 30.386980056762695 0
1731958056686 30.49222755432129 0
1731958072020 31.126272201538086 0
1731958087285 31.167783737182617 0
1731958102614 31.036191940307617 0
1731958117870 30.589588165283203 0
1731958133165 30.836341857910156 0
1731958148399 31.182064056396484 0
1731958163721 31.014753341674805 0
1731958178956 31.176366806030273 0
