1731954722460 0.01166360080242157 0
1731954741259 0.006338093429803848 0
1731954760127 0.005219489336013794 0
1731954779079 0.004732056520879269 0
1731954797938 0.004052282311022282 0
1731954816899 0.0042257895693182945 0
1731954835748 0.003699416294693947 0
1731954854699 0.0030948948115110397 0
1731954873561 0.00362556055188179 0
1731954892515 0.0038908906280994415 0
1731954911437 0.0036528930068016052 0
1731954930443 0.0032421015202999115 0
1731954949361 0.002867314964532852 0
1731954968429 0.002746996469795704 0
1731954988332 0.0028367764316499233 0
1731955005460 0.0031510076951235533 0
1731955022595 0.003427098272368312 0
1731955039735 0.0030533447861671448 0
1731955056911 0.0025763162411749363 0
1731955074027 0.002869127318263054 0
1731955091142 0.0030680736526846886 0
1731955108279 0.0028260909020900726 0
1731955124722 0.0025619142688810825 0
1731955140832 0.002576090395450592 0
1731955157062 0.0024356998037546873 0
1731955173253 0.002556098625063896 0
1731955189462 0.002177621703594923 0
1731955205589 0.0027420874685049057 0
1731955221819 0.002262734342366457 0
1731955239257 0.002962545258924365 0
1731955254863 0.0022742832079529762 0
1731955270484 0.002101317746564746 0
1731955286095 0.0021707317791879177 0
1731955301742 0.002397365402430296 0
1731955317366 0.002926052315160632 0
1731955332979 0.002539339940994978 0
1731955348625 0.00266460282728076 0
1731955363889 0.002034138422459364 0
1731955379144 0.00229597557336092 0
1731955394339 0.002394174225628376 0
1731955409621 0.0020245397463440895 0
1731955424821 0.0024328897707164288 0
1731955440117 0.0021249991841614246 0
1731955455321 0.002298964885994792 0
1731955470979 0.0019056594464927912 0
1731955486193 0.002060942817479372 0
1731955501483 0.0025715939700603485 0
1731955516665 0.0018889706116169691 0
1731955531950 0.0021443066652864218 0
1731955547156 0.001962062204256654 0
1731955562441 0.0023311572149395943 0
1731955577647 0.0022866446524858475 0
1731955592926 0.0022408009972423315 0
1731955608118 0.001819469965994358 0
1731955623406 0.0019661053083837032 0
1731955638591 0.0016970240976661444 0
1731955653914 0.0019817824941128492 0
1731955669116 0.0023248656652867794 0
1731955684386 0.0017996798269450665 0
1731955699922 0.0019412118708714843 0
1731955715205 0.0016433056443929672 0
1731955730388 0.0018556679133325815 0
1731955745679 0.0019422161858528852 0
1731955760872 0.0016846179496496916 0
1731955776156 0.001617414876818657 0
1731955791343 0.0016836583381518722 0
1731955806630 0.0016204302664846182 0
1731955821830 0.0015911804512143135 0
1731955837126 0.0019280628766864538 0
1731955852310 0.001482889405451715 0
1731955867618 0.0017055091448128223 0
1731955882807 0.0016268938779830933 0
1731955898121 0.0016149671282619238 0
1731955913324 0.0016958264168351889 0
1731955928967 0.0017154566012322903 0
1731955944176 0.0015713544562458992 0
1731955959491 0.001691007404588163 0
1731955974703 0.0016350399237126112 0
1731955989992 0.001597437891177833 0
1731956005215 0.001576481619849801 0
1731956020519 0.0013810530072078109 0
1731956035730 0.0015280945226550102 0
1731956051018 0.0015585040673613548 0
1731956066218 0.0018556797876954079 0
1731956081544 0.001522093778476119 0
1731956096735 0.0015376440715044737 0
1731956112045 0.001453261822462082 0
1731956127264 0.0014574718661606312 0
1731956143823 0.0014993667136877775 0
1731956159039 0.0015406645834445953 0
1731956174371 0.0014460431411862373 0
1731956189612 0.001492091454565525 0
1731956204890 0.0015584321226924658 0
1731956220116 0.0013542098458856344 0
1731956235417 0.0014366775285452604 0
1731956250653 0.0013230983167886734 0
1731956265938 0.0012982037151232362 0
1731956281159 0.0014748595422133803 0
1731956296465 0.0012735724449157715 0
1731956311685 0.0014415113255381584 0
1731956327008 0.0013141031377017498 0
1731956342222 0.0012673926539719105 0
1731956357542 0.0016149224247783422 0
1731956373101 0.0012465569889172912 0
1731956388388 0.0014168757479637861 0
1731956403642 0.001436207676306367 0
1731956418957 0.0013034245930612087 0
1731956434196 0.0012382842833176255 0
1731956449526 0.0012360014952719212 0
1731956464758 0.0011830620933324099 0
1731956480052 0.0011715006548911333 0
1731956495276 0.0011892233742401004 0
1731956510598 0.0011415693443268538 0
1731956525822 0.0011779994238168001 0
1731956541146 0.0013165401760488749 0
1731956556394 0.001114443875849247 0
1731956571707 0.0011879013618454337 0
1731956586924 0.0012420648708939552 0
1731956602522 0.0012890335638076067 0
1731956617751 0.0013480288907885551 0
1731956633067 0.001400453387759626 0
1731956648314 0.0013046058593317866 0
1731956663631 0.0012783330166712403 0
1731956678876 0.0011024241102859378 0
1731956694214 0.0012371744960546494 0
1731956709450 0.001207561930641532 0
1731956724789 0.0011663358891382813 0
1731956740039 0.0010954965837299824 0
1731956755350 0.0011508072493597865 0
1731956770577 0.0013478484470397234 0
1731956785934 0.001272889319807291 0
1731956801180 0.0013055382296442986 0
1731956816497 0.0011773033766075969 0
1731956832074 0.001142612425610423 0
1731956847401 0.0011779263149946928 0
1731956862641 0.0011824565008282661 0
1731956877960 0.0009374285000376403 0
1731956893192 0.001212842995300889 0
1731956908513 0.0010927252005785704 0
1731956923777 0.0010680814739316702 0
1731956939094 0.0011831511510536075 0
1731956954349 0.0009668021812103689 0
1731956969680 0.0011726965894922614 0
1731956984924 0.001227888511493802 0
1731957000279 0.001021216856315732 0
1731957015536 0.0010966232512146235 0
1731957030858 0.0009887813357636333 0
1731957046109 0.001030921470373869 0
1731957061917 0.0010949143907055259 0
1731957077147 0.0009319220553152263 0
1731957092465 0.0009756606305018067 0
1731957107706 0.0010293790837749839 0
1731957123017 0.0009788773022592068 0
1731957138251 0.0010015950538218021 0
1731957153581 0.001079078298062086 0
1731957168811 0.0010616665240377188 0
1731957184142 0.001078203204087913 0
1731957199347 0.0009049113723449409 0
1731957214677 0.0009892649250105023 0
1731957229929 0.0009475711267441511 0
1731957245257 0.0012049274519085884 0
1731957260511 0.0008867098367772996 0
1731957276172 0.0010848998790606856 0
1731957291390 0.0009271822636947036 0
1731957306728 0.00095582683570683 0
1731957321971 0.0010165481362491846 0
1731957337291 0.0009745385032147169 0
1731957352526 0.0008701455080881715 0
1731957367864 0.0009934373665601015 0
1731957383099 0.0011824429966509342 0
1731957398452 0.0008920362452045083 0
1731957413710 0.0010024826042354107 0
1731957429032 0.0009285891428589821 0
1731957444274 0.0009601453202776611 0
1731957459632 0.0010297935223206878 0
1731957474896 0.000944069295655936 0
1731957490209 0.0008236109279096127 0
1731957505793 0.0009569522808305919 0
1731957521140 0.0009494926780462265 0
1731957536388 0.0007550185546278954 0
1731957551717 0.0008775494061410427 0
1731957566953 0.0010223635472357273 0
1731957582291 0.0009816826786845922 0
1731957597554 0.0009060163283720613 0
1731957612861 0.000841745815705508 0
1731957628111 0.000836844090372324 0
1731957643464 0.0008968919864855707 0
1731957658709 0.0008647415088489652 0
1731957674045 0.0009544261265546083 0
1731957689267 0.0009636962204240263 0
1731957704597 0.0008421038510277867 0
1731957719836 0.0008607553318142891 0
1731957735472 0.0008396001067012548 0
1731957750693 0.0007501484360545874 0
1731957766017 0.0008565954631194472 0
1731957781246 0.0007669632323086262 0
1731957796565 0.0008225978817790747 0
1731957811811 0.0008643741603009403 0
1731957827137 0.0008846013224683702 0
1731957842386 0.0008886507712304592 0
1731957857716 0.0008136451942846179 0
1731957872954 0.0007827300578355789 0
1731957888287 0.00085108308121562 0
1731957903545 0.0008260180475190282 0
1731957918879 0.0008647599024698138 0
1731957934116 0.0008035853388719261 0
1731957949444 0.0008787871338427067 0
1731957965019 0.000739453244023025 0
1731957980340 0.0010152230970561504 0
1731957995571 0.0008917329832911491 0
1731958010879 0.0009948116494342685 0
1731958026120 0.0006673865718767047 0
1731958041445 0.0009147491073235869 0
1731958056688 0.0008928469615057111 0
1731958072022 0.0007715652463957667 0
1731958087287 0.0007642257260158658 0
1731958102616 0.0007877360912971199 0
1731958117872 0.000873053795658052 0
1731958133167 0.0008248323574662209 0
1731958148401 0.0007617168012075126 0
1731958163723 0.000791634083725512 0
1731958178958 0.0007627166341990232 0
