1732098540754 0.04110904783010483 0
1732098572205 0.03803471475839615 0
1732098591388 0.03795161843299866 0
1732098610639 0.038266297429800034 0
1732098629797 0.0376543253660202 0
1732098649087 0.037691086530685425 0
1732098668259 0.0392015315592289 0
1732098687504 0.04147220775485039 0
1732098706721 0.03903130814433098 0
1732098725986 0.039187733083963394 0
1732098745140 0.04185039922595024 0
1732098764379 0.03908935934305191 0
1732098783513 0.04244912043213844 0
1732098802779 0.041592929512262344 0
1732098832964 0.040382497012615204 0
1732098850084 0.03945327177643776 0
1732098867125 0.040546316653490067 0
1732098884167 0.04005858302116394 0
1732098901199 0.0402870811522007 0
1732098918228 0.0402434878051281 0
1732098935266 0.04098119959235191 0
1732098952285 0.04112599045038223 0
1732098968557 0.04067262262105942 0
1732098984437 0.04127570614218712 0
1732099000410 0.04326990246772766 0
1732099016372 0.041226278990507126 0
1732099032329 0.04242495074868202 0
1732099048187 0.04380820319056511 0
1732099064149 0.040435563772916794 0
1732099080138 0.042829956859350204 0
1732099095436 0.04223030060529709 0
1732099110738 0.039436545222997665 0
1732099126038 0.04258746653795242 0
1732099141344 0.04371055215597153 0
1732099156725 0.04208003729581833 0
1732099172080 0.04061302915215492 0
1732099187375 0.04554089158773422 0
1732099202297 0.04353069141507149 0
1732099217203 0.04203960299491882 0
1732099232029 0.042439162731170654 0
1732099246950 0.04107355326414108 0
1732099261767 0.04103941097855568 0
1732099276674 0.039947982877492905 0
1732099291489 0.04292362555861473 0
1732099306701 0.042478226125240326 0
1732099321525 0.042856693267822266 0
1732099336437 0.041572704911231995 0
1732099351240 0.042318619787693024 0
1732099366140 0.04052450507879257 0
1732099380955 0.041222378611564636 0
1732099395857 0.04209034517407417 0
1732099410679 0.04065350815653801 0
1732099425580 0.04479409381747246 0
1732099440396 0.0423617921769619 0
1732099455302 0.04291699081659317 0
1732099470126 0.042855992913246155 0
1732099485046 0.04119023680686951 0
1732099499863 0.0427907258272171 0
1732099514784 0.042246729135513306 0
1732099529885 0.04266900196671486 0
1732099544800 0.043570272624492645 0
1732099559605 0.041369177401065826 0
1732099574507 0.041249629110097885 0
1732099589298 0.04293861240148544 0
1732099604191 0.04267215356230736 0
1732099618987 0.041214242577552795 0
1732099633905 0.04293163865804672 0
1732099648697 0.04390154406428337 0
1732099663591 0.043274443596601486 0
1732099678407 0.043566882610321045 0
1732099693315 0.042667239904403687 0
1732099708111 0.042321138083934784 0
1732099723006 0.04203171283006668 0
1732099737813 0.04211132228374481 0
1732099753014 0.042756713926792145 0
1732099767806 0.04241129755973816 0
1732099782722 0.04210101440548897 0
1732099797522 0.042462483048439026 0
1732099812438 0.041829392313957214 0
1732099827256 0.0412679947912693 0
1732099842145 0.042775291949510574 0
1732099856963 0.04309247434139252 0
1732099871884 0.041673269122838974 0
1732099886678 0.04187687486410141 0
1732099901586 0.04211277514696121 0
1732099916379 0.042866189032793045 0
1732099931281 0.04231072589755058 0
1732099946085 0.043084751814603806 0
1732099961275 0.04227409139275551 0
1732099976073 0.042697444558143616 0
1732099990956 0.04205940663814545 0
1732100005770 0.042044397443532944 0
1732100020678 0.043560419231653214 0
1732100035481 0.0419788621366024 0
1732100050383 0.04283641278743744 0
1732100065168 0.043024782091379166 0
1732100080060 0.04303330183029175 0
1732100094855 0.041902653872966766 0
1732100109746 0.041647881269454956 0
1732100124560 0.04214571788907051 0
1732100139438 0.042451728135347366 0
1732100154227 0.04296041280031204 0
1732100169127 0.041744738817214966 0
1732100184247 0.04241381958127022 0
1732100199139 0.04172676429152489 0
1732100213948 0.04141487926244736 0
1732100228851 0.04155978932976723 0
1732100243649 0.04299598187208176 0
1732100258562 0.04422258585691452 0
1732100273356 0.04293103516101837 0
1732100288273 0.04262085631489754 0
1732100303082 0.042284224182367325 0
1732100317977 0.04239118844270706 0
1732100332870 0.04257318004965782 0
1732100347795 0.0406113900244236 0
1732100362581 0.041566766798496246 0
1732100377472 0.04297706484794617 0
1732100392275 0.043653786182403564 0
1732100407462 0.04252602905035019 0
1732100422288 0.042534999549388885 0
1732100437185 0.04306451231241226 0
1732100451974 0.0428265817463398 0
1732100466886 0.04148976132273674 0
1732100481705 0.043272946029901505 0
1732100496589 0.041760578751564026 0
1732100511381 0.04270491376519203 0
1732100526275 0.04215295612812042 0
1732100541071 0.04353974387049675 0
1732100555961 0.043309375643730164 0
1732100570773 0.04250381886959076 0
1732100585654 0.04232823848724365 0
1732100600446 0.0420512780547142 0
1732100615328 0.04298176243901253 0
1732100630419 0.04359757900238037 0
1732100645319 0.04215503856539726 0
1732100660107 0.04234211519360542 0
1732100675012 0.04255778715014458 0
1732100689804 0.04266807436943054 0
1732100704704 0.0431472472846508 0
1732100719495 0.0426221564412117 0
1732100734381 0.04304242879152298 0
1732100749162 0.04286089912056923 0
1732100764049 0.04272224381566048 0
1732100778830 0.04274469614028931 0
1732100793710 0.04270830750465393 0
1732100808494 0.04306948930025101 0
1732100823370 0.04324328154325485 0
1732100838168 0.043934255838394165 0
1732100853402 0.04269927367568016 0
1732100868256 0.043479666113853455 0
1732100883154 0.04280513897538185 0
1732100897935 0.0431610606610775 0
1732100912822 0.04355989024043083 0
1732100927601 0.04251497983932495 0
1732100942489 0.043235111981630325 0
1732100957267 0.04306073114275932 0
1732100972174 0.042983055114746094 0
1732100987001 0.04163534194231033 0
1732101001870 0.042401012033224106 0
1732101016651 0.04273909330368042 0
1732101031505 0.04202093929052353 0
1732101046261 0.0427703782916069 0
1732101061405 0.043373528867959976 0
1732101076171 0.04287319257855415 0
1732101091023 0.042826030403375626 0
1732101105779 0.043264567852020264 0
1732101120626 0.042852796614170074 0
1732101135483 0.0431639663875103 0
1732101150365 0.04244513064622879 0
1732101165145 0.043535493314266205 0
1732101180014 0.04330020770430565 0
1732101194764 0.043660834431648254 0
1732101209617 0.042521703988313675 0
1732101224374 0.04290907084941864 0
1732101239229 0.043131690472364426 0
1732101254005 0.04273192584514618 0
1732101268839 0.042617566883563995 0
1732101283916 0.04254952818155289 0
1732101298758 0.04323402792215347 0
1732101313527 0.04345496743917465 0
1732101328365 0.04280686378479004 0
1732101343125 0.04232516884803772 0
1732101357963 0.043249573558568954 0
1732101372716 0.04267043247818947 0
1732101387561 0.04309389367699623 0
1732101402317 0.04238361865282059 0
1732101417154 0.04266108199954033 0
1732101431917 0.04202011227607727 0
1732101446757 0.0429568886756897 0
1732101461511 0.043039023876190186 0
1732101476362 0.04367807134985924 0
1732101491117 0.042877547442913055 0
1732101506289 0.04253169149160385 0
1732101521039 0.0430738627910614 0
1732101535881 0.042838845402002335 0
1732101550617 0.04317256808280945 0
1732101566487 0.04247625544667244 0
1732101581225 0.04288346320390701 0
1732101596049 0.04303698241710663 0
1732101610798 0.042103346437215805 0
1732101625638 0.042652834206819534 0
1732101640362 0.0427875742316246 0
1732101655201 0.043826524168252945 0
1732101669934 0.042760349810123444 0
1732101684757 0.042672768235206604 0
1732101699485 0.04249926283955574 0
1732101714335 0.04215535148978233 0
1732101729407 0.04191725701093674 0
1732101744247 0.04274625703692436 0
1732101758969 0.04268300160765648 0
1732101773794 0.04312347248196602 0
1732101788531 0.04277912154793739 0
1732101803356 0.04279135540127754 0
1732101818091 0.04332779347896576 0
1732101832911 0.04316161200404167 0
1732101847653 0.04284604638814926 0
1732101862478 0.04326785355806351 0
1732101877214 0.04334980249404907 0
1732101892041 0.04272587224841118 0
1732101906765 0.04291728883981705 0
1732101921582 0.043669525533914566 0
1732101936313 0.04343520104885101 0
