1732098540754 0.01798413135111332 0
1732098572205 0.014708291739225388 0
1732098591388 0.013144404627382755 0
1732098610639 0.012791858986020088 0
1732098629797 0.012376057915389538 0
1732098649087 0.012640628032386303 0
1732098668259 0.013149295002222061 0
1732098687504 0.013278434984385967 0
1732098706721 0.01280366349965334 0
1732098725986 0.01348788756877184 0
1732098745140 0.013282490894198418 0
1732098764379 0.01435572374612093 0
1732098783513 0.013924353756010532 0
1732098802779 0.014266467653214931 0
1732098832964 0.014557571150362492 0
1732098850084 0.014563861303031445 0
1732098867125 0.014382323250174522 0
1732098884167 0.014609748497605324 0
1732098901199 0.014780334196984768 0
1732098918228 0.015165168792009354 0
1732098935266 0.014932435005903244 0
1732098952285 0.015324651263654232 0
1732098968557 0.015098931267857552 0
1732098984437 0.015433715656399727 0
1732099000410 0.015310660004615784 0
1732099016372 0.015368828549981117 0
1732099032329 0.015716547146439552 0
1732099048187 0.01572585664689541 0
1732099064149 0.015553968958556652 0
1732099080138 0.015780875459313393 0
1732099095436 0.01590137742459774 0
1732099110738 0.01541285403072834 0
1732099126038 0.015775486826896667 0
1732099141344 0.01576073095202446 0
1732099156725 0.016078345477581024 0
1732099172080 0.015799125656485558 0
1732099187375 0.016226600855588913 0
1732099202297 0.01557619497179985 0
1732099217203 0.016032621264457703 0
1732099232029 0.01593787409365177 0
1732099246950 0.01612984761595726 0
1732099261767 0.015935517847537994 0
1732099276674 0.01596781611442566 0
1732099291489 0.015858450904488564 0
1732099306701 0.0164109468460083 0
1732099321525 0.01619616337120533 0
1732099336437 0.016325972974300385 0
1732099351240 0.01643938198685646 0
1732099366140 0.016248274594545364 0
1732099380955 0.016405709087848663 0
1732099395857 0.016297416761517525 0
1732099410679 0.01631847769021988 0
1732099425580 0.016478020697832108 0
1732099440396 0.016498982906341553 0
1732099455302 0.016274956986308098 0
1732099470126 0.016414610669016838 0
1732099485046 0.016398778185248375 0
1732099499863 0.016715703532099724 0
1732099514784 0.016492227092385292 0
1732099529885 0.01656387373805046 0
1732099544800 0.016368577256798744 0
1732099559605 0.016521329060196877 0
1732099574507 0.016526203602552414 0
1732099589298 0.016885429620742798 0
1732099604191 0.01699979417026043 0
1732099618987 0.016511378809809685 0
1732099633905 0.016348233446478844 0
1732099648697 0.016507437452673912 0
1732099663591 0.016665246337652206 0
1732099678407 0.016546910628676414 0
1732099693315 0.01685558632016182 0
1732099708111 0.016640223562717438 0
1732099723006 0.01683475449681282 0
1732099737813 0.01683284156024456 0
1732099753014 0.016673075035214424 0
1732099767806 0.01679878495633602 0
1732099782722 0.016796935349702835 0
1732099797522 0.01696208491921425 0
1732099812438 0.01688559539616108 0
1732099827256 0.01683587022125721 0
1732099842145 0.017036551609635353 0
1732099856963 0.017072541639208794 0
1732099871884 0.016832994297146797 0
1732099886678 0.016939636319875717 0
1732099901586 0.016748519614338875 0
1732099916379 0.016943981871008873 0
1732099931281 0.017032427713274956 0
1732099946085 0.017023904249072075 0
1732099961275 0.01699490286409855 0
1732099976073 0.016902729868888855 0
1732099990956 0.01692870445549488 0
1732100005770 0.016932763159275055 0
1732100020678 0.01715005189180374 0
1732100035481 0.017032157629728317 0
1732100050383 0.016950927674770355 0
1732100065168 0.016993211582303047 0
1732100080060 0.01681450754404068 0
1732100094855 0.016999626532197 0
1732100109746 0.016972728073596954 0
1732100124560 0.01706865057349205 0
1732100139438 0.01712256297469139 0
1732100154227 0.017234982922673225 0
1732100169127 0.01711711846292019 0
1732100184247 0.01713687554001808 0
1732100199139 0.017127593979239464 0
1732100213948 0.017195401713252068 0
1732100228851 0.017091667279601097 0
1732100243649 0.01721181906759739 0
1732100258562 0.01719667576253414 0
1732100273356 0.017361359670758247 0
1732100288273 0.017258958891034126 0
1732100303082 0.017249803990125656 0
1732100317977 0.017087403684854507 0
1732100332870 0.01738063618540764 0
1732100347795 0.017084874212741852 0
1732100362581 0.01708465814590454 0
1732100377472 0.017228122800588608 0
1732100392275 0.017093077301979065 0
1732100407462 0.017157698050141335 0
1732100422288 0.01720266602933407 0
1732100437185 0.017250964418053627 0
1732100451974 0.01728540100157261 0
1732100466886 0.01717785745859146 0
1732100481705 0.017352014780044556 0
1732100496589 0.017290789633989334 0
1732100511381 0.017327550798654556 0
1732100526275 0.017178667709231377 0
1732100541071 0.017362143844366074 0
1732100555961 0.017327001318335533 0
1732100570773 0.017213132232427597 0
1732100585654 0.01738569512963295 0
1732100600446 0.017348311841487885 0
1732100615328 0.017323018983006477 0
1732100630419 0.017316104844212532 0
1732100645319 0.017314322292804718 0
1732100660107 0.01736200414597988 0
1732100675012 0.017428219318389893 0
1732100689804 0.017359288409352303 0
1732100704704 0.017366982996463776 0
1732100719495 0.017332449555397034 0
1732100734381 0.017501479014754295 0
1732100749162 0.017443103715777397 0
1732100764049 0.01761198788881302 0
1732100778830 0.0175601989030838 0
1732100793710 0.01737065799534321 0
1732100808494 0.017493542283773422 0
1732100823370 0.017398342490196228 0
1732100838168 0.017583465203642845 0
1732100853402 0.017425425350666046 0
1732100868256 0.01755109615623951 0
1732100883154 0.017549652606248856 0
1732100897935 0.017394931986927986 0
1732100912822 0.01750226505100727 0
1732100927601 0.01739019900560379 0
1732100942489 0.017274662852287292 0
1732100957267 0.017494024708867073 0
1732100972174 0.017434868961572647 0
1732100987001 0.01742866449058056 0
1732101001870 0.017550688236951828 0
1732101016651 0.01764020137488842 0
1732101031505 0.017416350543498993 0
1732101046261 0.017391657456755638 0
1732101061405 0.017550144344568253 0
1732101076171 0.017495790496468544 0
1732101091023 0.01750844344496727 0
1732101105779 0.017569107934832573 0
1732101120626 0.017571529373526573 0
1732101135483 0.01749359257519245 0
1732101150365 0.01752697117626667 0
1732101165145 0.017439620569348335 0
1732101180014 0.017458662390708923 0
1732101194764 0.01762332208454609 0
1732101209617 0.017539221793413162 0
1732101224374 0.01752779819071293 0
1732101239229 0.01752491481602192 0
1732101254005 0.017475862056016922 0
1732101268839 0.017485681921243668 0
1732101283916 0.017491118982434273 0
1732101298758 0.017441684380173683 0
1732101313527 0.017492152750492096 0
1732101328365 0.017502879723906517 0
1732101343125 0.01763957366347313 0
1732101357963 0.01763852685689926 0
1732101372716 0.017589181661605835 0
1732101387561 0.017606325447559357 0
1732101402317 0.0176409725099802 0
1732101417154 0.017507050186395645 0
1732101431917 0.017566338181495667 0
1732101446757 0.017587995156645775 0
1732101461511 0.017564861103892326 0
1732101476362 0.01744193769991398 0
1732101491117 0.017507240176200867 0
1732101506289 0.017615871503949165 0
1732101521039 0.017572686076164246 0
1732101535881 0.01753246784210205 0
1732101550617 0.017612453550100327 0
1732101566487 0.017590805888175964 0
1732101581225 0.017687499523162842 0
1732101596049 0.017608769237995148 0
1732101610798 0.01761815883219242 0
1732101625638 0.017466481775045395 0
1732101640362 0.017634037882089615 0
1732101655201 0.01762755587697029 0
1732101669934 0.017498986795544624 0
1732101684757 0.017579806968569756 0
1732101699485 0.017555885016918182 0
1732101714335 0.017549574375152588 0
1732101729407 0.017558494582772255 0
1732101744247 0.01753569208085537 0
1732101758969 0.017533965408802032 0
1732101773794 0.017654716968536377 0
1732101788531 0.017584525048732758 0
1732101803356 0.017542455345392227 0
1732101818091 0.017569227144122124 0
1732101832911 0.017582718282938004 0
1732101847653 0.017572857439517975 0
1732101862478 0.017522690817713737 0
1732101877214 0.017609713599085808 0
1732101892041 0.017569107934832573 0
1732101906765 0.017518511041998863 0
1732101921582 0.01760522648692131 0
1732101936313 0.0175467561930418 0
