1732098552832 0.0005100417183712125 0
1732098572211 0.0003475261037237942 0
1732098591398 0.0002758404880296439 0
1732098610641 0.00024030149506870657 0
1732098629800 0.0002212843974120915 0
1732098649089 0.0002073260984616354 0
1732098668262 0.0001930402358993888 0
1732098687507 0.000187710887985304 0
1732098706723 0.00018374946375843138 0
1732098725988 0.00017698110605124384 0
1732098745142 0.00017423632380086929 0
1732098764381 0.00017178682901430875 0
1732098783515 0.00016474956646561623 0
1732098802781 0.00016822607722133398 0
1732098832966 0.0001622853596927598 0
1732098850086 0.0001592427579453215 0
1732098867127 0.00015170082042459399 0
1732098884169 0.0001512264716438949 0
1732098901201 0.00015552756667602807 0
1732098918231 0.00015325343701988459 0
1732098935268 0.00014908424054738134 0
1732098952287 0.0001555570197524503 0
1732098968559 0.00014572424697689712 0
1732098984440 0.00014807960542384535 0
1732099000412 0.00014849907893221825 0
1732099016374 0.00014041512622497976 0
1732099032331 0.0001443176734028384 0
1732099048190 0.00014222151366993785 0
1732099064151 0.00014016710338182747 0
1732099080140 0.0001411740086041391 0
1732099095439 0.0001441456697648391 0
1732099110741 0.0001365041680401191 0
1732099126040 0.0001415910228388384 0
1732099141346 0.00013354854309000075 0
1732099156728 0.0001379937311867252 0
1732099172083 0.00013417380978353322 0
1732099187377 0.00013846297224517912 0
1732099202299 0.00013518697232939303 0
1732099217205 0.00013618083903566003 0
1732099232031 0.00013384454359766096 0
1732099246952 0.00013176452193874866 0
1732099261769 0.00013147866411600262 0
1732099276676 0.00013001296611037105 0
1732099291491 0.0001270511857001111 0
1732099306703 0.0001277748087886721 0
1732099321527 0.0001268787164008245 0
1732099336439 0.00012756339856423438 0
1732099351242 0.00012878859706688672 0
1732099366142 0.00012592216080520302 0
1732099380957 0.00012790343316737562 0
1732099395859 0.0001275308313779533 0
1732099410681 0.00012587133096531034 0
1732099425582 0.0001279912394238636 0
1732099440398 0.00012153664283687249 0
1732099455304 0.00012254761531949043 0
1732099470128 0.00012423023872543126 0
1732099485049 0.00012439212878234684 0
1732099499865 0.00012250497820787132 0
1732099514786 0.00012526402133516967 0
1732099529888 0.00011968950275331736 0
1732099544803 0.00012093140685465187 0
1732099559607 0.00012092578981537372 0
1732099574509 0.00011947105667786673 0
1732099589300 0.00012227491242811084 0
1732099604193 0.00011804490350186825 0
1732099618989 0.00011864348198287189 0
1732099633907 0.00011899869423359632 0
1732099648699 0.00011603553139138967 0
1732099663593 0.00011365271348040551 0
1732099678410 0.00011759818153223023 0
1732099693317 0.00011359026393620297 0
1732099708113 0.00011190963414264843 0
1732099723008 0.0001120512533816509 0
1732099737815 0.00011116826499346644 0
1732099753016 0.00011827756679849699 0
1732099767808 0.00011494447971927002 0
1732099782724 0.00011437042849138379 0
1732099797524 0.00011160573922097683 0
1732099812441 0.00011081365664722398 0
1732099827259 0.00010771131928777322 0
1732099842147 0.00010490768181625754 0
1732099856965 0.00010796044080052525 0
1732099871886 0.00010841032053576782 0
1732099886680 0.00010354923142585903 0
1732099901588 0.00010500298230908811 0
1732099916382 0.00010530983854550868 0
1732099931284 0.00010317055421182886 0
1732099946087 0.00010393432603450492 0
1732099961277 0.00010173862392548472 0
1732099976075 0.00010201709665125236 0
1732099990958 0.00010118955106008798 0
1732100005773 0.0001049409547704272 0
1732100020680 0.00010273575026076287 0
1732100035483 0.00010306716285413131 0
1732100050385 0.00010070708958664909 0
1732100065171 9.798343671718612e-05 0
1732100080062 9.670319559518248e-05 0
1732100094858 0.00010131530143553391 0
1732100109748 0.00010371956159360707 0
1732100124562 9.687089186627418e-05 0
1732100139440 0.00010141827806364745 0
1732100154229 9.843221778282896e-05 0
1732100169129 9.603218495612964e-05 0
1732100184249 9.699018119135872e-05 0
1732100199142 9.819394472287968e-05 0
1732100213950 9.48597225942649e-05 0
1732100228853 9.295996278524399e-05 0
1732100243651 9.598109318176284e-05 0
1732100258565 9.5407543994952e-05 0
1732100273359 9.954862616723403e-05 0
1732100288276 9.385473822476342e-05 0
1732100303084 9.375154331792146e-05 0
1732100317980 9.477721323492005e-05 0
1732100332872 9.24454943742603e-05 0
1732100347798 9.32922848733142e-05 0
1732100362583 9.278635843656957e-05 0
1732100377475 9.246913396054879e-05 0
1732100392277 9.10629823920317e-05 0
1732100407464 8.937585516832769e-05 0
1732100422294 9.160736226476729e-05 0
1732100437187 8.936291123973206e-05 0
1732100451977 9.406410390511155e-05 0
1732100466888 8.695711585460231e-05 0
1732100481707 8.875293133314699e-05 0
1732100496591 9.162392234429717e-05 0
1732100511383 8.685361535754055e-05 0
1732100526277 9.009720815811306e-05 0
1732100541073 8.929149043979123e-05 0
1732100555963 8.481604163534939e-05 0
1732100570775 8.893659833120182e-05 0
1732100585657 8.91428062459454e-05 0
1732100600448 8.762798097450286e-05 0
1732100615330 8.682916086399928e-05 0
1732100630421 8.658310980536044e-05 0
1732100645321 8.850015728967264e-05 0
1732100660109 8.541646820958704e-05 0
1732100675014 8.675974822835997e-05 0
1732100689806 8.508435712428764e-05 0
1732100704707 8.415237971348688e-05 0
1732100719497 8.33925005281344e-05 0
1732100734383 8.212319517042488e-05 0
1732100749164 8.622449968243018e-05 0
1732100764051 8.771703141974285e-05 0
1732100778832 8.471204637316987e-05 0
1732100793712 8.361019717995077e-05 0
1732100808496 8.462504774797708e-05 0
1732100823372 8.297830208903179e-05 0
1732100838171 8.37534898892045e-05 0
1732100853405 7.991479651536793e-05 0
1732100868259 8.624090696685016e-05 0
1732100883156 8.412922761635855e-05 0
1732100897938 8.135743701132014e-05 0
1732100912824 8.298397733597085e-05 0
1732100927603 8.134864765452221e-05 0
1732100942491 8.443494880339131e-05 0
1732100957269 8.084503497229889e-05 0
1732100972176 8.296345185954124e-05 0
1732100987003 8.162557060131803e-05 0
1732101001872 8.253783016698435e-05 0
1732101016653 8.260220783995464e-05 0
1732101031508 8.368508133571595e-05 0
1732101046263 8.114701631711796e-05 0
1732101061407 8.074934885371476e-05 0
1732101076173 7.936718611745164e-05 0
1732101091026 8.186535706045106e-05 0
1732101105781 8.101398998405784e-05 0
1732101120628 8.281806367449462e-05 0
1732101135485 8.211799286073074e-05 0
1732101150367 8.076125959632918e-05 0
1732101165147 8.16953179310076e-05 0
1732101180016 8.107496978482231e-05 0
1732101194766 7.976085908012465e-05 0
1732101209619 8.086061279755086e-05 0
1732101224377 7.938576163724065e-05 0
1732101239231 7.81857524998486e-05 0
1732101254007 7.984548574313521e-05 0
1732101268841 7.815341086825356e-05 0
1732101283918 7.952982559800148e-05 0
1732101298759 8.013242040760815e-05 0
1732101313529 8.069359319051728e-05 0
1732101328367 8.198573050322011e-05 0
1732101343127 7.870073022786528e-05 0
1732101357966 7.713290688116103e-05 0
1732101372718 7.866846863180399e-05 0
1732101387563 7.660626579308882e-05 0
1732101402319 7.69605248933658e-05 0
1732101417156 7.73645078879781e-05 0
1732101431919 7.839556928956881e-05 0
1732101446759 7.724495662841946e-05 0
1732101461513 7.728568016318604e-05 0
1732101476364 7.95667729107663e-05 0
1732101491119 7.790687232045457e-05 0
1732101506292 7.591398752992973e-05 0
1732101521042 7.639056275365874e-05 0
1732101535883 7.568453293060884e-05 0
1732101551638 7.709561759838834e-05 0
1732101566490 7.674079097341746e-05 0
1732101581227 7.295544492080808e-05 0
1732101596051 7.877528696553782e-05 0
1732101610800 7.696799002587795e-05 0
1732101625640 7.586025458294898e-05 0
1732101640365 7.858913886593655e-05 0
1732101655203 7.692506187595427e-05 0
1732101669936 7.668366743018851e-05 0
1732101684759 7.510024443035945e-05 0
1732101699488 7.552513852715492e-05 0
1732101714337 7.437104068230838e-05 0
1732101729409 7.448812539223582e-05 0
1732101744249 7.623538840562105e-05 0
1732101758972 7.602902041980997e-05 0
1732101773796 7.738290878478438e-05 0
1732101788533 7.419394387397915e-05 0
1732101803358 7.675039523746818e-05 0
1732101818093 7.466809620382264e-05 0
1732101832913 7.424997602356598e-05 0
1732101847655 7.632607594132423e-05 0
1732101862481 7.658720278413966e-05 0
1732101877216 7.555989577667788e-05 0
1732101892043 7.765839109197259e-05 0
1732101906767 7.372382242465392e-05 0
1732101921584 7.436492160195485e-05 0
1732101936315 7.267194450832903e-05 0
