1732098552832 0.009682789444923401 0
1732098572211 0.008241081610321999 0
1732098591398 0.00569577980786562 0
1732098610641 0.005701862275600433 0
1732098629800 0.004792144056409597 0
1732098649089 0.005165459588170052 0
1732098668262 0.0044184415601193905 0
1732098687507 0.0049371677450835705 0
1732098706723 0.004156637005507946 0
1732098725988 0.00411792891100049 0
1732098745142 0.003859944175928831 0
1732098764381 0.003863708581775427 0
1732098783515 0.0030210106633603573 0
1732098802781 0.0035664644092321396 0
1732098832966 0.00429521594196558 0
1732098850086 0.0038457405753433704 0
1732098867127 0.004271605983376503 0
1732098884169 0.004072617739439011 0
1732098901201 0.003569195047020912 0
1732098918231 0.003819778561592102 0
1732098935268 0.004027463495731354 0
1732098952287 0.003205939196050167 0
1732098968559 0.0038384690415114164 0
1732098984440 0.003350821789354086 0
1732099000412 0.0038033551536500454 0
1732099016374 0.0034618726931512356 0
1732099032331 0.0035336497239768505 0
1732099048190 0.003359885886311531 0
1732099064151 0.0032707941718399525 0
1732099080140 0.0036630253307521343 0
1732099095439 0.003512576688081026 0
1732099110741 0.003583274781703949 0
1732099126040 0.003081571776419878 0
1732099141346 0.003202016232535243 0
1732099156728 0.002712283283472061 0
1732099172083 0.0026745011564344168 0
1732099187377 0.0026176206301897764 0
1732099202299 0.00312980217859149 0
1732099217205 0.0033762603998184204 0
1732099232031 0.0028318320401012897 0
1732099246952 0.00269523449242115 0
1732099261769 0.003443855559453368 0
1732099276676 0.0029454471077769995 0
1732099291491 0.003307142062112689 0
1732099306703 0.0028241330292075872 0
1732099321527 0.0029192096553742886 0
1732099336439 0.0027267015539109707 0
1732099351242 0.0028642751276493073 0
1732099366142 0.0029170128982514143 0
1732099380957 0.0025333422236144543 0
1732099395859 0.0026719123125076294 0
1732099410681 0.002532215788960457 0
1732099425582 0.002921054605394602 0
1732099440398 0.0030740376096218824 0
1732099455304 0.0025557996705174446 0
1732099470128 0.0029643881134688854 0
1732099485049 0.002664865693077445 0
1732099499865 0.002515441505238414 0
1732099514786 0.002765149576589465 0
1732099529888 0.0025819658767431974 0
1732099544803 0.002149717416614294 0
1732099559607 0.002033426659181714 0
1732099574509 0.002474058885127306 0
1732099589300 0.002524381270632148 0
1732099604193 0.0025496394373476505 0
1732099618989 0.0022560511715710163 0
1732099633907 0.0025643715634942055 0
1732099648699 0.0029991930350661278 0
1732099663593 0.0022715863306075335 0
1732099678410 0.0024926704354584217 0
1732099693317 0.002519788220524788 0
1732099708113 0.002129740547388792 0
1732099723008 0.0023246011696755886 0
1732099737815 0.002457864349707961 0
1732099753016 0.0025897605810314417 0
1732099767808 0.0024030604399740696 0
1732099782724 0.0023638864513486624 0
1732099797524 0.0022142063826322556 0
1732099812441 0.001932269660755992 0
1732099827259 0.0021284171380102634 0
1732099842147 0.0024639780167490244 0
1732099856965 0.0026747481897473335 0
1732099871886 0.0023840172216296196 0
1732099886680 0.002504415111616254 0
1732099901588 0.002172512002289295 0
1732099916382 0.0024016867391765118 0
1732099931284 0.0021051480434834957 0
1732099946087 0.0024477182887494564 0
1732099961277 0.0021140966564416885 0
1732099976075 0.001964554190635681 0
1732099990958 0.0019464049255475402 0
1732100005773 0.002281567081809044 0
1732100020680 0.0020983070135116577 0
1732100035483 0.0019600081723183393 0
1732100050385 0.002271553035825491 0
1732100065171 0.0022323119919747114 0
1732100080062 0.001998014049604535 0
1732100094858 0.0018784701824188232 0
1732100109748 0.0020162290893495083 0
1732100124562 0.0018331141909584403 0
1732100139440 0.0019173957407474518 0
1732100154229 0.002155131194740534 0
1732100169129 0.0020768078975379467 0
1732100184249 0.0022027557715773582 0
1732100199142 0.0019721598364412785 0
1732100213950 0.0020442313980311155 0
1732100228853 0.0019316170364618301 0
1732100243651 0.0020010885782539845 0
1732100258565 0.0019271085038781166 0
1732100273359 0.0018831482157111168 0
1732100288276 0.0021522343158721924 0
1732100303084 0.001782105304300785 0
1732100317980 0.0021778102964162827 0
1732100332872 0.001982144545763731 0
1732100347798 0.001961533445864916 0
1732100362583 0.0017380890203639865 0
1732100377475 0.0019877362065017223 0
1732100392277 0.001766672357916832 0
1732100407464 0.001796182245016098 0
1732100422294 0.0019241594709455967 0
1732100437187 0.0017161797732114792 0
1732100451977 0.001830255496315658 0
1732100466888 0.0017699655145406723 0
1732100481707 0.0018115949351340532 0
1732100496591 0.001925596734508872 0
1732100511383 0.001695494051091373 0
1732100526277 0.0017460144590586424 0
1732100541073 0.0016660771798342466 0
1732100555963 0.0014819985954090953 0
1732100570775 0.001885110978037119 0
1732100585657 0.0019724401645362377 0
1732100600448 0.0017091449117287993 0
1732100615330 0.0016351866070181131 0
1732100630421 0.0015329651068896055 0
1732100645321 0.0019725807942450047 0
1732100660109 0.0015361090190708637 0
1732100675014 0.0015438634436577559 0
1732100689806 0.0014719476457685232 0
1732100704707 0.0016362022142857313 0
1732100719497 0.0016647049924358726 0
1732100734383 0.0017336942255496979 0
1732100749164 0.001593219581991434 0
1732100764051 0.0017890328308567405 0
1732100778832 0.001821945421397686 0
1732100793712 0.0017737735761329532 0
1732100808496 0.0015322982799261808 0
1732100823372 0.001714722253382206 0
1732100838171 0.0017669489607214928 0
1732100853405 0.0019455337896943092 0
1732100868259 0.0017455434426665306 0
1732100883156 0.001712113618850708 0
1732100897938 0.0015860376879572868 0
1732100912824 0.00160884577780962 0
1732100927603 0.0015690609579905868 0
1732100942491 0.0015099269803613424 0
1732100957269 0.001604495570063591 0
1732100972176 0.0016507550608366728 0
1732100987003 0.0016514540184289217 0
1732101001872 0.0015892160590738058 0
1732101016653 0.001614177948795259 0
1732101031508 0.0016842646291479468 0
1732101046263 0.001664781360886991 0
1732101061407 0.0015102855395525694 0
1732101076173 0.0015301727689802647 0
1732101091026 0.001613887376151979 0
1732101105781 0.0014624993782490492 0
1732101120628 0.0015609823167324066 0
1732101135485 0.0015767909353598952 0
1732101150367 0.0013634257484227419 0
1732101165147 0.0016895042499527335 0
1732101180016 0.0014279938768595457 0
1732101194766 0.0014368643751367927 0
1732101209619 0.0016397738363593817 0
1732101224377 0.0016768197529017925 0
1732101239231 0.0017003342509269714 0
1732101254007 0.001395119121298194 0
1732101268841 0.0013714516535401344 0
1732101283918 0.0016603488475084305 0
1732101298759 0.0013082422083243728 0
1732101313529 0.0016230614855885506 0
1732101328367 0.001515914686024189 0
1732101343127 0.0015448725316673517 0
1732101357966 0.0014205740299075842 0
1732101372718 0.0014215377159416676 0
1732101387563 0.0014661282766610384 0
1732101402319 0.0014466594438999891 0
1732101417156 0.0013995531480759382 0
1732101431919 0.0015317148063331842 0
1732101446759 0.0016726454487070441 0
1732101461513 0.001381313311867416 0
1732101476364 0.0014609139179810882 0
1732101491119 0.0013449223479256034 0
1732101506292 0.0012149685062468052 0
1732101521042 0.0014761402271687984 0
1732101535883 0.0013675097143277526 0
1732101551638 0.0014771524583920836 0
1732101566490 0.0015840539708733559 0
1732101581227 0.0015372408088296652 0
1732101596051 0.0013959817588329315 0
1732101610800 0.001375442836433649 0
1732101625640 0.0013533595483750105 0
1732101640365 0.0012675212929025292 0
1732101655203 0.0018525186460465193 0
1732101669936 0.0012614139122888446 0
1732101684759 0.001409667544066906 0
1732101699488 0.0012959444429725409 0
1732101714337 0.0015262531815096736 0
1732101729409 0.0012533729895949364 0
1732101744249 0.0012507349019870162 0
1732101758972 0.001278067589737475 0
1732101773796 0.0014289034297689795 0
1732101788533 0.00124173064250499 0
1732101803358 0.0013531320728361607 0
1732101818093 0.0011256312718614936 0
1732101832913 0.0011821670923382044 0
1732101847655 0.0015296607743948698 0
1732101862481 0.001299184514209628 0
1732101877216 0.0011606768239289522 0
1732101892043 0.0014805831015110016 0
1732101906767 0.0013664753641933203 0
1732101921584 0.0011845673434436321 0
1732101936315 0.0014458848163485527 0
