1731954702248 0.01057269237935543 0
1731954735093 0.012029627338051796 0
1731954767152 0.012457978911697865 0
1731954798728 0.012699327431619167 0
1731954829742 0.01290434692054987 0
1731954860624 0.01316850259900093 0
1731954891098 0.013404684141278267 0
1731954921723 0.013402407988905907 0
1731954952003 0.013651479035615921 0
1731954982416 0.013651896268129349 0
1731955012703 0.013527393341064453 0
1731955043199 0.013468906283378601 0
1731955073437 0.013562406413257122 0
1731955103915 0.013594141229987144 0
1731955133737 0.013623498380184174 0
1731955159953 0.013647518120706081 0
1731955186162 0.013633916154503822 0
1731955212274 0.01388203538954258 0
1731955238480 0.013567139394581318 0
1731955264650 0.013587386347353458 0
1731955290876 0.013720080256462097 0
1731955317072 0.013711382634937763 0
1731955341827 0.013750836253166199 0
1731955365893 0.01358430553227663 0
1731955390138 0.013712959364056587 0
1731955414417 0.013722035102546215 0
1731955438612 0.013743757270276546 0
1731955462660 0.013820517808198929 0
1731955486931 0.013825258240103722 0
1731955510971 0.013915483839809895 0
1731955533938 0.013973566703498363 0
1731955556925 0.013578707352280617 0
1731955579874 0.013767210766673088 0
1731955602878 0.013789864256978035 0
1731955625886 0.013721714727580547 0
1731955648860 0.014015118591487408 0
1731955671802 0.013809111900627613 0
1731955693990 0.013957470655441284 0
1731955716213 0.013803173787891865 0
1731955738218 0.013875179924070835 0
1731955760422 0.01388552226126194 0
1731955782482 0.013995321467518806 0
1731955804757 0.013652483932673931 0
1731955826843 0.01389436423778534 0
1731955849434 0.013846761547029018 0
1731955871483 0.013849128037691116 0
1731955893711 0.013924519531428814 0
1731955915770 0.014022552408277988 0
1731955937982 0.013783159665763378 0
1731955960114 0.013834629207849503 0
1731955982391 0.013937802985310555 0
1731956004499 0.013896702788770199 0
1731956026812 0.013735353946685791 0
1731956048909 0.013900728896260262 0
1731956071195 0.013965286314487457 0
1731956093303 0.013751274906098843 0
1731956115599 0.013950023800134659 0
1731956137740 0.013917891308665276 0
1731956159987 0.013763362541794777 0
1731956182422 0.013900641351938248 0
1731956204695 0.01378951221704483 0
1731956226755 0.014068488962948322 0
1731956248993 0.01390619296580553 0
1731956271052 0.013957790099084377 0
1731956293351 0.013799607753753662 0
1731956315458 0.014166743494570255 0
1731956337718 0.013912776485085487 0
1731956359854 0.014006705954670906 0
1731956382145 0.013820750638842583 0
1731956404279 0.013770944438874722 0
1731956426575 0.014009104110300541 0
1731956448698 0.013940469361841679 0
1731956470979 0.014126787893474102 0
1731956493072 0.013962428085505962 0
1731956515772 0.013911034911870956 0
1731956537880 0.013905080035328865 0
1731956560203 0.013950894586741924 0
1731956582353 0.01394038088619709 0
1731956604689 0.013857906684279442 0
1731956626822 0.014052239246666431 0
1731956649174 0.013810558244585991 0
1731956671289 0.013874833472073078 0
1731956693668 0.013925965875387192 0
1731956715773 0.013982091099023819 0
1731956738149 0.013955876231193542 0
1731956760266 0.01397725660353899 0
1731956782575 0.014044239185750484 0
1731956804729 0.013983937911689281 0
1731956827363 0.013841302134096622 0
1731956849485 0.014013548381626606 0
1731956871862 0.013978546485304832 0
1731956894071 0.013893808238208294 0
1731956916389 0.013916674070060253 0
1731956938551 0.013982458040118217 0
1731956960924 0.013930041342973709 0
1731956983068 0.013972662389278412 0
1731957005399 0.013907224871218204 0
1731957027537 0.013977372087538242 0
1731957049806 0.013995603658258915 0
1731957072021 0.013919037766754627 0
1731957094428 0.013918513432145119 0
1731957116546 0.014000700786709785 0
1731957138905 0.014059353619813919 0
1731957161404 0.013985266909003258 0
1731957183760 0.014118398539721966 0
1731957205950 0.014118650928139687 0
1731957228261 0.014016576111316681 0
1731957250377 0.013999223709106445 0
1731957272721 0.013901748694479465 0
1731957294918 0.014006132259964943 0
1731957317266 0.013954086229205132 0
1731957339401 0.013799769803881645 0
1731957361752 0.01394085306674242 0
1731957383948 0.014009450562298298 0
1731957406302 0.013890368863940239 0
1731957428534 0.01388811506330967 0
1731957450924 0.013940361328423023 0
1731957473046 0.013959802687168121 0
1731957495751 0.013973775319755077 0
1731957517934 0.014002545736730099 0
1731957540328 0.014017833396792412 0
1731957562522 0.013884137384593487 0
1731957584872 0.01394073199480772 0
1731957607068 0.014041146263480186 0
1731957629483 0.013933615759015083 0
1731957651719 0.013950313441455364 0
1731957674162 0.013961992226541042 0
1731957696343 0.013965336605906487 0
1731957718695 0.013851585797965527 0
1731957740868 0.013905585743486881 0
1731957763237 0.014016644097864628 0
1731957785414 0.013941737823188305 0
1731957807813 0.013951982371509075 0
1731957830388 0.013976195827126503 0
1731957852850 0.013951190747320652 0
1731957875046 0.01392998918890953 0
1731957897414 0.013931244611740112 0
1731957919599 0.014022493734955788 0
1731957942007 0.014007178135216236 0
1731957964195 0.013996989466249943 0
1731957986551 0.013929569162428379 0
1731958008752 0.013944915495812893 0
1731958031125 0.013907712884247303 0
1731958053349 0.013895928859710693 0
1731958075733 0.013989773578941822 0
1731958097952 0.013956748880445957 0
1731958120328 0.014008255675435066 0
1731958142540 0.013963676057755947 0
1731958165267 0.013955836184322834 0
1731958187497 0.013965129852294922 0
1731958209876 0.01399464625865221 0
1731958232105 0.013926919549703598 0
1731958254532 0.013955882750451565 0
1731958276743 0.013860841281712055 0
1731958299147 0.013908084481954575 0
1731958321344 0.01397413108497858 0
1731958343778 0.013922767713665962 0
1731958365998 0.013957700692117214 0
1731958388392 0.01397679839283228 0
1731958410621 0.014030316844582558 0
1731958433043 0.01404887717217207 0
1731958455269 0.014016034081578255 0
1731958477985 0.014009318314492702 0
1731958500206 0.013963811099529266 0
1731958522662 0.013963363133370876 0
1731958544879 0.013925988227128983 0
1731958567325 0.01392688974738121 0
1731958589560 0.01396997831761837 0
1731958611979 0.013916251249611378 0
1731958634178 0.014040838927030563 0
1731958656608 0.013952427543699741 0
1731958678818 0.013903599232435226 0
1731958701226 0.013957753777503967 0
1731958723493 0.013992504216730595 0
1731958745909 0.013960291631519794 0
1731958768104 0.013979673385620117 0
1731958790477 0.013930651359260082 0
1731958813047 0.013986170291900635 0
1731958835433 0.014007644727826118 0
1731958857683 0.013916240073740482 0
1731958880092 0.013960475102066994 0
1731958902342 0.013873200863599777 0
1731958924745 0.013979594223201275 0
1731958946967 0.013964014127850533 0
1731958969366 0.01392331812530756 0
1731958991591 0.013957402668893337 0
1731959013985 0.013909740373492241 0
1731959036229 0.01398775726556778 0
1731959058636 0.013979827985167503 0
1731959080818 0.013951648026704788 0
1731959103229 0.013969832099974155 0
1731959125501 0.013914343900978565 0
1731959148283 0.013924548402428627 0
1731959170497 0.014012066647410393 0
1731959192927 0.013982377015054226 0
1731959215105 0.014046515338122845 0
1731959237485 0.013943159021437168 0
1731959259696 0.013980282470583916 0
1731959282134 0.013936346396803856 0
1731959304331 0.01397407241165638 0
1731959326758 0.013960192911326885 0
1731959348961 0.01395602896809578 0
1731959371423 0.013979117386043072 0
1731959393663 0.013990250416100025 0
1731959416119 0.014028171077370644 0
1731959438357 0.013963127508759499 0
1731959460758 0.013938449323177338 0
1731959483328 0.01399855688214302 0
1731959505766 0.013968026265501976 0
1731959527991 0.013978930190205574 0
1731959550422 0.013973694294691086 0
1731959572624 0.013967031612992287 0
1731959595063 0.013960365206003189 0
1731959617311 0.013997062109410763 0
1731959639743 0.013969612307846546 0
1731959662025 0.014007952064275742 0
1731959684479 0.013997520320117474 0
1731959706707 0.014018232002854347 0
1731959729145 0.013966242782771587 0
1731959751415 0.014027446508407593 0
1731959773818 0.013994819484651089 0
1731959796106 0.014018827117979527 0
