1731954702252 0.0009446452604606748 0
1731954735099 0.0002504090662114322 0
1731954767155 0.00021573896810878068 0
1731954798731 0.000217681415961124 0
1731954829745 0.00020105706062167883 0
1731954860627 0.00023668145877309144 0
1731954891101 0.00023563131981063634 0
1731954921726 0.00018631356942933053 0
1731954952006 0.00020748123642988503 0
1731954982418 0.00018911465303972363 0
1731955012706 0.00020871091692242771 0
1731955043202 0.00021143379854038358 0
1731955073440 0.00019718497060239315 0
1731955103918 0.00021671369904652238 0
1731955133740 0.0002274199650855735 0
1731955159956 0.0002413562615402043 0
1731955186164 0.00023340157349593937 0
1731955212277 0.00021870284399483353 0
1731955238482 0.00021901738364249468 0
1731955264653 0.0002609122602734715 0
1731955290878 0.0002317867474630475 0
1731955317075 0.0002498659596312791 0
1731955341829 0.00026872908347286284 0
1731955365896 0.00026674955734051764 0
1731955390140 0.00021612513228319585 0
1731955414420 0.00027139371377415955 0
1731955438614 0.00025499815819785 0
1731955462662 0.00027577904984354973 0
1731955486934 0.0002630965900607407 0
1731955510974 0.0002917777164839208 0
1731955533941 0.000269763870164752 0
1731955556928 0.00024952180683612823 0
1731955579876 0.000265914888586849 0
1731955602881 0.000277459854260087 0
1731955625890 0.0003020420845132321 0
1731955648862 0.0002891933545470238 0
1731955671807 0.00026004586834460497 0
1731955693993 0.0002840571687556803 0
1731955716215 0.00029709565569646657 0
1731955738221 0.0002934762160293758 0
1731955760424 0.0002785900724120438 0
1731955782484 0.0003193768498022109 0
1731955804760 0.0002854819467756897 0
1731955826845 0.0002944764564745128 0
1731955849437 0.0003033109533134848 0
1731955871486 0.00027464693994261324 0
1731955893713 0.0003214027383364737 0
1731955915773 0.00028217979706823826 0
1731955937985 0.0002981225843541324 0
1731955960116 0.00029110489413142204 0
1731955982394 0.0002777285408228636 0
1731956004501 0.0003081424511037767 0
1731956026815 0.00030150249949656427 0
1731956048911 0.0002813141909427941 0
1731956071198 0.00027206496451981366 0
1731956093306 0.0002814654726535082 0
1731956115602 0.0002804979158099741 0
1731956137742 0.00029442954109981656 0
1731956159990 0.0003043341566808522 0
1731956182424 0.00028701178962364793 0
1731956204698 0.00029301398899406195 0
1731956226757 0.0002790715079754591 0
1731956248995 0.000269359617959708 0
1731956271055 0.00029989323229528964 0
1731956293353 0.0002946942113339901 0
1731956315460 0.00030462731956504285 0
1731956337720 0.00028174405451864004 0
1731956359857 0.0002727982646320015 0
1731956382147 0.0003116473671980202 0
1731956404281 0.0003031392698176205 0
1731956426577 0.00029259081929922104 0
1731956448701 0.00027229858096688986 0
1731956470982 0.0002766429097391665 0
1731956493075 0.00031313730869442225 0
1731956515775 0.00028430300881154835 0
1731956537882 0.00030213664285838604 0
1731956560205 0.00030228239484131336 0
1731956582355 0.0002864592825062573 0
1731956604692 0.00028675401699729264 0
1731956626824 0.0003098157176282257 0
1731956649177 0.00029782517231069505 0
1731956671291 0.0003127114032395184 0
1731956693671 0.00029962247936055064 0
1731956715775 0.00029016530606895685 0
1731956738152 0.000328512629494071 0
1731956760269 0.0002859618398360908 0
1731956782578 0.0002873549237847328 0
1731956804731 0.00032532194745726883 0
1731956827365 0.00029270711820572615 0
1731956849487 0.00027330050943419337 0
1731956871864 0.0003060013405047357 0
1731956894074 0.0002980745048262179 0
1731956916391 0.0003041266754735261 0
1731956938554 0.0002859370142687112 0
1731956960926 0.0003290244494564831 0
1731956983070 0.00030164586496539414 0
1731957005402 0.00028127903351560235 0
1731957027539 0.0003028704668395221 0
1731957049809 0.0002999312710016966 0
1731957072023 0.0002729881671257317 0
1731957094431 0.00028203590773046017 0
1731957116548 0.0002943187137134373 0
1731957138908 0.0003061521565541625 0
1731957161406 0.0002743449294939637 0
1731957183762 0.00033276656176894903 0
1731957205952 0.0002997536794282496 0
1731957228264 0.0002612120006233454 0
1731957250380 0.00029027991695329547 0
1731957272724 0.00028446372016333044 0
1731957294921 0.0002804598188959062 0
1731957317269 0.0002974244998767972 0
1731957339403 0.0002650057431310415 0
1731957361755 0.0002604415640234947 0
1731957383951 0.0002753022708930075 0
1731957406306 0.0002817469649016857 0
1731957428537 0.0003043260658159852 0
1731957450926 0.0003038064460270107 0
1731957473048 0.0002928987087216228 0
1731957495754 0.0002973843947984278 0
1731957517937 0.00029681192245334387 0
1731957540330 0.0003114108694717288 0
1731957562525 0.0003055401612073183 0
1731957584875 0.0003070478851441294 0
1731957607071 0.00030172974220477045 0
1731957629485 0.0002808755962178111 0
1731957651721 0.00030057053663767874 0
1731957674164 0.00028974536689929664 0
1731957696346 0.00028020815807394683 0
1731957718698 0.0002646033826749772 0
1731957740870 0.0002677118172869086 0
1731957763240 0.0003060916205868125 0
1731957785416 0.0002754179877229035 0
1731957807816 0.00030450511258095503 0
1731957830390 0.00028641376411542296 0
1731957852853 0.00028126928373239934 0
1731957875049 0.0003145371447317302 0
1731957897417 0.00028452329570427537 0
1731957919601 0.00024684573872946203 0
1731957942009 0.0002699431497603655 0
1731957964197 0.00030133823747746646 0
1731957986553 0.00027681837673299015 0
1731958008755 0.00027829446480609477 0
1731958031128 0.00029068393632769585 0
1731958053351 0.00028190971352159977 0
1731958075735 0.0002821770613081753 0
1731958097954 0.0002980813733302057 0
1731958120330 0.00027228923863731325 0
1731958142543 0.0003052367828786373 0
1731958165270 0.00028500755433924496 0
1731958187499 0.0002836064377333969 0
1731958209878 0.00028914317954331636 0
1731958232107 0.00027194275753572583 0
1731958254534 0.0002949113550130278 0
1731958276745 0.000283325178315863 0
1731958299149 0.0002861371322069317 0
1731958321346 0.000251861842116341 0
1731958343780 0.00028304228908382356 0
1731958366001 0.0002766162797342986 0
1731958388394 0.0002915149962063879 0
1731958410623 0.00028149582794867456 0
1731958433045 0.00028479628963395953 0
1731958455271 0.0002718772739171982 0
1731958477988 0.00028915179427713156 0
1731958500208 0.00026356696616858244 0
1731958522665 0.00026848624111153185 0
1731958544881 0.0002940768317785114 0
1731958567327 0.0002763443917501718 0
1731958589562 0.00027912022778764367 0
1731958611981 0.00029121062834747136 0
1731958634180 0.0002817310451064259 0
1731958656610 0.0002769762941170484 0
1731958678821 0.00028215761994943023 0
1731958701228 0.00028522557113319635 0
1731958723496 0.0002900810504797846 0
1731958745911 0.00029973190976306796 0
1731958768106 0.0002854552003555 0
1731958790479 0.0002794726751744747 0
1731958813049 0.0002789224963635206 0
1731958835435 0.00025571376318112016 0
1731958857686 0.00029098481172695756 0
1731958880094 0.0002761373179964721 0
1731958902345 0.0002739897172432393 0
1731958924748 0.0002728585386648774 0
1731958946970 0.00029158347751945257 0
1731958969368 0.00027619750471785665 0
1731958991594 0.0002688104286789894 0
1731959013988 0.00029249003273434937 0
1731959036232 0.0002841554523911327 0
1731959058638 0.0002551910583861172 0
1731959080820 0.0002834367915056646 0
1731959103232 0.0002614472759887576 0
1731959125504 0.00028058054158464074 0
1731959148286 0.00026871831505559385 0
1731959170499 0.0002725460799410939 0
1731959192929 0.00028688920428976417 0
1731959215107 0.00027135471464134753 0
1731959237488 0.0002662782499101013 0
1731959259698 0.00027223024517297745 0
1731959282136 0.00027785799466073513 0
1731959304333 0.0002706152154132724 0
1731959326760 0.0002810071164276451 0
1731959348963 0.0002807713462971151 0
1731959371426 0.0002604115870781243 0
1731959393666 0.00028441258473321795 0
1731959416121 0.00028607918648049235 0
1731959438360 0.00028729531913995743 0
1731959460760 0.00030792184406891465 0
1731959483331 0.000269163167104125 0
1731959505768 0.000270043354248628 0
1731959527994 0.0002789402205962688 0
1731959550424 0.00028611894231289625 0
1731959572627 0.0002770551363937557 0
1731959595065 0.0002948676992673427 0
1731959617314 0.0003101642651017755 0
1731959639745 0.00027263048104941845 0
1731959662027 0.00028256303630769253 0
1731959684481 0.00026921654352918267 0
1731959706709 0.0002832957252394408 0
1731959729148 0.00027578952722251415 0
1731959751417 0.0003117940213996917 0
1731959773821 0.0003050833474844694 0
1731959796108 0.0002848580479621887 0
