1731954702252 0.0028688523452728987 0
1731954735099 0.0017687565414234996 0
1731954767155 0.0015543455956503749 0
1731954798731 0.001674205414019525 0
1731954829745 0.0015367245068773627 0
1731954860627 0.0014844555407762527 0
1731954891101 0.0015198945766314864 0
1731954921726 0.0013310381909832358 0
1731954952006 0.0013021407648921013 0
1731954982418 0.0014302218332886696 0
1731955012706 0.0014216720592230558 0
1731955043202 0.0012857818510383368 0
1731955073440 0.001325297518633306 0
1731955103918 0.0013383314944803715 0
1731955133740 0.0012759529054164886 0
1731955159956 0.0013608712470158935 0
1731955186164 0.0011949127074331045 0
1731955212277 0.0011336799943819642 0
1731955238482 0.0012741778045892715 0
1731955264653 0.0014376449398696423 0
1731955290878 0.001478075049817562 0
1731955317075 0.0011717220768332481 0
1731955341829 0.0011291592381894588 0
1731955365896 0.0010819771559908986 0
1731955390140 0.0011703262571245432 0
1731955414420 0.001386284246109426 0
1731955438614 0.0013023847714066505 0
1731955462662 0.0011363166850060225 0
1731955486934 0.0011754771694540977 0
1731955510974 0.0012586051598191261 0
1731955533941 0.0011333170114085078 0
1731955556928 0.0014566436875611544 0
1731955579876 0.0011175572872161865 0
1731955602881 0.0012384001165628433 0
1731955625890 0.0011198705760762095 0
1731955648862 0.0010554438922554255 0
1731955671807 0.001051083323545754 0
1731955693993 0.001186339883133769 0
1731955716215 0.0009308097651228309 0
1731955738221 0.0010392278200015426 0
1731955760424 0.0010414428543299437 0
1731955782484 0.0011817854829132557 0
1731955804760 0.0009327721199952066 0
1731955826845 0.0008348991395905614 0
1731955849437 0.001191653311252594 0
1731955871486 0.0011753840371966362 0
1731955893713 0.0013424539938569069 0
1731955915773 0.0009377743117511272 0
1731955937985 0.0009435370448045433 0
1731955960116 0.000915661861654371 0
1731955982394 0.0011007462162524462 0
1731956004501 0.001167192473076284 0
1731956026815 0.00104928994551301 0
1731956048911 0.0010612760670483112 0
1731956071198 0.0009984293719753623 0
1731956093306 0.000988389365375042 0
1731956115602 0.0011970991035923362 0
1731956137742 0.001050877384841442 0
1731956159990 0.0010925725800916553 0
1731956182424 0.0010711310897022486 0
1731956204698 0.0008629760704934597 0
1731956226757 0.0008334837621077895 0
1731956248995 0.000775149732362479 0
1731956271055 0.0009464988252148032 0
1731956293353 0.0010726640466600657 0
1731956315460 0.0009553140844218433 0
1731956337720 0.001023989636451006 0
1731956359857 0.0010284797754138708 0
1731956382147 0.0009029078064486384 0
1731956404281 0.0008693503914400935 0
1731956426577 0.000894616823643446 0
1731956448701 0.0008628083160147071 0
1731956470982 0.0007547172717750072 0
1731956493075 0.0007882841746322811 0
1731956515775 0.0008474559290334582 0
1731956537882 0.0009477674029767513 0
1731956560205 0.0007996965432539582 0
1731956582355 0.000881221960298717 0
1731956604692 0.000920672609936446 0
1731956626824 0.0008877157233655453 0
1731956649177 0.0008473703055642545 0
1731956671291 0.0007986332639120519 0
1731956693671 0.0010846792720258236 0
1731956715775 0.0007202871493063867 0
1731956738152 0.0009037574054673314 0
1731956760269 0.0008119301637634635 0
1731956782578 0.0008374125463888049 0
1731956804731 0.000839665241073817 0
1731956827365 0.0007243006257340312 0
1731956849487 0.0008623736212030053 0
1731956871864 0.001061336137354374 0
1731956894074 0.0009361768024973571 0
1731956916391 0.0009214518358930945 0
1731956938554 0.000875034078489989 0
1731956960926 0.0008835620246827602 0
1731956983070 0.0008208611980080605 0
1731957005402 0.0008832983439788222 0
1731957027539 0.0012072105892002583 0
1731957049809 0.0007433062419295311 0
1731957072023 0.0007966335397213697 0
1731957094431 0.0008108565816655755 0
1731957116548 0.0009968148078769445 0
1731957138908 0.0007741901790723205 0
1731957161406 0.0008498227689415216 0
1731957183762 0.0008680321625433862 0
1731957205952 0.0007505434914492071 0
1731957228264 0.0007558505749329925 0
1731957250380 0.0006633118027821183 0
1731957272724 0.0008225817000493407 0
1731957294921 0.0009119107271544635 0
1731957317269 0.0008640062878839672 0
1731957339403 0.0007551193120889366 0
1731957361755 0.0009844948071986437 0
1731957383951 0.0008353606681339443 0
1731957406306 0.0007114114123396575 0
1731957428537 0.0007101587252691388 0
1731957450926 0.0007034986629150808 0
1731957473048 0.0007107015117071569 0
1731957495754 0.000757794245146215 0
1731957517937 0.0006948217051103711 0
1731957540330 0.000715034082531929 0
1731957562525 0.0007508945418521762 0
1731957584875 0.0009104448254220188 0
1731957607071 0.0006972785922698677 0
1731957629485 0.0007417091983370483 0
1731957651721 0.0008197923889383674 0
1731957674164 0.0008255451684817672 0
1731957696346 0.0007372006657533348 0
1731957718698 0.0007308907806873322 0
1731957740870 0.0007658950053155422 0
1731957763240 0.0007001808262430131 0
1731957785416 0.0007137455395422876 0
1731957807816 0.0006516821449622512 0
1731957830390 0.0006473427638411522 0
1731957852853 0.0006159067852422595 0
1731957875049 0.0006841339054517448 0
1731957897417 0.0005976753309369087 0
1731957919601 0.0006663617677986622 0
1731957942009 0.0006441744044423103 0
1731957964197 0.0006619160994887352 0
1731957986553 0.0007130102603696287 0
1731958008755 0.0005748990224674344 0
1731958031128 0.000795313564594835 0
1731958053351 0.0005538490950129926 0
1731958075735 0.0006376049714162946 0
1731958097954 0.0005707199452444911 0
1731958120330 0.0006305141723714769 0
1731958142543 0.0005894448840990663 0
1731958165270 0.0006920741870999336 0
1731958187499 0.000641790684312582 0
1731958209878 0.000592048978433013 0
1731958232107 0.0006561403861269355 0
1731958254534 0.0007659789989702404 0
1731958276745 0.0006758727831766009 0
1731958299149 0.000655675248708576 0
1731958321346 0.000809542543720454 0
1731958343780 0.000578669598326087 0
1731958366001 0.000762318610213697 0
1731958388394 0.0005950593622401357 0
1731958410623 0.0006560262991115451 0
1731958433045 0.0005441760877147317 0
1731958455271 0.0006386273889802396 0
1731958477988 0.0006605020025745034 0
1731958500208 0.0006123189814388752 0
1731958522665 0.0006257137283682823 0
1731958544881 0.0007584326667711139 0
1731958567327 0.0007543653482571244 0
1731958589562 0.0006066131754778326 0
1731958611981 0.0005488162860274315 0
1731958634180 0.0006154274451546371 0
1731958656610 0.000587556860409677 0
1731958678821 0.000525458890479058 0
1731958701228 0.0007754493271932006 0
1731958723496 0.0005309046246111393 0
1731958745911 0.0005573852686211467 0
1731958768106 0.0005306296516209841 0
1731958790479 0.0005142400623299181 0
1731958813049 0.0006087860092520714 0
1731958835435 0.0006845981697551906 0
1731958857686 0.0005759226623922586 0
1731958880094 0.0005388489225879312 0
1731958902345 0.0006168265827000141 0
1731958924748 0.0005857496289536357 0
1731958946970 0.0006491388194262981 0
1731958969368 0.0005261386977508664 0
1731958991594 0.0006923122564330697 0
1731959013988 0.0005036027869209647 0
1731959036232 0.0005751310964114964 0
1731959058638 0.0005533992080017924 0
1731959080820 0.000626370485406369 0
1731959103232 0.0005141029832884669 0
1731959125504 0.0005604741745628417 0
1731959148286 0.0005669830134138465 0
1731959170499 0.0005494912620633841 0
1731959192929 0.0005024661077186465 0
1731959215107 0.0006866407347843051 0
1731959237488 0.0005367955309338868 0
1731959259698 0.0007329186191782355 0
1731959282136 0.0005902977427467704 0
1731959304333 0.0006154332077130675 0
1731959326760 0.0005154813406988978 0
1731959348963 0.0005080131813883781 0
1731959371426 0.0005547934561036527 0
1731959393666 0.0005591251538135111 0
1731959416121 0.0006408108747564256 0
1731959438360 0.0005492013297043741 0
1731959460760 0.0004900178173556924 0
1731959483331 0.0005702959606423974 0
1731959505768 0.0005206671776250005 0
1731959527994 0.0005626023048534989 0
1731959550424 0.0005308479885570705 0
1731959572627 0.0005865024286322296 0
1731959595065 0.0005235583521425724 0
1731959617314 0.0005647107027471066 0
1731959639745 0.000487329438328743 0
1731959662027 0.0007710710051469505 0
1731959684481 0.0005632650572806597 0
1731959706709 0.0005238235462456942 0
1731959729148 0.0005768108530901372 0
1731959751417 0.000659750949125737 0
1731959773821 0.0005573129164986312 0
1731959796108 0.00047596724471077323 0
