1731954702252 0.000665237894281745 0
1731954735099 0.0003303292905911803 0
1731954767155 0.00030861253617331386 0
1731954798731 0.0002907338785007596 0
1731954829745 0.00026269647059962153 0
1731954860627 0.0002362849481869489 0
1731954891101 0.0002073929354082793 0
1731954921726 0.00020804486121051013 0
1731954952006 0.00023490024614147842 0
1731954982418 0.00020980281988158822 0
1731955012706 0.00022095307940617204 0
1731955043202 0.00021586880029644817 0
1731955073440 0.00020546071755234152 0
1731955103918 0.0001808190136216581 0
1731955133740 0.00015303358668461442 0
1731955159956 0.00025331726646982133 0
1731955186164 0.00015472230734303594 0
1731955212277 0.00017483753617852926 0
1731955238482 0.00023199053248390555 0
1731955264653 0.00022806113702245057 0
1731955290878 0.00028159853536635637 0
1731955317075 0.00020353346189949661 0
1731955341829 0.00021176385052967817 0
1731955365896 0.00020659383153542876 0
1731955390140 0.0001989364973269403 0
1731955414420 0.00026145807350985706 0
1731955438614 0.0001972427126020193 0
1731955462662 0.0001862329081632197 0
1731955486934 0.0001876259921118617 0
1731955510974 0.0001589674939168617 0
1731955533941 0.00015948270447552204 0
1731955556928 0.00017875904450193048 0
1731955579876 0.00022220562095753849 0
1731955602881 0.00018994555284734815 0
1731955625890 0.00018516120326239616 0
1731955648862 0.0001755753910401836 0
1731955671807 0.0001830992114264518 0
1731955693993 0.0002556641411501914 0
1731955716215 0.00024363319971598685 0
1731955738221 0.00012757189688272774 0
1731955760424 0.00019358645658940077 0
1731955782484 0.00016494118608534336 0
1731955804760 0.00010437416494823992 0
1731955826845 0.00014332222053781152 0
1731955849437 0.0001909525308292359 0
1731955871486 0.00018717642524279654 0
1731955893713 0.00016945401148404926 0
1731955915773 0.00017142450087703764 0
1731955937985 0.00012433240772224963 0
1731955960116 0.00018873685621656477 0
1731955982394 0.00017714056593831629 0
1731956004501 0.0001824642822612077 0
1731956026815 0.0002522223221603781 0
1731956048911 0.00012982757471036166 0
1731956071198 0.00012963351036887616 0
1731956093306 0.00010674296936485916 0
1731956115602 0.00020916022185701877 0
1731956137742 0.00011214733240194619 0
1731956159990 0.00014882390678394586 0
1731956182424 0.00016440893523395061 0
1731956204698 0.00010477517207618803 0
1731956226757 0.00012021807197015733 0
1731956248995 0.00011671685933833942 0
1731956271055 0.0001454749726690352 0
1731956293353 0.0002764484379440546 0
1731956315460 0.00011805973917944357 0
1731956337720 0.0001924106472870335 0
1731956359857 0.00015175851876847446 0
1731956382147 0.00011439317313488573 0
1731956404281 0.00014988545444794 0
1731956426577 0.00010055701568489894 0
1731956448701 0.00011611461377469823 0
1731956470982 0.00013201709953136742 0
1731956493075 0.00015773886116221547 0
1731956515775 0.00011931824701605365 0
1731956537882 0.0001057896442944184 0
1731956560205 0.00015877117402851582 0
1731956582355 0.00010818678856594488 0
1731956604692 0.00016507404507137835 0
1731956626824 0.00014263689809013158 0
1731956649177 0.00014862677198834717 0
1731956671291 0.00010749562352430075 0
1731956693671 0.00016801322635728866 0
1731956715775 0.0001264211896341294 0
1731956738152 0.00012110942043364048 0
1731956760269 9.688398858997971e-05 0
1731956782578 0.00010533566819503903 0
1731956804731 0.00012221382348798215 0
1731956827365 0.00011314968287479132 0
1731956849487 0.00012407283065840602 0
1731956871864 0.00012696089106611907 0
1731956894074 0.0001356529537588358 0
1731956916391 0.0001265231694560498 0
1731956938554 0.00017672993999440223 0
1731956960926 7.345294579863548e-05 0
1731956983070 0.00012466334737837315 0
1731957005402 8.953872020356357e-05 0
1731957027539 0.00012950942618772388 0
1731957049809 0.00010306642070645466 0
1731957072023 0.0001415734295733273 0
1731957094431 0.00011680643365252763 0
1731957116548 0.00014528502651955932 0
1731957138908 0.00010171785834245384 0
1731957161406 0.00014658152940683067 0
1731957183762 0.00011448668374214321 0
1731957205952 9.309087181463838e-05 0
1731957228264 0.00010702655708882958 0
1731957250380 0.00010807987564476207 0
1731957272724 0.0001286392071051523 0
1731957294921 0.00014068951713852584 0
1731957317269 0.00013315121759660542 0
1731957339403 8.428662840742618e-05 0
1731957361755 0.00013327811029739678 0
1731957383951 9.9836295703426e-05 0
1731957406306 9.036089613800868e-05 0
1731957428537 9.289401350542903e-05 0
1731957450926 8.400688966503367e-05 0
1731957473048 9.06319692148827e-05 0
1731957495754 0.00010621760156936944 0
1731957517937 9.523540211375803e-05 0
1731957540330 7.787783397361636e-05 0
1731957562525 9.464378672419116e-05 0
1731957584875 8.10934798209928e-05 0
1731957607071 0.00010073956218548119 0
1731957629485 0.00010494227171875536 0
1731957651721 0.0001189893955597654 0
1731957674164 0.00011177715350640938 0
1731957696346 9.530579700367525e-05 0
1731957718698 0.00010651077900547534 0
1731957740870 0.00011462022666819394 0
1731957763240 8.825084660202265e-05 0
1731957785416 7.898046169430017e-05 0
1731957807816 9.607523679733276e-05 0
1731957830390 9.028486238094047e-05 0
1731957852853 9.011586371343583e-05 0
1731957875049 8.372354204766452e-05 0
1731957897417 9.326996223535389e-05 0
1731957919601 9.846444299910218e-05 0
1731957942009 8.3652586909011e-05 0
1731957964197 0.00010028610267909244 0
1731957986553 0.0001086694683181122 0
1731958008755 9.44012135732919e-05 0
1731958031128 9.043359023053199e-05 0
1731958053351 8.415646152570844e-05 0
1731958075735 9.3341943284031e-05 0
1731958097954 8.31411307444796e-05 0
1731958120330 9.100892202695832e-05 0
1731958142543 0.00010192189074587077 0
1731958165270 7.364938937826082e-05 0
1731958187499 8.626871567685157e-05 0
1731958209878 7.839874888304621e-05 0
1731958232107 7.342390017583966e-05 0
1731958254534 9.183151996694505e-05 0
1731958276745 7.941996591398492e-05 0
1731958299149 8.345653623109683e-05 0
1731958321346 9.864168532658368e-05 0
1731958343780 8.178866119123995e-05 0
1731958366001 0.00010517420014366508 0
1731958388394 9.710127051221207e-05 0
1731958410623 7.768008072162047e-05 0
1731958433045 6.966407818254083e-05 0
1731958455271 7.92399951023981e-05 0
1731958477988 7.351965177804232e-05 0
1731958500208 9.453445090912282e-05 0
1731958522665 9.183532529277727e-05 0
1731958544881 8.277258166344836e-05 0
1731958567327 8.165290637407452e-05 0
1731958589562 6.524847412947565e-05 0
1731958611981 8.124722808133811e-05 0
1731958634180 8.843342948239297e-05 0
1731958656610 8.567087934352458e-05 0
1731958678821 8.220339077524841e-05 0
1731958701228 0.00010027239477494732 0
1731958723496 8.551744394935668e-05 0
1731958745911 8.12578946352005e-05 0
1731958768106 7.095726323314011e-05 0
1731958790479 9.798281826078892e-05 0
1731958813049 7.624400313943624e-05 0
1731958835435 8.586638432461768e-05 0
1731958857686 8.30328426673077e-05 0
1731958880094 7.211609045043588e-05 0
1731958902345 7.17205330147408e-05 0
1731958924748 8.099297701846808e-05 0
1731958946970 8.458670345135033e-05 0
1731958969368 7.18836672604084e-05 0
1731958991594 8.029672608245164e-05 0
1731959013988 7.177756924647838e-05 0
1731959036232 7.165428542066365e-05 0
1731959058638 6.448412023019046e-05 0
1731959080820 7.91357597336173e-05 0
1731959103232 6.97194627719e-05 0
1731959125504 8.81412997841835e-05 0
1731959148286 7.391352119157091e-05 0
1731959170499 7.107974670361727e-05 0
1731959192929 7.93164799688384e-05 0
1731959215107 7.288911729119718e-05 0
1731959237488 7.0119698648341e-05 0
1731959259698 7.224932051030919e-05 0
1731959282136 7.761440065223724e-05 0
1731959304333 7.274447125382721e-05 0
1731959326760 6.52124363114126e-05 0
1731959348963 6.983480125200003e-05 0
1731959371426 6.288660370046273e-05 0
1731959393666 7.329726940952241e-05 0
1731959416121 7.965383701957762e-05 0
1731959438360 6.868459604447708e-05 0
1731959460760 6.530160317197442e-05 0
1731959483331 8.624960901215672e-05 0
1731959505768 7.508487033192068e-05 0
1731959527994 7.661587005713955e-05 0
1731959550424 7.43628479540348e-05 0
1731959572627 8.24861490400508e-05 0
1731959595065 7.887896208558232e-05 0
1731959617314 6.961146573303267e-05 0
1731959639745 7.108756108209491e-05 0
1731959662027 7.849054236430675e-05 0
1731959684481 6.308741285465658e-05 0
1731959706709 6.848964403616264e-05 0
1731959729148 6.867010961286724e-05 0
1731959751417 6.980907346587628e-05 0
1731959773821 6.865285831736401e-05 0
1731959796108 7.24934070603922e-05 0
