1731963694755 0.025675086304545403 0
1731963716688 0.028831051662564278 0
1731963738245 0.030270887538790703 0
1731963759622 0.03165879473090172 0
1731963780645 0.03193673491477966 0
1731963801631 0.034083347767591476 0
1731963822366 0.03543378412723541 0
1731963843183 0.03555677831172943 0
1731963863863 0.03549659624695778 0
1731963884540 0.03632377088069916 0
1731963905066 0.03586011379957199 0
1731963925694 0.03580322116613388 0
1731963946182 0.035862237215042114 0
1731963966782 0.036442793905735016 0
1731963987125 0.036409009248018265 0
1731964005219 0.036209773272275925 0
1731964023304 0.035848524421453476 0
1731964041387 0.036507099866867065 0
1731964059467 0.03654994070529938 0
1731964077551 0.03645658865571022 0
1731964095610 0.036895088851451874 0
1731964113697 0.036481983959674835 0
1731964130919 0.03623325377702713 0
1731964147719 0.03631627559661865 0
1731964164622 0.03677373379468918 0
1731964181527 0.036774713546037674 0
1731964198431 0.0365121029317379 0
1731964215235 0.03670284524559975 0
1731964232100 0.036184314638376236 0
1731964249012 0.036804940551519394 0
1731964265179 0.03635387122631073 0
1731964281303 0.03708508983254433 0
1731964297455 0.03660016134381294 0
1731964313594 0.03670548275113106 0
1731964329728 0.03709889575839043 0
1731964345827 0.03619761765003204 0
1731964361951 0.03625128045678139 0
1731964377630 0.03622710704803467 0
1731964393331 0.03633878752589226 0
1731964408896 0.0366363599896431 0
1731964424621 0.036764368414878845 0
1731964440195 0.03687085956335068 0
1731964455864 0.03626168891787529 0
1731964471422 0.03623679280281067 0
1731964487448 0.036933403462171555 0
1731964503033 0.036313798278570175 0
1731964518720 0.03677809610962868 0
1731964534302 0.03680334612727165 0
1731964550020 0.036036670207977295 0
1731964565620 0.036636531352996826 0
1731964581303 0.03613123297691345 0
1731964596907 0.03600183129310608 0
1731964612579 0.03630148619413376 0
1731964628154 0.03678610175848007 0
1731964643830 0.03606020286679268 0
1731964659425 0.037071049213409424 0
1731964675125 0.036449432373046875 0
1731964690688 0.036912232637405396 0
1731964706358 0.03662236034870148 0
1731964722271 0.03660706803202629 0
1731964737962 0.03659535571932793 0
1731964753516 0.0365285761654377 0
1731964769191 0.03687334805727005 0
1731964784765 0.036279212683439255 0
1731964800459 0.03688793629407883 0
1731964816004 0.03670197352766991 0
1731964831693 0.03666229173541069 0
1731964847258 0.0365469753742218 0
1731964862907 0.036467716097831726 0
1731964878479 0.036162879317998886 0
1731964894164 0.03645137697458267 0
1731964909713 0.03599342703819275 0
1731964925386 0.03666491061449051 0
1731964940950 0.0361662283539772 0
1731964956940 0.03634442389011383 0
1731964972500 0.036733899265527725 0
1731964988159 0.03662562742829323 0
1731965003714 0.03643800690770149 0
1731965019384 0.03620332106947899 0
1731965034948 0.03726299852132797 0
1731965050633 0.03658175468444824 0
1731965066188 0.0365307480096817 0
1731965081877 0.03674452006816864 0
1731965097442 0.03642728924751282 0
1731965113119 0.03615177422761917 0
1731965128665 0.03627367690205574 0
1731965144332 0.036377016454935074 0
1731965159893 0.03634324669837952 0
1731965175911 0.03640805929899216 0
1731965191477 0.03643140569329262 0
1731965207153 0.03637096285820007 0
1731965222720 0.03632248938083649 0
1731965238381 0.036854591220617294 0
1731965253933 0.03703685104846954 0
1731965269594 0.036312658339738846 0
1731965285170 0.0366702601313591 0
1731965300806 0.036375973373651505 0
1731965316356 0.036528199911117554 0
1731965332016 0.03650365397334099 0
1731965347597 0.03631247580051422 0
1731965363266 0.03664558753371239 0
1731965378869 0.0363970622420311 0
1731965394571 0.0367218479514122 0
1731965410492 0.03645417094230652 0
1731965426179 0.03644368052482605 0
1731965441753 0.036346640437841415 0
1731965457406 0.03662358969449997 0
1731965472953 0.036611445248126984 0
1731965488613 0.0368209034204483 0
1731965504163 0.03650914877653122 0
1731965519815 0.03657824918627739 0
1731965535377 0.03677325323224068 0
1731965551042 0.036362193524837494 0
1731965566594 0.03659695014357567 0
1731965582278 0.03655558452010155 0
1731965597830 0.036484476178884506 0
1731965613488 0.03661676496267319 0
1731965629028 0.036487337201833725 0
1731965645219 0.03678761050105095 0
1731965660773 0.036230530589818954 0
1731965676459 0.03649582713842392 0
1731965692024 0.03620756044983864 0
1731965707686 0.03631088137626648 0
1731965723243 0.03650493919849396 0
1731965738919 0.036860547959804535 0
1731965754490 0.03636173903942108 0
1731965770148 0.036586638540029526 0
1731965785672 0.03653887286782265 0
1731965801342 0.03645725175738335 0
1731965816885 0.03678016737103462 0
1731965832560 0.03694628179073334 0
1731965848141 0.036922041326761246 0
1731965863812 0.03653319552540779 0
1731965879693 0.03642898052930832 0
1731965895366 0.03671567142009735 0
1731965910934 0.03647225350141525 0
1731965926580 0.03641170635819435 0
1731965942109 0.036705564707517624 0
1731965957782 0.036642614752054214 0
1731965973346 0.03657754138112068 0
1731965989005 0.03653156757354736 0
1731966004566 0.03661814704537392 0
1731966020199 0.03662051260471344 0
1731966035780 0.03661883622407913 0
1731966051449 0.03636761009693146 0
1731966067002 0.036565400660037994 0
1731966082661 0.03682182356715202 0
1731966098225 0.03651300445199013 0
1731966114234 0.03663637489080429 0
1731966129793 0.03644310310482979 0
1731966145437 0.0366300493478775 0
1731966160980 0.03642520308494568 0
1731966176653 0.03654070943593979 0
1731966192240 0.03651750087738037 0
1731966207915 0.036503419280052185 0
1731966223440 0.036636125296354294 0
1731966239106 0.03646424785256386 0
1731966254668 0.0365016870200634 0
1731966270304 0.03667416051030159 0
1731966285841 0.036798860877752304 0
1731966301509 0.03622899949550629 0
1731966317070 0.036669787019491196 0
1731966333112 0.036948949098587036 0
1731966348665 0.03630485013127327 0
1731966364320 0.036582186818122864 0
1731966379864 0.03660901263356209 0
1731966395522 0.036508120596408844 0
1731966411079 0.036566827446222305 0
1731966426763 0.036511778831481934 0
1731966442311 0.03664611652493477 0
1731966457979 0.03671225905418396 0
1731966473519 0.03698420897126198 0
1731966489192 0.03621714562177658 0
1731966504756 0.03650462254881859 0
1731966520444 0.03651866316795349 0
1731966536025 0.0365714393556118 0
1731966551693 0.0363752543926239 0
1731966567609 0.036422327160835266 0
1731966583292 0.03658432886004448 0
1731966598847 0.03634224459528923 0
1731966614553 0.03645516559481621 0
1731966630127 0.03678976744413376 0
1731966645821 0.03659716248512268 0
1731966661421 0.0365670882165432 0
1731966677106 0.036525189876556396 0
1731966692661 0.03638949245214462 0
1731966708325 0.03653831034898758 0
1731966723884 0.036723874509334564 0
1731966739564 0.03650443255901337 0
1731966755135 0.03639853373169899 0
1731966770794 0.03664876148104668 0
1731966786378 0.03665056824684143 0
1731966802369 0.03654590621590614 0
1731966817965 0.036505382508039474 0
1731966833635 0.03639360889792442 0
1731966849210 0.03647727146744728 0
1731966864872 0.0365559458732605 0
1731966880451 0.03651856631040573 0
1731966896096 0.03647854924201965 0
1731966911648 0.03672304004430771 0
1731966927311 0.036473438143730164 0
1731966942888 0.03635329380631447 0
1731966958547 0.036516640335321426 0
1731966974107 0.03671150654554367 0
1731966989766 0.03664835914969444 0
1731967005340 0.036612369120121 0
1731967021008 0.0364161878824234 0
1731967036878 0.03646768629550934 0
1731967052542 0.036659035831689835 0
1731967068109 0.03652535378932953 0
1731967083812 0.036750759929418564 0
1731967099385 0.03659562021493912 0
1731967115049 0.036566413938999176 0
1731967130611 0.03673334792256355 0
1731967146279 0.03659389913082123 0
1731967161841 0.036470841616392136 0
1731967177511 0.036466553807258606 0
1731967193060 0.03642392158508301 0
1731967208741 0.03648316487669945 0
1731967224335 0.03646134212613106 0
1731967240058 0.036660969257354736 0
1731967255664 0.0366433747112751 0
