1731963694755 1.0898479223251343 0
1731963716688 0.9926661252975464 0
1731963738245 0.9717648029327393 0
1731963759622 0.989763617515564 0
1731963780645 1.010740041732788 0
1731963801631 1.0208969116210938 0
1731963822366 0.9920560121536255 0
1731963843183 0.9101067781448364 0
1731963863863 1.0234547853469849 0
1731963884540 1.031888723373413 0
1731963905066 0.95628821849823 0
1731963925694 0.989641547203064 0
1731963946182 0.92489093542099 0
1731963966782 0.9933407306671143 0
1731963987125 1.0038784742355347 0
1731964005219 1.0405998229980469 0
1731964023304 1.0407111644744873 0
1731964041387 0.9791036248207092 0
1731964059467 0.962486743927002 0
1731964077551 0.9802972078323364 0
1731964095610 0.9620047807693481 0
1731964113697 0.9593126177787781 0
1731964130919 0.9726110696792603 0
1731964147719 0.96843421459198 0
1731964164622 0.9669360518455505 0
1731964181527 0.906887412071228 0
1731964198431 0.9715242385864258 0
1731964215235 0.9813058972358704 0
1731964232100 0.9746332764625549 0
1731964249012 0.9949790239334106 0
1731964265179 0.9788885712623596 0
1731964281303 0.9766356945037842 0
1731964297455 0.9790229201316833 0
1731964313594 0.9794366955757141 0
1731964329728 0.951495885848999 0
1731964345827 0.9897242188453674 0
1731964361951 1.0088918209075928 0
1731964377630 0.984237015247345 0
1731964393331 0.978097140789032 0
1731964408896 0.9559979438781738 0
1731964424621 0.9920300841331482 0
1731964440195 0.9719130396842957 0
1731964455864 0.9660274386405945 0
1731964471422 0.96837317943573 0
1731964487448 0.9695960879325867 0
1731964503033 0.9487178325653076 0
1731964518720 0.9583531022071838 0
1731964534302 0.9659356474876404 0
1731964550020 0.9330203533172607 0
1731964565620 0.9666559100151062 0
1731964581303 0.973849356174469 0
1731964596907 0.9519092440605164 0
1731964612579 0.9835272431373596 0
1731964628154 0.9833972454071045 0
1731964643830 0.9795404076576233 0
1731964659425 0.9825937151908875 0
1731964675125 0.9746736884117126 0
1731964690688 0.9706878662109375 0
1731964706358 0.9716017246246338 0
1731964722271 0.9744529128074646 0
1731964737962 0.9536311626434326 0
1731964753516 0.9774166941642761 0
1731964769191 0.9697260856628418 0
1731964784765 0.963619589805603 0
1731964800459 0.973913311958313 0
1731964816004 0.9832296967506409 0
1731964831693 0.9386767148971558 0
1731964847258 0.9505999684333801 0
1731964862907 0.9440935850143433 0
1731964878479 0.9210013151168823 0
1731964894164 0.9689333438873291 0
1731964909713 0.9595422744750977 0
1731964925386 0.9839464426040649 0
1731964940950 0.9937677383422852 0
1731964956940 0.9537584781646729 0
1731964972500 0.9698115587234497 0
1731964988159 0.9716219902038574 0
1731965003714 0.9889323711395264 0
1731965019384 0.9550665020942688 0
1731965034948 0.9727903604507446 0
1731965050633 0.9589145183563232 0
1731965066188 0.9698918461799622 0
1731965081877 0.9533071517944336 0
1731965097442 0.9804316759109497 0
1731965113119 0.9763718843460083 0
1731965128665 0.9679458737373352 0
1731965144332 0.9469966888427734 0
1731965159893 0.9540843963623047 0
1731965175911 0.9605383276939392 0
1731965191477 0.9724805951118469 0
1731965207153 0.9596388339996338 0
1731965222720 0.9921188354492188 0
1731965238381 0.9822287559509277 0
1731965253933 0.9628328084945679 0
1731965269594 0.9795664548873901 0
1731965285170 0.9622250199317932 0
1731965300806 0.978988766670227 0
1731965316356 0.9694636464118958 0
1731965332016 0.9812160730361938 0
1731965347597 0.9899857044219971 0
1731965363266 0.9827978014945984 0
1731965378869 0.9588890075683594 0
1731965394571 0.9899488687515259 0
1731965410492 0.9718558192253113 0
1731965426179 0.9667975306510925 0
1731965441753 0.971390962600708 0
1731965457406 0.9652016162872314 0
1731965472953 0.9664636850357056 0
1731965488613 0.9734881520271301 0
1731965504163 0.9642654657363892 0
1731965519815 0.9450705051422119 0
1731965535377 0.9649854898452759 0
1731965551042 0.9928581118583679 0
1731965566594 0.9638708829879761 0
1731965582278 0.9585853815078735 0
1731965597830 0.9658324718475342 0
1731965613488 0.9660074710845947 0
1731965629028 0.976373016834259 0
1731965645219 0.9773911833763123 0
1731965660773 0.9582911729812622 0
1731965676459 0.9699813723564148 0
1731965692024 0.9594526290893555 0
1731965707686 0.9657393097877502 0
1731965723243 0.9689897894859314 0
1731965738919 0.9613553881645203 0
1731965754490 0.9709157943725586 0
1731965770148 0.9646112322807312 0
1731965785672 0.9660558104515076 0
1731965801342 0.9773250818252563 0
1731965816885 0.9567344188690186 0
1731965832560 0.9684594869613647 0
1731965848141 0.9824948906898499 0
1731965863812 0.9856347441673279 0
1731965879693 0.9771655201911926 0
1731965895366 0.9717236757278442 0
1731965910934 0.9711135625839233 0
1731965926580 0.9658612608909607 0
1731965942109 0.975400984287262 0
1731965957782 0.948679506778717 0
1731965973346 0.9742281436920166 0
1731965989005 0.9799391627311707 0
1731966004566 0.9674903750419617 0
1731966020199 0.970696210861206 0
1731966035780 0.9533069729804993 0
1731966051449 0.9771163463592529 0
1731966067002 0.9795128703117371 0
1731966082661 0.9611013531684875 0
1731966098225 0.9672746658325195 0
1731966114234 0.970106840133667 0
1731966129793 0.9746387004852295 0
1731966145437 0.9594137668609619 0
1731966160980 0.9596406817436218 0
1731966176653 0.9688770174980164 0
1731966192240 0.9726266860961914 0
1731966207915 0.9558748006820679 0
1731966223440 0.9806614518165588 0
1731966239106 0.9815878868103027 0
1731966254668 0.9682939648628235 0
1731966270304 0.9701560735702515 0
1731966285841 0.9658107757568359 0
1731966301509 0.9691702723503113 0
1731966317070 0.9735391736030579 0
1731966333112 0.9688451886177063 0
1731966348665 0.9696056246757507 0
1731966364320 0.9839906096458435 0
1731966379864 0.9668719172477722 0
1731966395522 0.9656435251235962 0
1731966411079 0.9798253774642944 0
1731966426763 0.9797825813293457 0
1731966442311 0.9722862243652344 0
1731966457979 0.9725736379623413 0
1731966473519 0.9650684595108032 0
1731966489192 0.9803355932235718 0
1731966504756 0.9775868654251099 0
1731966520444 0.9629760384559631 0
1731966536025 0.9798917770385742 0
1731966551693 0.9707769751548767 0
1731966567609 0.9677591919898987 0
1731966583292 0.9704840183258057 0
1731966598847 0.974746584892273 0
1731966614553 0.9735814332962036 0
1731966630127 0.971041202545166 0
1731966645821 0.9676898121833801 0
1731966661421 0.9726969003677368 0
1731966677106 0.9602841138839722 0
1731966692661 0.9713939428329468 0
1731966708325 0.9767958521842957 0
1731966723884 0.9684746861457825 0
1731966739564 0.9742578268051147 0
1731966755135 0.9823949933052063 0
1731966770794 0.9814615249633789 0
1731966786378 0.96346515417099 0
1731966802369 0.9601614475250244 0
1731966817965 0.9744449853897095 0
1731966833635 0.9860998392105103 0
1731966849210 0.9840583801269531 0
1731966864872 0.9784913659095764 0
1731966880451 0.9765881896018982 0
1731966896096 0.9655411839485168 0
1731966911648 0.9804553389549255 0
1731966927311 0.9705431461334229 0
1731966942888 0.9786999821662903 0
1731966958547 0.965040385723114 0
1731966974107 0.9735144972801208 0
1731966989766 0.9738062620162964 0
1731967005340 0.9610323309898376 0
1731967021008 0.9691632390022278 0
1731967036878 0.9801813960075378 0
1731967052542 0.9712504148483276 0
1731967068109 0.9782642722129822 0
1731967083812 0.9657384157180786 0
1731967099385 0.9701896905899048 0
1731967115049 0.9810574650764465 0
1731967130611 0.9755687713623047 0
1731967146279 0.9710879325866699 0
1731967161841 0.9752885103225708 0
1731967177511 0.9749166965484619 0
1731967193060 0.9665541052818298 0
1731967208741 0.9711559414863586 0
1731967224335 0.9750939607620239 0
1731967240058 0.972672164440155 0
1731967255664 0.9844872951507568 0
