1731963694755 0.37145915627479553 0
1731963716688 0.3042660355567932 0
1731963738245 0.31549423933029175 0
1731963759622 0.34178492426872253 0
1731963780645 0.3389791250228882 0
1731963801631 0.343971848487854 0
1731963822366 0.3562653064727783 0
1731963843183 0.3583565950393677 0
1731963863863 0.36640551686286926 0
1731963884540 0.37075430154800415 0
1731963905066 0.3591979742050171 0
1731963925694 0.3526352643966675 0
1731963946182 0.35496994853019714 0
1731963966782 0.3573957681655884 0
1731963987125 0.356258749961853 0
1731964005219 0.3681945204734802 0
1731964023304 0.35925406217575073 0
1731964041387 0.35326921939849854 0
1731964059467 0.3611348271369934 0
1731964077551 0.3600921928882599 0
1731964095610 0.3531956076622009 0
1731964113697 0.3532465696334839 0
1731964130919 0.3519771993160248 0
1731964147719 0.36070871353149414 0
1731964164622 0.3604532480239868 0
1731964181527 0.3530370891094208 0
1731964198431 0.35593071579933167 0
1731964215235 0.35208195447921753 0
1731964232100 0.35453781485557556 0
1731964249012 0.35536670684814453 0
1731964265179 0.35029467940330505 0
1731964281303 0.3545330762863159 0
1731964297455 0.35872218012809753 0
1731964313594 0.3507477939128876 0
1731964329728 0.3455784022808075 0
1731964345827 0.3556341826915741 0
1731964361951 0.3595895767211914 0
1731964377630 0.3540256917476654 0
1731964393331 0.3471149802207947 0
1731964408896 0.36037224531173706 0
1731964424621 0.36105993390083313 0
1731964440195 0.35664018988609314 0
1731964455864 0.3600417673587799 0
1731964471422 0.35339632630348206 0
1731964487448 0.35990485548973083 0
1731964503033 0.35597848892211914 0
1731964518720 0.3523067533969879 0
1731964534302 0.3456369638442993 0
1731964550020 0.34854045510292053 0
1731964565620 0.357090562582016 0
1731964581303 0.3551015555858612 0
1731964596907 0.35575777292251587 0
1731964612579 0.35293903946876526 0
1731964628154 0.35033223032951355 0
1731964643830 0.3621165156364441 0
1731964659425 0.3539596498012543 0
1731964675125 0.3432580828666687 0
1731964690688 0.35795268416404724 0
1731964706358 0.35969778895378113 0
1731964722271 0.35576313734054565 0
1731964737962 0.3551390767097473 0
1731964753516 0.3582906126976013 0
1731964769191 0.35599973797798157 0
1731964784765 0.3515247106552124 0
1731964800459 0.3545830249786377 0
1731964816004 0.3513851761817932 0
1731964831693 0.3504507839679718 0
1731964847258 0.3527511954307556 0
1731964862907 0.34872546792030334 0
1731964878479 0.34906184673309326 0
1731964894164 0.35130172967910767 0
1731964909713 0.34897446632385254 0
1731964925386 0.35115376114845276 0
1731964940950 0.3514793813228607 0
1731964956940 0.3508342504501343 0
1731964972500 0.3529543876647949 0
1731964988159 0.3485395908355713 0
1731965003714 0.3541921377182007 0
1731965019384 0.3543055057525635 0
1731965034948 0.34927868843078613 0
1731965050633 0.3489218056201935 0
1731965066188 0.35326889157295227 0
1731965081877 0.34405067563056946 0
1731965097442 0.3508422076702118 0
1731965113119 0.3535352051258087 0
1731965128665 0.35631218552589417 0
1731965144332 0.34629324078559875 0
1731965159893 0.34817633032798767 0
1731965175911 0.35389918088912964 0
1731965191477 0.34824681282043457 0
1731965207153 0.35253801941871643 0
1731965222720 0.3530818819999695 0
1731965238381 0.3512227237224579 0
1731965253933 0.3526679277420044 0
1731965269594 0.34958499670028687 0
1731965285170 0.35272109508514404 0
1731965300806 0.35537511110305786 0
1731965316356 0.35139238834381104 0
1731965332016 0.3506275415420532 0
1731965347597 0.3509214520454407 0
1731965363266 0.35234832763671875 0
1731965378869 0.35263922810554504 0
1731965394571 0.3511859178543091 0
1731965410492 0.3526460826396942 0
1731965426179 0.35279929637908936 0
1731965441753 0.35390371084213257 0
1731965457406 0.3508946895599365 0
1731965472953 0.3511693775653839 0
1731965488613 0.35319334268569946 0
1731965504163 0.35330644249916077 0
1731965519815 0.3517245352268219 0
1731965535377 0.3516065180301666 0
1731965551042 0.35235345363616943 0
1731965566594 0.35058242082595825 0
1731965582278 0.35086679458618164 0
1731965597830 0.3495906591415405 0
1731965613488 0.3528953790664673 0
1731965629028 0.356934517621994 0
1731965645219 0.3514501750469208 0
1731965660773 0.3511907458305359 0
1731965676459 0.35108527541160583 0
1731965692024 0.35159337520599365 0
1731965707686 0.35080206394195557 0
1731965723243 0.35378676652908325 0
1731965738919 0.3506706953048706 0
1731965754490 0.35106492042541504 0
1731965770148 0.3493087589740753 0
1731965785672 0.3530143201351166 0
1731965801342 0.3497958481311798 0
1731965816885 0.3510652780532837 0
1731965832560 0.35055920481681824 0
1731965848141 0.35230228304862976 0
1731965863812 0.3510727882385254 0
1731965879693 0.35203397274017334 0
1731965895366 0.3520087003707886 0
1731965910934 0.3483525812625885 0
1731965926580 0.35113054513931274 0
1731965942109 0.3501660227775574 0
1731965957782 0.350493460893631 0
1731965973346 0.3504682779312134 0
1731965989005 0.35242968797683716 0
1731966004566 0.350519597530365 0
1731966020199 0.34914419054985046 0
1731966035780 0.35256385803222656 0
1731966051449 0.3517710864543915 0
1731966067002 0.3529411256313324 0
1731966082661 0.3517386019229889 0
1731966098225 0.3531891703605652 0
1731966114234 0.351463258266449 0
1731966129793 0.3508288860321045 0
1731966145437 0.3508407175540924 0
1731966160980 0.34805789589881897 0
1731966176653 0.3466207981109619 0
1731966192240 0.35099512338638306 0
1731966207915 0.35077133774757385 0
1731966223440 0.3535635471343994 0
1731966239106 0.35106077790260315 0
1731966254668 0.3503267168998718 0
1731966270304 0.34994372725486755 0
1731966285841 0.35053306818008423 0
1731966301509 0.35188448429107666 0
1731966317070 0.34968048334121704 0
1731966333112 0.3500817120075226 0
1731966348665 0.34983718395233154 0
1731966364320 0.35134604573249817 0
1731966379864 0.35184866189956665 0
1731966395522 0.35375964641571045 0
1731966411079 0.35207051038742065 0
1731966426763 0.35099735856056213 0
1731966442311 0.349219411611557 0
1731966457979 0.3481235206127167 0
1731966473519 0.3501318693161011 0
1731966489192 0.3513486683368683 0
1731966504756 0.3524734675884247 0
1731966520444 0.3521256744861603 0
1731966536025 0.34953540563583374 0
1731966551693 0.35224175453186035 0
1731966567609 0.3514067232608795 0
1731966583292 0.35287123918533325 0
1731966598847 0.35361430048942566 0
1731966614553 0.34983643889427185 0
1731966630127 0.3487955629825592 0
1731966645821 0.35097062587738037 0
1731966661421 0.3516174256801605 0
1731966677106 0.3505566716194153 0
1731966692661 0.35039225220680237 0
1731966708325 0.3505643308162689 0
1731966723884 0.3515545129776001 0
1731966739564 0.351734459400177 0
1731966755135 0.3508261740207672 0
1731966770794 0.35315850377082825 0
1731966786378 0.34850627183914185 0
1731966802369 0.3503974676132202 0
1731966817965 0.35262972116470337 0
1731966833635 0.35154566168785095 0
1731966849210 0.3522927761077881 0
1731966864872 0.3519616425037384 0
1731966880451 0.35249778628349304 0
1731966896096 0.35116609930992126 0
1731966911648 0.35179272294044495 0
1731966927311 0.34957602620124817 0
1731966942888 0.3509892523288727 0
1731966958547 0.3492579460144043 0
1731966974107 0.35122913122177124 0
1731966989766 0.35073548555374146 0
1731967005340 0.34869351983070374 0
1731967021008 0.3514876067638397 0
1731967036878 0.3497486114501953 0
1731967052542 0.35146328806877136 0
1731967068109 0.3508780598640442 0
1731967083812 0.35046494007110596 0
1731967099385 0.35018041729927063 0
1731967115049 0.3502214848995209 0
1731967130611 0.3509749174118042 0
1731967146279 0.34995779395103455 0
1731967161841 0.3499753475189209 0
1731967177511 0.3511779308319092 0
1731967193060 0.3512970209121704 0
1731967208741 0.35078391432762146 0
1731967224335 0.3534461557865143 0
1731967240058 0.35135617852211 0
1731967255664 0.35177236795425415 0
