1731963694755 0.17109349370002747 0
1731963716688 0.14039629697799683 0
1731963738245 0.12672701478004456 0
1731963759622 0.11545019596815109 0
1731963780645 0.10873313993215561 0
1731963801631 0.0997682511806488 0
1731963822366 0.09045650064945221 0
1731963843183 0.08622649312019348 0
1731963863863 0.0789429247379303 0
1731963884540 0.07711955904960632 0
1731963905066 0.06991763412952423 0
1731963925694 0.06333769857883453 0
1731963946182 0.06600815802812576 0
1731963966782 0.059127043932676315 0
1731963987125 0.054852068424224854 0
1731964005219 0.05482923984527588 0
1731964023304 0.05316338315606117 0
1731964041387 0.051175445318222046 0
1731964059467 0.05017703026533127 0
1731964077551 0.04878227412700653 0
1731964095610 0.0450478158891201 0
1731964113697 0.04469820857048035 0
1731964130919 0.04532666876912117 0
1731964147719 0.04216271638870239 0
1731964164622 0.0432082936167717 0
1731964181527 0.04203255847096443 0
1731964198431 0.04000768065452576 0
1731964215235 0.03931336849927902 0
1731964232100 0.04001707211136818 0
1731964249012 0.03835669532418251 0
1731964265179 0.036484941840171814 0
1731964281303 0.03897916153073311 0
1731964297455 0.037417102605104446 0
1731964313594 0.03595920652151108 0
1731964329728 0.037039775401353836 0
1731964345827 0.035861507058143616 0
1731964361951 0.03311464190483093 0
1731964377630 0.034467484802007675 0
1731964393331 0.0352218821644783 0
1731964408896 0.03148791566491127 0
1731964424621 0.031904734671115875 0
1731964440195 0.03437593951821327 0
1731964455864 0.030836494639515877 0
1731964471422 0.031102530658245087 0
1731964487448 0.032342761754989624 0
1731964503033 0.03184804320335388 0
1731964518720 0.031541287899017334 0
1731964534302 0.030644312500953674 0
1731964550020 0.030192701146006584 0
1731964565620 0.030339090153574944 0
1731964581303 0.02938811480998993 0
1731964596907 0.030153295025229454 0
1731964612579 0.028857165947556496 0
1731964628154 0.02941862680017948 0
1731964643830 0.02921820804476738 0
1731964659425 0.026868315413594246 0
1731964675125 0.029317297041416168 0
1731964690688 0.02749093621969223 0
1731964706358 0.02793799340724945 0
1731964722271 0.02863122895359993 0
1731964737962 0.026927445083856583 0
1731964753516 0.027074601501226425 0
1731964769191 0.025815993547439575 0
1731964784765 0.026555251330137253 0
1731964800459 0.025212755426764488 0
1731964816004 0.026159584522247314 0
1731964831693 0.027113687247037888 0
1731964847258 0.02596462145447731 0
1731964862907 0.024595938622951508 0
1731964878479 0.025093186646699905 0
1731964894164 0.025439731776714325 0
1731964909713 0.023471934720873833 0
1731964925386 0.024804875254631042 0
1731964940950 0.024121560156345367 0
1731964956940 0.023544318974018097 0
1731964972500 0.02389010787010193 0
1731964988159 0.022896746173501015 0
1731965003714 0.024120043963193893 0
1731965019384 0.02273106388747692 0
1731965034948 0.023332493379712105 0
1731965050633 0.0228600911796093 0
1731965066188 0.02351241186261177 0
1731965081877 0.024470647796988487 0
1731965097442 0.022635668516159058 0
1731965113119 0.022507714107632637 0
1731965128665 0.022499607875943184 0
1731965144332 0.02215270698070526 0
1731965159893 0.02167448028922081 0
1731965175911 0.02241283282637596 0
1731965191477 0.021351788192987442 0
1731965207153 0.02219332382082939 0
1731965222720 0.02145654894411564 0
1731965238381 0.022097187116742134 0
1731965253933 0.022617019712924957 0
1731965269594 0.02175232395529747 0
1731965285170 0.019635140895843506 0
1731965300806 0.01966814696788788 0
1731965316356 0.020440038293600082 0
1731965332016 0.020495308563113213 0
1731965347597 0.0203341543674469 0
1731965363266 0.02128683589398861 0
1731965378869 0.020168684422969818 0
1731965394571 0.020548218861222267 0
1731965410492 0.02138020098209381 0
1731965426179 0.019592327997088432 0
1731965441753 0.020574849098920822 0
1731965457406 0.019612731412053108 0
1731965472953 0.019677791744470596 0
1731965488613 0.020754888653755188 0
1731965504163 0.020601458847522736 0
1731965519815 0.0203411728143692 0
1731965535377 0.020262522622942924 0
1731965551042 0.020231682807207108 0
1731965566594 0.019070664420723915 0
1731965582278 0.018940281122922897 0
1731965597830 0.018853746354579926 0
1731965613488 0.019251544028520584 0
1731965629028 0.01842254213988781 0
1731965645219 0.018383093178272247 0
1731965660773 0.02063942700624466 0
1731965676459 0.01893012784421444 0
1731965692024 0.01954532042145729 0
1731965707686 0.017954939976334572 0
1731965723243 0.018652910366654396 0
1731965738919 0.019277706742286682 0
1731965754490 0.01703079789876938 0
1731965770148 0.018258968368172646 0
1731965785672 0.01821107044816017 0
1731965801342 0.01791263371706009 0
1731965816885 0.017577681690454483 0
1731965832560 0.01817450299859047 0
1731965848141 0.01777661219239235 0
1731965863812 0.019244203343987465 0
1731965879693 0.01771458610892296 0
1731965895366 0.01743861846625805 0
1731965910934 0.01811041310429573 0
1731965926580 0.01755155622959137 0
1731965942109 0.018254755064845085 0
1731965957782 0.016838213428854942 0
1731965973346 0.017396826297044754 0
1731965989005 0.017637982964515686 0
1731966004566 0.01709575578570366 0
1731966020199 0.017891205847263336 0
1731966035780 0.01690233126282692 0
1731966051449 0.016765056177973747 0
1731966067002 0.016557667404413223 0
1731966082661 0.016484111547470093 0
1731966098225 0.017282698303461075 0
1731966114234 0.016658073291182518 0
1731966129793 0.01655004546046257 0
1731966145437 0.017214814200997353 0
1731966160980 0.01678888127207756 0
1731966176653 0.016161184757947922 0
1731966192240 0.016227489337325096 0
1731966207915 0.017732005566358566 0
1731966223440 0.016867540776729584 0
1731966239106 0.016854379326105118 0
1731966254668 0.015702251344919205 0
1731966270304 0.017383232712745667 0
1731966285841 0.016434263437986374 0
1731966301509 0.016239600256085396 0
1731966317070 0.016269337385892868 0
1731966333112 0.016136445105075836 0
1731966348665 0.01588287577033043 0
1731966364320 0.015207396820187569 0
1731966379864 0.015174156054854393 0
1731966395522 0.016457026824355125 0
1731966411079 0.015266845934092999 0
1731966426763 0.016211267560720444 0
1731966442311 0.015544997528195381 0
1731966457979 0.01542406901717186 0
1731966473519 0.01571800373494625 0
1731966489192 0.015979910269379616 0
1731966504756 0.015580916777253151 0
1731966520444 0.016198094934225082 0
1731966536025 0.015152042731642723 0
1731966551693 0.015875905752182007 0
1731966567609 0.014402179047465324 0
1731966583292 0.015186741948127747 0
1731966598847 0.015540877357125282 0
1731966614553 0.015762677416205406 0
1731966630127 0.014612996950745583 0
1731966645821 0.01616009697318077 0
1731966661421 0.01419268548488617 0
1731966677106 0.015150567516684532 0
1731966692661 0.015219612047076225 0
1731966708325 0.014544670470058918 0
1731966723884 0.015606758184731007 0
1731966739564 0.013305878266692162 0
1731966755135 0.014701231382787228 0
1731966770794 0.015112662687897682 0
1731966786378 0.015554449521005154 0
1731966802369 0.014321492984890938 0
1731966817965 0.014631468802690506 0
1731966833635 0.013598861172795296 0
1731966849210 0.01567988470196724 0
1731966864872 0.014692218974232674 0
1731966880451 0.01581837236881256 0
1731966896096 0.015329010784626007 0
1731966911648 0.015044137835502625 0
1731966927311 0.014217117801308632 0
1731966942888 0.015077544376254082 0
1731966958547 0.015137920156121254 0
1731966974107 0.014485051855444908 0
1731966989766 0.013859840109944344 0
1731967005340 0.014687446877360344 0
1731967021008 0.014800951816141605 0
1731967036878 0.014865940436720848 0
1731967052542 0.013792291283607483 0
1731967068109 0.014584576711058617 0
1731967083812 0.013803156092762947 0
1731967099385 0.013796154409646988 0
1731967115049 0.014168481342494488 0
1731967130611 0.01429610513150692 0
1731967146279 0.014495238661766052 0
1731967161841 0.014089405536651611 0
1731967177511 0.014305783435702324 0
1731967193060 0.014209694229066372 0
1731967208741 0.014357386156916618 0
1731967224335 0.01375441625714302 0
1731967240058 0.013539519160985947 0
1731967255664 0.013919390738010406 0
