1731963694758 0.0003421870060265064 0
1731963716693 0.00028079262119717896 0
1731963738247 0.000253454054472968 0
1731963759624 0.0002309004048584029 0
1731963780648 0.00021746629499830306 0
1731963801633 0.00019953651644755155 0
1731963822369 0.0001809130044421181 0
1731963843185 0.00017245300114154816 0
1731963863865 0.0001578858500579372 0
1731963884542 0.00015423912554979324 0
1731963905068 0.00013983527605887502 0
1731963925696 0.00012667539704125375 0
1731963946184 0.00013201632827986032 0
1731963966784 0.00011825409455923364 0
1731963987128 0.00010970413859467953 0
1731964005221 0.00010965848196065053 0
1731964023307 0.00010632677003741264 0
1731964041389 0.00010235089575871825 0
1731964059469 0.00010035406739916652 0
1731964077553 9.756455256137997e-05 0
1731964095613 9.00956365512684e-05 0
1731964113699 8.939642430050299e-05 0
1731964130921 9.065333870239556e-05 0
1731964147722 8.432543836534023e-05 0
1731964164624 8.641659223940223e-05 0
1731964181529 8.406511915381998e-05 0
1731964198433 8.001536480151117e-05 0
1731964215237 7.862674101488665e-05 0
1731964232102 8.003415132407099e-05 0
1731964249017 7.671339699300006e-05 0
1731964265182 7.296988769667223e-05 0
1731964281305 7.795832789270207e-05 0
1731964297457 7.483420631615445e-05 0
1731964313597 7.191841723397374e-05 0
1731964329730 7.407955126836896e-05 0
1731964345830 7.172301411628723e-05 0
1731964361954 6.622928776778281e-05 0
1731964377632 6.893497629789636e-05 0
1731964393333 7.044376980047673e-05 0
1731964408898 6.297583604464307e-05 0
1731964424624 6.380947161233053e-05 0
1731964440197 6.875188410049304e-05 0
1731964455866 6.167299579828978e-05 0
1731964471424 6.220506475074217e-05 0
1731964487450 6.468552601290867e-05 0
1731964503035 6.36960903648287e-05 0
1731964518722 6.308258161880076e-05 0
1731964534305 6.128862878540531e-05 0
1731964550022 6.0385405959095806e-05 0
1731964565622 6.067818321753293e-05 0
1731964581305 5.877623334527016e-05 0
1731964596909 6.030659278621897e-05 0
1731964612581 5.771433643531054e-05 0
1731964628157 5.883725680178031e-05 0
1731964643832 5.843642065883614e-05 0
1731964659427 5.3736632253276184e-05 0
1731964675127 5.8634595916373655e-05 0
1731964690690 5.498187601915561e-05 0
1731964706360 5.587598934653215e-05 0
1731964722273 5.7262459449702874e-05 0
1731964737964 5.3854892030358315e-05 0
1731964753518 5.4149204515852034e-05 0
1731964769193 5.1631988753797486e-05 0
1731964784767 5.3110506996745244e-05 0
1731964800462 5.042551492806524e-05 0
1731964816006 5.231917020864785e-05 0
1731964831695 5.422737740445882e-05 0
1731964847260 5.192924436414614e-05 0
1731964862909 4.919187995255925e-05 0
1731964878481 5.0186376029159874e-05 0
1731964894166 5.087946556159295e-05 0
1731964909715 4.694387098425068e-05 0
1731964925388 4.960975275025703e-05 0
1731964940952 4.8243124183500186e-05 0
1731964956942 4.708864071290009e-05 0
1731964972502 4.7780216846149415e-05 0
1731964988161 4.579349479172379e-05 0
1731965003716 4.824009010917507e-05 0
1731965019386 4.546212949207984e-05 0
1731965034950 4.6664987166877836e-05 0
1731965050635 4.572018588078208e-05 0
1731965066190 4.702482692664489e-05 0
1731965081879 4.894129961030558e-05 0
1731965097444 4.527133933152072e-05 0
1731965113121 4.501542935031466e-05 0
1731965128667 4.499921851675026e-05 0
1731965144335 4.4305415940470994e-05 0
1731965159895 4.3348962208256125e-05 0
1731965175913 4.482566873775795e-05 0
1731965191480 4.270357749192044e-05 0
1731965207155 4.4386648369254544e-05 0
1731965222722 4.2913099605357274e-05 0
1731965238383 4.419437755132094e-05 0
1731965253935 4.523404277279042e-05 0
1731965269596 4.3504649511305615e-05 0
1731965285172 3.927028228645213e-05 0
1731965300808 3.9336297049885616e-05 0
1731965316358 4.088007699465379e-05 0
1731965332018 4.099062061868608e-05 0
1731965347599 4.066831024829298e-05 0
1731965363268 4.257367254467681e-05 0
1731965378871 4.0337370592169464e-05 0
1731965394573 4.109643850824796e-05 0
1731965410494 4.2760402720887214e-05 0
1731965426182 3.918465881724842e-05 0
1731965441755 4.114969851798378e-05 0
1731965457408 3.922546602552757e-05 0
1731965472955 3.9355585613520816e-05 0
1731965488616 4.15097783843521e-05 0
1731965504166 4.1202918509952724e-05 0
1731965519817 4.068234920850955e-05 0
1731965535380 4.052504664286971e-05 0
1731965551044 4.046336835017428e-05 0
1731965566596 3.81413301511202e-05 0
1731965582281 3.7880563468206674e-05 0
1731965597832 3.77074939024169e-05 0
1731965613490 3.85030907636974e-05 0
1731965629030 3.684508556034416e-05 0
1731965645221 3.676618871395476e-05 0
1731965660775 4.1278857679571956e-05 0
1731965676461 3.786025627050549e-05 0
1731965692026 3.909064253093675e-05 0
1731965707688 3.5909881262341514e-05 0
1731965723245 3.73058210243471e-05 0
1731965738921 3.85554158128798e-05 0
1731965754492 3.4061598853440955e-05 0
1731965770150 3.651793667813763e-05 0
1731965785675 3.642214142018929e-05 0
1731965801344 3.5825269151246175e-05 0
1731965816887 3.515536445775069e-05 0
1731965832562 3.6349007132230327e-05 0
1731965848143 3.5553224734030664e-05 0
1731965863814 3.848840788123198e-05 0
1731965879695 3.5429173294687644e-05 0
1731965895368 3.4877237339969724e-05 0
1731965910936 3.622082658694126e-05 0
1731965926582 3.510311580612324e-05 0
1731965942111 3.6509511119220406e-05 0
1731965957784 3.367642784724012e-05 0
1731965973348 3.479365477687679e-05 0
1731965989007 3.527596709318459e-05 0
1731966004568 3.419151471462101e-05 0
1731966020201 3.5782413760898635e-05 0
1731966035782 3.3804662962211296e-05 0
1731966051451 3.3530115615576506e-05 0
1731966067004 3.311533509986475e-05 0
1731966082664 3.2968226150842384e-05 0
1731966098227 3.456539707258344e-05 0
1731966114236 3.3316147892037407e-05 0
1731966129795 3.310009196866304e-05 0
1731966145439 3.442963134148158e-05 0
1731966160981 3.357776586199179e-05 0
1731966176655 3.2322372135240585e-05 0
1731966192242 3.2454980100737885e-05 0
1731966207917 3.546401421772316e-05 0
1731966223442 3.373508297954686e-05 0
1731966239109 3.3708758564898744e-05 0
1731966254670 3.140450280625373e-05 0
1731966270306 3.4766468161251396e-05 0
1731966285844 3.2868527341634035e-05 0
1731966301511 3.24792017636355e-05 0
1731966317072 3.2538675441173837e-05 0
1731966333114 3.227289198548533e-05 0
1731966348667 3.176575410179794e-05 0
1731966364322 3.0414794309763238e-05 0
1731966379866 3.0348313885042444e-05 0
1731966395524 3.291405664640479e-05 0
1731966411081 3.0533694371115416e-05 0
1731966426765 3.242253660573624e-05 0
1731966442313 3.1089995900401846e-05 0
1731966457981 3.084813943132758e-05 0
1731966473521 3.1436007702723145e-05 0
1731966489194 3.1959822081262246e-05 0
1731966504758 3.1161835067905486e-05 0
1731966520446 3.239619036321528e-05 0
1731966536027 3.030408697668463e-05 0
1731966551695 3.175181336700916e-05 0
1731966567611 2.8804359317291528e-05 0
1731966583294 3.037348506040871e-05 0
1731966598849 3.108175587840378e-05 0
1731966614555 3.152535646222532e-05 0
1731966630130 2.9225995604065247e-05 0
1731966645823 3.2320196623913944e-05 0
1731966661423 2.8385371479089372e-05 0
1731966677108 3.030113657587208e-05 0
1731966692664 3.0439225156442262e-05 0
1731966708327 2.908934220613446e-05 0
1731966723886 3.121351619483903e-05 0
1731966739566 2.661175858520437e-05 0
1731966755137 2.9402464861050248e-05 0
1731966770796 3.0225326554500498e-05 0
1731966786380 3.1108898838283494e-05 0
1731966802372 2.8642987672355957e-05 0
1731966817967 2.9262939278851263e-05 0
1731966833637 2.7197724193683825e-05 0
1731966849212 3.135977021884173e-05 0
1731966864874 2.938443867606111e-05 0
1731966880453 3.163674773531966e-05 0
1731966896098 3.0658022296847776e-05 0
1731966911650 3.008827661687974e-05 0
1731966927313 2.8434236810426228e-05 0
1731966942890 3.0155089916661382e-05 0
1731966958549 3.027584170922637e-05 0
1731966974109 2.8970105631742626e-05 0
1731966989768 2.7719681384041905e-05 0
1731967005342 2.9374894438660704e-05 0
1731967021010 2.9601904316223226e-05 0
1731967036880 2.9731882023043e-05 0
1731967052544 2.758458322205115e-05 0
1731967068111 2.9169154004193842e-05 0
1731967083814 2.760631286946591e-05 0
1731967099387 2.7592310289037414e-05 0
1731967115050 2.833696453308221e-05 0
1731967130614 2.8592212402145378e-05 0
1731967146281 2.899047831306234e-05 0
1731967161843 2.8178812499390915e-05 0
1731967177513 2.861156826838851e-05 0
1731967193062 2.8419390218914486e-05 0
1731967208743 2.8714774089166895e-05 0
1731967224337 2.7508833227329887e-05 0
1731967240060 2.7079038773081265e-05 0
1731967255666 2.7838783353217877e-05 0
