1731963694758 0.0036851163022220135 0
1731963716693 0.002032123040407896 0
1731963738247 0.0019434369169175625 0
1731963759624 0.0016088007250800729 0
1731963780648 0.001531445188447833 0
1731963801633 0.0012912519741803408 0
1731963822369 0.001209123176522553 0
1731963843185 0.0011036843061447144 0
1731963863865 0.001083387527614832 0
1731963884542 0.0009680523071438074 0
1731963905068 0.0010562862735241652 0
1731963925696 0.0010834141867235303 0
1731963946184 0.0009107531514018774 0
1731963966784 0.000867353577632457 0
1731963987128 0.0010346451308578253 0
1731964005221 0.001051054336130619 0
1731964023307 0.000953098526224494 0
1731964041389 0.0010960587533190846 0
1731964059469 0.0009754762868396938 0
1731964077553 0.0009978319285437465 0
1731964095613 0.000923170882742852 0
1731964113699 0.0009146133088506758 0
1731964130921 0.0009406065801158547 0
1731964147722 0.0009649955318309367 0
1731964164624 0.0009731393656693399 0
1731964181529 0.0009103192714974284 0
1731964198433 0.0009740811656229198 0
1731964215237 0.0009824717417359352 0
1731964232102 0.0010584358824416995 0
1731964249017 0.0010733234230428934 0
1731964265182 0.0010171225294470787 0
1731964281305 0.001004901365377009 0
1731964297457 0.0011794366873800755 0
1731964313597 0.0010526904370635748 0
1731964329730 0.0009893642272800207 0
1731964345830 0.0010365939233452082 0
1731964361954 0.000995462411083281 0
1731964377632 0.0010205614380538464 0
1731964393333 0.0009511014213785529 0
1731964408898 0.001030224491842091 0
1731964424624 0.0011353775626048446 0
1731964440197 0.0009987662779167295 0
1731964455866 0.001226827036589384 0
1731964471424 0.0011038456577807665 0
1731964487450 0.0010220170952379704 0
1731964503035 0.001091434620320797 0
1731964518722 0.0010448213433846831 0
1731964534305 0.0010846627410501242 0
1731964550022 0.0011071766493842006 0
1731964565622 0.0011819163337349892 0
1731964581305 0.001095671090297401 0
1731964596909 0.0010812802938744426 0
1731964612581 0.0011080838739871979 0
1731964628157 0.000987923820503056 0
1731964643832 0.0010537768248468637 0
1731964659427 0.0010789353400468826 0
1731964675127 0.0010540734510868788 0
1731964690690 0.0011592963710427284 0
1731964706360 0.0010731907095760107 0
1731964722273 0.0011055393842980266 0
1731964737964 0.0010382672771811485 0
1731964753518 0.0011190172517672181 0
1731964769193 0.0009472115780226886 0
1731964784767 0.0010947559494525194 0
1731964800462 0.0011865904089063406 0
1731964816006 0.0011189044453203678 0
1731964831695 0.0010986268753185868 0
1731964847260 0.001092290272936225 0
1731964862909 0.0012188528198748827 0
1731964878481 0.0012391314376145601 0
1731964894166 0.0010329207871109247 0
1731964909715 0.0012092916294932365 0
1731964925388 0.0012644745875149965 0
1731964940952 0.0011973062064498663 0
1731964956942 0.001138925552368164 0
1731964972502 0.0011777231702581048 0
1731964988161 0.0011158476117998362 0
1731965003716 0.0011843873653560877 0
1731965019386 0.0011908153537660837 0
1731965034950 0.0011913201306015253 0
1731965050635 0.0012145072687417269 0
1731965066190 0.0011971360072493553 0
1731965081879 0.0012409319169819355 0
1731965097444 0.00125570606905967 0
1731965113121 0.0012598542962223291 0
1731965128667 0.001110888202674687 0
1731965144335 0.0012569862883538008 0
1731965159895 0.0013040719786658883 0
1731965175913 0.0011879769153892994 0
1731965191480 0.0011663577752187848 0
1731965207155 0.0012585478834807873 0
1731965222722 0.0011765450472012162 0
1731965238383 0.0012775362702086568 0
1731965253935 0.0012119042221456766 0
1731965269596 0.0012676023179665208 0
1731965285172 0.0013194658095017076 0
1731965300808 0.0012967910151928663 0
1731965316358 0.0013302210718393326 0
1731965332018 0.0012280649971216917 0
1731965347599 0.0011826340341940522 0
1731965363268 0.0012296452187001705 0
1731965378871 0.0013391855172812939 0
1731965394573 0.0012951159151270986 0
1731965410494 0.0011969800107181072 0
1731965426182 0.0012034701649099588 0
1731965441755 0.0013044417137280107 0
1731965457408 0.001247221720404923 0
1731965472955 0.0012170849367976189 0
1731965488616 0.001253900583833456 0
1731965504166 0.0011904995189979672 0
1731965519817 0.0012907045893371105 0
1731965535380 0.001266086590476334 0
1731965551044 0.001318906550295651 0
1731965566596 0.0012987582013010979 0
1731965582281 0.0013397617731243372 0
1731965597832 0.0014076530933380127 0
1731965613490 0.0012531133834272623 0
1731965629030 0.001233517425134778 0
1731965645221 0.001356989610940218 0
1731965660775 0.0012339787790551782 0
1731965676461 0.0013636560179293156 0
1731965692026 0.0013345450861379504 0
1731965707688 0.001398103078827262 0
1731965723245 0.0013548043789342046 0
1731965738921 0.0013184596318751574 0
1731965754492 0.0013055909657850862 0
1731965770150 0.0013269593473523855 0
1731965785675 0.0012940930901095271 0
1731965801344 0.0012941178865730762 0
1731965816887 0.0012951610842719674 0
1731965832562 0.001342028845101595 0
1731965848143 0.001316309324465692 0
1731965863814 0.001372380182147026 0
1731965879695 0.001343131996691227 0
1731965895368 0.0012795371003448963 0
1731965910936 0.001319504575803876 0
1731965926582 0.0012405384331941605 0
1731965942111 0.0013269062619656324 0
1731965957784 0.0013533351011574268 0
1731965973348 0.0013377850409597158 0
1731965989007 0.0013740073191002011 0
1731966004568 0.0013255616649985313 0
1731966020201 0.0013581879902631044 0
1731966035782 0.0012427925830706954 0
1731966051451 0.001328134210780263 0
1731966067004 0.0014297792222350836 0
1731966082664 0.0014079343527555466 0
1731966098227 0.0013893397990614176 0
1731966114236 0.0012906354386359453 0
1731966129795 0.0013860829640179873 0
1731966145439 0.001388700446113944 0
1731966160981 0.0013333681272342801 0
1731966176655 0.0014684414491057396 0
1731966192242 0.0013736769324168563 0
1731966207917 0.0013016745215281844 0
1731966223442 0.0014390654396265745 0
1731966239109 0.0013137744972482324 0
1731966254670 0.0014051933540031314 0
1731966270306 0.001353914150968194 0
1731966285844 0.0013674621004611254 0
1731966301511 0.0012729293666779995 0
1731966317072 0.0014471880858764052 0
1731966333114 0.0013181216781958938 0
1731966348667 0.0013743898598477244 0
1731966364322 0.0013697190443053842 0
1731966379866 0.0013637105002999306 0
1731966395524 0.0014419867657124996 0
1731966411081 0.0013828608207404613 0
1731966426765 0.0013952461304143071 0
1731966442313 0.0013433531858026981 0
1731966457981 0.001350456615909934 0
1731966473521 0.001392244128510356 0
1731966489194 0.001423168694600463 0
1731966504758 0.0013700333656743169 0
1731966520446 0.0014229107182472944 0
1731966536027 0.001421218505129218 0
1731966551695 0.001411614241078496 0
1731966567611 0.0013695349916815758 0
1731966583294 0.0014089501928538084 0
1731966598849 0.0013572964817285538 0
1731966614555 0.0013984530232846737 0
1731966630130 0.0014089081669226289 0
1731966645823 0.001370169222354889 0
1731966661423 0.0014391753356903791 0
1731966677108 0.001346734818071127 0
1731966692664 0.0014298127498477697 0
1731966708327 0.0014599479036405683 0
1731966723886 0.0014063522685319185 0
1731966739566 0.0014468403533101082 0
1731966755137 0.0014060045359656215 0
1731966770796 0.0014597042463719845 0
1731966786380 0.0014660906745120883 0
1731966802372 0.0014293449930846691 0
1731966817967 0.0013497098116204143 0
1731966833637 0.0014286610530689359 0
1731966849212 0.0014696175931021571 0
1731966864874 0.0013959306525066495 0
1731966880453 0.001464611734263599 0
1731966896098 0.001391811529174447 0
1731966911650 0.0014746461529284716 0
1731966927313 0.001367331249639392 0
1731966942890 0.0015112076653167605 0
1731966958549 0.0013932432048022747 0
1731966974109 0.0014248450752347708 0
1731966989768 0.001451195334084332 0
1731967005342 0.0014793954323977232 0
1731967021010 0.0014671565731987357 0
1731967036880 0.0013762617018073797 0
1731967052544 0.0014521059347316623 0
1731967068111 0.0014762576902285218 0
1731967083814 0.001481907325796783 0
1731967099387 0.0014346129028126597 0
1731967115050 0.0014531788183376193 0
1731967130614 0.0014578420668840408 0
1731967146281 0.0014523890567943454 0
1731967161843 0.0014746852684766054 0
1731967177513 0.0014223991893231869 0
1731967193062 0.0015143003547564149 0
1731967208743 0.0014863249380141497 0
1731967224337 0.0015044829342514277 0
1731967240060 0.0014733148273080587 0
1731967255666 0.0013921288773417473 0
