1731963694758 0.013653777539730072 0
1731963716693 0.007828718982636929 0
1731963738247 0.005964200012385845 0
1731963759624 0.005669303238391876 0
1731963780648 0.0045358119532465935 0
1731963801633 0.004772001877427101 0
1731963822369 0.004421370569616556 0
1731963843185 0.004101356025785208 0
1731963863865 0.0035957512445747852 0
1731963884542 0.0039002555422484875 0
1731963905068 0.003540156176313758 0
1731963925696 0.0029132110066711903 0
1731963946184 0.002831190824508667 0
1731963966784 0.0027766674757003784 0
1731963987128 0.003069700440391898 0
1731964005221 0.002558501437306404 0
1731964023307 0.0027919344138354063 0
1731964041389 0.0027765247505158186 0
1731964059469 0.002837641164660454 0
1731964077553 0.002405931241810322 0
1731964095613 0.0031072809360921383 0
1731964113699 0.0022371988743543625 0
1731964130921 0.0024959773290902376 0
1731964147722 0.002404225757345557 0
1731964164624 0.0027787142898887396 0
1731964181529 0.002477930625900626 0
1731964198433 0.0024765944108366966 0
1731964215237 0.0023086844012141228 0
1731964232102 0.0019773615058511496 0
1731964249017 0.0023261108435690403 0
1731964265182 0.0022668978199362755 0
1731964281305 0.0028612129390239716 0
1731964297457 0.0021356248762458563 0
1731964313597 0.002207633573561907 0
1731964329730 0.0020800994243472815 0
1731964345830 0.002351537812501192 0
1731964361954 0.0020104499999433756 0
1731964377632 0.00199560122564435 0
1731964393333 0.0019273532088845968 0
1731964408898 0.0021224492229521275 0
1731964424624 0.0017242555040866137 0
1731964440197 0.002410200424492359 0
1731964455866 0.0020099561661481857 0
1731964471424 0.0016941479407250881 0
1731964487450 0.001871129497885704 0
1731964503035 0.002070290269330144 0
1731964518722 0.0022258255630731583 0
1731964534305 0.001888761529698968 0
1731964550022 0.0019396767020225525 0
1731964565622 0.0019005093490704894 0
1731964581305 0.001733236713334918 0
1731964596909 0.001738897291943431 0
1731964612581 0.0016866102814674377 0
1731964628157 0.001539840828627348 0
1731964643832 0.0019610305316746235 0
1731964659427 0.0013872639974579215 0
1731964675127 0.0016675551887601614 0
1731964690690 0.0016960669308900833 0
1731964706360 0.0016174474731087685 0
1731964722273 0.0016361323650926352 0
1731964737964 0.0015354692004621029 0
1731964753518 0.0016370774246752262 0
1731964769193 0.0018247084226459265 0
1731964784767 0.0017183658201247454 0
1731964800462 0.0016598498914390802 0
1731964816006 0.0013725792523473501 0
1731964831695 0.0015647306572645903 0
1731964847260 0.0015187023673206568 0
1731964862909 0.0015162363415583968 0
1731964878481 0.0018980696331709623 0
1731964894166 0.0014406386762857437 0
1731964909715 0.0014414949109777808 0
1731964925388 0.0012708408758044243 0
1731964940952 0.0013435001019388437 0
1731964956942 0.001236074254848063 0
1731964972502 0.0014325003139674664 0
1731964988161 0.001311377971433103 0
1731965003716 0.0017013687174767256 0
1731965019386 0.0012229194398969412 0
1731965034950 0.0012984920758754015 0
1731965050635 0.0013549713185057044 0
1731965066190 0.0012670347932726145 0
1731965081879 0.001310652820393443 0
1731965097444 0.0012396980309858918 0
1731965113121 0.0012272452004253864 0
1731965128667 0.0012746639549732208 0
1731965144335 0.0012745729181915522 0
1731965159895 0.0011838101781904697 0
1731965175913 0.0013334135292097926 0
1731965191480 0.0012587287928909063 0
1731965207155 0.001119588385336101 0
1731965222722 0.0012967351358383894 0
1731965238383 0.0011286523658782244 0
1731965253935 0.0010717296972870827 0
1731965269596 0.0011040775571018457 0
1731965285172 0.001159364590421319 0
1731965300808 0.0011697346344590187 0
1731965316358 0.0010660795960575342 0
1731965332018 0.000956350180786103 0
1731965347599 0.0011109918123111129 0
1731965363268 0.0009943803306668997 0
1731965378871 0.001158811035566032 0
1731965394573 0.0010038118343800306 0
1731965410494 0.0009403867879882455 0
1731965426182 0.0011234362609684467 0
1731965441755 0.001168099232017994 0
1731965457408 0.0008193975081667304 0
1731965472955 0.0010391914984211326 0
1731965488616 0.0011443508556112647 0
1731965504166 0.0012668920680880547 0
1731965519817 0.0009886649204418063 0
1731965535380 0.0010068423580378294 0
1731965551044 0.000958868011366576 0
1731965566596 0.0009624135564081371 0
1731965582281 0.0011095983209088445 0
1731965597832 0.000987706589512527 0
1731965613490 0.0010653308127075434 0
1731965629030 0.001081962021999061 0
1731965645221 0.0011126447934657335 0
1731965660775 0.0010655358200892806 0
1731965676461 0.0009174409206025302 0
1731965692026 0.000886253546923399 0
1731965707688 0.0009713188628666103 0
1731965723245 0.0009924783371388912 0
1731965738921 0.0009886599145829678 0
1731965754492 0.0007859526085667312 0
1731965770150 0.0010638784151524305 0
1731965785675 0.0008249045349657536 0
1731965801344 0.0009110900573432446 0
1731965816887 0.0009138368768617511 0
1731965832562 0.0011305662337690592 0
1731965848143 0.0008337629842571914 0
1731965863814 0.0009413451189175248 0
1731965879695 0.0008562221191823483 0
1731965895368 0.0008295107400044799 0
1731965910936 0.0008752699941396713 0
1731965926582 0.0008462860714644194 0
1731965942111 0.0008909853058867157 0
1731965957784 0.0007968835416249931 0
1731965973348 0.0008976437384262681 0
1731965989007 0.000742063857614994 0
1731966004568 0.0007645660080015659 0
1731966020201 0.0009185198578052223 0
1731966035782 0.0007572185131721199 0
1731966051451 0.0007931101135909557 0
1731966067004 0.0007749301730655134 0
1731966082664 0.0007306893239729106 0
1731966098227 0.0007782303146086633 0
1731966114236 0.0008996040560305119 0
1731966129795 0.0007340929005295038 0
1731966145439 0.0007845814106985927 0
1731966160981 0.0007588885491713881 0
1731966176655 0.0008917426457628608 0
1731966192242 0.0006769796600565314 0
1731966207917 0.0008191652013920248 0
1731966223442 0.0007994796033017337 0
1731966239109 0.0006887521594762802 0
1731966254670 0.0006735933711752295 0
1731966270306 0.0008122146828100085 0
1731966285844 0.000681200297549367 0
1731966301511 0.0007861841004341841 0
1731966317072 0.0007614183123223484 0
1731966333114 0.0007292783702723682 0
1731966348667 0.0006855998071841896 0
1731966364322 0.0006851186044514179 0
1731966379866 0.0006350542535074055 0
1731966395524 0.0006396335083991289 0
1731966411081 0.0006431294605135918 0
1731966426765 0.0006143010105006397 0
1731966442313 0.0007096929475665092 0
1731966457981 0.0006932361284270883 0
1731966473521 0.0006796809611842036 0
1731966489194 0.0007326185004785657 0
1731966504758 0.000545636226888746 0
1731966520446 0.0007100851507857442 0
1731966536027 0.000673745758831501 0
1731966551695 0.0007138803484849632 0
1731966567611 0.0006349484901875257 0
1731966583294 0.0006669246358796954 0
1731966598849 0.0006537732551805675 0
1731966614555 0.000720878248102963 0
1731966630130 0.0005930826882831752 0
1731966645823 0.0007131874444894493 0
1731966661423 0.0006500233430415392 0
1731966677108 0.0007375804707407951 0
1731966692664 0.0005975734675303102 0
1731966708327 0.0006066600326448679 0
1731966723886 0.0006648041307926178 0
1731966739566 0.0005632980610243976 0
1731966755137 0.0005852890899404883 0
1731966770796 0.0006721733952872455 0
1731966786380 0.0006529552629217505 0
1731966802372 0.0006483853794634342 0
1731966817967 0.0006686488050036132 0
1731966833637 0.0006732480833306909 0
1731966849212 0.0005781202344223857 0
1731966864874 0.0005749949486926198 0
1731966880453 0.0005887236911803484 0
1731966896098 0.0005899487296119332 0
1731966911650 0.0005690872203558683 0
1731966927313 0.0006271312013268471 0
1731966942890 0.0006426714826375246 0
1731966958549 0.0006356509402394295 0
1731966974109 0.0005640906165353954 0
1731966989768 0.0006054404657334089 0
1731967005342 0.000649583525955677 0
1731967021010 0.0006390201160684228 0
1731967036880 0.0005887834122404456 0
1731967052544 0.0005712947458960116 0
1731967068111 0.0006636912003159523 0
1731967083814 0.0005448662559501827 0
1731967099387 0.0005728271789848804 0
1731967115050 0.000600289145950228 0
1731967130614 0.000566188246011734 0
1731967146281 0.0005807522684335709 0
1731967161843 0.0005419771187007427 0
1731967177513 0.0005233396077528596 0
1731967193062 0.0005060545518063009 0
1731967208743 0.0006129952380433679 0
1731967224337 0.000524441129527986 0
1731967240060 0.0004926363471895456 0
1731967255666 0.0005492856143973768 0
