1731963694758 0.0007170343305915594 0
1731963716693 0.00022142328089103103 0
1731963738247 0.00025382661260664463 0
1731963759624 0.00016525769024156034 0
1731963780648 0.00013467211101669818 0
1731963801633 0.0001162051921710372 0
1731963822369 0.0001183680142275989 0
1731963843185 9.115503780776635e-05 0
1731963863865 9.914187830872834e-05 0
1731963884542 7.992134487722069e-05 0
1731963905068 0.00011593591625569388 0
1731963925696 7.78273242758587e-05 0
1731963946184 8.590493962401524e-05 0
1731963966784 8.47035989863798e-05 0
1731963987128 8.92175012268126e-05 0
1731964005221 8.505966980010271e-05 0
1731964023307 9.157010936178267e-05 0
1731964041389 7.621069380547851e-05 0
1731964059469 6.318118539638817e-05 0
1731964077553 6.98663861840032e-05 0
1731964095613 6.004858369124122e-05 0
1731964113699 7.71184713812545e-05 0
1731964130921 8.362640801351517e-05 0
1731964147722 8.065342990448698e-05 0
1731964164624 0.0001677414693403989 0
1731964181529 5.197545397095382e-05 0
1731964198433 0.00010141139500774443 0
1731964215237 7.151706086006016e-05 0
1731964232102 7.024782826192677e-05 0
1731964249017 7.738250133115798e-05 0
1731964265182 6.215724715730175e-05 0
1731964281305 7.150832243496552e-05 0
1731964297457 7.109112630132586e-05 0
1731964313597 8.375147444894537e-05 0
1731964329730 5.758176848758012e-05 0
1731964345830 6.0763741203118116e-05 0
1731964361954 6.541002949234098e-05 0
1731964377632 7.75896041886881e-05 0
1731964393333 6.508226215373725e-05 0
1731964408898 6.397461402229965e-05 0
1731964424624 6.411129288608208e-05 0
1731964440197 7.227962487377226e-05 0
1731964455866 6.502699397969991e-05 0
1731964471424 6.379679689416662e-05 0
1731964487450 6.57597920508124e-05 0
1731964503035 5.7253590057371184e-05 0
1731964518722 0.00010317227861378342 0
1731964534305 5.117171531310305e-05 0
1731964550022 9.852588846115395e-05 0
1731964565622 9.335931827081367e-05 0
1731964581305 8.921095286495984e-05 0
1731964596909 6.66635824018158e-05 0
1731964612581 4.589588206727058e-05 0
1731964628157 4.9104968638857827e-05 0
1731964643832 4.979463483323343e-05 0
1731964659427 5.096258973935619e-05 0
1731964675127 7.726821058895439e-05 0
1731964690690 5.649691229336895e-05 0
1731964706360 5.056952068116516e-05 0
1731964722273 7.016224844846874e-05 0
1731964737964 6.209382263477892e-05 0
1731964753518 5.474693898577243e-05 0
1731964769193 6.122334161773324e-05 0
1731964784767 5.1690745749510825e-05 0
1731964800462 6.391675560735166e-05 0
1731964816006 5.014221096644178e-05 0
1731964831695 4.253636870998889e-05 0
1731964847260 4.706977779278532e-05 0
1731964862909 4.6885161282261834e-05 0
1731964878481 5.639738083118573e-05 0
1731964894166 3.918883885489777e-05 0
1731964909715 5.184677502256818e-05 0
1731964925388 4.534364416031167e-05 0
1731964940952 5.6276461691595614e-05 0
1731964956942 3.981726331403479e-05 0
1731964972502 6.0425947594922036e-05 0
1731964988161 3.916875721188262e-05 0
1731965003716 3.828180342679843e-05 0
1731965019386 4.266818723408505e-05 0
1731965034950 5.516687815543264e-05 0
1731965050635 4.523201641859487e-05 0
1731965066190 5.898753079236485e-05 0
1731965081879 5.578355194302276e-05 0
1731965097444 4.292501034797169e-05 0
1731965113121 5.014322232455015e-05 0
1731965128667 3.7946447264403105e-05 0
1731965144335 4.329081275500357e-05 0
1731965159895 4.960997466696426e-05 0
1731965175913 3.9597147406311706e-05 0
1731965191480 5.083638461655937e-05 0
1731965207155 3.336152440169826e-05 0
1731965222722 5.608619539998472e-05 0
1731965238383 5.564823732129298e-05 0
1731965253935 4.445191734703258e-05 0
1731965269596 5.347179831005633e-05 0
1731965285172 3.442390152486041e-05 0
1731965300808 3.985725197708234e-05 0
1731965316358 2.9527345759561285e-05 0
1731965332018 3.9774728065822273e-05 0
1731965347599 8.203930337913334e-05 0
1731965363268 4.607370647136122e-05 0
1731965378871 3.173030563630164e-05 0
1731965394573 3.504818232613616e-05 0
1731965410494 3.272520189057104e-05 0
1731965426182 3.490106246317737e-05 0
1731965441755 4.439646363607608e-05 0
1731965457408 3.9778416976332664e-05 0
1731965472955 3.0070321372477338e-05 0
1731965488616 5.098148176330142e-05 0
1731965504166 3.417397238081321e-05 0
1731965519817 3.7740959669463336e-05 0
1731965535380 5.232665716903284e-05 0
1731965551044 3.652509258245118e-05 0
1731965566596 7.906401879154146e-05 0
1731965582281 4.566452116705477e-05 0
1731965597832 3.3972082746913657e-05 0
1731965613490 3.492994437692687e-05 0
1731965629030 3.6706303944811225e-05 0
1731965645221 4.4083415559725836e-05 0
1731965660775 3.6683049984276295e-05 0
1731965676461 5.226794019108638e-05 0
1731965692026 3.62526043318212e-05 0
1731965707688 3.5266817576484755e-05 0
1731965723245 4.690484638558701e-05 0
1731965738921 2.8950205887667835e-05 0
1731965754492 3.326827572891489e-05 0
1731965770150 4.018050822196528e-05 0
1731965785675 4.135040580877103e-05 0
1731965801344 3.209351052646525e-05 0
1731965816887 3.732422919711098e-05 0
1731965832562 3.1845505873207e-05 0
1731965848143 2.912061427196022e-05 0
1731965863814 3.680500230984762e-05 0
1731965879695 3.0498542400891893e-05 0
1731965895368 2.8975533496122807e-05 0
1731965910936 5.211158349993639e-05 0
1731965926582 4.250291385687888e-05 0
1731965942111 4.268446718924679e-05 0
1731965957784 3.655576438177377e-05 0
1731965973348 3.7984449591021985e-05 0
1731965989007 3.5851564462063834e-05 0
1731966004568 4.760247975355014e-05 0
1731966020201 3.112066042376682e-05 0
1731966035782 3.7504378269659355e-05 0
1731966051451 3.7417892599478364e-05 0
1731966067004 4.97355722473003e-05 0
1731966082664 2.4516504709026776e-05 0
1731966098227 2.5623725377954543e-05 0
1731966114236 3.169083356624469e-05 0
1731966129795 3.6960351280868053e-05 0
1731966145439 3.243429455324076e-05 0
1731966160981 2.6754531063488685e-05 0
1731966176655 3.9476271922467276e-05 0
1731966192242 3.135004226351157e-05 0
1731966207917 3.136814120807685e-05 0
1731966223442 2.8929141990374774e-05 0
1731966239109 4.031749631394632e-05 0
1731966254670 3.015490437974222e-05 0
1731966270306 2.9238281058496796e-05 0
1731966285844 3.1650000892113894e-05 0
1731966301511 2.861577559087891e-05 0
1731966317072 3.351017221575603e-05 0
1731966333114 3.44926884281449e-05 0
1731966348667 2.9024538889643736e-05 0
1731966364322 3.486099012661725e-05 0
1731966379866 2.8951826607226394e-05 0
1731966395524 3.75746312784031e-05 0
1731966411081 3.069187732762657e-05 0
1731966426765 3.6246070521883667e-05 0
1731966442313 2.5247823941754177e-05 0
1731966457981 3.2630094210617244e-05 0
1731966473521 3.057222784264013e-05 0
1731966489194 3.4740689443424344e-05 0
1731966504758 3.3572832762729377e-05 0
1731966520446 2.449708517815452e-05 0
1731966536027 2.7344827685737982e-05 0
1731966551695 2.6760793844005093e-05 0
1731966567611 3.591901622712612e-05 0
1731966583294 3.955165811930783e-05 0
1731966598849 3.3397009246982634e-05 0
1731966614555 2.6490766686038114e-05 0
1731966630130 3.446326081757434e-05 0
1731966645823 3.1568342819809914e-05 0
1731966661423 2.5486711820121855e-05 0
1731966677108 2.6854873794945888e-05 0
1731966692664 3.264897895860486e-05 0
1731966708327 2.7644298825180158e-05 0
1731966723886 2.8850659873569384e-05 0
1731966739566 2.9314649509615265e-05 0
1731966755137 3.5896558983949944e-05 0
1731966770796 3.07728405459784e-05 0
1731966786380 2.4614166250103153e-05 0
1731966802372 3.087702498305589e-05 0
1731966817967 3.95323550037574e-05 0
1731966833637 2.614156255731359e-05 0
1731966849212 3.220327926101163e-05 0
1731966864874 2.719861367950216e-05 0
1731966880453 3.113464481430128e-05 0
1731966896098 3.5611541534308344e-05 0
1731966911650 3.199881757609546e-05 0
1731966927313 3.623386146500707e-05 0
1731966942890 2.987851621583104e-05 0
1731966958549 3.198838749085553e-05 0
1731966974109 2.986176696140319e-05 0
1731966989768 2.8744885639753193e-05 0
1731967005342 3.096447835559957e-05 0
1731967021010 2.1863674191990867e-05 0
1731967036880 2.7456364477984607e-05 0
1731967052544 2.8872933398815803e-05 0
1731967068111 2.6004818209912628e-05 0
1731967083814 2.7170715839019977e-05 0
1731967099387 3.1798001145944e-05 0
1731967115050 2.4559554731240496e-05 0
1731967130614 3.373629442648962e-05 0
1731967146281 3.909142833435908e-05 0
1731967161843 2.4227827452705242e-05 0
1731967177513 2.7329650038154796e-05 0
1731967193062 2.7184130885871127e-05 0
1731967208743 2.2384336261893623e-05 0
1731967224337 2.3439552023774013e-05 0
1731967240060 2.8771924917236902e-05 0
1731967255666 2.7306899937684648e-05 0
