1731946080155 0.010320136323571205 0
1731946101143 0.010685623623430729 0
1731946121591 0.010771829634904861 0
1731946141949 0.010781087912619114 0
1731946162105 0.01085748802870512 0
1731946182320 0.011088908649981022 0
1731946202352 0.011199193075299263 0
1731946222459 0.01144422497600317 0
1731946242432 0.011973435990512371 0
1731946262508 0.01199890673160553 0
1731946282460 0.01227554865181446 0
1731946302502 0.012692316435277462 0
1731946322396 0.013097982853651047 0
1731946342404 0.01278756558895111 0
1731946362248 0.01310146227478981 0
1731946379872 0.01311381347477436 0
1731946397470 0.013583669438958168 0
1731946415084 0.013699542731046677 0
1731946432672 0.013541092164814472 0
1731946450287 0.014140104874968529 0
1731946467895 0.014198615215718746 0
1731946485500 0.014085087925195694 0
1731946502283 0.014309768564999104 0
1731946518615 0.014537963084876537 0
1731946535046 0.01443015318363905 0
1731946551488 0.014616073109209538 0
1731946567931 0.014612394385039806 0
1731946584272 0.014671854674816132 0
1731946600739 0.014612646773457527 0
1731946617170 0.014496763236820698 0
1731946632865 0.014727693051099777 0
1731946648576 0.014846126548945904 0
1731946664294 0.014787296764552593 0
1731946680025 0.014865715987980366 0
1731946695761 0.014988614246249199 0
1731946711447 0.014939364977180958 0
1731946727152 0.014790828339755535 0
1731946742457 0.015008985996246338 0
1731946757752 0.01505983341485262 0
1731946772965 0.014833465218544006 0
1731946788252 0.014876388013362885 0
1731946803454 0.015072436071932316 0
1731946818741 0.015282516367733479 0
1731946833939 0.015357465483248234 0
1731946849538 0.015112187713384628 0
1731946864746 0.015480933710932732 0
1731946880046 0.015472390688955784 0
1731946895218 0.015306219458580017 0
1731946910491 0.015286783687770367 0
1731946925659 0.015398776158690453 0
1731946940954 0.015115246176719666 0
1731946956157 0.015342957340180874 0
1731946971426 0.015345498919487 0
1731946986604 0.015285829082131386 0
1731947001900 0.01546524465084076 0
1731947017069 0.015131773427128792 0
1731947032336 0.015115194022655487 0
1731947047535 0.015425662510097027 0
1731947062805 0.015377573668956757 0
1731947078294 0.015318190678954124 0
1731947093584 0.015408576466143131 0
1731947108736 0.015431813895702362 0
1731947123997 0.01558466162532568 0
1731947139176 0.01549459621310234 0
1731947154463 0.015611879527568817 0
1731947169615 0.015588178299367428 0
1731947184889 0.015454964712262154 0
1731947200079 0.015533150173723698 0
1731947215344 0.015452675521373749 0
1731947230522 0.01569727249443531 0
1731947245808 0.01571199670433998 0
1731947260959 0.015577148646116257 0
1731947276223 0.015459219925105572 0
1731947291379 0.015577418729662895 0
1731947307017 0.015656329691410065 0
1731947322198 0.015589156188070774 0
1731947337467 0.01574893854558468 0
1731947352670 0.015668166801333427 0
1731947367921 0.015699628740549088 0
1731947383124 0.01564977504312992 0
1731947398406 0.015810532495379448 0
1731947413585 0.015643160790205002 0
1731947428842 0.01563669554889202 0
1731947444017 0.015668783336877823 0
1731947459265 0.015698270872235298 0
1731947474439 0.015806475654244423 0
1731947489686 0.0160061065107584 0
1731947504868 0.015688728541135788 0
1731947520455 0.015662483870983124 0
1731947535606 0.01587853394448757 0
1731947550900 0.01567826420068741 0
1731947566037 0.0158705972135067 0
1731947581304 0.015604891814291477 0
1731947596461 0.015574873425066471 0
1731947611727 0.015683552250266075 0
1731947626863 0.015855707228183746 0
1731947642138 0.01569606550037861 0
1731947657300 0.015964027494192123 0
1731947672611 0.015971774235367775 0
1731947687758 0.01577545329928398 0
1731947703032 0.01568007282912731 0
1731947718224 0.01579921878874302 0
1731947733495 0.015897126868367195 0
1731947749016 0.01573992148041725 0
1731947764299 0.015744363889098167 0
1731947779487 0.01584218069911003 0
1731947794780 0.01607384718954563 0
1731947809938 0.015906741842627525 0
1731947825242 0.015878088772296906 0
1731947840437 0.015932993963360786 0
1731947855733 0.01579473726451397 0
1731947870891 0.01589553989470005 0
1731947886183 0.01576516404747963 0
1731947901346 0.016054481267929077 0
1731947916639 0.016010941937565804 0
1731947931825 0.015838561579585075 0
1731947947086 0.01581181213259697 0
1731947962284 0.015919620171189308 0
1731947977932 0.016050398349761963 0
1731947993116 0.01574653387069702 0
1731948008414 0.01587587408721447 0
1731948023597 0.015951577574014664 0
1731948038885 0.015862345695495605 0
1731948054064 0.015948206186294556 0
1731948069367 0.01580761931836605 0
1731948084560 0.015770217403769493 0
1731948099854 0.015856953337788582 0
1731948115028 0.015795467421412468 0
1731948130329 0.01588546298444271 0
1731948145525 0.01602732390165329 0
1731948160832 0.016035985201597214 0
1731948176012 0.016064077615737915 0
1731948191292 0.015908226370811462 0
1731948206800 0.01598789170384407 0
1731948222098 0.016103236004710197 0
1731948237278 0.015999116003513336 0
1731948252556 0.016111932694911957 0
1731948267728 0.015928272157907486 0
1731948283024 0.016001492738723755 0
1731948298219 0.016058551147580147 0
1731948313497 0.016036126762628555 0
1731948328679 0.015973355621099472 0
1731948343968 0.016140403226017952 0
1731948359169 0.016052044928073883 0
1731948374440 0.01603749394416809 0
1731948389621 0.016166813671588898 0
1731948404938 0.015989165753126144 0
1731948420127 0.016065528616309166 0
1731948435771 0.01608128659427166 0
1731948450964 0.016085363924503326 0
1731948466262 0.016138749197125435 0
1731948481461 0.015995411202311516 0
1731948496734 0.015998654067516327 0
1731948511915 0.016036352142691612 0
1731948527190 0.0160201508551836 0
1731948542400 0.016083529219031334 0
1731948557696 0.016097087413072586 0
1731948572890 0.016027750447392464 0
1731948588161 0.0160419549793005 0
1731948603360 0.01609458215534687 0
1731948618682 0.016006793826818466 0
1731948633864 0.016098003834486008 0
1731948649461 0.016044558957219124 0
1731948664648 0.016124606132507324 0
1731948679950 0.016085410490632057 0
1731948695146 0.016077397391200066 0
1731948710447 0.01615743711590767 0
1731948725652 0.016087066382169724 0
1731948740947 0.015988776460289955 0
1731948756165 0.016139544546604156 0
1731948771440 0.0160725899040699 0
1731948786643 0.016007661819458008 0
1731948801927 0.016154931858181953 0
1731948817156 0.016157761216163635 0
1731948832465 0.016090888530015945 0
1731948847657 0.016127483919262886 0
1731948862981 0.016040442511439323 0
1731948878540 0.016173455864191055 0
1731948893837 0.016123389825224876 0
1731948909057 0.015991810709238052 0
1731948924370 0.01612689718604088 0
1731948939603 0.016073528677225113 0
1731948954910 0.01609097421169281 0
1731948970128 0.016119541600346565 0
1731948985435 0.01604350097477436 0
1731949000651 0.016139579936861992 0
1731949015956 0.016088612377643585 0
1731949031172 0.016157744452357292 0
1731949046488 0.016120417043566704 0
1731949061704 0.016065217554569244 0
1731949077003 0.016157379373908043 0
1731949092211 0.016087714582681656 0
1731949107850 0.01609540730714798 0
1731949123067 0.016032440587878227 0
1731949138390 0.016116349026560783 0
1731949153607 0.016157155856490135 0
1731949168914 0.016100430861115456 0
1731949184111 0.01610773243010044 0
1731949199423 0.01608887128531933 0
1731949214631 0.016114357858896255 0
1731949229924 0.01618999056518078 0
1731949245130 0.016122417524456978 0
1731949260461 0.016204459592700005 0
1731949275646 0.01611734740436077 0
1731949290940 0.01612417958676815 0
1731949306134 0.016135402023792267 0
1731949321458 0.016141578555107117 0
1731949337008 0.01613270677626133 0
1731949352333 0.01616155542433262 0
1731949367552 0.016185780987143517 0
1731949382860 0.0161888524889946 0
1731949398045 0.016163384541869164 0
1731949413361 0.016089409589767456 0
1731949428563 0.016101999208331108 0
1731949443870 0.016078241169452667 0
1731949459078 0.01613781414926052 0
1731949474395 0.016181284561753273 0
1731949489612 0.016178926452994347 0
1731949504931 0.016231719404459 0
1731949520153 0.016124345362186432 0
1731949535478 0.016130084171891212 0
1731949550669 0.016181394457817078 0
