1731946080155 0.03530503809452057 0
1731946101143 0.028544101864099503 0
1731946121591 0.028904251754283905 0
1731946141949 0.0265470203012228 0
1731946162105 0.027802234515547752 0
1731946182320 0.02582804299890995 0
1731946202352 0.027319608256220818 0
1731946222459 0.027728743851184845 0
1731946242432 0.025484906509518623 0
1731946262508 0.02587042935192585 0
1731946282460 0.025451721623539925 0
1731946302502 0.026007164269685745 0
1731946322396 0.028547408059239388 0
1731946342404 0.02630513161420822 0
1731946362248 0.02758355252444744 0
1731946379872 0.02715103141963482 0
1731946397470 0.026759741827845573 0
1731946415084 0.02643357403576374 0
1731946432672 0.026928424835205078 0
1731946450287 0.02739279344677925 0
1731946467895 0.026775415986776352 0
1731946485500 0.026868488639593124 0
1731946502283 0.026585092768073082 0
1731946518615 0.02566550113260746 0
1731946535046 0.0260749664157629 0
1731946551488 0.026153134182095528 0
1731946567931 0.026733841747045517 0
1731946584272 0.02632027119398117 0
1731946600739 0.025788677856326103 0
1731946617170 0.026398397982120514 0
1731946632865 0.027021314948797226 0
1731946648576 0.027883008122444153 0
1731946664294 0.027566542848944664 0
1731946680025 0.02676612138748169 0
1731946695761 0.028360044583678246 0
1731946711447 0.026323704048991203 0
1731946727152 0.02683480642735958 0
1731946742457 0.027363218367099762 0
1731946757752 0.02570410445332527 0
1731946772965 0.027380239218473434 0
1731946788252 0.02741985209286213 0
1731946803454 0.02537696249783039 0
1731946818741 0.02671266905963421 0
1731946833939 0.02619618922472 0
1731946849538 0.025445587933063507 0
1731946864746 0.02989249676465988 0
1731946880046 0.029622064903378487 0
1731946895218 0.026805050671100616 0
1731946910491 0.026704570278525352 0
1731946925659 0.026798732578754425 0
1731946940954 0.02719820663332939 0
1731946956157 0.02729315496981144 0
1731946971426 0.026036545634269714 0
1731946986604 0.026698783040046692 0
1731947001900 0.02707093022763729 0
1731947017069 0.026352256536483765 0
1731947032336 0.027225300669670105 0
1731947047535 0.025641843676567078 0
1731947062805 0.027104800567030907 0
1731947078294 0.026725927367806435 0
1731947093584 0.026179268956184387 0
1731947108736 0.02605525217950344 0
1731947123997 0.026898551732301712 0
1731947139176 0.026594607159495354 0
1731947154463 0.02832929976284504 0
1731947169615 0.026918688789010048 0
1731947184889 0.026568584144115448 0
1731947200079 0.02709866873919964 0
1731947215344 0.02653033472597599 0
1731947230522 0.02763078734278679 0
1731947245808 0.026964671909809113 0
1731947260959 0.02693917416036129 0
1731947276223 0.02596966177225113 0
1731947291379 0.026598529890179634 0
1731947307017 0.026937035843729973 0
1731947322198 0.0267989132553339 0
1731947337467 0.027312016114592552 0
1731947352670 0.02737751603126526 0
1731947367921 0.027032963931560516 0
1731947383124 0.026705054566264153 0
1731947398406 0.02742437832057476 0
1731947413585 0.026571130380034447 0
1731947428842 0.027065884321928024 0
1731947444017 0.026548899710178375 0
1731947459265 0.02703726291656494 0
1731947474439 0.02765926532447338 0
1731947489686 0.02777004987001419 0
1731947504868 0.02746918611228466 0
1731947520455 0.028380928561091423 0
1731947535606 0.027125464752316475 0
1731947550900 0.0270137470215559 0
1731947566037 0.026530392467975616 0
1731947581304 0.026201918721199036 0
1731947596461 0.027450762689113617 0
1731947611727 0.02619313634932041 0
1731947626863 0.02662735804915428 0
1731947642138 0.02713589556515217 0
1731947657300 0.026714449748396873 0
1731947672611 0.02693318761885166 0
1731947687758 0.026861267164349556 0
1731947703032 0.027025701478123665 0
1731947718224 0.027585469186306 0
1731947733495 0.027631379663944244 0
1731947749016 0.02653152495622635 0
1731947764299 0.026655886322259903 0
1731947779487 0.027234835550189018 0
1731947794780 0.02686699479818344 0
1731947809938 0.026694128289818764 0
1731947825242 0.02645832858979702 0
1731947840437 0.027276134118437767 0
1731947855733 0.02661704644560814 0
1731947870891 0.027702508494257927 0
1731947886183 0.027175579220056534 0
1731947901346 0.027387624606490135 0
1731947916639 0.026975661516189575 0
1731947931825 0.02691980078816414 0
1731947947086 0.027042735368013382 0
1731947962284 0.02669711410999298 0
1731947977932 0.02671782858669758 0
1731947993116 0.026433588936924934 0
1731948008414 0.02669455297291279 0
1731948023597 0.02676987089216709 0
1731948038885 0.026866471394896507 0
1731948054064 0.027027936652302742 0
1731948069367 0.026396192610263824 0
1731948084560 0.02702428214251995 0
1731948099854 0.027046170085668564 0
1731948115028 0.02689598873257637 0
1731948130329 0.026997793465852737 0
1731948145525 0.027350248768925667 0
1731948160832 0.026634564623236656 0
1731948176012 0.02643718756735325 0
1731948191292 0.026305753737688065 0
1731948206800 0.026684889569878578 0
1731948222098 0.02698284387588501 0
1731948237278 0.0267168078571558 0
1731948252556 0.0270208902657032 0
1731948267728 0.026392275467514992 0
1731948283024 0.026933053508400917 0
1731948298219 0.026618700474500656 0
1731948313497 0.02682710625231266 0
1731948328679 0.02673957683146 0
1731948343968 0.026700172573328018 0
1731948359169 0.027753958478569984 0
1731948374440 0.02756495401263237 0
1731948389621 0.02709289826452732 0
1731948404938 0.02706768363714218 0
1731948420127 0.02747628092765808 0
1731948435771 0.027324818074703217 0
1731948450964 0.026847995817661285 0
1731948466262 0.027613000944256783 0
1731948481461 0.027285262942314148 0
1731948496734 0.026772737503051758 0
1731948511915 0.02689332887530327 0
1731948527190 0.02724101021885872 0
1731948542400 0.027172502130270004 0
1731948557696 0.027065983042120934 0
1731948572890 0.026775475591421127 0
1731948588161 0.026872776448726654 0
1731948603360 0.02738417312502861 0
1731948618682 0.02677459456026554 0
1731948633864 0.02712562493979931 0
1731948649461 0.027024460956454277 0
1731948664648 0.027477936819195747 0
1731948679950 0.02728429064154625 0
1731948695146 0.02775419130921364 0
1731948710447 0.02733108028769493 0
1731948725652 0.02709648758172989 0
1731948740947 0.02688593789935112 0
1731948756165 0.027429768815636635 0
1731948771440 0.026907961815595627 0
1731948786643 0.027014728635549545 0
1731948801927 0.026901725679636 0
1731948817156 0.02674606628715992 0
1731948832465 0.026985151693224907 0
1731948847657 0.026815183460712433 0
1731948862981 0.027141902595758438 0
1731948878540 0.027695761993527412 0
1731948893837 0.027394821867346764 0
1731948909057 0.027266452088952065 0
1731948924370 0.026859961450099945 0
1731948939603 0.026993080973625183 0
1731948954910 0.02743380516767502 0
1731948970128 0.027693316340446472 0
1731948985435 0.027216196060180664 0
1731949000651 0.02766394056379795 0
1731949015956 0.026811622083187103 0
1731949031172 0.02712767757475376 0
1731949046488 0.02740492857992649 0
1731949061704 0.027617378160357475 0
1731949077003 0.027258751913905144 0
1731949092211 0.02807788923382759 0
1731949107850 0.027943946421146393 0
1731949123067 0.027868235483765602 0
1731949138390 0.027343900874257088 0
1731949153607 0.02745673432946205 0
1731949168914 0.02778642624616623 0
1731949184111 0.028117533773183823 0
1731949199423 0.02869819849729538 0
1731949214631 0.02837923914194107 0
1731949229924 0.028538839891552925 0
1731949245130 0.02803456410765648 0
1731949260461 0.02801654115319252 0
1731949275646 0.028187060728669167 0
1731949290940 0.02800232172012329 0
1731949306134 0.027675854042172432 0
1731949321458 0.027924323454499245 0
1731949337008 0.027902506291866302 0
1731949352333 0.02815474197268486 0
1731949367552 0.02803906798362732 0
1731949382860 0.028170716017484665 0
1731949398045 0.027641942724585533 0
1731949413361 0.027936404570937157 0
1731949428563 0.028193825855851173 0
1731949443870 0.02818136475980282 0
1731949459078 0.027858298271894455 0
1731949474395 0.028053250163793564 0
1731949489612 0.02813044935464859 0
1731949504931 0.02775399014353752 0
1731949520153 0.028232457116246223 0
1731949535478 0.02789788506925106 0
1731949550669 0.028042035177350044 0
