1731946080155 1.971779227256775 0
1731946101143 1.7333160638809204 0
1731946121591 1.685926079750061 0
1731946141949 1.7621153593063354 0
1731946162105 1.7480334043502808 0
1731946182320 1.7005300521850586 0
1731946202352 1.7577946186065674 0
1731946222459 1.7903764247894287 0
1731946242432 1.8631831407546997 0
1731946262508 1.6993237733840942 0
1731946282460 1.7391893863677979 0
1731946302502 1.7631218433380127 0
1731946322396 1.702950358390808 0
1731946342404 1.7364977598190308 0
1731946362248 1.7302403450012207 0
1731946379872 1.6635721921920776 0
1731946397470 1.7522209882736206 0
1731946415084 1.659513235092163 0
1731946432672 1.696659803390503 0
1731946450287 1.7636134624481201 0
1731946467895 1.7805778980255127 0
1731946485500 1.6821706295013428 0
1731946502283 1.7900279760360718 0
1731946518615 1.8041789531707764 0
1731946535046 1.8264422416687012 0
1731946551488 1.8055367469787598 0
1731946567931 1.7276535034179688 0
1731946584272 1.7676548957824707 0
1731946600739 1.7573699951171875 0
1731946617170 1.708439826965332 0
1731946632865 1.7255144119262695 0
1731946648576 1.760276198387146 0
1731946664294 1.7883235216140747 0
1731946680025 1.8045202493667603 0
1731946695761 1.77690851688385 0
1731946711447 1.7584255933761597 0
1731946727152 1.780533790588379 0
1731946742457 1.811236023902893 0
1731946757752 1.711779236793518 0
1731946772965 1.6788989305496216 0
1731946788252 1.7727539539337158 0
1731946803454 1.707450032234192 0
1731946818741 1.8382740020751953 0
1731946833939 1.8105711936950684 0
1731946849538 1.784398078918457 0
1731946864746 1.7452789545059204 0
1731946880046 1.7423021793365479 0
1731946895218 1.7692182064056396 0
1731946910491 1.7755959033966064 0
1731946925659 1.7838103771209717 0
1731946940954 1.7731786966323853 0
1731946956157 1.836427927017212 0
1731946971426 1.78424870967865 0
1731946986604 1.776233196258545 0
1731947001900 1.7349965572357178 0
1731947017069 1.8160537481307983 0
1731947032336 1.7978909015655518 0
1731947047535 1.7627573013305664 0
1731947062805 1.820436716079712 0
1731947078294 1.7066049575805664 0
1731947093584 1.790218472480774 0
1731947108736 1.7794681787490845 0
1731947123997 1.830068588256836 0
1731947139176 1.823862075805664 0
1731947154463 1.8029775619506836 0
1731947169615 1.7957942485809326 0
1731947184889 1.817088007926941 0
1731947200079 1.7486317157745361 0
1731947215344 1.820590853691101 0
1731947230522 1.7608271837234497 0
1731947245808 1.7696571350097656 0
1731947260959 1.746135950088501 0
1731947276223 1.784367561340332 0
1731947291379 1.80923593044281 0
1731947307017 1.7619421482086182 0
1731947322198 1.788504958152771 0
1731947337467 1.7589094638824463 0
1731947352670 1.7984422445297241 0
1731947367921 1.788311243057251 0
1731947383124 1.7870054244995117 0
1731947398406 1.7946141958236694 0
1731947413585 1.7524548768997192 0
1731947428842 1.7868127822875977 0
1731947444017 1.787575125694275 0
1731947459265 1.7980825901031494 0
1731947474439 1.8422642946243286 0
1731947489686 1.7739571332931519 0
1731947504868 1.8129699230194092 0
1731947520455 1.7875181436538696 0
1731947535606 1.8336173295974731 0
1731947550900 1.8008029460906982 0
1731947566037 1.7851636409759521 0
1731947581304 1.8307808637619019 0
1731947596461 1.827262043952942 0
1731947611727 1.7772784233093262 0
1731947626863 1.8035162687301636 0
1731947642138 1.7581723928451538 0
1731947657300 1.7936105728149414 0
1731947672611 1.8062876462936401 0
1731947687758 1.7896791696548462 0
1731947703032 1.7994595766067505 0
1731947718224 1.8164116144180298 0
1731947733495 1.812648057937622 0
1731947749016 1.7870577573776245 0
1731947764299 1.8107918500900269 0
1731947779487 1.8359299898147583 0
1731947794780 1.8184359073638916 0
1731947809938 1.8252571821212769 0
1731947825242 1.7738136053085327 0
1731947840437 1.8082739114761353 0
1731947855733 1.779137372970581 0
1731947870891 1.8060054779052734 0
1731947886183 1.7730809450149536 0
1731947901346 1.7815297842025757 0
1731947916639 1.8068177700042725 0
1731947931825 1.7802424430847168 0
1731947947086 1.7786871194839478 0
1731947962284 1.8075027465820312 0
1731947977932 1.8032505512237549 0
1731947993116 1.8078322410583496 0
1731948008414 1.8156650066375732 0
1731948023597 1.7748748064041138 0
1731948038885 1.774558186531067 0
1731948054064 1.8048263788223267 0
1731948069367 1.7934612035751343 0
1731948084560 1.784943699836731 0
1731948099854 1.7936742305755615 0
1731948115028 1.8080514669418335 0
1731948130329 1.7993265390396118 0
1731948145525 1.8049864768981934 0
1731948160832 1.8219127655029297 0
1731948176012 1.7819503545761108 0
1731948191292 1.7977488040924072 0
1731948206800 1.7457809448242188 0
1731948222098 1.8035719394683838 0
1731948237278 1.787804126739502 0
1731948252556 1.8087270259857178 0
1731948267728 1.8043222427368164 0
1731948283024 1.7736274003982544 0
1731948298219 1.7829731702804565 0
1731948313497 1.7795054912567139 0
1731948328679 1.8127844333648682 0
1731948343968 1.7803950309753418 0
1731948359169 1.7899249792099 0
1731948374440 1.7985844612121582 0
1731948389621 1.8026859760284424 0
1731948404938 1.7940212488174438 0
1731948420127 1.798080325126648 0
1731948435771 1.7784117460250854 0
1731948450964 1.8171581029891968 0
1731948466262 1.8081861734390259 0
1731948481461 1.8300938606262207 0
1731948496734 1.7924829721450806 0
1731948511915 1.8059782981872559 0
1731948527190 1.8109869956970215 0
1731948542400 1.8093609809875488 0
1731948557696 1.7850136756896973 0
1731948572890 1.7888461351394653 0
1731948588161 1.7839488983154297 0
1731948603360 1.8007248640060425 0
1731948618682 1.7862858772277832 0
1731948633864 1.802693486213684 0
1731948649461 1.7848564386367798 0
1731948664648 1.8005293607711792 0
1731948679950 1.7939683198928833 0
1731948695146 1.8038688898086548 0
1731948710447 1.7822026014328003 0
1731948725652 1.7884920835494995 0
1731948740947 1.814806580543518 0
1731948756165 1.8032381534576416 0
1731948771440 1.8121418952941895 0
1731948786643 1.7765679359436035 0
1731948801927 1.7808215618133545 0
1731948817156 1.790342092514038 0
1731948832465 1.8138564825057983 0
1731948847657 1.7925196886062622 0
1731948862981 1.780646562576294 0
1731948878540 1.8225996494293213 0
1731948893837 1.7863104343414307 0
1731948909057 1.7994804382324219 0
1731948924370 1.8014981746673584 0
1731948939603 1.7902194261550903 0
1731948954910 1.8143179416656494 0
1731948970128 1.7938066720962524 0
1731948985435 1.7849794626235962 0
1731949000651 1.7975906133651733 0
1731949015956 1.7742245197296143 0
1731949031172 1.786851406097412 0
1731949046488 1.799901008605957 0
1731949061704 1.7635027170181274 0
1731949077003 1.7974226474761963 0
1731949092211 1.809601068496704 0
1731949107850 1.7799979448318481 0
1731949123067 1.8172005414962769 0
1731949138390 1.800069808959961 0
1731949153607 1.8143540620803833 0
1731949168914 1.8070775270462036 0
1731949184111 1.7796636819839478 0
1731949199423 1.7876341342926025 0
1731949214631 1.8037331104278564 0
1731949229924 1.7899805307388306 0
1731949245130 1.7879693508148193 0
1731949260461 1.793954849243164 0
1731949275646 1.7954607009887695 0
1731949290940 1.8088427782058716 0
1731949306134 1.801243782043457 0
1731949321458 1.8019431829452515 0
1731949337008 1.786812424659729 0
1731949352333 1.7853490114212036 0
1731949367552 1.7986854314804077 0
1731949382860 1.8187304735183716 0
1731949398045 1.778252124786377 0
1731949413361 1.7799235582351685 0
1731949428563 1.786881685256958 0
1731949443870 1.7895156145095825 0
1731949459078 1.7863332033157349 0
1731949474395 1.788626790046692 0
1731949489612 1.8001824617385864 0
1731949504931 1.7983055114746094 0
1731949520153 1.7958992719650269 0
1731949535478 1.7939497232437134 0
1731949550669 1.8021111488342285 0
