1731946080155 0.797694981098175 0
1731946101143 0.7415177822113037 0
1731946121591 0.7141489386558533 0
1731946141949 0.6993714570999146 0
1731946162105 0.677440881729126 0
1731946182320 0.6844913363456726 0
1731946202352 0.660997211933136 0
1731946222459 0.6502048373222351 0
1731946242432 0.6651434302330017 0
1731946262508 0.6448430418968201 0
1731946282460 0.6517573595046997 0
1731946302502 0.6559658646583557 0
1731946322396 0.6336684226989746 0
1731946342404 0.6600202918052673 0
1731946362248 0.6443406343460083 0
1731946379872 0.6433587074279785 0
1731946397470 0.6432645320892334 0
1731946415084 0.6419751048088074 0
1731946432672 0.6550464034080505 0
1731946450287 0.6317197680473328 0
1731946467895 0.6460170149803162 0
1731946485500 0.6297415494918823 0
1731946502283 0.6402020454406738 0
1731946518615 0.6359592080116272 0
1731946535046 0.647017240524292 0
1731946551488 0.6232903599739075 0
1731946567931 0.6500694155693054 0
1731946584272 0.6488504409790039 0
1731946600739 0.6379246115684509 0
1731946617170 0.6469959020614624 0
1731946632865 0.6426535248756409 0
1731946648576 0.6378680467605591 0
1731946664294 0.6456401944160461 0
1731946680025 0.6404823064804077 0
1731946695761 0.6507897973060608 0
1731946711447 0.6419228911399841 0
1731946727152 0.6689771413803101 0
1731946742457 0.6455654501914978 0
1731946757752 0.6440239548683167 0
1731946772965 0.635161817073822 0
1731946788252 0.6337773203849792 0
1731946803454 0.6400914192199707 0
1731946818741 0.634243369102478 0
1731946833939 0.6434799432754517 0
1731946849538 0.6442452073097229 0
1731946864746 0.6366141438484192 0
1731946880046 0.6434671878814697 0
1731946895218 0.645079493522644 0
1731946910491 0.6410337686538696 0
1731946925659 0.6382589936256409 0
1731946940954 0.6392166018486023 0
1731946956157 0.648561418056488 0
1731946971426 0.6469990015029907 0
1731946986604 0.6398207545280457 0
1731947001900 0.6391215324401855 0
1731947017069 0.6346831321716309 0
1731947032336 0.6496729254722595 0
1731947047535 0.637550413608551 0
1731947062805 0.6402633786201477 0
1731947078294 0.6449260711669922 0
1731947093584 0.6448783874511719 0
1731947108736 0.6340623497962952 0
1731947123997 0.6492816209793091 0
1731947139176 0.6320281028747559 0
1731947154463 0.6509451866149902 0
1731947169615 0.6437673568725586 0
1731947184889 0.6395106315612793 0
1731947200079 0.6399965882301331 0
1731947215344 0.6418860554695129 0
1731947230522 0.6437041759490967 0
1731947245808 0.6455806493759155 0
1731947260959 0.6454521417617798 0
1731947276223 0.6435502171516418 0
1731947291379 0.650173544883728 0
1731947307017 0.6369448304176331 0
1731947322198 0.6444442272186279 0
1731947337467 0.6347112059593201 0
1731947352670 0.6488447189331055 0
1731947367921 0.6373798251152039 0
1731947383124 0.6363991498947144 0
1731947398406 0.6372930407524109 0
1731947413585 0.6457933187484741 0
1731947428842 0.6510195732116699 0
1731947444017 0.6346523761749268 0
1731947459265 0.6462309956550598 0
1731947474439 0.6373108625411987 0
1731947489686 0.643921971321106 0
1731947504868 0.6423303484916687 0
1731947520455 0.6509228348731995 0
1731947535606 0.6526702642440796 0
1731947550900 0.6390905380249023 0
1731947566037 0.6408398151397705 0
1731947581304 0.6417416930198669 0
1731947596461 0.633758544921875 0
1731947611727 0.6471105813980103 0
1731947626863 0.6454443335533142 0
1731947642138 0.6448294520378113 0
1731947657300 0.6386148929595947 0
1731947672611 0.6421904563903809 0
1731947687758 0.6412636041641235 0
1731947703032 0.6407568454742432 0
1731947718224 0.6435595154762268 0
1731947733495 0.6383209228515625 0
1731947749016 0.6431671977043152 0
1731947764299 0.6480151414871216 0
1731947779487 0.6411559581756592 0
1731947794780 0.6430627703666687 0
1731947809938 0.6429164409637451 0
1731947825242 0.6389868855476379 0
1731947840437 0.6453869342803955 0
1731947855733 0.6403334140777588 0
1731947870891 0.6445671319961548 0
1731947886183 0.6438509821891785 0
1731947901346 0.6372537612915039 0
1731947916639 0.6420700550079346 0
1731947931825 0.649699866771698 0
1731947947086 0.6465079188346863 0
1731947962284 0.6448289155960083 0
1731947977932 0.6464745402336121 0
1731947993116 0.6496966481208801 0
1731948008414 0.6412798762321472 0
1731948023597 0.6479232907295227 0
1731948038885 0.6454355120658875 0
1731948054064 0.6389739513397217 0
1731948069367 0.6491909623146057 0
1731948084560 0.6383882164955139 0
1731948099854 0.6441919207572937 0
1731948115028 0.6413670182228088 0
1731948130329 0.6409833431243896 0
1731948145525 0.6391745209693909 0
1731948160832 0.6437047719955444 0
1731948176012 0.6431729197502136 0
1731948191292 0.6442650556564331 0
1731948206800 0.6428776979446411 0
1731948222098 0.6430622935295105 0
1731948237278 0.6431281566619873 0
1731948252556 0.6450350880622864 0
1731948267728 0.6409429311752319 0
1731948283024 0.6407003402709961 0
1731948298219 0.6406144499778748 0
1731948313497 0.6424524784088135 0
1731948328679 0.6408685445785522 0
1731948343968 0.6444968581199646 0
1731948359169 0.6409406661987305 0
1731948374440 0.6411691904067993 0
1731948389621 0.6465075016021729 0
1731948404938 0.6401951909065247 0
1731948420127 0.6418784856796265 0
1731948435771 0.6425548791885376 0
1731948450964 0.6395355463027954 0
1731948466262 0.647588312625885 0
1731948481461 0.6359592080116272 0
1731948496734 0.6425485610961914 0
1731948511915 0.6428466439247131 0
1731948527190 0.6452028751373291 0
1731948542400 0.6383774876594543 0
1731948557696 0.6441214680671692 0
1731948572890 0.6454736590385437 0
1731948588161 0.6449446082115173 0
1731948603360 0.640672504901886 0
1731948618682 0.6441469192504883 0
1731948633864 0.63988196849823 0
1731948649461 0.6419658064842224 0
1731948664648 0.6443856954574585 0
1731948679950 0.6400765776634216 0
1731948695146 0.6418368220329285 0
1731948710447 0.6450613737106323 0
1731948725652 0.6401210427284241 0
1731948740947 0.6435796618461609 0
1731948756165 0.6469911336898804 0
1731948771440 0.6412581205368042 0
1731948786643 0.639305055141449 0
1731948801927 0.6493197083473206 0
1731948817156 0.642062246799469 0
1731948832465 0.6440261006355286 0
1731948847657 0.6438677906990051 0
1731948862981 0.6468523740768433 0
1731948878540 0.6443549394607544 0
1731948893837 0.6439749598503113 0
1731948909057 0.6444100737571716 0
1731948924370 0.6434131264686584 0
1731948939603 0.6431884169578552 0
1731948954910 0.6453584432601929 0
1731948970128 0.6401384472846985 0
1731948985435 0.6432825326919556 0
1731949000651 0.6478198170661926 0
1731949015956 0.6446840167045593 0
1731949031172 0.6460759043693542 0
1731949046488 0.643362820148468 0
1731949061704 0.6439486145973206 0
1731949077003 0.641554057598114 0
1731949092211 0.6481450796127319 0
1731949107850 0.6440404653549194 0
1731949123067 0.6430763006210327 0
1731949138390 0.640916645526886 0
1731949153607 0.6452107429504395 0
1731949168914 0.6428893208503723 0
1731949184111 0.6456789970397949 0
1731949199423 0.6449663043022156 0
1731949214631 0.645715594291687 0
1731949229924 0.6474890112876892 0
1731949245130 0.6456843614578247 0
1731949260461 0.6441164016723633 0
1731949275646 0.6432671546936035 0
1731949290940 0.6416707038879395 0
1731949306134 0.6430681347846985 0
1731949321458 0.6466955542564392 0
1731949337008 0.6448771953582764 0
1731949352333 0.6407843828201294 0
1731949367552 0.6475002765655518 0
1731949382860 0.6472831964492798 0
1731949398045 0.6424980163574219 0
1731949413361 0.64179927110672 0
1731949428563 0.641814112663269 0
1731949443870 0.6441658139228821 0
1731949459078 0.6450849771499634 0
1731949474395 0.6430208683013916 0
1731949489612 0.6423255801200867 0
1731949504931 0.6430640816688538 0
1731949520153 0.6445246934890747 0
1731949535478 0.6437056660652161 0
1731949550669 0.643178403377533 0
