1731946080155 0.22752155363559723 0
1731946101143 0.20890961587429047 0
1731946121591 0.18282096087932587 0
1731946141949 0.15408384799957275 0
1731946162105 0.13731154799461365 0
1731946182320 0.12302316725254059 0
1731946202352 0.1176266223192215 0
1731946222459 0.10276742279529572 0
1731946242432 0.09803371876478195 0
1731946262508 0.09301410615444183 0
1731946282460 0.09153436869382858 0
1731946302502 0.08391779661178589 0
1731946322396 0.08608825504779816 0
1731946342404 0.08289991319179535 0
1731946362248 0.07642656564712524 0
1731946379872 0.07630141079425812 0
1731946397470 0.0739138275384903 0
1731946415084 0.0723009780049324 0
1731946432672 0.07060687988996506 0
1731946450287 0.0684904009103775 0
1731946467895 0.07122267782688141 0
1731946485500 0.06672239303588867 0
1731946502283 0.06627578288316727 0
1731946518615 0.0631837248802185 0
1731946535046 0.06262042373418808 0
1731946551488 0.06176546961069107 0
1731946567931 0.06185977905988693 0
1731946584272 0.060295503586530685 0
1731946600739 0.06056090444326401 0
1731946617170 0.05966624617576599 0
1731946632865 0.05707225948572159 0
1731946648576 0.055895932018756866 0
1731946664294 0.057807836681604385 0
1731946680025 0.05354861170053482 0
1731946695761 0.05311143770813942 0
1731946711447 0.053926583379507065 0
1731946727152 0.05191314220428467 0
1731946742457 0.050281815230846405 0
1731946757752 0.05119097977876663 0
1731946772965 0.049255989491939545 0
1731946788252 0.049440957605838776 0
1731946803454 0.04631878808140755 0
1731946818741 0.04860766977071762 0
1731946833939 0.04740045219659805 0
1731946849538 0.04870481789112091 0
1731946864746 0.046619758009910583 0
1731946880046 0.04567137360572815 0
1731946895218 0.04536188393831253 0
1731946910491 0.04468709975481033 0
1731946925659 0.044337838888168335 0
1731946940954 0.044326767325401306 0
1731946956157 0.044787630438804626 0
1731946971426 0.04268289729952812 0
1731946986604 0.041785240173339844 0
1731947001900 0.04164499789476395 0
1731947017069 0.04389547184109688 0
1731947032336 0.04168630763888359 0
1731947047535 0.04055182635784149 0
1731947062805 0.03922706097364426 0
1731947078294 0.03918198496103287 0
1731947093584 0.03726653754711151 0
1731947108736 0.0403178408741951 0
1731947123997 0.04032058268785477 0
1731947139176 0.03868536651134491 0
1731947154463 0.03902152180671692 0
1731947169615 0.03883809596300125 0
1731947184889 0.03920510411262512 0
1731947200079 0.035509638488292694 0
1731947215344 0.03560661897063255 0
1731947230522 0.036408476531505585 0
1731947245808 0.03602171689271927 0
1731947260959 0.03484078496694565 0
1731947276223 0.035210538655519485 0
1731947291379 0.03572544455528259 0
1731947307017 0.034748367965221405 0
1731947322198 0.03618912771344185 0
1731947337467 0.035307757556438446 0
1731947352670 0.03265984728932381 0
1731947367921 0.033774614334106445 0
1731947383124 0.032641567289829254 0
1731947398406 0.03441346436738968 0
1731947413585 0.034136801958084106 0
1731947428842 0.03212905675172806 0
1731947444017 0.03397512435913086 0
1731947459265 0.03173140808939934 0
1731947474439 0.03222254663705826 0
1731947489686 0.030549412593245506 0
1731947504868 0.031481172889471054 0
1731947520455 0.03145502507686615 0
1731947535606 0.030794693157076836 0
1731947550900 0.0296320877969265 0
1731947566037 0.030692443251609802 0
1731947581304 0.031232014298439026 0
1731947596461 0.03131069988012314 0
1731947611727 0.02921992540359497 0
1731947626863 0.030436933040618896 0
1731947642138 0.028989437967538834 0
1731947657300 0.030175454914569855 0
1731947672611 0.030256032943725586 0
1731947687758 0.029955271631479263 0
1731947703032 0.027441592887043953 0
1731947718224 0.02982964739203453 0
1731947733495 0.028326451778411865 0
1731947749016 0.02859256975352764 0
1731947764299 0.028820514678955078 0
1731947779487 0.02754543535411358 0
1731947794780 0.0271599180996418 0
1731947809938 0.028005104511976242 0
1731947825242 0.02664778381586075 0
1731947840437 0.02769460156559944 0
1731947855733 0.02885092794895172 0
1731947870891 0.026041429489850998 0
1731947886183 0.027615845203399658 0
1731947901346 0.026521429419517517 0
1731947916639 0.026028059422969818 0
1731947931825 0.028154656291007996 0
1731947947086 0.026813413947820663 0
1731947962284 0.026577679440379143 0
1731947977932 0.026052141562104225 0
1731947993116 0.027462288737297058 0
1731948008414 0.027653396129608154 0
1731948023597 0.025277353823184967 0
1731948038885 0.024698056280612946 0
1731948054064 0.026518216356635094 0
1731948069367 0.025274189189076424 0
1731948084560 0.025626234710216522 0
1731948099854 0.024712922051548958 0
1731948115028 0.025638975203037262 0
1731948130329 0.02435188554227352 0
1731948145525 0.024203713983297348 0
1731948160832 0.02574053592979908 0
1731948176012 0.026369478553533554 0
1731948191292 0.02503947541117668 0
1731948206800 0.025133555755019188 0
1731948222098 0.023337993770837784 0
1731948237278 0.02288057841360569 0
1731948252556 0.02451002225279808 0
1731948267728 0.024026283994317055 0
1731948283024 0.02242843434214592 0
1731948298219 0.02244609221816063 0
1731948313497 0.023505575954914093 0
1731948328679 0.025055207312107086 0
1731948343968 0.023984313011169434 0
1731948359169 0.025657225400209427 0
1731948374440 0.023252608254551888 0
1731948389621 0.023821154609322548 0
1731948404938 0.023217756301164627 0
1731948420127 0.0235233586281538 0
1731948435771 0.023097846657037735 0
1731948450964 0.022774511948227882 0
1731948466262 0.02219516411423683 0
1731948481461 0.022238489240407944 0
1731948496734 0.02321147546172142 0
1731948511915 0.021964047104120255 0
1731948527190 0.023045402020215988 0
1731948542400 0.022207139059901237 0
1731948557696 0.021784262731671333 0
1731948572890 0.022111188620328903 0
1731948588161 0.022203637287020683 0
1731948603360 0.02154427021741867 0
1731948618682 0.02203160524368286 0
1731948633864 0.021524924784898758 0
1731948649461 0.023830115795135498 0
1731948664648 0.02300877496600151 0
1731948679950 0.022753361612558365 0
1731948695146 0.021503083407878876 0
1731948710447 0.02184927649796009 0
1731948725652 0.02100927010178566 0
1731948740947 0.022076241672039032 0
1731948756165 0.021267952397465706 0
1731948771440 0.021206557750701904 0
1731948786643 0.021965142339468002 0
1731948801927 0.020219026133418083 0
1731948817156 0.02159225195646286 0
1731948832465 0.020256951451301575 0
1731948847657 0.019329428672790527 0
1731948862981 0.020597651600837708 0
1731948878540 0.02092398889362812 0
1731948893837 0.021091120317578316 0
1731948909057 0.021944506093859673 0
1731948924370 0.01981094665825367 0
1731948939603 0.02197449281811714 0
1731948954910 0.020297791808843613 0
1731948970128 0.021685007959604263 0
1731948985435 0.019945938140153885 0
1731949000651 0.019764095544815063 0
1731949015956 0.02092408388853073 0
1731949031172 0.019229702651500702 0
1731949046488 0.020576924085617065 0
1731949061704 0.02053014561533928 0
1731949077003 0.02064288593828678 0
1731949092211 0.020800884813070297 0
1731949107850 0.020452287048101425 0
1731949123067 0.02058412879705429 0
1731949138390 0.017605174332857132 0
1731949153607 0.020290710031986237 0
1731949168914 0.019488736987113953 0
1731949184111 0.018767116591334343 0
1731949199423 0.01967426761984825 0
1731949214631 0.020272530615329742 0
1731949229924 0.019158964976668358 0
1731949245130 0.01936184987425804 0
1731949260461 0.020145803689956665 0
1731949275646 0.01884463056921959 0
1731949290940 0.019202426075935364 0
1731949306134 0.019331805408000946 0
1731949321458 0.019795367494225502 0
1731949337008 0.018656974658370018 0
1731949352333 0.01955246739089489 0
1731949367552 0.019470157101750374 0
1731949382860 0.017890438437461853 0
1731949398045 0.020226329565048218 0
1731949413361 0.019512899219989777 0
1731949428563 0.017978014424443245 0
1731949443870 0.019590243697166443 0
1731949459078 0.01851644553244114 0
1731949474395 0.019156329333782196 0
1731949489612 0.017670556902885437 0
1731949504931 0.018016420304775238 0
1731949520153 0.019664868712425232 0
1731949535478 0.018915794789791107 0
1731949550669 0.018797699362039566 0
