1731946080167 0.0004550431331153959 0
1731946101147 0.0004178192466497421 0
1731946121594 0.0003656419285107404 0
1731946141952 0.00030816771322861314 0
1731946162107 0.0002746231039054692 0
1731946182323 0.0002460463438183069 0
1731946202354 0.00023525326105300337 0
1731946222462 0.00020553485956043005 0
1731946242434 0.0001960674417205155 0
1731946262510 0.00018602822092361748 0
1731946282463 0.0001830687397159636 0
1731946302504 0.0001678356056800112 0
1731946322399 0.0001721765147522092 0
1731946342406 0.00016579983639530838 0
1731946362250 0.00015285314293578267 0
1731946379875 0.00015260283544193953 0
1731946397473 0.00014782766811549664 0
1731946415086 0.00014460195961873978 0
1731946432674 0.000141213764436543 0
1731946450290 0.00013698080147150904 0
1731946467897 0.00014244536578189582 0
1731946485502 0.0001334447879344225 0
1731946502286 0.0001325515768257901 0
1731946518617 0.00012636744941119105 0
1731946535048 0.0001252408546861261 0
1731946551490 0.0001235309464391321 0
1731946567934 0.00012371956836432219 0
1731946584275 0.00012059101572958753 0
1731946600741 0.00012112181138945743 0
1731946617172 0.00011933250061701983 0
1731946632867 0.00011414452455937862 0
1731946648578 0.00011179187276866287 0
1731946664297 0.00011561567953322083 0
1731946680028 0.00010709722846513614 0
1731946695763 0.00010622288391459733 0
1731946711449 0.00010785317135741934 0
1731946727155 0.00010382629261584952 0
1731946742460 0.00010056363680632785 0
1731946757754 0.00010238196409773082 0
1731946772967 9.851198410615325e-05 0
1731946788254 9.888192289508879e-05 0
1731946803456 9.263757965527475e-05 0
1731946818743 9.721534297568724e-05 0
1731946833941 9.480091102886945e-05 0
1731946849541 9.740964014781639e-05 0
1731946864748 9.323951962869614e-05 0
1731946880049 9.134275023825467e-05 0
1731946895221 9.072376997210085e-05 0
1731946910493 8.937420352594927e-05 0
1731946925661 8.86756824911572e-05 0
1731946940956 8.865354175213724e-05 0
1731946956160 8.957526733865961e-05 0
1731946971428 8.536579844076186e-05 0
1731946986606 8.357048500329256e-05 0
1731947001902 8.328999683726579e-05 0
1731947017072 8.779094787314534e-05 0
1731947032338 8.337262261193246e-05 0
1731947047537 8.110365888569504e-05 0
1731947062807 7.845412619644776e-05 0
1731947078296 7.836397708160803e-05 0
1731947093587 7.453307625837624e-05 0
1731947108738 8.063568384386599e-05 0
1731947124000 8.064116991590708e-05 0
1731947139179 7.737073610769585e-05 0
1731947154466 7.804304914316162e-05 0
1731947169617 7.76761953602545e-05 0
1731947184892 7.841020851628855e-05 0
1731947200081 7.101928349584341e-05 0
1731947215346 7.12132386979647e-05 0
1731947230524 7.281695434357971e-05 0
1731947245810 7.204344001365826e-05 0
1731947260961 6.968157686060295e-05 0
1731947276225 7.04210833646357e-05 0
1731947291381 7.145089330151677e-05 0
1731947307019 6.949673843337223e-05 0
1731947322200 7.237825775519013e-05 0
1731947337469 7.061551877995953e-05 0
1731947352673 6.53196984785609e-05 0
1731947367923 6.754923379048705e-05 0
1731947383127 6.528313679154962e-05 0
1731947398408 6.882693560328335e-05 0
1731947413587 6.827360630268231e-05 0
1731947428844 6.425811443477869e-05 0
1731947444019 6.795025547035038e-05 0
1731947459267 6.346281588776037e-05 0
1731947474441 6.444509926950559e-05 0
1731947489689 6.109882815508172e-05 0
1731947504870 6.296234641922638e-05 0
1731947520457 6.291005411185324e-05 0
1731947535608 6.15893877693452e-05 0
1731947550902 5.926417725277133e-05 0
1731947566039 6.138488970464095e-05 0
1731947581306 6.246403063414618e-05 0
1731947596463 6.262140232138336e-05 0
1731947611729 5.8439854910830036e-05 0
1731947626865 6.0873870097566396e-05 0
1731947642141 5.797887934022583e-05 0
1731947657302 6.035091428202577e-05 0
1731947672613 6.051206946722232e-05 0
1731947687761 5.991054786136374e-05 0
1731947703034 5.488318856805563e-05 0
1731947718227 5.9659298131009564e-05 0
1731947733497 5.6652905186638236e-05 0
1731947749018 5.7185141486115754e-05 0
1731947764301 5.7641031162347645e-05 0
1731947779489 5.509087350219488e-05 0
1731947794783 5.4319840273819864e-05 0
1731947809940 5.60102125746198e-05 0
1731947825255 5.3295570978662e-05 0
1731947840440 5.538920595427044e-05 0
1731947855735 5.770185816800222e-05 0
1731947870893 5.20828616572544e-05 0
1731947886185 5.523169238585979e-05 0
1731947901349 5.304286241880618e-05 0
1731947916642 5.2056122513022274e-05 0
1731947931827 5.630931627820246e-05 0
1731947947088 5.362683077692054e-05 0
1731947962286 5.315535963745788e-05 0
1731947977934 5.210428571444936e-05 0
1731947993118 5.492458149092272e-05 0
1731948008416 5.530679482035339e-05 0
1731948023599 5.055471046944149e-05 0
1731948038887 4.9396116082789376e-05 0
1731948054066 5.303643411025405e-05 0
1731948069369 5.054838038631715e-05 0
1731948084562 5.125247116666287e-05 0
1731948099857 4.942584564560093e-05 0
1731948115030 5.127795157022774e-05 0
1731948130331 4.870377233601175e-05 0
1731948145528 4.8407429858343676e-05 0
1731948160834 5.14810744789429e-05 0
1731948176014 5.273896022117697e-05 0
1731948191294 5.007895379094407e-05 0
1731948206803 5.026711369282566e-05 0
1731948222100 4.667598841479048e-05 0
1731948237280 4.576116043608636e-05 0
1731948252559 4.9020047299563885e-05 0
1731948267730 4.805257049156353e-05 0
1731948283026 4.485687168198638e-05 0
1731948298221 4.4892185542266816e-05 0
1731948313500 4.701115540228784e-05 0
1731948328681 5.0110418669646606e-05 0
1731948343971 4.7968627768568695e-05 0
1731948359171 5.13144550495781e-05 0
1731948374442 4.650521805160679e-05 0
1731948389623 4.764231198350899e-05 0
1731948404940 4.643551437766291e-05 0
1731948420129 4.704672028310597e-05 0
1731948435773 4.619569517672062e-05 0
1731948450966 4.554902625386603e-05 0
1731948466264 4.439033000380732e-05 0
1731948481463 4.447697938303463e-05 0
1731948496736 4.6422952436842024e-05 0
1731948511918 4.392809569253586e-05 0
1731948527192 4.609080497175455e-05 0
1731948542402 4.4414278818294406e-05 0
1731948557698 4.356852878117934e-05 0
1731948572892 4.4222379074199125e-05 0
1731948588163 4.4407275709090754e-05 0
1731948603362 4.308854113332927e-05 0
1731948618684 4.4063213863410056e-05 0
1731948633866 4.304985122871585e-05 0
1731948649463 4.766023266711272e-05 0
1731948664650 4.601755063049495e-05 0
1731948679952 4.550672383629717e-05 0
1731948695148 4.30061700171791e-05 0
1731948710449 4.3698553781723604e-05 0
1731948725654 4.2018542444566265e-05 0
1731948740949 4.415248622535728e-05 0
1731948756167 4.253590668668039e-05 0
1731948771442 4.241311762598343e-05 0
1731948786645 4.393028575577773e-05 0
1731948801929 4.0438055293634534e-05 0
1731948817158 4.3184507376281545e-05 0
1731948832467 4.051390351378359e-05 0
1731948847659 3.8658858102280647e-05 0
1731948862983 4.119530422030948e-05 0
1731948878542 4.184797944617458e-05 0
1731948893839 4.218224421492778e-05 0
1731948909059 4.3889012886211276e-05 0
1731948924372 3.962189657613635e-05 0
1731948939605 4.394898860482499e-05 0
1731948954911 4.059558705193922e-05 0
1731948970130 4.337001882959157e-05 0
1731948985437 3.989187825936824e-05 0
1731949000653 3.952819315600209e-05 0
1731949015958 4.1848168621072546e-05 0
1731949031174 3.8459405914181843e-05 0
1731949046490 4.115384945180267e-05 0
1731949061706 4.106029155082069e-05 0
1731949077005 4.128577347728424e-05 0
1731949092213 4.160177195444703e-05 0
1731949107852 4.090457514394075e-05 0
1731949123070 4.116825948585756e-05 0
1731949138392 3.521034886944108e-05 0
1731949153609 4.0581420762464404e-05 0
1731949168917 3.8977475924184546e-05 0
1731949184113 3.753423516172916e-05 0
1731949199424 3.934853884857148e-05 0
1731949214633 4.054506280226633e-05 0
1731949229926 3.831793219433166e-05 0
1731949245132 3.872370143653825e-05 0
1731949260463 4.029160845675506e-05 0
1731949275648 3.768926399061456e-05 0
1731949290942 3.84048544219695e-05 0
1731949306136 3.8663612940581515e-05 0
1731949321460 3.959073728765361e-05 0
1731949337010 3.731395190698095e-05 0
1731949352335 3.910493614966981e-05 0
1731949367554 3.894031760864891e-05 0
1731949382862 3.578087853384204e-05 0
1731949398047 4.045266177854501e-05 0
1731949413363 3.9025799196679145e-05 0
1731949428565 3.595602902350947e-05 0
1731949443872 3.918048969353549e-05 0
1731949459080 3.703289257828146e-05 0
1731949474397 3.8312660763040185e-05 0
1731949489614 3.534111601766199e-05 0
1731949504933 3.603284130804241e-05 0
1731949520155 3.932973777409643e-05 0
1731949535480 3.783159263548441e-05 0
1731949550671 3.759540049941279e-05 0
