1731946080155 19.700998306274414 0
1731946101143 21.650344848632812 0
1731946121591 22.686378479003906 0
1731946141949 23.35829734802246 0
1731946162105 25.04204559326172 0
1731946182320 24.179006576538086 0
1731946202352 25.511526107788086 0
1731946222459 25.353628158569336 0
1731946242432 25.8580322265625 0
1731946262508 25.056249618530273 0
1731946282460 25.856639862060547 0
1731946302502 26.184572219848633 0
1731946322396 26.537935256958008 0
1731946342404 26.25505256652832 0
1731946362248 26.0406494140625 0
1731946379872 26.355669021606445 0
1731946397470 25.893918991088867 0
1731946415084 26.108795166015625 0
1731946432672 26.134309768676758 0
1731946450287 27.525890350341797 0
1731946467895 26.204002380371094 0
1731946485500 26.281471252441406 0
1731946502283 26.633108139038086 0
1731946518615 26.563648223876953 0
1731946535046 26.582664489746094 0
1731946551488 26.699052810668945 0
1731946567931 26.977245330810547 0
1731946584272 27.315092086791992 0
1731946600739 27.402164459228516 0
1731946617170 27.476472854614258 0
1731946632865 27.24480628967285 0
1731946648576 27.119869232177734 0
1731946664294 27.534671783447266 0
1731946680025 27.400283813476562 0
1731946695761 27.722543716430664 0
1731946711447 27.501317977905273 0
1731946727152 27.521692276000977 0
1731946742457 28.072921752929688 0
1731946757752 27.22868537902832 0
1731946772965 28.449295043945312 0
1731946788252 28.173166275024414 0
1731946803454 28.21970558166504 0
1731946818741 29.039722442626953 0
1731946833939 27.870038986206055 0
1731946849538 27.824745178222656 0
1731946864746 28.48295021057129 0
1731946880046 28.286733627319336 0
1731946895218 27.497034072875977 0
1731946910491 28.78470230102539 0
1731946925659 28.06749153137207 0
1731946940954 27.646419525146484 0
1731946956157 27.916391372680664 0
1731946971426 28.418432235717773 0
1731946986604 28.749914169311523 0
1731947001900 29.038469314575195 0
1731947017069 28.061965942382812 0
1731947032336 27.350990295410156 0
1731947047535 28.80402946472168 0
1731947062805 28.301115036010742 0
1731947078294 29.016401290893555 0
1731947093584 28.513450622558594 0
1731947108736 28.845348358154297 0
1731947123997 29.21030044555664 0
1731947139176 28.01848602294922 0
1731947154463 28.326358795166016 0
1731947169615 29.742029190063477 0
1731947184889 28.604963302612305 0
1731947200079 29.126956939697266 0
1731947215344 29.788637161254883 0
1731947230522 28.909149169921875 0
1731947245808 28.323528289794922 0
1731947260959 29.078929901123047 0
1731947276223 28.56835174560547 0
1731947291379 28.76382064819336 0
1731947307017 28.92188835144043 0
1731947322198 29.011274337768555 0
1731947337467 28.150850296020508 0
1731947352670 28.983875274658203 0
1731947367921 29.752487182617188 0
1731947383124 28.87351417541504 0
1731947398406 29.01434898376465 0
1731947413585 29.74633026123047 0
1731947428842 29.211790084838867 0
1731947444017 28.643285751342773 0
1731947459265 29.988412857055664 0
1731947474439 29.32403564453125 0
1731947489686 29.523088455200195 0
1731947504868 29.902606964111328 0
1731947520455 29.525039672851562 0
1731947535606 29.759479522705078 0
1731947550900 30.305627822875977 0
1731947566037 30.1080265045166 0
1731947581304 30.187030792236328 0
1731947596461 30.04605484008789 0
1731947611727 29.07965850830078 0
1731947626863 30.585613250732422 0
1731947642138 30.149662017822266 0
1731947657300 29.434900283813477 0
1731947672611 30.88456153869629 0
1731947687758 29.74366569519043 0
1731947703032 30.711029052734375 0
1731947718224 29.727224349975586 0
1731947733495 29.43813705444336 0
1731947749016 30.169340133666992 0
1731947764299 29.738895416259766 0
1731947779487 29.68311309814453 0
1731947794780 30.004013061523438 0
1731947809938 29.109024047851562 0
1731947825242 30.543874740600586 0
1731947840437 30.50920295715332 0
1731947855733 30.324495315551758 0
1731947870891 30.660083770751953 0
1731947886183 30.09210777282715 0
1731947901346 30.44343376159668 0
1731947916639 30.176366806030273 0
1731947931825 30.30718231201172 0
1731947947086 30.482389450073242 0
1731947962284 31.32984161376953 0
1731947977932 30.906383514404297 0
1731947993116 30.641948699951172 0
1731948008414 29.83393096923828 0
1731948023597 30.418087005615234 0
1731948038885 32.08329391479492 0
1731948054064 30.671127319335938 0
1731948069367 30.284141540527344 0
1731948084560 30.270071029663086 0
1731948099854 30.70026969909668 0
1731948115028 30.029178619384766 0
1731948130329 30.16849136352539 0
1731948145525 30.717361450195312 0
1731948160832 30.948509216308594 0
1731948176012 29.947425842285156 0
1731948191292 30.16214942932129 0
1731948206800 29.94054412841797 0
1731948222098 31.550817489624023 0
1731948237278 31.033815383911133 0
1731948252556 30.54613494873047 0
1731948267728 31.371627807617188 0
1731948283024 31.397436141967773 0
1731948298219 30.79758644104004 0
1731948313497 31.76737403869629 0
1731948328679 30.769912719726562 0
1731948343968 31.087364196777344 0
1731948359169 31.495792388916016 0
1731948374440 31.825904846191406 0
1731948389621 31.26186180114746 0
1731948404938 31.499862670898438 0
1731948420127 31.946765899658203 0
1731948435771 30.41556739807129 0
1731948450964 30.84553337097168 0
1731948466262 30.773893356323242 0
1731948481461 31.58884048461914 0
1731948496734 31.47907066345215 0
1731948511915 31.241031646728516 0
1731948527190 31.764846801757812 0
1731948542400 31.340585708618164 0
1731948557696 31.328964233398438 0
1731948572890 31.7238712310791 0
1731948588161 31.765384674072266 0
1731948603360 31.137256622314453 0
1731948618682 31.499187469482422 0
1731948633864 31.7506046295166 0
1731948649461 31.417844772338867 0
1731948664648 31.811847686767578 0
1731948679950 31.155105590820312 0
1731948695146 31.226863861083984 0
1731948710447 32.3114128112793 0
1731948725652 31.532785415649414 0
1731948740947 31.28667449951172 0
1731948756165 32.10694885253906 0
1731948771440 30.921369552612305 0
1731948786643 32.289588928222656 0
1731948801927 31.660694122314453 0
1731948817156 30.962549209594727 0
1731948832465 31.104856491088867 0
1731948847657 31.79743194580078 0
1731948862981 31.66883659362793 0
1731948878540 32.6652946472168 0
1731948893837 32.36893081665039 0
1731948909057 31.66246223449707 0
1731948924370 32.76970291137695 0
1731948939603 31.76230812072754 0
1731948954910 32.43220520019531 0
1731948970128 31.7360782623291 0
1731948985435 31.618444442749023 0
1731949000651 31.566274642944336 0
1731949015956 32.43354034423828 0
1731949031172 32.54270553588867 0
1731949046488 31.845386505126953 0
1731949061704 32.72711181640625 0
1731949077003 31.673080444335938 0
1731949092211 32.6005973815918 0
1731949107850 32.40184783935547 0
1731949123067 31.742412567138672 0
1731949138390 32.095245361328125 0
1731949153607 31.077484130859375 0
1731949168914 32.19169235229492 0
1731949184111 32.19883346557617 0
1731949199423 32.38228225708008 0
1731949214631 32.390377044677734 0
1731949229924 32.97555923461914 0
1731949245130 32.724117279052734 0
1731949260461 32.96699142456055 0
1731949275646 31.957191467285156 0
1731949290940 33.503326416015625 0
1731949306134 32.313941955566406 0
1731949321458 32.991241455078125 0
1731949337008 32.617698669433594 0
1731949352333 33.141204833984375 0
1731949367552 32.864715576171875 0
1731949382860 32.649208068847656 0
1731949398045 32.530208587646484 0
1731949413361 33.163490295410156 0
1731949428563 32.28221893310547 0
1731949443870 33.22738265991211 0
1731949459078 33.09556579589844 0
1731949474395 32.90338134765625 0
1731949489612 32.54288864135742 0
1731949504931 33.20698928833008 0
1731949520153 32.47591018676758 0
1731949535478 33.089664459228516 0
1731949550669 32.49077224731445 0
