1731946080167 0.010712727904319763 0
1731946101147 0.006838571280241013 0
1731946121594 0.0053871870040893555 0
1731946141952 0.004614984150975943 0
1731946162107 0.0031318101100623608 0
1731946182323 0.0038203157018870115 0
1731946202354 0.002810913138091564 0
1731946222462 0.0029149907641112804 0
1731946242434 0.002595354337245226 0
1731946262510 0.003121583489701152 0
1731946282463 0.0025961874052882195 0
1731946302504 0.0024073689710348845 0
1731946322399 0.002219250425696373 0
1731946342406 0.002368615008890629 0
1731946362250 0.002488484373316169 0
1731946379875 0.0023143705911934376 0
1731946397473 0.0025739972479641438 0
1731946415086 0.002449742052704096 0
1731946432674 0.002435393165796995 0
1731946450290 0.00176770961843431 0
1731946467897 0.0023966231383383274 0
1731946485502 0.0023542505223304033 0
1731946502286 0.0021711464505642653 0
1731946518617 0.002206150209531188 0
1731946535048 0.002196511020883918 0
1731946551490 0.0021384272258728743 0
1731946567934 0.0020057437941432 0
1731946584275 0.0018556267023086548 0
1731946600741 0.0018187941750511527 0
1731946617172 0.0017879388760775328 0
1731946632867 0.0018859021365642548 0
1731946648578 0.0019409441156312823 0
1731946664297 0.0017641389276832342 0
1731946680028 0.0018195814918726683 0
1731946695763 0.0016894505824893713 0
1731946711449 0.001777739729732275 0
1731946727155 0.001769418828189373 0
1731946742460 0.0015585031360387802 0
1731946757754 0.0018929162761196494 0
1731946772967 0.0014291254337877035 0
1731946788254 0.0015229417476803064 0
1731946803456 0.0015067090280354023 0
1731946818743 0.0012474627001211047 0
1731946833941 0.0016330362996086478 0
1731946849541 0.0016501572681590915 0
1731946864748 0.0014180932193994522 0
1731946880049 0.001483633415773511 0
1731946895221 0.0017794942250475287 0
1731946910493 0.00132290821056813 0
1731946925661 0.0015604528598487377 0
1731946940956 0.0017193242674693465 0
1731946956160 0.0016156998462975025 0
1731946971428 0.0014393175952136517 0
1731946986606 0.0013335475232452154 0
1731947001902 0.0012478225398808718 0
1731947017072 0.0015624396037310362 0
1731947032338 0.0018403514986857772 0
1731947047537 0.001317033777013421 0
1731947062807 0.0014787286054342985 0
1731947078296 0.0012541799806058407 0
1731947093587 0.0014081693952903152 0
1731947108738 0.0013045629020780325 0
1731947124000 0.0011994161177426577 0
1731947139179 0.0015781605616211891 0
1731947154466 0.001470157876610756 0
1731947169617 0.0010611994657665491 0
1731947184892 0.0013788072392344475 0
1731947200081 0.0012226557591930032 0
1731947215346 0.001049871789291501 0
1731947230524 0.0012855377281084657 0
1731947245810 0.0014711165567860007 0
1731947260961 0.0012362515553832054 0
1731947276225 0.0013904798543080688 0
1731947291381 0.0013292840449139476 0
1731947307019 0.001281773205846548 0
1731947322200 0.0012556606670841575 0
1731947337469 0.0015307869762182236 0
1731947352673 0.0012636077590286732 0
1731947367923 0.001058646710589528 0
1731947383127 0.0012961297761648893 0
1731947398408 0.0012547725345939398 0
1731947413587 0.0010601487010717392 0
1731947428844 0.0011990045895799994 0
1731947444019 0.001366693526506424 0
1731947459267 0.0010026711970567703 0
1731947474441 0.001168412622064352 0
1731947489689 0.001116069033741951 0
1731947504870 0.0010226783342659473 0
1731947520457 0.0011155677493661642 0
1731947535608 0.0010569437872618437 0
1731947550902 0.0009320455137640238 0
1731947566039 0.0009754325728863478 0
1731947581306 0.0009578486788086593 0
1731947596463 0.0009894513059407473 0
1731947611729 0.0012360444525256753 0
1731947626865 0.0008738533360883594 0
1731947642141 0.0009661259828135371 0
1731947657302 0.0011389633873477578 0
1731947672613 0.0008157247211784124 0
1731947687761 0.0010607995791360736 0
1731947703034 0.0008489791071042418 0
1731947718227 0.0010648228926584125 0
1731947733497 0.0011381153017282486 0
1731947749018 0.0009617580799385905 0
1731947764301 0.0010619653621688485 0
1731947779489 0.0010756936389952898 0
1731947794783 0.0009990765247493982 0
1731947809940 0.0012277148198336363 0
1731947825255 0.0008822918171063066 0
1731947840440 0.0008893641061149538 0
1731947855735 0.0009280050871893764 0
1731947870893 0.0008589969947934151 0
1731947886185 0.0009790145559236407 0
1731947901349 0.0009029348148033023 0
1731947916642 0.0009602030622772872 0
1731947931827 0.0009317116346210241 0
1731947947088 0.0008948719478212297 0
1731947962286 0.0007362336618825793 0
1731947977934 0.000811636564321816 0
1731947993118 0.0008625911432318389 0
1731948008416 0.0010389790404587984 0
1731948023599 0.0009082204196602106 0
1731948038887 0.0006189711857587099 0
1731948054066 0.0008568153134547174 0
1731948069369 0.0009366680751554668 0
1731948084562 0.0009397078538313508 0
1731948099857 0.0008510847110301256 0
1731948115030 0.0009933037217706442 0
1731948130331 0.0009619458578526974 0
1731948145528 0.0008477421943098307 0
1731948160834 0.0008038018713705242 0
1731948176014 0.0010121793020516634 0
1731948191294 0.0009633520385250449 0
1731948206803 0.0010137840872630477 0
1731948222100 0.0006997102173045278 0
1731948237280 0.0007881670026108623 0
1731948252559 0.0008818330243229866 0
1731948267730 0.0007291840156540275 0
1731948283026 0.0007248636684380472 0
1731948298221 0.0008322256035171449 0
1731948313500 0.000665675092022866 0
1731948328681 0.0008375461911782622 0
1731948343971 0.0007785086054354906 0
1731948359171 0.0007086320547387004 0
1731948374442 0.0006567643722519279 0
1731948389623 0.0007478487095795572 0
1731948404940 0.0007079677889123559 0
1731948420129 0.0006387388566508889 0
1731948435773 0.0009087470243684947 0
1731948450966 0.0008230883395299315 0
1731948466264 0.0008367784321308136 0
1731948481463 0.000693610985763371 0
1731948496736 0.0007113654864951968 0
1731948511918 0.0007514441385865211 0
1731948527192 0.0006660629296675324 0
1731948542402 0.0007344147888943553 0
1731948557698 0.0007363826734945178 0
1731948572892 0.0006723766564391553 0
1731948588163 0.0006659802747890353 0
1731948603362 0.0007696162792854011 0
1731948618684 0.000708078034222126 0
1731948633866 0.0006682508392259479 0
1731948649463 0.000721465446986258 0
1731948664650 0.0006588933756574988 0
1731948679952 0.0007664598524570465 0
1731948695148 0.0007538995705544949 0
1731948710449 0.0005872985348105431 0
1731948725654 0.0007026211824268103 0
1731948740949 0.0007435879670083523 0
1731948756167 0.0006156093440949917 0
1731948771442 0.0008088406175374985 0
1731948786645 0.0005902566481381655 0
1731948801929 0.0006822296418249607 0
1731948817158 0.0008012073813006282 0
1731948832467 0.0007753795944154263 0
1731948847659 0.000661084137391299 0
1731948862983 0.0006809517508372664 0
1731948878542 0.0005413402104750276 0
1731948893839 0.0005795710603706539 0
1731948909059 0.0006819518166594207 0
1731948924372 0.0005284812650643289 0
1731948939605 0.0006664524553343654 0
1731948954911 0.0005711882258765399 0
1731948970130 0.0006704897969029844 0
1731948985437 0.0006888987845741212 0
1731949000653 0.0006972241098992527 0
1731949015958 0.0005710129044018686 0
1731949031174 0.0005568385822698474 0
1731949046490 0.0006538244197145104 0
1731949061706 0.000533689686562866 0
1731949077005 0.000680286786518991 0
1731949092213 0.0005494651850312948 0
1731949107852 0.0005751948920078576 0
1731949123070 0.0006695123738609254 0
1731949138392 0.0006172703579068184 0
1731949153609 0.0007802816107869148 0
1731949168917 0.0006037132116034627 0
1731949184113 0.0006027212948538363 0
1731949199424 0.0005777922342531383 0
1731949214633 0.0005767163820564747 0
1731949229926 0.0005040157120674849 0
1731949245132 0.0005340578500181437 0
1731949260463 0.0005050107138231397 0
1731949275648 0.000637207122053951 0
1731949290942 0.0004463413206394762 0
1731949306136 0.0005869559245184064 0
1731949321460 0.0005021990509703755 0
1731949337010 0.0005473059136420488 0
1731949352335 0.0004851538687944412 0
1731949367554 0.0005170449148863554 0
1731949382862 0.0005433495389297605 0
1731949398047 0.0005584433674812317 0
1731949413363 0.0004826706135645509 0
1731949428565 0.000591259216889739 0
1731949443872 0.00047562166582793 0
1731949459080 0.0004902788787148893 0
1731949474397 0.0005124621093273163 0
1731949489614 0.0005568151827901602 0
1731949504933 0.0004778604197781533 0
1731949520155 0.000565469148568809 0
1731949535480 0.0004909455310553312 0
1731949550671 0.0005635370034724474 0
