1731849857775 0.03866343945264816 0
1731849877519 0.04303359612822533 0
1731849897106 0.04419726878404617 0
1731849916730 0.04280919209122658 0
1731849936132 0.042489130049943924 0
1731849955561 0.0447552315890789 0
1731849974901 0.04740408435463905 0
1731849994328 0.048482395708560944 0
1731850013617 0.048255130648612976 0
1731850032911 0.047801852226257324 0
1731850052151 0.04857926070690155 0
1731850071380 0.04998752102255821 0
1731850090601 0.04937177896499634 0
1731850109854 0.04790235683321953 0
1731850129098 0.04890052229166031 0
1731850146284 0.048198629170656204 0
1731850163435 0.048921216279268265 0
1731850180598 0.04884275048971176 0
1731850197787 0.04675530269742012 0
1731850214949 0.04743383452296257 0
1731850232084 0.04667052626609802 0
1731850249241 0.04800744354724884 0
1731850265650 0.04752515256404877 0
1731850281670 0.048920489847660065 0
1731850297783 0.04955122619867325 0
1731850313918 0.04978678748011589 0
1731850330079 0.04851577803492546 0
1731850346104 0.04857123643159866 0
1731850362256 0.04872442036867142 0
1731850378456 0.047699153423309326 0
1731850393951 0.047489266842603683 0
1731850409426 0.04789664223790169 0
1731850424905 0.04883183538913727 0
1731850440379 0.04870081692934036 0
1731850455851 0.04827214404940605 0
1731850471323 0.04834676906466484 0
1731850486766 0.04809063300490379 0
1731850501867 0.047555111348629 0
1731850516964 0.04879157990217209 0
1731850531971 0.048252664506435394 0
1731850547077 0.047218840569257736 0
1731850562086 0.04733438789844513 0
1731850577219 0.04739914834499359 0
1731850592232 0.048721928149461746 0
1731850607635 0.04832454025745392 0
1731850622659 0.04824921116232872 0
1731850637741 0.047973331063985825 0
1731850652742 0.048262204974889755 0
1731850667841 0.047793254256248474 0
1731850682836 0.047286245971918106 0
1731850697927 0.04726877436041832 0
1731850712917 0.047491542994976044 0
1731850728009 0.048243191093206406 0
1731850742973 0.0479007288813591 0
1731850758046 0.048149749636650085 0
1731850773041 0.04836411401629448 0
1731850788126 0.04820898547768593 0
1731850803087 0.047706492245197296 0
1731850818178 0.04801729694008827 0
1731850833514 0.04793473705649376 0
1731850848591 0.04812813550233841 0
1731850863562 0.04850476607680321 0
1731850878614 0.04853367805480957 0
1731850893585 0.04747256636619568 0
1731850908636 0.04814392328262329 0
1731850923598 0.047186851501464844 0
1731850938679 0.04751715436577797 0
1731850953636 0.04735651984810829 0
1731850968681 0.04811638966202736 0
1731850983665 0.04791878163814545 0
1731850998747 0.048171885311603546 0
1731851013705 0.047655243426561356 0
1731851028788 0.04766206443309784 0
1731851043765 0.04756556823849678 0
1731851059167 0.047433268278837204 0
1731851074132 0.04699419066309929 0
1731851089209 0.047739483416080475 0
1731851104171 0.04822429269552231 0
1731851119243 0.04755111411213875 0
1731851134212 0.048328693956136703 0
1731851149263 0.04763473570346832 0
1731851164241 0.04713388532400131 0
1731851179285 0.0474950410425663 0
1731851194260 0.047976475208997726 0
1731851209338 0.047083817422389984 0
1731851224280 0.04752456024289131 0
1731851239340 0.04747387766838074 0
1731851254312 0.04811485856771469 0
1731851269711 0.04719170555472374 0
1731851284657 0.04838387295603752 0
1731851299693 0.04756976291537285 0
1731851314650 0.047619905322790146 0
1731851329699 0.04739813879132271 0
1731851344671 0.04730793461203575 0
1731851359729 0.047599613666534424 0
1731851374694 0.04736465588212013 0
1731851389731 0.04791662469506264 0
1731851404713 0.04738448187708855 0
1731851419748 0.04757235199213028 0
1731851434699 0.04766575247049332 0
1731851449746 0.04750366136431694 0
1731851464690 0.04753531515598297 0
1731851479732 0.04741126671433449 0
1731851494955 0.04744803160429001 0
1731851509950 0.047192059457302094 0
1731851524897 0.04640321433544159 0
1731851539922 0.04762456193566322 0
1731851554850 0.047400981187820435 0
1731851569877 0.046617042273283005 0
1731851584845 0.04734296724200249 0
1731851599855 0.04669899120926857 0
1731851614782 0.047467101365327835 0
1731851629818 0.04729798436164856 0
1731851644767 0.04699137061834335 0
1731851659811 0.047178443521261215 0
1731851674756 0.04736601561307907 0
1731851689792 0.04728607460856438 0
1731851704737 0.046924568712711334 0
1731851720061 0.047461289912462234 0
1731851734987 0.04710753634572029 0
1731851750003 0.04787271469831467 0
1731851764935 0.04692329838871956 0
1731851779950 0.047158870846033096 0
1731851794861 0.04729768633842468 0
1731851809879 0.047040168195962906 0
1731851824787 0.046885713934898376 0
1731851839797 0.047064509242773056 0
1731851854691 0.04724360629916191 0
1731851869701 0.046693552285432816 0
1731851884631 0.047165077179670334 0
1731851899626 0.04692307114601135 0
1731851914543 0.04716835916042328 0
1731851929543 0.04705008491873741 0
1731851944777 0.04735969379544258 0
1731851959767 0.047175318002700806 0
1731851974652 0.0472332201898098 0
1731851989630 0.04758245497941971 0
1731852004519 0.04736451804637909 0
1731852019521 0.04722905158996582 0
1731852034430 0.046669285744428635 0
1731852049410 0.047014616429805756 0
1731852064340 0.047048673033714294 0
1731852079319 0.047198548913002014 0
1731852094219 0.047354910522699356 0
1731852109201 0.04690560698509216 0
1731852124118 0.04692615196108818 0
1731852139086 0.046779483556747437 0
1731852153988 0.04726073518395424 0
1731852169322 0.04692777246236801 0
1731852184227 0.04712074622511864 0
1731852199213 0.04664701968431473 0
1731852214137 0.0467371866106987 0
1731852229116 0.047052353620529175 0
1731852243996 0.046753570437431335 0
1731852259004 0.047311972826719284 0
1731852273908 0.04682207480072975 0
1731852288901 0.04666261002421379 0
1731852303807 0.046872012317180634 0
1731852318789 0.04686269909143448 0
1731852333681 0.047056861221790314 0
1731852348669 0.04766513407230377 0
1731852363561 0.04708459973335266 0
1731852378928 0.04723566025495529 0
1731852393855 0.046913083642721176 0
1731852408851 0.04694288596510887 0
1731852423762 0.04688636213541031 0
1731852438726 0.046779319643974304 0
1731852453627 0.04711296781897545 0
1731852468619 0.04691624641418457 0
1731852483515 0.046908240765333176 0
1731852498480 0.04690873995423317 0
1731852513386 0.047034915536642075 0
1731852528375 0.04675472527742386 0
1731852543288 0.04681922867894173 0
1731852558264 0.046984538435935974 0
1731852573148 0.04702521488070488 0
1731852588122 0.04711563512682915 0
1731852603400 0.04709890857338905 0
1731852618368 0.04645255208015442 0
1731852633285 0.04701786860823631 0
1731852648252 0.04701315984129906 0
1731852663148 0.04714281111955643 0
1731852678130 0.04727211594581604 0
1731852693020 0.0468936413526535 0
1731852707994 0.04693947359919548 0
1731852722890 0.04661766067147255 0
1731852737876 0.046533916145563126 0
1731852752773 0.04709652438759804 0
1731852767733 0.0469663143157959 0
1731852782631 0.04701753705739975 0
1731852797582 0.046906065195798874 0
1731852812456 0.04665055498480797 0
1731852827777 0.04657194763422012 0
1731852842676 0.04696173220872879 0
1731852857641 0.04705178365111351 0
1731852872531 0.046828899532556534 0
1731852887516 0.04681840166449547 0
1731852902422 0.04699518904089928 0
1731852917399 0.046783044934272766 0
1731852932284 0.046566981822252274 0
1731852947253 0.046764813363552094 0
1731852962134 0.04675726592540741 0
1731852977130 0.046756353229284286 0
1731852992029 0.04672406241297722 0
1731853006998 0.046999741345644 0
1731853021892 0.046987663954496384 0
1731853036873 0.04693196341395378 0
1731853052093 0.04684927314519882 0
1731853067060 0.046838611364364624 0
1731853081930 0.04675306752324104 0
1731853096910 0.046792060136795044 0
1731853111808 0.04676888883113861 0
1731853126806 0.04691819101572037 0
1731853141695 0.04670211672782898 0
1731853156671 0.04669675603508949 0
1731853171571 0.04710090905427933 0
1731853186544 0.046907033771276474 0
1731853201425 0.04671226069331169 0
1731853216434 0.04676501080393791 0
1731853231319 0.046884022653102875 0
1731853246310 0.04658348113298416 0
1731853261215 0.046754300594329834 0
