1731849857775 0.016024824231863022 0
1731849877519 0.017922060564160347 0
1731849897106 0.017862413078546524 0
1731849916730 0.018128469586372375 0
1731849936132 0.018359145149588585 0
1731849955561 0.018736716359853745 0
1731849974901 0.01885373331606388 0
1731849994328 0.01894991472363472 0
1731850013617 0.018993638455867767 0
1731850032911 0.019007008522748947 0
1731850052151 0.019058553501963615 0
1731850071380 0.019287001341581345 0
1731850090601 0.019275043159723282 0
1731850109854 0.019271552562713623 0
1731850129098 0.019061114639043808 0
1731850146284 0.019124610349535942 0
1731850163435 0.0193038247525692 0
1731850180598 0.019213372841477394 0
1731850197787 0.01908659189939499 0
1731850214949 0.019070498645305634 0
1731850232084 0.019058091565966606 0
1731850249241 0.019217584282159805 0
1731850265650 0.019229501485824585 0
1731850281670 0.01918945275247097 0
1731850297783 0.018991144374012947 0
1731850313918 0.019139789044857025 0
1731850330079 0.01914476417005062 0
1731850346104 0.019111093133687973 0
1731850362256 0.01913350820541382 0
1731850378456 0.019082672894001007 0
1731850393951 0.019010398536920547 0
1731850409426 0.01901070959866047 0
1731850424905 0.019100261852145195 0
1731850440379 0.019113633781671524 0
1731850455851 0.019133592024445534 0
1731850471323 0.01924530789256096 0
1731850486766 0.019209520891308784 0
1731850501867 0.01911080628633499 0
1731850516964 0.019115954637527466 0
1731850531971 0.019150303676724434 0
1731850547077 0.019284654408693314 0
1731850562086 0.01904183067381382 0
1731850577219 0.0192512609064579 0
1731850592232 0.01906912587583065 0
1731850607635 0.0189974345266819 0
1731850622659 0.01900102011859417 0
1731850637741 0.01902402751147747 0
1731850652742 0.019170958548784256 0
1731850667841 0.019002573564648628 0
1731850682836 0.018993616104125977 0
1731850697927 0.019093209877610207 0
1731850712917 0.019071051850914955 0
1731850728009 0.019171157851815224 0
1731850742973 0.019136231392621994 0
1731850758046 0.019147340208292007 0
1731850773041 0.019188351929187775 0
1731850788126 0.019241254776716232 0
1731850803087 0.01909039169549942 0
1731850818178 0.019150445237755775 0
1731850833514 0.019125526770949364 0
1731850848591 0.019125888124108315 0
1731850863562 0.018969114869832993 0
1731850878614 0.01910519041121006 0
1731850893585 0.01910702884197235 0
1731850908636 0.01910518854856491 0
1731850923598 0.01912595145404339 0
1731850938679 0.0191087294369936 0
1731850953636 0.019038069993257523 0
1731850968681 0.019062237814068794 0
1731850983665 0.01912209577858448 0
1731850998747 0.019177811220288277 0
1731851013705 0.019154192879796028 0
1731851028788 0.0191455390304327 0
1731851043765 0.01920011080801487 0
1731851059167 0.01907816156744957 0
1731851074132 0.019141459837555885 0
1731851089209 0.019175386056303978 0
1731851104171 0.019169237464666367 0
1731851119243 0.01908167451620102 0
1731851134212 0.019134487956762314 0
1731851149263 0.019110724329948425 0
1731851164241 0.01919224113225937 0
1731851179285 0.019056396558880806 0
1731851194260 0.019136765971779823 0
1731851209338 0.019165076315402985 0
1731851224280 0.019180288538336754 0
1731851239340 0.019159262999892235 0
1731851254312 0.019056469202041626 0
1731851269711 0.019172169268131256 0
1731851284657 0.019065938889980316 0
1731851299693 0.01910232938826084 0
1731851314650 0.019034629687666893 0
1731851329699 0.019161999225616455 0
1731851344671 0.019022304564714432 0
1731851359729 0.01914062164723873 0
1731851374694 0.019069736823439598 0
1731851389731 0.019206691533327103 0
1731851404713 0.019177086651325226 0
1731851419748 0.019061772152781487 0
1731851434699 0.01916213147342205 0
1731851449746 0.0190474521368742 0
1731851464690 0.01908055506646633 0
1731851479732 0.019127925857901573 0
1731851494955 0.019094018265604973 0
1731851509950 0.019154589623212814 0
1731851524897 0.019088877364993095 0
1731851539922 0.019105106592178345 0
1731851554850 0.019093280658125877 0
1731851569877 0.019073672592639923 0
1731851584845 0.019063889980316162 0
1731851599855 0.019181188195943832 0
1731851614782 0.019107438623905182 0
1731851629818 0.019084427505731583 0
1731851644767 0.019077865406870842 0
1731851659811 0.01918463036417961 0
1731851674756 0.019128603860735893 0
1731851689792 0.019121797755360603 0
1731851704737 0.019051864743232727 0
1731851720061 0.019137084484100342 0
1731851734987 0.019161749631166458 0
1731851750003 0.019141556695103645 0
1731851764935 0.019068602472543716 0
1731851779950 0.019093839451670647 0
1731851794861 0.019125936552882195 0
1731851809879 0.01906627230346203 0
1731851824787 0.019078828394412994 0
1731851839797 0.0190232265740633 0
1731851854691 0.01909536123275757 0
1731851869701 0.019112810492515564 0
1731851884631 0.019121527671813965 0
1731851899626 0.01909431628882885 0
1731851914543 0.019119039177894592 0
1731851929543 0.019075581803917885 0
1731851944777 0.019118787720799446 0
1731851959767 0.01910310611128807 0
1731851974652 0.019071003422141075 0
1731851989630 0.0191336739808321 0
1731852004519 0.019144274294376373 0
1731852019521 0.019108589738607407 0
1731852034430 0.01912696100771427 0
1731852049410 0.01913849264383316 0
1731852064340 0.019158752635121346 0
1731852079319 0.019121229648590088 0
1731852094219 0.01913548819720745 0
1731852109201 0.019114814698696136 0
1731852124118 0.019087085500359535 0
1731852139086 0.019051847979426384 0
1731852153988 0.01911679096519947 0
1731852169322 0.019182998687028885 0
1731852184227 0.019177203997969627 0
1731852199213 0.019145406782627106 0
1731852214137 0.01910576969385147 0
1731852229116 0.0191425122320652 0
1731852243996 0.019118495285511017 0
1731852259004 0.019139427691698074 0
1731852273908 0.01913130097091198 0
1731852288901 0.019066255539655685 0
1731852303807 0.019067127257585526 0
1731852318789 0.019108189269900322 0
1731852333681 0.019088659435510635 0
1731852348669 0.019089151173830032 0
1731852363561 0.01909627765417099 0
1731852378928 0.019088439643383026 0
1731852393855 0.019070619717240334 0
1731852408851 0.019103720784187317 0
1731852423762 0.019158674404025078 0
1731852438726 0.01906394399702549 0
1731852453627 0.019093221053481102 0
1731852468619 0.01909216120839119 0
1731852483515 0.019122900441288948 0
1731852498480 0.019139736890792847 0
1731852513386 0.01915641501545906 0
1731852528375 0.01910838484764099 0
1731852543288 0.019068356603384018 0
1731852558264 0.01911350153386593 0
1731852573148 0.019067637622356415 0
1731852588122 0.019102634862065315 0
1731852603400 0.019121969118714333 0
1731852618368 0.01911674253642559 0
1731852633285 0.01911303959786892 0
1731852648252 0.019115880131721497 0
1731852663148 0.019125640392303467 0
1731852678130 0.019075507298111916 0
1731852693020 0.01915343478322029 0
1731852707994 0.01910531334578991 0
1731852722890 0.019071105867624283 0
1731852737876 0.019081613048911095 0
1731852752773 0.019130274653434753 0
1731852767733 0.019115528091788292 0
1731852782631 0.01914299838244915 0
1731852797582 0.019111884757876396 0
1731852812456 0.01906803622841835 0
1731852827777 0.019091278314590454 0
1731852842676 0.019150057807564735 0
1731852857641 0.01910318247973919 0
1731852872531 0.019119376316666603 0
1731852887516 0.019052423536777496 0
1731852902422 0.019089045003056526 0
1731852917399 0.019104117527604103 0
1731852932284 0.019083045423030853 0
1731852947253 0.01909707859158516 0
1731852962134 0.019086966291069984 0
1731852977130 0.01909102313220501 0
1731852992029 0.019130336120724678 0
1731853006998 0.019086288288235664 0
1731853021892 0.01910444349050522 0
1731853036873 0.01908036880195141 0
1731853052093 0.0191052109003067 0
1731853067060 0.019112298265099525 0
1731853081930 0.019107893109321594 0
1731853096910 0.019110163673758507 0
1731853111808 0.01911812648177147 0
1731853126806 0.019092382863163948 0
1731853141695 0.01909339800477028 0
1731853156671 0.019144272431731224 0
1731853171571 0.019145356491208076 0
1731853186544 0.019096294417977333 0
1731853201425 0.019133349880576134 0
1731853216434 0.019080746918916702 0
1731853231319 0.019081221893429756 0
1731853246310 0.019096290692687035 0
1731853261215 0.019097913056612015 0
