1731849857775 0.8318800926208496 0
1731849877519 0.8283617496490479 0
1731849897106 0.8431770205497742 0
1731849916730 0.8520331382751465 0
1731849936132 0.8805419206619263 0
1731849955561 0.8831692934036255 0
1731849974901 0.8824859261512756 0
1731849994328 0.9034062623977661 0
1731850013617 0.9113180637359619 0
1731850032911 0.9149987697601318 0
1731850052151 0.919805645942688 0
1731850071380 0.9213421940803528 0
1731850090601 0.9220840334892273 0
1731850109854 0.9261951446533203 0
1731850129098 0.9161797761917114 0
1731850146284 0.9223343133926392 0
1731850163435 0.9236644506454468 0
1731850180598 0.9174911379814148 0
1731850197787 0.9268019795417786 0
1731850214949 0.9204951524734497 0
1731850232084 0.9181644320487976 0
1731850249241 0.9115451574325562 0
1731850265650 0.919172465801239 0
1731850281670 0.9174618124961853 0
1731850297783 0.9144195914268494 0
1731850313918 0.9084964394569397 0
1731850330079 0.909256637096405 0
1731850346104 0.9101582765579224 0
1731850362256 0.918644368648529 0
1731850378456 0.90963214635849 0
1731850393951 0.9222621321678162 0
1731850409426 0.9210002422332764 0
1731850424905 0.9243842959403992 0
1731850440379 0.9197705388069153 0
1731850455851 0.9159854054450989 0
1731850471323 0.9160193800926208 0
1731850486766 0.9122554063796997 0
1731850501867 0.9121103286743164 0
1731850516964 0.9093967080116272 0
1731850531971 0.9179876446723938 0
1731850547077 0.9164734482765198 0
1731850562086 0.9090374112129211 0
1731850577219 0.9118784666061401 0
1731850592232 0.9110496640205383 0
1731850607635 0.9111548662185669 0
1731850622659 0.9007851481437683 0
1731850637741 0.9148510694503784 0
1731850652742 0.9085609912872314 0
1731850667841 0.9085533022880554 0
1731850682836 0.9076609015464783 0
1731850697927 0.9028617143630981 0
1731850712917 0.9093167185783386 0
1731850728009 0.9107483625411987 0
1731850742973 0.9124379754066467 0
1731850758046 0.9049165844917297 0
1731850773041 0.9039788842201233 0
1731850788126 0.9008165001869202 0
1731850803087 0.907650887966156 0
1731850818178 0.9081963300704956 0
1731850833514 0.9010859131813049 0
1731850848591 0.904464066028595 0
1731850863562 0.9052361845970154 0
1731850878614 0.913459837436676 0
1731850893585 0.9087570309638977 0
1731850908636 0.9088597893714905 0
1731850923598 0.9095141291618347 0
1731850938679 0.9109109044075012 0
1731850953636 0.9091241955757141 0
1731850968681 0.9077837467193604 0
1731850983665 0.9060940146446228 0
1731850998747 0.9034666419029236 0
1731851013705 0.9054856896400452 0
1731851028788 0.9051955342292786 0
1731851043765 0.9088000655174255 0
1731851059167 0.9039742350578308 0
1731851074132 0.9045425057411194 0
1731851089209 0.9013883471488953 0
1731851104171 0.9017308354377747 0
1731851119243 0.9017281532287598 0
1731851134212 0.9001356363296509 0
1731851149263 0.8961454033851624 0
1731851164241 0.8981344103813171 0
1731851179285 0.9009871482849121 0
1731851194260 0.9024272561073303 0
1731851209338 0.9017107486724854 0
1731851224280 0.898719310760498 0
1731851239340 0.8975921273231506 0
1731851254312 0.9035731554031372 0
1731851269711 0.8993133306503296 0
1731851284657 0.897101879119873 0
1731851299693 0.9036909937858582 0
1731851314650 0.9010922908782959 0
1731851329699 0.8974542617797852 0
1731851344671 0.8985178470611572 0
1731851359729 0.8966307640075684 0
1731851374694 0.9000706672668457 0
1731851389731 0.8991599082946777 0
1731851404713 0.8970578908920288 0
1731851419748 0.900451123714447 0
1731851434699 0.8916265964508057 0
1731851449746 0.8950150609016418 0
1731851464690 0.8967739939689636 0
1731851479732 0.9009343385696411 0
1731851494955 0.8948737978935242 0
1731851509950 0.8947110772132874 0
1731851524897 0.8979794383049011 0
1731851539922 0.8937994241714478 0
1731851554850 0.8978433609008789 0
1731851569877 0.8979125022888184 0
1731851584845 0.8994436860084534 0
1731851599855 0.8940685391426086 0
1731851614782 0.8995132446289062 0
1731851629818 0.8952697515487671 0
1731851644767 0.8965179920196533 0
1731851659811 0.8918749094009399 0
1731851674756 0.8984065055847168 0
1731851689792 0.8953498005867004 0
1731851704737 0.8931435942649841 0
1731851720061 0.8929163217544556 0
1731851734987 0.8903777599334717 0
1731851750003 0.8905660510063171 0
1731851764935 0.8985051512718201 0
1731851779950 0.8998766541481018 0
1731851794861 0.8948849439620972 0
1731851809879 0.8927870988845825 0
1731851824787 0.896846354007721 0
1731851839797 0.8947377800941467 0
1731851854691 0.8956095576286316 0
1731851869701 0.8930213451385498 0
1731851884631 0.8945068717002869 0
1731851899626 0.8925768733024597 0
1731851914543 0.8918707966804504 0
1731851929543 0.8946596384048462 0
1731851944777 0.8950125575065613 0
1731851959767 0.8933771848678589 0
1731851974652 0.8936939239501953 0
1731851989630 0.893677830696106 0
1731852004519 0.8894144296646118 0
1731852019521 0.8940101265907288 0
1731852034430 0.8959873914718628 0
1731852049410 0.8933482766151428 0
1731852064340 0.8926926851272583 0
1731852079319 0.8889991641044617 0
1731852094219 0.8894215226173401 0
1731852109201 0.8914594054222107 0
1731852124118 0.8939303159713745 0
1731852139086 0.8939120769500732 0
1731852153988 0.8898817300796509 0
1731852169322 0.8892570734024048 0
1731852184227 0.8916073441505432 0
1731852199213 0.8922839760780334 0
1731852214137 0.8917759656906128 0
1731852229116 0.8892213702201843 0
1731852243996 0.8933823108673096 0
1731852259004 0.8876288533210754 0
1731852273908 0.8893716335296631 0
1731852288901 0.8904651999473572 0
1731852303807 0.8889604806900024 0
1731852318789 0.8909772634506226 0
1731852333681 0.8919752836227417 0
1731852348669 0.894143283367157 0
1731852363561 0.8919584155082703 0
1731852378928 0.8910773992538452 0
1731852393855 0.8896975517272949 0
1731852408851 0.8935458064079285 0
1731852423762 0.8889287114143372 0
1731852438726 0.8922358751296997 0
1731852453627 0.892704963684082 0
1731852468619 0.8911873698234558 0
1731852483515 0.8914731740951538 0
1731852498480 0.8886052966117859 0
1731852513386 0.8898788690567017 0
1731852528375 0.8894788026809692 0
1731852543288 0.8891130089759827 0
1731852558264 0.8918228149414062 0
1731852573148 0.8901591897010803 0
1731852588122 0.8890264630317688 0
1731852603400 0.8886944651603699 0
1731852618368 0.8906159996986389 0
1731852633285 0.8905465602874756 0
1731852648252 0.8889393210411072 0
1731852663148 0.8904367089271545 0
1731852678130 0.8880597949028015 0
1731852693020 0.8894368410110474 0
1731852707994 0.8895058035850525 0
1731852722890 0.8888913989067078 0
1731852737876 0.8883572220802307 0
1731852752773 0.8898625373840332 0
1731852767733 0.8888961672782898 0
1731852782631 0.8898976445198059 0
1731852797582 0.8892230987548828 0
1731852812456 0.8867249488830566 0
1731852827777 0.8867509961128235 0
1731852842676 0.8863792419433594 0
1731852857641 0.8877824544906616 0
1731852872531 0.8897395133972168 0
1731852887516 0.890295147895813 0
1731852902422 0.8906607031822205 0
1731852917399 0.8892031311988831 0
1731852932284 0.8896120190620422 0
1731852947253 0.8882624506950378 0
1731852962134 0.88996821641922 0
1731852977130 0.8874114751815796 0
1731852992029 0.8872026801109314 0
1731853006998 0.888542890548706 0
1731853021892 0.8865898847579956 0
1731853036873 0.8882614374160767 0
1731853052093 0.8862780332565308 0
1731853067060 0.8867658972740173 0
1731853081930 0.888803243637085 0
1731853096910 0.8861188292503357 0
1731853111808 0.8877612352371216 0
1731853126806 0.8871512413024902 0
1731853141695 0.8868062496185303 0
1731853156671 0.8855523467063904 0
1731853171571 0.8880925178527832 0
1731853186544 0.887114405632019 0
1731853201425 0.8862612247467041 0
1731853216434 0.8873295187950134 0
1731853231319 0.8866068720817566 0
1731853246310 0.8884574770927429 0
1731853261215 0.8877058029174805 0
