1731849857775 2.8191349506378174 0
1731849877519 3.6606452465057373 0
1731849897106 3.6295666694641113 0
1731849916730 3.8177011013031006 0
1731849936132 3.797020673751831 0
1731849955561 3.7807583808898926 0
1731849974901 3.774951457977295 0
1731849994328 3.9748787879943848 0
1731850013617 3.8661277294158936 0
1731850032911 3.8887526988983154 0
1731850052151 3.994959592819214 0
1731850071380 3.985170602798462 0
1731850090601 3.9470043182373047 0
1731850109854 3.9621942043304443 0
1731850129098 3.873785972595215 0
1731850146284 3.9081969261169434 0
1731850163435 4.011130332946777 0
1731850180598 3.977083921432495 0
1731850197787 3.9372482299804688 0
1731850214949 3.9608466625213623 0
1731850232084 4.030428886413574 0
1731850249241 3.9201552867889404 0
1731850265650 4.001639366149902 0
1731850281670 4.07662296295166 0
1731850297783 3.9561479091644287 0
1731850313918 4.033483505249023 0
1731850330079 4.028134346008301 0
1731850346104 4.0277605056762695 0
1731850362256 3.9718453884124756 0
1731850378456 3.9829726219177246 0
1731850393951 3.9658448696136475 0
1731850409426 3.9770994186401367 0
1731850424905 3.9097161293029785 0
1731850440379 4.073472499847412 0
1731850455851 4.030685901641846 0
1731850471323 3.9992852210998535 0
1731850486766 3.9469642639160156 0
1731850501867 3.9816524982452393 0
1731850516964 4.0020060539245605 0
1731850531971 3.9349708557128906 0
1731850547077 3.9417643547058105 0
1731850562086 3.9894440174102783 0
1731850577219 4.009718418121338 0
1731850592232 3.9974939823150635 0
1731850607635 3.9986448287963867 0
1731850622659 4.036337852478027 0
1731850637741 3.90824818611145 0
1731850652742 4.071549892425537 0
1731850667841 4.10347843170166 0
1731850682836 4.073879241943359 0
1731850697927 3.9715938568115234 0
1731850712917 3.985247850418091 0
1731850728009 3.9383351802825928 0
1731850742973 3.940075159072876 0
1731850758046 4.033447265625 0
1731850773041 3.9814035892486572 0
1731850788126 4.047250747680664 0
1731850803087 3.987342119216919 0
1731850818178 3.989223003387451 0
1731850833514 3.941127300262451 0
1731850848591 3.9606621265411377 0
1731850863562 4.052908897399902 0
1731850878614 4.078787326812744 0
1731850893585 4.038330554962158 0
1731850908636 4.024624824523926 0
1731850923598 4.0678935050964355 0
1731850938679 4.043304920196533 0
1731850953636 3.9861302375793457 0
1731850968681 4.05795955657959 0
1731850983665 3.963336944580078 0
1731850998747 3.998274803161621 0
1731851013705 3.9575581550598145 0
1731851028788 4.031632423400879 0
1731851043765 4.021017074584961 0
1731851059167 3.9925711154937744 0
1731851074132 4.005358695983887 0
1731851089209 4.0135345458984375 0
1731851104171 4.042540073394775 0
1731851119243 4.0333638191223145 0
1731851134212 3.9831526279449463 0
1731851149263 4.027596950531006 0
1731851164241 4.0429368019104 0
1731851179285 4.009034156799316 0
1731851194260 4.092066764831543 0
1731851209338 4.001887798309326 0
1731851224280 4.022575378417969 0
1731851239340 4.011163234710693 0
1731851254312 4.016333103179932 0
1731851269711 4.038408279418945 0
1731851284657 4.028356552124023 0
1731851299693 4.035338401794434 0
1731851314650 3.984577178955078 0
1731851329699 4.055993556976318 0
1731851344671 3.992039918899536 0
1731851359729 4.049324035644531 0
1731851374694 4.0111260414123535 0
1731851389731 4.108363151550293 0
1731851404713 4.005850315093994 0
1731851419748 4.04026985168457 0
1731851434699 3.990553140640259 0
1731851449746 4.068489074707031 0
1731851464690 4.047181606292725 0
1731851479732 4.0334248542785645 0
1731851494955 4.010251045227051 0
1731851509950 4.008935928344727 0
1731851524897 4.034063816070557 0
1731851539922 4.056041240692139 0
1731851554850 4.00954532623291 0
1731851569877 4.028383255004883 0
1731851584845 4.010851860046387 0
1731851599855 4.039756774902344 0
1731851614782 4.035798072814941 0
1731851629818 4.025931358337402 0
1731851644767 4.072483539581299 0
1731851659811 4.040388584136963 0
1731851674756 4.033371925354004 0
1731851689792 4.010102272033691 0
1731851704737 4.012781620025635 0
1731851720061 3.994040012359619 0
1731851734987 4.016760349273682 0
1731851750003 4.014033317565918 0
1731851764935 4.059070110321045 0
1731851779950 4.033585548400879 0
1731851794861 4.069002151489258 0
1731851809879 4.0183539390563965 0
1731851824787 4.057386875152588 0
1731851839797 4.027912139892578 0
1731851854691 4.04282808303833 0
1731851869701 4.032815933227539 0
1731851884631 4.053813457489014 0
1731851899626 4.037985801696777 0
1731851914543 4.02375602722168 0
1731851929543 4.040082931518555 0
1731851944777 4.029324531555176 0
1731851959767 4.019830226898193 0
1731851974652 4.032087326049805 0
1731851989630 4.050089359283447 0
1731852004519 4.021947383880615 0
1731852019521 4.040266513824463 0
1731852034430 4.042613506317139 0
1731852049410 4.09168815612793 0
1731852064340 4.053818702697754 0
1731852079319 4.016911506652832 0
1731852094219 4.0323872566223145 0
1731852109201 4.051252841949463 0
1731852124118 4.023900508880615 0
1731852139086 4.045995712280273 0
1731852153988 4.022971153259277 0
1731852169322 4.029743194580078 0
1731852184227 4.008527755737305 0
1731852199213 4.039545059204102 0
1731852214137 4.052691459655762 0
1731852229116 4.035526752471924 0
1731852243996 4.028654098510742 0
1731852259004 4.023201942443848 0
1731852273908 4.037628173828125 0
1731852288901 3.9931366443634033 0
1731852303807 4.0300374031066895 0
1731852318789 4.050825595855713 0
1731852333681 4.029577255249023 0
1731852348669 4.0373101234436035 0
1731852363561 4.028053283691406 0
1731852378928 4.020658016204834 0
1731852393855 4.045761585235596 0
1731852408851 4.01760721206665 0
1731852423762 4.037593364715576 0
1731852438726 4.027876377105713 0
1731852453627 4.0063934326171875 0
1731852468619 3.997950315475464 0
1731852483515 4.018751621246338 0
1731852498480 4.025453090667725 0
1731852513386 4.045421123504639 0
1731852528375 4.034276485443115 0
1731852543288 4.042117118835449 0
1731852558264 4.00277042388916 0
1731852573148 4.039402008056641 0
1731852588122 4.041922092437744 0
1731852603400 4.02673864364624 0
1731852618368 4.048257350921631 0
1731852633285 4.0203022956848145 0
1731852648252 4.037853717803955 0
1731852663148 4.033731937408447 0
1731852678130 4.042878150939941 0
1731852693020 4.0582661628723145 0
1731852707994 4.052156925201416 0
1731852722890 4.069423198699951 0
1731852737876 4.038808345794678 0
1731852752773 4.022268295288086 0
1731852767733 4.0355143547058105 0
1731852782631 4.055253028869629 0
1731852797582 4.037702560424805 0
1731852812456 4.0405378341674805 0
1731852827777 4.0412445068359375 0
1731852842676 4.050387859344482 0
1731852857641 4.018767833709717 0
1731852872531 4.069408893585205 0
1731852887516 4.008852481842041 0
1731852902422 4.006251335144043 0
1731852917399 4.05829381942749 0
1731852932284 4.052637100219727 0
1731852947253 4.043412208557129 0
1731852962134 4.053925037384033 0
1731852977130 4.018866062164307 0
1731852992029 4.033238887786865 0
1731853006998 4.015993595123291 0
1731853021892 4.020560264587402 0
1731853036873 4.023590087890625 0
1731853052093 4.036731243133545 0
1731853067060 4.033269882202148 0
1731853081930 4.044589996337891 0
1731853096910 4.037389278411865 0
1731853111808 4.046912670135498 0
1731853126806 4.0547380447387695 0
1731853141695 4.055384159088135 0
1731853156671 4.0285420417785645 0
1731853171571 4.0325846672058105 0
1731853186544 4.054551124572754 0
1731853201425 4.0271897315979 0
1731853216434 4.042049407958984 0
1731853231319 4.017782211303711 0
1731853246310 4.039010524749756 0
1731853261215 4.022000312805176 0
