1731849857775 0.1674441695213318 0
1731849877519 0.11969178915023804 0
1731849897106 0.09623996913433075 0
1731849916730 0.08734935522079468 0
1731849936132 0.07818060368299484 0
1731849955561 0.07465581595897675 0
1731849974901 0.06954687088727951 0
1731849994328 0.06444624066352844 0
1731850013617 0.06352648138999939 0
1731850032911 0.059273842722177505 0
1731850052151 0.05797439441084862 0
1731850071380 0.05497581511735916 0
1731850090601 0.05370209366083145 0
1731850109854 0.05116786062717438 0
1731850129098 0.0488736629486084 0
1731850146284 0.046356894075870514 0
1731850163435 0.048532985150814056 0
1731850180598 0.04655282944440842 0
1731850197787 0.045465078204870224 0
1731850214949 0.044384729117155075 0
1731850232084 0.0452754870057106 0
1731850249241 0.04484149441123009 0
1731850265650 0.04182260483503342 0
1731850281670 0.04226411134004593 0
1731850297783 0.040739260613918304 0
1731850313918 0.039779722690582275 0
1731850330079 0.03914102166891098 0
1731850346104 0.03951611369848251 0
1731850362256 0.03882130607962608 0
1731850378456 0.040205225348472595 0
1731850393951 0.038288913667201996 0
1731850409426 0.03708888590335846 0
1731850424905 0.037088844925165176 0
1731850440379 0.037615545094013214 0
1731850455851 0.03546720743179321 0
1731850471323 0.03686579316854477 0
1731850486766 0.0358724370598793 0
1731850501867 0.03671705722808838 0
1731850516964 0.0348249115049839 0
1731850531971 0.03495717793703079 0
1731850547077 0.03499915078282356 0
1731850562086 0.032759636640548706 0
1731850577219 0.03508993238210678 0
1731850592232 0.03333229571580887 0
1731850607635 0.03515716269612312 0
1731850622659 0.034893061965703964 0
1731850637741 0.03365718945860863 0
1731850652742 0.03448756784200668 0
1731850667841 0.03321409225463867 0
1731850682836 0.03404887020587921 0
1731850697927 0.03399091586470604 0
1731850712917 0.03129801154136658 0
1731850728009 0.031462255865335464 0
1731850742973 0.030979638919234276 0
1731850758046 0.03351907432079315 0
1731850773041 0.031201854348182678 0
1731850788126 0.02962542697787285 0
1731850803087 0.03007793053984642 0
1731850818178 0.03113793209195137 0
1731850833514 0.03110157698392868 0
1731850848591 0.029552236199378967 0
1731850863562 0.029856832697987556 0
1731850878614 0.030420176684856415 0
1731850893585 0.02850951999425888 0
1731850908636 0.029032042250037193 0
1731850923598 0.030022263526916504 0
1731850938679 0.030037764459848404 0
1731850953636 0.030045896768569946 0
1731850968681 0.029557399451732635 0
1731850983665 0.029845666140317917 0
1731850998747 0.028734100982546806 0
1731851013705 0.029261993244290352 0
1731851028788 0.028800122439861298 0
1731851043765 0.0289634857326746 0
1731851059167 0.027825405821204185 0
1731851074132 0.029536737129092216 0
1731851089209 0.02810874953866005 0
1731851104171 0.02952215075492859 0
1731851119243 0.028624096885323524 0
1731851134212 0.02771889418363571 0
1731851149263 0.026585586369037628 0
1731851164241 0.027783632278442383 0
1731851179285 0.028703603893518448 0
1731851194260 0.02762792259454727 0
1731851209338 0.02762833796441555 0
1731851224280 0.02773028239607811 0
1731851239340 0.027381181716918945 0
1731851254312 0.027285277843475342 0
1731851269711 0.026209961622953415 0
1731851284657 0.026972133666276932 0
1731851299693 0.026897860690951347 0
1731851314650 0.026691466569900513 0
1731851329699 0.0261479951441288 0
1731851344671 0.0275728702545166 0
1731851359729 0.026499144732952118 0
1731851374694 0.02692115306854248 0
1731851389731 0.02789398655295372 0
1731851404713 0.02606363222002983 0
1731851419748 0.02568252757191658 0
1731851434699 0.026594996452331543 0
1731851449746 0.026516590267419815 0
1731851464690 0.02650398202240467 0
1731851479732 0.02587915025651455 0
1731851494955 0.02664797753095627 0
1731851509950 0.02570967748761177 0
1731851524897 0.0250140018761158 0
1731851539922 0.025775643065571785 0
1731851554850 0.02580266445875168 0
1731851569877 0.025533154606819153 0
1731851584845 0.02506786212325096 0
1731851599855 0.02516060695052147 0
1731851614782 0.02556053176522255 0
1731851629818 0.026483401656150818 0
1731851644767 0.02465675212442875 0
1731851659811 0.024572869762778282 0
1731851674756 0.026265686377882957 0
1731851689792 0.02349803037941456 0
1731851704737 0.023863546550273895 0
1731851720061 0.02519397810101509 0
1731851734987 0.02345096319913864 0
1731851750003 0.024628005921840668 0
1731851764935 0.02501632459461689 0
1731851779950 0.024603191763162613 0
1731851794861 0.02434511110186577 0
1731851809879 0.023715723305940628 0
1731851824787 0.025011595338582993 0
1731851839797 0.02416871301829815 0
1731851854691 0.023918909952044487 0
1731851869701 0.025155629962682724 0
1731851884631 0.02473154291510582 0
1731851899626 0.023958761245012283 0
1731851914543 0.024946387857198715 0
1731851929543 0.023930717259645462 0
1731851944777 0.024342643097043037 0
1731851959767 0.024350132793188095 0
1731851974652 0.023912440985441208 0
1731851989630 0.024011392146348953 0
1731852004519 0.024744246155023575 0
1731852019521 0.02355830930173397 0
1731852034430 0.02338864654302597 0
1731852049410 0.023113396018743515 0
1731852064340 0.023868292570114136 0
1731852079319 0.023787371814250946 0
1731852094219 0.023685850203037262 0
1731852109201 0.02167186513543129 0
1731852124118 0.023720620200037956 0
1731852139086 0.02348293364048004 0
1731852153988 0.0237945057451725 0
1731852169322 0.02300141379237175 0
1731852184227 0.02279594913125038 0
1731852199213 0.02325310744345188 0
1731852214137 0.022149741649627686 0
1731852229116 0.023146886378526688 0
1731852243996 0.02283540368080139 0
1731852259004 0.023401381447911263 0
1731852273908 0.02404559776186943 0
1731852288901 0.02408573031425476 0
1731852303807 0.024013319984078407 0
1731852318789 0.023659195750951767 0
1731852333681 0.023626279085874557 0
1731852348669 0.023503219708800316 0
1731852363561 0.0222016554325819 0
1731852378928 0.022024227306246758 0
1731852393855 0.023256495594978333 0
1731852408851 0.021628325805068016 0
1731852423762 0.022466007620096207 0
1731852438726 0.02403448522090912 0
1731852453627 0.02185554802417755 0
1731852468619 0.022763140499591827 0
1731852483515 0.022800492122769356 0
1731852498480 0.022678419947624207 0
1731852513386 0.02119240164756775 0
1731852528375 0.02285236492753029 0
1731852543288 0.02353587932884693 0
1731852558264 0.022843390703201294 0
1731852573148 0.02235567383468151 0
1731852588122 0.02333078347146511 0
1731852603400 0.022431490942835808 0
1731852618368 0.021670417860150337 0
1731852633285 0.02307092770934105 0
1731852648252 0.022870022803544998 0
1731852663148 0.02134270966053009 0
1731852678130 0.022260315716266632 0
1731852693020 0.022730443626642227 0
1731852707994 0.021962326020002365 0
1731852722890 0.021512554958462715 0
1731852737876 0.022048063576221466 0
1731852752773 0.021523311734199524 0
1731852767733 0.021717188879847527 0
1731852782631 0.021469885483384132 0
1731852797582 0.02223355695605278 0
1731852812456 0.021951910108327866 0
1731852827777 0.02195291593670845 0
1731852842676 0.02067004330456257 0
1731852857641 0.02256590873003006 0
1731852872531 0.021404244005680084 0
1731852887516 0.02039700374007225 0
1731852902422 0.02159302681684494 0
1731852917399 0.021937258541584015 0
1731852932284 0.02036033198237419 0
1731852947253 0.02180481143295765 0
1731852962134 0.021896548569202423 0
1731852977130 0.021672431379556656 0
1731852992029 0.021790608763694763 0
1731853006998 0.022478509694337845 0
1731853021892 0.020413503050804138 0
1731853036873 0.020374275743961334 0
1731853052093 0.020881803706288338 0
1731853067060 0.020498819649219513 0
1731853081930 0.020848676562309265 0
1731853096910 0.020767752081155777 0
1731853111808 0.020354904234409332 0
1731853126806 0.021253623068332672 0
1731853141695 0.02119084820151329 0
1731853156671 0.020876184105873108 0
1731853171571 0.021259602159261703 0
1731853186544 0.020399566739797592 0
1731853201425 0.02057584375143051 0
1731853216434 0.021548036485910416 0
1731853231319 0.022191274911165237 0
1731853246310 0.02133510448038578 0
1731853261215 0.022084731608629227 0
