1731849857796 0.002163739874958992 0
1731849877523 0.000730146886780858 0
1731849897109 0.000674627663102001 0
1731849916732 0.0006350482581183314 0
1731849936134 0.0006952444091439247 0
1731849955564 0.0007378156296908855 0
1731849974903 0.0006720590172335505 0
1731849994330 0.0006760468240827322 0
1731850013620 0.0007636811933480203 0
1731850032913 0.0006698955548927188 0
1731850052153 0.0006142829661257565 0
1731850071382 0.0006146117812022567 0
1731850090603 0.0007003466598689556 0
1731850109856 0.0006597114261239767 0
1731850129101 0.0007303054444491863 0
1731850146287 0.0007276714313775301 0
1731850163437 0.0007579590892419219 0
1731850180601 0.0007714666426181793 0
1731850197789 0.0007124043186195195 0
1731850214951 0.0007100569200702012 0
1731850232086 0.0007615023641847074 0
1731850249243 0.0006829132325947285 0
1731850265652 0.0007866420783102512 0
1731850281672 0.0008706540684215724 0
1731850297786 0.0007632863125763834 0
1731850313920 0.0008440223173238337 0
1731850330081 0.0009507994400337338 0
1731850346106 0.0007521408842876554 0
1731850362258 0.000945472507737577 0
1731850378458 0.0008884677081368864 0
1731850393953 0.0008484999416396022 0
1731850409429 0.0009571277187205851 0
1731850424907 0.0008232407853938639 0
1731850440381 0.0008870817255228758 0
1731850455853 0.0008622294990345836 0
1731850471325 0.0008710170513950288 0
1731850486768 0.0008314528968185186 0
1731850501869 0.0008813488529995084 0
1731850516966 0.0008094171062111855 0
1731850531974 0.0008598458371125162 0
1731850547079 0.0008894670754671097 0
1731850562088 0.000926494540181011 0
1731850577221 0.0008713193237781525 0
1731850592234 0.0009186147362925112 0
1731850607637 0.0009137885645031929 0
1731850622661 0.0009578250464983284 0
1731850637743 0.0009864785242825747 0
1731850652744 0.0009209966519847512 0
1731850667843 0.0008934067445807159 0
1731850682838 0.0009494940750300884 0
1731850697929 0.0008299235487356782 0
1731850712919 0.000920094782486558 0
1731850728011 0.0009497700957581401 0
1731850742975 0.0009064573096111417 0
1731850758048 0.0009171984856948256 0
1731850773043 0.000916208722628653 0
1731850788128 0.0009762659319676459 0
1731850803089 0.0010893396101891994 0
1731850818180 0.0009595640585757792 0
1731850833516 0.000999145908281207 0
1731850848593 0.0009602148202247918 0
1731850863565 0.000906393863260746 0
1731850878616 0.0010358149884268641 0
1731850893587 0.0009874432580545545 0
1731850908638 0.0008925697184167802 0
1731850923600 0.0009780122200027108 0
1731850938682 0.0009922066237777472 0
1731850953638 0.0010188051965087652 0
1731850968683 0.0010325933108106256 0
1731850983668 0.0009496818529441953 0
1731850998749 0.0010471079731360078 0
1731851013707 0.0009752885671332479 0
1731851028790 0.0009283629478886724 0
1731851043767 0.0009550405666232109 0
1731851059169 0.0010735297109931707 0
1731851074134 0.0010366836795583367 0
1731851089212 0.0010265207383781672 0
1731851104173 0.0010366479400545359 0
1731851119245 0.000974691123701632 0
1731851134214 0.0008482958655804396 0
1731851149265 0.001080040354281664 0
1731851164243 0.0010678083635866642 0
1731851179287 0.000873000652063638 0
1731851194262 0.0009830633644014597 0
1731851209340 0.0010220130207017064 0
1731851224282 0.000931525370106101 0
1731851239342 0.0009488834766671062 0
1731851254314 0.0009535034187138081 0
1731851269713 0.0009809761540964246 0
1731851284658 0.0009581785416230559 0
1731851299695 0.0009480108274146914 0
1731851314652 0.0009682017844170332 0
1731851329702 0.0010248763719573617 0
1731851344673 0.0010448737302795053 0
1731851359731 0.0010462729260325432 0
1731851374696 0.0010124214459210634 0
1731851389733 0.0009396206587553024 0
1731851404715 0.0009864422027021646 0
1731851419750 0.000903988373465836 0
1731851434701 0.0009218865307047963 0
1731851449748 0.0009694364271126688 0
1731851464692 0.001103140413761139 0
1731851479734 0.001002399600110948 0
1731851494957 0.000965067301876843 0
1731851509952 0.0010177482618018985 0
1731851524899 0.0010621335823088884 0
1731851539924 0.0009822300635278225 0
1731851554852 0.0009981213370338082 0
1731851569879 0.0009947201469913125 0
1731851584848 0.0010177369695156813 0
1731851599857 0.0009479514556005597 0
1731851614784 0.0010832317639142275 0
1731851629820 0.0010215439833700657 0
1731851644769 0.000965140585321933 0
1731851659813 0.0009415011154487729 0
1731851674759 0.0009556355071254075 0
1731851689794 0.0009847251931205392 0
1731851704739 0.000955644529312849 0
1731851720063 0.000922276871278882 0
1731851734989 0.0009732245816849172 0
1731851750005 0.000977523741312325 0
1731851764937 0.0010619050590321422 0
1731851779952 0.0009557127486914396 0
1731851794863 0.0010589894372969866 0
1731851809881 0.0009736748179420829 0
1731851824789 0.0009606166277080774 0
1731851839799 0.0009485303307883441 0
1731851854693 0.0009989063255488873 0
1731851869703 0.0010131854796782136 0
1731851884634 0.0010671756463125348 0
1731851899628 0.001008952152915299 0
1731851914545 0.0009992519626393914 0
1731851929545 0.0011032891925424337 0
1731851944779 0.0010927666444331408 0
1731851959770 0.0010685864835977554 0
1731851974654 0.001089053344912827 0
1731851989631 0.00099221954587847 0
1731852004521 0.0010653863428160548 0
1731852019523 0.0010195091599598527 0
1731852034432 0.000983360456302762 0
1731852049413 0.0010408832458779216 0
1731852064342 0.0009500613668933511 0
1731852079321 0.0009976569563150406 0
1731852094221 0.0010164708364754915 0
1731852109203 0.0009290516609326005 0
1731852124120 0.0009511312819086015 0
1731852139088 0.001026199315674603 0
1731852153990 0.0010253910440951586 0
1731852169324 0.0010554180480539799 0
1731852184229 0.0010286474134773016 0
1731852199215 0.0011054874630644917 0
1731852214139 0.0009440053254365921 0
1731852229118 0.0009933554101735353 0
1731852243998 0.0010372420074418187 0
1731852259007 0.0009696608176454902 0
1731852273910 0.0009395515662617981 0
1731852288903 0.0010515302419662476 0
1731852303809 0.0010269851190969348 0
1731852318792 0.001088556949980557 0
1731852333683 0.0009874420939013362 0
1731852348671 0.001015569199807942 0
1731852363563 0.0010183312697336078 0
1731852378930 0.001102546346373856 0
1731852393857 0.001040685921907425 0
1731852408854 0.0010416817385703325 0
1731852423764 0.0010209439788013697 0
1731852438728 0.0010067317634820938 0
1731852453629 0.0010881652124226093 0
1731852468622 0.0009902447927743196 0
1731852483517 0.0010035329032689333 0
1731852498482 0.0010018032044172287 0
1731852513388 0.001073396299034357 0
1731852528377 0.0009623006917536259 0
1731852543290 0.001018765033222735 0
1731852558266 0.000989742111414671 0
1731852573150 0.0010393107077106833 0
1731852588124 0.000978653086349368 0
1731852603402 0.0009978614980354905 0
1731852618370 0.0011004535481333733 0
1731852633287 0.0010353196412324905 0
1731852648254 0.0011074701324105263 0
1731852663150 0.001031925668939948 0
1731852678133 0.0010553031461313367 0
1731852693022 0.0010394093114882708 0
1731852707996 0.0010657964739948511 0
1731852722892 0.001060684211552143 0
1731852737878 0.0009941739263013005 0
1731852752775 0.001050113351084292 0
1731852767735 0.001044082222506404 0
1731852782633 0.0010799022857099771 0
1731852797584 0.001050510792993009 0
1731852812458 0.0010111987357959151 0
1731852827779 0.0010016080923378468 0
1731852842678 0.0009731660247780383 0
1731852857643 0.0010549791622906923 0
1731852872533 0.0010702329454943538 0
1731852887519 0.001017233356833458 0
1731852902424 0.0010809344239532948 0
1731852917401 0.0010760875884443521 0
1731852932286 0.0011022689286619425 0
1731852947255 0.001081613590940833 0
1731852962136 0.0010601223912090063 0
1731852977132 0.001053827116265893 0
1731852992031 0.0010443406645208597 0
1731853007000 0.001063214847818017 0
1731853021895 0.001080440590158105 0
1731853036875 0.001022788928821683 0
1731853052095 0.0010691966162994504 0
1731853067062 0.0010325985495001078 0
1731853081933 0.0011010123416781425 0
1731853096913 0.0010602662805467844 0
1731853111810 0.0010825679637491703 0
1731853126808 0.001033369218930602 0
1731853141698 0.0010611034231260419 0
1731853156673 0.0011070440523326397 0
1731853171573 0.0010877533350139856 0
1731853186547 0.0010519949719309807 0
1731853201427 0.0009932342218235135 0
1731853216436 0.0010167304426431656 0
1731853231321 0.0010426781373098493 0
1731853246313 0.0010819234885275364 0
1731853261218 0.001070916885510087 0
