1731849857775 18.9090576171875 0
1731849877519 21.413589477539062 0
1731849897106 22.414731979370117 0
1731849916730 22.622997283935547 0
1731849936132 23.08450698852539 0
1731849955561 23.011884689331055 0
1731849974901 24.34528160095215 0
1731849994328 23.547361373901367 0
1731850013617 23.362199783325195 0
1731850032911 23.38248062133789 0
1731850052151 23.90701675415039 0
1731850071380 24.355695724487305 0
1731850090601 24.35538673400879 0
1731850109854 24.74462127685547 0
1731850129098 24.049835205078125 0
1731850146284 24.927719116210938 0
1731850163435 24.681198120117188 0
1731850180598 24.798429489135742 0
1731850197787 25.142263412475586 0
1731850214949 24.40768814086914 0
1731850232084 24.846237182617188 0
1731850249241 24.609479904174805 0
1731850265650 24.58713722229004 0
1731850281670 25.43950843811035 0
1731850297783 24.94057846069336 0
1731850313918 25.036928176879883 0
1731850330079 24.801830291748047 0
1731850346104 24.58467674255371 0
1731850362256 25.18827247619629 0
1731850378456 24.91915512084961 0
1731850393951 24.749929428100586 0
1731850409426 25.440996170043945 0
1731850424905 24.96621322631836 0
1731850440379 25.672740936279297 0
1731850455851 25.155746459960938 0
1731850471323 25.68454360961914 0
1731850486766 25.559425354003906 0
1731850501867 25.819087982177734 0
1731850516964 25.589845657348633 0
1731850531971 25.200531005859375 0
1731850547077 25.79119300842285 0
1731850562086 26.03464126586914 0
1731850577219 25.784500122070312 0
1731850592232 25.838825225830078 0
1731850607635 25.41624641418457 0
1731850622659 25.483562469482422 0
1731850637741 26.155900955200195 0
1731850652742 25.239076614379883 0
1731850667841 25.995203018188477 0
1731850682836 25.812225341796875 0
1731850697927 26.150714874267578 0
1731850712917 25.591222763061523 0
1731850728009 26.33438491821289 0
1731850742973 26.142093658447266 0
1731850758046 25.55402183532715 0
1731850773041 25.846813201904297 0
1731850788126 26.064542770385742 0
1731850803087 26.418460845947266 0
1731850818178 25.924551010131836 0
1731850833514 26.166975021362305 0
1731850848591 26.281797409057617 0
1731850863562 26.517820358276367 0
1731850878614 25.78902816772461 0
1731850893585 26.165586471557617 0
1731850908636 25.6220645904541 0
1731850923598 26.57448387145996 0
1731850938679 26.43037986755371 0
1731850953636 26.216886520385742 0
1731850968681 26.619421005249023 0
1731850983665 26.18840217590332 0
1731850998747 26.144603729248047 0
1731851013705 26.457412719726562 0
1731851028788 26.5893611907959 0
1731851043765 26.541244506835938 0
1731851059167 26.833433151245117 0
1731851074132 26.076711654663086 0
1731851089209 26.79540252685547 0
1731851104171 26.924087524414062 0
1731851119243 27.245607376098633 0
1731851134212 26.4736328125 0
1731851149263 26.886228561401367 0
1731851164241 27.137094497680664 0
1731851179285 26.8802547454834 0
1731851194260 26.985082626342773 0
1731851209338 27.616657257080078 0
1731851224280 26.071319580078125 0
1731851239340 27.238534927368164 0
1731851254312 27.49156951904297 0
1731851269711 26.61395263671875 0
1731851284657 27.132280349731445 0
1731851299693 27.042110443115234 0
1731851314650 27.49018669128418 0
1731851329699 26.8772029876709 0
1731851344671 27.119983673095703 0
1731851359729 26.94122886657715 0
1731851374694 26.522111892700195 0
1731851389731 27.143857955932617 0
1731851404713 27.19965171813965 0
1731851419748 27.140243530273438 0
1731851434699 26.528026580810547 0
1731851449746 26.529287338256836 0
1731851464690 26.96045684814453 0
1731851479732 27.323322296142578 0
1731851494955 27.664533615112305 0
1731851509950 27.63248062133789 0
1731851524897 27.04144859313965 0
1731851539922 27.479442596435547 0
1731851554850 27.560749053955078 0
1731851569877 27.174800872802734 0
1731851584845 27.53428840637207 0
1731851599855 27.81428337097168 0
1731851614782 28.289491653442383 0
1731851629818 27.169281005859375 0
1731851644767 27.296369552612305 0
1731851659811 27.386966705322266 0
1731851674756 27.51835060119629 0
1731851689792 27.676198959350586 0
1731851704737 27.81143569946289 0
1731851720061 27.754953384399414 0
1731851734987 27.822126388549805 0
1731851750003 28.019670486450195 0
1731851764935 26.823497772216797 0
1731851779950 27.86878204345703 0
1731851794861 27.715608596801758 0
1731851809879 27.8319034576416 0
1731851824787 27.416107177734375 0
1731851839797 27.875869750976562 0
1731851854691 28.094449996948242 0
1731851869701 28.267553329467773 0
1731851884631 26.88161277770996 0
1731851899626 27.599407196044922 0
1731851914543 28.407455444335938 0
1731851929543 27.132381439208984 0
1731851944777 28.30154037475586 0
1731851959767 27.877544403076172 0
1731851974652 28.011930465698242 0
1731851989630 27.798904418945312 0
1731852004519 27.953081130981445 0
1731852019521 27.967195510864258 0
1731852034430 28.44784164428711 0
1731852049410 28.38775634765625 0
1731852064340 27.73614501953125 0
1731852079319 28.259449005126953 0
1731852094219 28.547828674316406 0
1731852109201 28.220251083374023 0
1731852124118 28.22075080871582 0
1731852139086 28.434602737426758 0
1731852153988 28.361631393432617 0
1731852169322 28.674062728881836 0
1731852184227 27.949687957763672 0
1731852199213 27.975536346435547 0
1731852214137 28.01976203918457 0
1731852229116 27.887189865112305 0
1731852243996 28.396224975585938 0
1731852259004 28.42081069946289 0
1731852273908 28.58172607421875 0
1731852288901 28.513076782226562 0
1731852303807 28.3541259765625 0
1731852318789 27.921518325805664 0
1731852333681 28.502782821655273 0
1731852348669 28.4278564453125 0
1731852363561 28.614669799804688 0
1731852378928 28.17928695678711 0
1731852393855 28.525205612182617 0
1731852408851 28.7281551361084 0
1731852423762 28.42131805419922 0
1731852438726 28.78329086303711 0
1731852453627 28.23365020751953 0
1731852468619 28.47288703918457 0
1731852483515 28.57459259033203 0
1731852498480 28.83807373046875 0
1731852513386 28.899866104125977 0
1731852528375 28.745670318603516 0
1731852543288 28.64287567138672 0
1731852558264 29.049768447875977 0
1731852573148 28.525188446044922 0
1731852588122 28.464338302612305 0
1731852603400 29.361719131469727 0
1731852618368 29.0768985748291 0
1731852633285 28.645658493041992 0
1731852648252 28.147850036621094 0
1731852663148 28.357202529907227 0
1731852678130 28.73310661315918 0
1731852693020 28.818252563476562 0
1731852707994 28.672191619873047 0
1731852722890 28.78388023376465 0
1731852737876 29.288270950317383 0
1731852752773 29.381423950195312 0
1731852767733 28.764183044433594 0
1731852782631 29.144634246826172 0
1731852797582 28.835878372192383 0
1731852812456 28.87750816345215 0
1731852827777 28.306344985961914 0
1731852842676 29.401342391967773 0
1731852857641 29.16483497619629 0
1731852872531 29.072559356689453 0
1731852887516 29.335220336914062 0
1731852902422 28.883771896362305 0
1731852917399 29.071569442749023 0
1731852932284 28.930526733398438 0
1731852947253 29.418712615966797 0
1731852962134 29.256866455078125 0
1731852977130 29.23276138305664 0
1731852992029 28.59079933166504 0
1731853006998 28.758886337280273 0
1731853021892 29.326913833618164 0
1731853036873 28.864208221435547 0
1731853052093 29.54677963256836 0
1731853067060 29.018775939941406 0
1731853081930 28.593494415283203 0
1731853096910 29.53246307373047 0
1731853111808 29.57023048400879 0
1731853126806 29.44439125061035 0
1731853141695 29.539161682128906 0
1731853156671 29.42453384399414 0
1731853171571 29.276853561401367 0
1731853186544 29.42729377746582 0
1731853201425 29.400264739990234 0
1731853216434 29.19921112060547 0
1731853231319 29.18597984313965 0
1731853246310 29.331880569458008 0
1731853261215 29.18699836730957 0
