1731849857796 0.012855658307671547 0
1731849877523 0.007221726235002279 0
1731849897109 0.005734912119805813 0
1731849916732 0.005466382950544357 0
1731849936134 0.00491529144346714 0
1731849955564 0.004998173099011183 0
1731849974903 0.003676814492791891 0
1731849994330 0.004418388940393925 0
1731850013620 0.004610838368535042 0
1731850032913 0.0045893555507063866 0
1731850052153 0.004067226313054562 0
1731850071382 0.003668007208034396 0
1731850090603 0.003668271005153656 0
1731850109856 0.003353804349899292 0
1731850129101 0.003935647662729025 0
1731850146287 0.0032153490465134382 0
1731850163437 0.003403141861781478 0
1731850180601 0.0033125083427876234 0
1731850197789 0.0030603669583797455 0
1731850214951 0.003624357981607318 0
1731850232086 0.0032762428745627403 0
1731850249243 0.0034598074853420258 0
1731850265652 0.003477652557194233 0
1731850281672 0.0028579127974808216 0
1731850297786 0.0032058414071798325 0
1731850313920 0.003135502338409424 0
1731850330081 0.0033099153079092503 0
1731850346106 0.003479622770100832 0
1731850362258 0.0030281178187578917 0
1731850378458 0.003221694380044937 0
1731850393953 0.0033497081603854895 0
1731850409429 0.002856934443116188 0
1731850424907 0.003186973510310054 0
1731850440381 0.002708480693399906 0
1731850455853 0.003050881205126643 0
1731850471325 0.002701130462810397 0
1731850486768 0.0027800812385976315 0
1731850501869 0.0026187326293438673 0
1731850516966 0.0027606755029410124 0
1731850531974 0.003019581316038966 0
1731850547079 0.002635606098920107 0
1731850562088 0.0024919300340116024 0
1731850577221 0.0026396717876195908 0
1731850592234 0.00260685826651752 0
1731850607637 0.0028732623904943466 0
1731850622661 0.0028290702030062675 0
1731850637743 0.0024233143776655197 0
1731850652744 0.0029928996227681637 0
1731850667843 0.0025146615225821733 0
1731850682838 0.0026228739880025387 0
1731850697929 0.0024262103252112865 0
1731850712919 0.002759800059720874 0
1731850728011 0.0023257413413375616 0
1731850742975 0.0024310315493494272 0
1731850758048 0.0027835420332849026 0
1731850773043 0.002602068241685629 0
1731850788128 0.0024748314172029495 0
1731850803089 0.002281150547787547 0
1731850818180 0.0025559046771377325 0
1731850833516 0.0024171434342861176 0
1731850848593 0.0023540749680250883 0
1731850863565 0.0022295531816780567 0
1731850878616 0.0026369220577180386 0
1731850893587 0.002417915500700474 0
1731850908638 0.002740270923823118 0
1731850923600 0.002200652612373233 0
1731850938682 0.002274898113682866 0
1731850953638 0.0023895229678601027 0
1731850968683 0.002178000286221504 0
1731850983668 0.002405247651040554 0
1731850998749 0.0024296266492456198 0
1731851013707 0.0022607813589274883 0
1731851028790 0.002193127293139696 0
1731851043767 0.002217560075223446 0
1731851059169 0.002073273528367281 0
1731851074134 0.002467906568199396 0
1731851089212 0.0020915083587169647 0
1731851104173 0.0020304445642977953 0
1731851119245 0.0018855545204132795 0
1731851134214 0.00225235428661108 0
1731851149265 0.002048222813755274 0
1731851164243 0.0019332615192979574 0
1731851179287 0.002051040530204773 0
1731851194262 0.0020021270029246807 0
1731851209340 0.00173114740755409 0
1731851224282 0.0024709729477763176 0
1731851239342 0.0018886271864175797 0
1731851254314 0.0017817339394241571 0
1731851269713 0.0021807439625263214 0
1731851284658 0.0019354046089574695 0
1731851299695 0.0019760087598115206 0
1731851314652 0.001782301813364029 0
1731851329702 0.0020524836145341396 0
1731851344673 0.0019408923108130693 0
1731851359731 0.0020224465988576412 0
1731851374696 0.002227352000772953 0
1731851389733 0.0019302521832287312 0
1731851404715 0.001905613113194704 0
1731851419750 0.0019318595295771956 0
1731851434701 0.0022243205457925797 0
1731851449748 0.0022236742079257965 0
1731851464692 0.002013511722907424 0
1731851479734 0.0018521144520491362 0
1731851494957 0.0017121683340519667 0
1731851509952 0.0017248516669496894 0
1731851524899 0.001976309809833765 0
1731851539924 0.0017867162823677063 0
1731851554852 0.0017535777296870947 0
1731851569879 0.0019165482372045517 0
1731851584848 0.0017642942257225513 0
1731851599857 0.0016541376244276762 0
1731851614784 0.001482691033743322 0
1731851629820 0.0019189859740436077 0
1731851644769 0.0018636438762769103 0
1731851659813 0.0018251703586429358 0
1731851674759 0.0017707811202853918 0
1731851689794 0.0017075759824365377 0
1731851704739 0.0016552219167351723 0
1731851720063 0.001676890067756176 0
1731851734989 0.0016511533176526427 0
1731851750005 0.001577730174176395 0
1731851764937 0.002078021876513958 0
1731851779952 0.001633509760722518 0
1731851794863 0.0016921510687097907 0
1731851809881 0.0016474395524710417 0
1731851824789 0.0018129642121493816 0
1731851839799 0.0016308458289131522 0
1731851854693 0.001550797140225768 0
1731851869703 0.001490199938416481 0
1731851884634 0.0020504004787653685 0
1731851899628 0.0017380379140377045 0
1731851914545 0.0014429603470489383 0
1731851929545 0.0019353600218892097 0
1731851944779 0.0014785837847739458 0
1731851959770 0.0016302171861752868 0
1731851974654 0.0015805454459041357 0
1731851989631 0.0016600046074017882 0
1731852004521 0.001602107658982277 0
1731852019523 0.001596909947693348 0
1731852034432 0.0014296037843450904 0
1731852049413 0.001449519768357277 0
1731852064342 0.0016841677716001868 0
1731852079321 0.0014929830795153975 0
1731852094221 0.0013970662839710712 0
1731852109203 0.001506519503891468 0
1731852124120 0.001506346045061946 0
1731852139088 0.0014339685440063477 0
1731852153990 0.0014582665171474218 0
1731852169324 0.001357043394818902 0
1731852184229 0.0016033602878451347 0
1731852199215 0.0015938457800075412 0
1731852214139 0.0015776974614709616 0
1731852229118 0.0016266005113720894 0
1731852243998 0.0014466963475570083 0
1731852259007 0.001438529696315527 0
1731852273910 0.0013862049672752619 0
1731852288903 0.0014082904672250152 0
1731852303809 0.001460788305848837 0
1731852318792 0.001613793894648552 0
1731852333683 0.0014116320526227355 0
1731852348671 0.0014361970825120807 0
1731852363563 0.001375729450955987 0
1731852378930 0.001520796213299036 0
1731852393857 0.0014043634291738272 0
1731852408854 0.0013402457116171718 0
1731852423764 0.0014383615925908089 0
1731852438728 0.0013233384815976024 0
1731852453629 0.0015018787235021591 0
1731852468622 0.0014213835820555687 0
1731852483517 0.0013884827494621277 0
1731852498482 0.0013067502295598388 0
1731852513388 0.0012882889714092016 0
1731852528377 0.0013348510256037116 0
1731852543290 0.0013668227475136518 0
1731852558266 0.0012445806059986353 0
1731852573150 0.001404368318617344 0
1731852588124 0.0014241836033761501 0
1731852603402 0.0011583184823393822 0
1731852618370 0.0012368297902867198 0
1731852633287 0.0013659478863701224 0
1731852648254 0.0015318453079089522 0
1731852663150 0.0014597534900531173 0
1731852678133 0.0013387183425948024 0
1731852693022 0.0013127275742590427 0
1731852707996 0.0013576280325651169 0
1731852722892 0.0013231586199253798 0
1731852737878 0.0011780743952840567 0
1731852752775 0.0011530750198289752 0
1731852767735 0.0013291736831888556 0
1731852782633 0.0012176893651485443 0
1731852797584 0.001307410653680563 0
1731852812458 0.0012949377996847034 0
1731852827779 0.0014769488479942083 0
1731852842678 0.0011477988446131349 0
1731852857643 0.001212038565427065 0
1731852872533 0.001238066703081131 0
1731852887519 0.0011654075933620334 0
1731852902424 0.0012930722441524267 0
1731852917401 0.0012383488938212395 0
1731852932286 0.001279225805774331 0
1731852947255 0.0011432167375460267 0
1731852962136 0.0011866242857649922 0
1731852977132 0.001193228643387556 0
1731852992031 0.001383311115205288 0
1731853007000 0.0013307951157912612 0
1731853021895 0.0011676385765895247 0
1731853036875 0.0012989102397114038 0
1731853052095 0.0011099971598014235 0
1731853067062 0.00125349429436028 0
1731853081933 0.0013824535999447107 0
1731853096913 0.0011136624962091446 0
1731853111810 0.0011040198151022196 0
1731853126808 0.0011364775709807873 0
1731853141698 0.001111945603042841 0
1731853156673 0.0011416857596486807 0
1731853171573 0.0011811759322881699 0
1731853186547 0.0011409600265324116 0
1731853201427 0.001148083247244358 0
1731853216436 0.0012024822644889355 0
1731853231321 0.0012061515590175986 0
1731853246313 0.0011663041077554226 0
1731853261218 0.001205868786200881 0
