1731849857796 0.0013052427675575018 0
1731849877523 0.0006432343507185578 0
1731849897109 0.0004192972555756569 0
1731849916732 0.00039200164610520005 0
1731849936134 0.0003411697398405522 0
1731849955564 0.00032101155375130475 0
1731849974903 0.000293376506306231 0
1731849994330 0.00036280532367527485 0
1731850013620 0.00021686259424313903 0
1731850032913 0.00026521115796640515 0
1731850052153 0.0002435292990412563 0
1731850071382 0.00031273087370209396 0
1731850090603 0.00027329951990395784 0
1731850109856 0.00021258692140690982 0
1731850129101 0.00020080282411072403 0
1731850146287 0.0002119584969477728 0
1731850163437 0.0002243181224912405 0
1731850180601 0.00024361359828617424 0
1731850197789 0.00021719239884987473 0
1731850214951 0.00019659848476294428 0
1731850232086 0.0003421118308324367 0
1731850249243 0.00022597875795327127 0
1731850265652 0.00016686608432792127 0
1731850281672 0.00018137275765184313 0
1731850297786 0.00015580086619593203 0
1731850313920 0.00019771535880863667 0
1731850330081 0.00026122209965251386 0
1731850346106 0.00015146497753448784 0
1731850362258 0.00018669298151507974 0
1731850378458 0.0001614347129361704 0
1731850393953 0.0001686465839156881 0
1731850409429 0.0001770344388205558 0
1731850424907 0.00017249712254852057 0
1731850440381 0.00016070198034867644 0
1731850455853 0.00017513814964331686 0
1731850471325 0.00013276241952553391 0
1731850486768 0.0001535702613182366 0
1731850501869 0.0001404954236932099 0
1731850516966 0.00014632949023507535 0
1731850531974 0.0001692966470727697 0
1731850547079 0.00012995785800740123 0
1731850562088 0.00011129309859825298 0
1731850577221 0.00014631025260314345 0
1731850592234 0.00013239154941402376 0
1731850607637 0.0001410653640050441 0
1731850622661 0.0001654148509260267 0
1731850637743 0.0001512778108008206 0
1731850652744 0.00016625216812826693 0
1731850667843 0.00013010750990360975 0
1731850682838 0.00013681937707588077 0
1731850697929 0.00013698851398658007 0
1731850712919 0.00013344318722374737 0
1731850728011 0.0001442238426534459 0
1731850742975 0.00011220460874028504 0
1731850758048 0.00013606154243461788 0
1731850773043 0.00011604871542658657 0
1731850788128 0.000152912616613321 0
1731850803089 0.00011657217692118138 0
1731850818180 0.00012868756311945617 0
1731850833516 0.00012977774895261973 0
1731850848593 0.00011608711793087423 0
1731850863565 0.0001008247199933976 0
1731850878616 0.00012964937195647508 0
1731850893587 0.00010734704846981913 0
1731850908638 0.00012843965669162571 0
1731850923600 0.00012452638475224376 0
1731850938682 0.0001580267125973478 0
1731850953638 0.00013043187209405005 0
1731850968683 0.00010927737457677722 0
1731850983668 9.44910425459966e-05 0
1731850998749 0.00012309062003623694 0
1731851013707 0.00011911998444702476 0
1731851028790 9.740678797243163e-05 0
1731851043767 0.0001068435885827057 0
1731851059169 0.00011930744221899658 0
1731851074134 0.00011679275485221297 0
1731851089212 9.977199079003185e-05 0
1731851104173 0.00010506434773560613 0
1731851119245 0.00011278055171715096 0
1731851134214 9.639457857701927e-05 0
1731851149265 8.772820001468062e-05 0
1731851164243 0.0001354723353870213 0
1731851179287 0.0001254061353392899 0
1731851194262 9.961140312952921e-05 0
1731851209340 8.952489588409662e-05 0
1731851224282 0.00011100117990281433 0
1731851239342 9.203808440361172e-05 0
1731851254314 0.00011153944069519639 0
1731851269713 0.00010545013356022537 0
1731851284658 8.791618893155828e-05 0
1731851299695 0.00010821320756804198 0
1731851314652 9.687805140856653e-05 0
1731851329702 0.00012005028838757426 0
1731851344673 9.2471091193147e-05 0
1731851359731 9.770403266884387e-05 0
1731851374696 0.00010759878205135465 0
1731851389733 8.904091373551637e-05 0
1731851404715 8.703601633897051e-05 0
1731851419750 0.00012679386418312788 0
1731851434701 0.00010374579869676381 0
1731851449748 0.00010250501509290189 0
1731851464692 8.513797365594655e-05 0
1731851479734 8.86966081452556e-05 0
1731851494957 9.130976104643196e-05 0
1731851509952 0.00010304452734999359 0
1731851524899 9.50198809732683e-05 0
1731851539924 9.73059213720262e-05 0
1731851554852 9.552626579534262e-05 0
1731851569879 0.00010634319187374786 0
1731851584848 0.00010105224646395072 0
1731851599857 8.636186248622835e-05 0
1731851614784 0.00012829687329940498 0
1731851629820 8.471650653518736e-05 0
1731851644769 7.879150507505983e-05 0
1731851659813 9.030640649143606e-05 0
1731851674759 0.00010743411985458806 0
1731851689794 9.558188321534544e-05 0
1731851704739 8.506097947247326e-05 0
1731851720063 9.203855006489903e-05 0
1731851734989 9.651348227635026e-05 0
1731851750005 9.827489702729508e-05 0
1731851764937 9.701648377813399e-05 0
1731851779952 8.680637984070927e-05 0
1731851794863 0.00010260932322125882 0
1731851809881 6.137494347058237e-05 0
1731851824789 0.00010567714343778789 0
1731851839799 9.30565147427842e-05 0
1731851854693 0.00011498366802698001 0
1731851869703 8.19114939076826e-05 0
1731851884634 8.920009713619947e-05 0
1731851899628 9.928114013746381e-05 0
1731851914545 8.727767271921039e-05 0
1731851929545 8.014203194761649e-05 0
1731851944779 8.580559369875118e-05 0
1731851959770 9.283298277296126e-05 0
1731851974654 0.00010819944145623595 0
1731851989631 7.835753058316186e-05 0
1731852004521 9.440752910450101e-05 0
1731852019523 9.507813956588507e-05 0
1731852034432 8.045037247939035e-05 0
1731852049413 9.060338197741657e-05 0
1731852064342 8.936096855904907e-05 0
1731852079321 8.464579877909273e-05 0
1731852094221 6.996990123298019e-05 0
1731852109203 6.713929906254634e-05 0
1731852124120 8.759849151829258e-05 0
1731852139088 7.610699685756117e-05 0
1731852153990 8.603771129855886e-05 0
1731852169324 7.843196362955496e-05 0
1731852184229 0.00010098458733409643 0
1731852199215 0.00010055773600470275 0
1731852214139 7.746414485154673e-05 0
1731852229118 7.622115663252771e-05 0
1731852243998 7.780994201311842e-05 0
1731852259007 9.808713366510347e-05 0
1731852273910 7.490009011235088e-05 0
1731852288903 8.082445128820837e-05 0
1731852303809 8.761668141232803e-05 0
1731852318792 8.706837252248079e-05 0
1731852333683 6.446353654609993e-05 0
1731852348671 6.823908188380301e-05 0
1731852363563 7.60425318730995e-05 0
1731852378930 8.848214929457754e-05 0
1731852393857 9.804325236473233e-05 0
1731852408854 7.282150909304619e-05 0
1731852423764 8.902703120838851e-05 0
1731852438728 9.2609494458884e-05 0
1731852453629 8.152875670930371e-05 0
1731852468622 6.440647121053189e-05 0
1731852483517 8.124197483994067e-05 0
1731852498482 7.156365609262139e-05 0
1731852513388 8.241934119723737e-05 0
1731852528377 8.632779645267874e-05 0
1731852543290 7.533167081419379e-05 0
1731852558266 7.003027712926269e-05 0
1731852573150 6.663889507763088e-05 0
1731852588124 6.148206011857837e-05 0
1731852603402 6.378398393280804e-05 0
1731852618370 6.766674050595611e-05 0
1731852633287 6.428957567550242e-05 0
1731852648254 7.223369902931154e-05 0
1731852663150 5.679266178049147e-05 0
1731852678133 7.758494757581502e-05 0
1731852693022 6.209865387063473e-05 0
1731852707996 9.182572830468416e-05 0
1731852722892 6.207391561474651e-05 0
1731852737878 7.464979717042297e-05 0
1731852752775 7.089773862389848e-05 0
1731852767735 8.916412480175495e-05 0
1731852782633 6.42211816739291e-05 0
1731852797584 6.357059464789927e-05 0
1731852812458 6.644288805546239e-05 0
1731852827779 7.29315506760031e-05 0
1731852842678 7.513372111134231e-05 0
1731852857643 6.15003373241052e-05 0
1731852872533 7.167163130361587e-05 0
1731852887519 6.501992174889892e-05 0
1731852902424 6.638751801801845e-05 0
1731852917401 8.196430280804634e-05 0
1731852932286 8.23707741801627e-05 0
1731852947255 7.884790102252737e-05 0
1731852962136 7.74109284975566e-05 0
1731852977132 6.997095624683425e-05 0
1731852992031 7.170664321165532e-05 0
1731853007000 8.292354323202744e-05 0
1731853021895 6.097985169617459e-05 0
1731853036875 8.538949623471126e-05 0
1731853052095 4.836147491005249e-05 0
1731853067062 7.607488078065217e-05 0
1731853081933 6.198399205459282e-05 0
1731853096913 8.3217877545394e-05 0
1731853111810 6.098830635892227e-05 0
1731853126808 8.311046985909343e-05 0
1731853141698 7.331241795327514e-05 0
1731853156673 6.0322963690850884e-05 0
1731853171573 7.371192623395473e-05 0
1731853186547 5.8253735915059224e-05 0
1731853201427 8.53921810630709e-05 0
1731853216436 6.79071745253168e-05 0
1731853231321 0.00010185178689425811 0
1731853246313 7.101883238647133e-05 0
1731853261218 7.268597255460918e-05 0
