1731973287359 1.6409114599227905 0
1731973328764 1.3693162202835083 0
1731973348210 1.5040080547332764 0
1731973367676 1.351962924003601 0
1731973387044 1.4352983236312866 0
1731973406483 1.4674369096755981 0
1731973425812 1.4703986644744873 0
1731973445248 1.3373663425445557 0
1731973464566 1.4894678592681885 0
1731973484008 1.5698024034500122 0
1731973503328 1.5321011543273926 0
1731973522747 1.3899258375167847 0
1731973542077 1.3987547159194946 0
1731973561469 1.4435358047485352 0
1731973624432 1.27582585811615 0
1731973641629 1.3973387479782104 0
1731973658816 1.3015918731689453 0
1731973675968 1.416943907737732 0
1731973693127 1.4365122318267822 0
1731973710260 1.4462697505950928 0
1731973727396 1.4013787508010864 0
1731973744525 1.3635503053665161 0
1731973760865 1.3558162450790405 0
1731973776827 1.3492226600646973 0
1731973792887 1.3658758401870728 0
1731973808948 1.470114827156067 0
1731973825023 1.3660660982131958 0
1731973840975 1.443198561668396 0
1731973857010 1.28484046459198 0
1731973873568 1.3264596462249756 0
1731973888942 1.2897576093673706 0
1731973904311 1.4676107168197632 0
1731973919687 1.3267550468444824 0
1731973935047 1.4203506708145142 0
1731973950414 1.3220125436782837 0
1731973965770 1.3115582466125488 0
1731973981121 1.401512622833252 0
1731973996095 1.3354836702346802 0
1731974011048 1.3831943273544312 0
1731974025906 1.2827048301696777 0
1731974040881 1.3683876991271973 0
1731974055764 1.4250264167785645 0
1731974070751 1.308046817779541 0
1731974085622 1.2898863554000854 0
1731974101097 1.3908144235610962 0
1731974115980 1.426231861114502 0
1731974130948 1.2875479459762573 0
1731974145842 1.2624754905700684 0
1731974160815 1.3414422273635864 0
1731974175692 1.284178614616394 0
1731974190649 1.337395429611206 0
1731974205502 1.375036358833313 0
1731974220476 1.4070639610290527 0
1731974235334 1.3461617231369019 0
1731974250314 1.4720717668533325 0
1731974265167 1.2714515924453735 0
1731974280128 1.2832759618759155 0
1731974295006 1.2588852643966675 0
1731974309972 1.4126873016357422 0
1731974325408 1.3575421571731567 0
1731974340368 1.2512493133544922 0
1731974355241 1.3581968545913696 0
1731974370204 1.363901972770691 0
1731974385076 1.2895327806472778 0
1731974400032 1.2701297998428345 0
1731974414941 1.3400378227233887 0
1731974429963 1.344846487045288 0
1731974444848 1.2527291774749756 0
1731974459798 1.2729631662368774 0
1731974474652 1.4382898807525635 0
1731974489607 1.379277229309082 0
1731974504460 1.3156766891479492 0
1731974519414 1.2727185487747192 0
1731974534270 1.310567021369934 0
1731974549809 1.270383596420288 0
1731974564661 1.2476190328598022 0
1731974579611 1.3633183240890503 0
1731974594463 1.3492984771728516 0
1731974609419 1.3855655193328857 0
1731974624291 1.2994199991226196 0
1731974639232 1.319679617881775 0
1731974654091 1.260387897491455 0
1731974669050 1.2674227952957153 0
1731974683914 1.2936488389968872 0
1731974698870 1.3302720785140991 0
1731974713735 1.3458447456359863 0
1731974728675 1.2225927114486694 0
1731974743534 1.2512823343276978 0
1731974759100 1.2178345918655396 0
1731974773959 1.243727445602417 0
1731974788909 1.3041057586669922 0
1731974803773 1.2799241542816162 0
1731974818722 1.3605539798736572 0
1731974833571 1.231733798980713 0
1731974848515 1.2618510723114014 0
1731974863363 1.2813140153884888 0
1731974878323 1.2423231601715088 0
1731974893175 1.2651280164718628 0
1731974908115 1.2606855630874634 0
1731974922969 1.303184986114502 0
1731974937915 1.2666735649108887 0
1731974952767 1.2696590423583984 0
1731974967722 1.208250880241394 0
1731974983269 1.3300549983978271 0
1731974998211 1.2278167009353638 0
1731975013063 1.2704648971557617 0
1731975028009 1.2526837587356567 0
1731975042855 1.2553493976593018 0
1731975057787 1.3283780813217163 0
1731975072642 1.3010890483856201 0
1731975087583 1.3483890295028687 0
1731975102439 1.2889363765716553 0
1731975117365 1.2349159717559814 0
1731975132224 1.2546645402908325 0
1731975147152 1.2663618326187134 0
1731975162000 1.2494758367538452 0
1731975176943 1.19902503490448 0
1731975191778 1.3512853384017944 0
1731975207185 1.276903748512268 0
1731975222033 1.3208935260772705 0
1731975236963 1.2459790706634521 0
1731975251811 1.2756292819976807 0
1731975266752 1.3709642887115479 0
1731975281606 1.2429678440093994 0
1731975296536 1.3025692701339722 0
1731975311378 1.239027500152588 0
1731975326297 1.2157392501831055 0
1731975341135 1.278337001800537 0
1731975356058 1.2673732042312622 0
1731975370895 1.3215242624282837 0
1731975385805 1.3037517070770264 0
1731975400629 1.2801270484924316 0
1731975415548 1.2628639936447144 0
1731975431084 1.300211787223816 0
1731975446004 1.2821155786514282 0
1731975460825 1.2738721370697021 0
1731975475725 1.2868201732635498 0
1731975490541 1.288707971572876 0
1731975505450 1.266968011856079 0
1731975520264 1.2796337604522705 0
1731975535161 1.2594966888427734 0
1731975549976 1.2252333164215088 0
1731975564881 1.2585694789886475 0
1731975579678 1.2986763715744019 0
1731975594573 1.2362604141235352 0
1731975609388 1.2996870279312134 0
1731975624290 1.3102270364761353 0
1731975639099 1.2180958986282349 0
1731975654348 1.2287373542785645 0
1731975669160 1.238471508026123 0
1731975684057 1.2826787233352661 0
1731975698868 1.3103148937225342 0
1731975713771 1.2407892942428589 0
1731975728560 1.2416638135910034 0
1731975743461 1.2841124534606934 0
1731975758264 1.2401453256607056 0
1731975773156 1.203159213066101 0
1731975787942 1.2477490901947021 0
1731975802825 1.2778961658477783 0
1731975817625 1.1996896266937256 0
1731975832502 1.2435338497161865 0
1731975847305 1.3188562393188477 0
1731975862657 1.207257866859436 0
1731975877459 1.2779287099838257 0
1731975892343 1.2173490524291992 0
1731975907129 1.2801451683044434 0
1731975922015 1.2812734842300415 0
1731975936796 1.2805129289627075 0
1731975951667 1.2720160484313965 0
1731975966444 1.2228107452392578 0
1731975981311 1.223341464996338 0
1731975996089 1.312314510345459 0
1731976010981 1.2539774179458618 0
1731976025770 1.2963789701461792 0
1731976040651 1.291406512260437 0
1731976055442 1.2762513160705566 0
1731976070315 1.236255168914795 0
1731976085774 1.2087969779968262 0
1731976100643 1.3062105178833008 0
1731976115431 1.182241439819336 0
1731976130302 1.3224784135818481 0
1731976145070 1.2872257232666016 0
1731976159947 1.241283893585205 0
1731976174722 1.2453789710998535 0
1731976189602 1.220043420791626 0
1731976204382 1.2234325408935547 0
1731976219265 1.2413055896759033 0
1731976234043 1.2677274942398071 0
1731976248907 1.2169150114059448 0
1731976263677 1.2018777132034302 0
1731976278554 1.1789515018463135 0
1731976293342 1.2391504049301147 0
1731976309162 1.2189549207687378 0
1731976323946 1.2078511714935303 0
1731976338823 1.2283146381378174 0
1731976353594 1.2832379341125488 0
1731976368464 1.2603256702423096 0
1731976383260 1.2186139822006226 0
1731976398119 1.269255518913269 0
1731976412906 1.2557318210601807 0
1731976427763 1.2141541242599487 0
1731976442527 1.2513046264648438 0
1731976457402 1.2309421300888062 0
1731976472169 1.2274487018585205 0
1731976487031 1.1961208581924438 0
1731976501799 1.2540960311889648 0
1731976516659 1.2818348407745361 0
1731976532020 1.2403388023376465 0
1731976546878 1.2389938831329346 0
1731976561644 1.2662721872329712 0
1731976576505 1.26528000831604 0
1731976591266 1.2609988451004028 0
1731976606130 1.2084996700286865 0
1731976620894 1.2378008365631104 0
1731976635759 1.237365484237671 0
1731976650516 1.2377032041549683 0
1731976665384 1.2452654838562012 0
1731976680145 1.254287600517273 0
1731976694993 1.272463083267212 0
1731976709743 1.2796567678451538 0
1731976724598 1.2421364784240723 0
1731976739358 1.2341288328170776 0
