1731973287359 0.019918199628591537 0
1731973328764 0.017766043543815613 0
1731973348210 0.01568838395178318 0
1731973367676 0.014946043491363525 0
1731973387044 0.0148030249401927 0
1731973406483 0.014317210763692856 0
1731973425812 0.014524069614708424 0
1731973445248 0.014188871718943119 0
1731973464566 0.014115658588707447 0
1731973484008 0.014512171968817711 0
1731973503328 0.014735057018697262 0
1731973522747 0.014867516234517097 0
1731973542077 0.014776511117815971 0
1731973561469 0.015147184021770954 0
1731973624432 0.015162465162575245 0
1731973641629 0.015181592665612698 0
1731973658816 0.01537522953003645 0
1731973675968 0.015286164358258247 0
1731973693127 0.01509996596723795 0
1731973710260 0.015313212759792805 0
1731973727396 0.015511538833379745 0
1731973744525 0.015256301499903202 0
1731973760865 0.01531895063817501 0
1731973776827 0.01543484441936016 0
1731973792887 0.015622653998434544 0
1731973808948 0.015209972858428955 0
1731973825023 0.01568523794412613 0
1731973840975 0.015875613316893578 0
1731973857010 0.01585882157087326 0
1731973873568 0.01567363180220127 0
1731973888942 0.015891289338469505 0
1731973904311 0.015760300680994987 0
1731973919687 0.015874827280640602 0
1731973935047 0.016164103522896767 0
1731973950414 0.01572338305413723 0
1731973965770 0.015745962038636208 0
1731973981121 0.01596773974597454 0
1731973996095 0.015807555988430977 0
1731974011048 0.015580018982291222 0
1731974025906 0.01611311547458172 0
1731974040881 0.015792103484272957 0
1731974055764 0.016019083559513092 0
1731974070751 0.016151338815689087 0
1731974085622 0.01596171222627163 0
1731974101097 0.016019055619835854 0
1731974115980 0.01609114557504654 0
1731974130948 0.016224749386310577 0
1731974145842 0.016244497150182724 0
1731974160815 0.016502756625413895 0
1731974175692 0.01628638058900833 0
1731974190649 0.01629876345396042 0
1731974205502 0.016355276107788086 0
1731974220476 0.01644028350710869 0
1731974235334 0.016141224652528763 0
1731974250314 0.016341641545295715 0
1731974265167 0.016630057245492935 0
1731974280128 0.01644732989370823 0
1731974295006 0.016491323709487915 0
1731974309972 0.01620769314467907 0
1731974325408 0.016419783234596252 0
1731974340368 0.016544098034501076 0
1731974355241 0.016013571992516518 0
1731974370204 0.016345862299203873 0
1731974385076 0.01642495021224022 0
1731974400032 0.01655980758368969 0
1731974414941 0.016463937237858772 0
1731974429963 0.01651906780898571 0
1731974444848 0.01649504341185093 0
1731974459798 0.01647728681564331 0
1731974474652 0.016531391069293022 0
1731974489607 0.016194375231862068 0
1731974504460 0.016778571531176567 0
1731974519414 0.016688859090209007 0
1731974534270 0.01659567281603813 0
1731974549809 0.016533266752958298 0
1731974564661 0.016378115862607956 0
1731974579611 0.016585512086749077 0
1731974594463 0.01647826097905636 0
1731974609419 0.016566114500164986 0
1731974624291 0.016720568761229515 0
1731974639232 0.016637681052088737 0
1731974654091 0.01668204739689827 0
1731974669050 0.01657439023256302 0
1731974683914 0.016787147149443626 0
1731974698870 0.016580436378717422 0
1731974713735 0.016659215092658997 0
1731974728675 0.016668327152729034 0
1731974743534 0.01679791323840618 0
1731974759100 0.016807960346341133 0
1731974773959 0.01686103269457817 0
1731974788909 0.01681039296090603 0
1731974803773 0.016956688836216927 0
1731974818722 0.016858000308275223 0
1731974833571 0.016840139403939247 0
1731974848515 0.016900183632969856 0
1731974863363 0.016735864803195 0
1731974878323 0.01674100197851658 0
1731974893175 0.016914095729589462 0
1731974908115 0.016870344057679176 0
1731974922969 0.016740847378969193 0
1731974937915 0.01696571335196495 0
1731974952767 0.017034059390425682 0
1731974967722 0.016803957521915436 0
1731974983269 0.01695917174220085 0
1731974998211 0.016973797231912613 0
1731975013063 0.017001338303089142 0
1731975028009 0.016739659011363983 0
1731975042855 0.016759373247623444 0
1731975057787 0.016880502924323082 0
1731975072642 0.01703282818198204 0
1731975087583 0.017012618482112885 0
1731975102439 0.017038017511367798 0
1731975117365 0.016902923583984375 0
1731975132224 0.01707097515463829 0
1731975147152 0.01702408865094185 0
1731975162000 0.017044493928551674 0
1731975176943 0.016993362456560135 0
1731975191778 0.016957096755504608 0
1731975207185 0.01700729690492153 0
1731975222033 0.017059732228517532 0
1731975236963 0.016919828951358795 0
1731975251811 0.017098145559430122 0
1731975266752 0.01694219373166561 0
1731975281606 0.017054129391908646 0
1731975296536 0.017105326056480408 0
1731975311378 0.01697188802063465 0
1731975326297 0.017052752897143364 0
1731975341135 0.01713728718459606 0
1731975356058 0.017002135515213013 0
1731975370895 0.01708807796239853 0
1731975385805 0.017069725319743156 0
1731975400629 0.01702975295484066 0
1731975415548 0.01709519512951374 0
1731975431084 0.016973890364170074 0
1731975446004 0.016985079273581505 0
1731975460825 0.017192166298627853 0
1731975475725 0.01703396998345852 0
1731975490541 0.016875077039003372 0
1731975505450 0.016983862966299057 0
1731975520264 0.016981955617666245 0
1731975535161 0.017077282071113586 0
1731975549976 0.01711484231054783 0
1731975564881 0.01705361157655716 0
1731975579678 0.01703844778239727 0
1731975594573 0.01699528656899929 0
1731975609388 0.01718154549598694 0
1731975624290 0.017070738598704338 0
1731975639099 0.017042838037014008 0
1731975654348 0.01720903441309929 0
1731975669160 0.01707116886973381 0
1731975684057 0.01704530045390129 0
1731975698868 0.01700201816856861 0
1731975713771 0.017107626423239708 0
1731975728560 0.017061209306120872 0
1731975743461 0.017047187313437462 0
1731975758264 0.01722206175327301 0
1731975773156 0.017209907993674278 0
1731975787942 0.01709834113717079 0
1731975802825 0.01727837510406971 0
1731975817625 0.01701776683330536 0
1731975832502 0.017025066539645195 0
1731975847305 0.017174243927001953 0
1731975862657 0.017232831567525864 0
1731975877459 0.017205780372023582 0
1731975892343 0.01719832420349121 0
1731975907129 0.0171400997787714 0
1731975922015 0.017180977389216423 0
1731975936796 0.017030291259288788 0
1731975951667 0.017182741314172745 0
1731975966444 0.017078464850783348 0
1731975981311 0.01718871109187603 0
1731975996089 0.017192019149661064 0
1731976010981 0.01723850890994072 0
1731976025770 0.017116472125053406 0
1731976040651 0.017119398340582848 0
1731976055442 0.017179274931550026 0
1731976070315 0.01723378896713257 0
1731976085774 0.017182134091854095 0
1731976100643 0.017071260139346123 0
1731976115431 0.017115667462348938 0
1731976130302 0.017146432772278786 0
1731976145070 0.017254315316677094 0
1731976159947 0.017137715592980385 0
1731976174722 0.017211727797985077 0
1731976189602 0.017143497243523598 0
1731976204382 0.017249509692192078 0
1731976219265 0.017148714512586594 0
1731976234043 0.017297595739364624 0
1731976248907 0.017262866720557213 0
1731976263677 0.017215348780155182 0
1731976278554 0.017176322638988495 0
1731976293342 0.017175650224089622 0
1731976309162 0.017102748155593872 0
1731976323946 0.017145125195384026 0
1731976338823 0.01709890365600586 0
1731976353594 0.017158200964331627 0
1731976368464 0.017097394913434982 0
1731976383260 0.0172662902623415 0
1731976398119 0.017269156873226166 0
1731976412906 0.01728963851928711 0
1731976427763 0.017299771308898926 0
1731976442527 0.017231645062565804 0
1731976457402 0.01734190620481968 0
1731976472169 0.01738050766289234 0
1731976487031 0.017335548996925354 0
1731976501799 0.017194019630551338 0
1731976516659 0.017224028706550598 0
1731976532020 0.017262376844882965 0
1731976546878 0.017315927892923355 0
1731976561644 0.017150655388832092 0
1731976576505 0.017254522070288658 0
1731976591266 0.0173108521848917 0
1731976606130 0.01725960522890091 0
1731976620894 0.01722499169409275 0
1731976635759 0.01720406860113144 0
1731976650516 0.017216496169567108 0
1731976665384 0.017283417284488678 0
1731976680145 0.017194723710417747 0
1731976694993 0.017180971801280975 0
1731976709743 0.017241649329662323 0
1731976724598 0.017314689233899117 0
1731976739358 0.017270775511860847 0
