1731973287359 0.06531932204961777 0
1731973328764 0.06486207991838455 0
1731973348210 0.06368811428546906 0
1731973367676 0.06066657975316048 0
1731973387044 0.06076813489198685 0
1731973406483 0.06004954129457474 0
1731973425812 0.06150896102190018 0
1731973445248 0.06045940890908241 0
1731973464566 0.05873497948050499 0
1731973484008 0.060844894498586655 0
1731973503328 0.05987827852368355 0
1731973522747 0.058801744133234024 0
1731973542077 0.05742276832461357 0
1731973561469 0.05764268711209297 0
1731973624432 0.058687783777713776 0
1731973641629 0.0578029602766037 0
1731973658816 0.05825149267911911 0
1731973675968 0.05771235376596451 0
1731973693127 0.05789145827293396 0
1731973710260 0.0567408911883831 0
1731973727396 0.0577441044151783 0
1731973744525 0.056809328496456146 0
1731973760865 0.05544604733586311 0
1731973776827 0.056558672338724136 0
1731973792887 0.05652371048927307 0
1731973808948 0.05697377398610115 0
1731973825023 0.05596662312746048 0
1731973840975 0.057516925036907196 0
1731973857010 0.057218022644519806 0
1731973873568 0.0557488389313221 0
1731973888942 0.056377436965703964 0
1731973904311 0.05646248161792755 0
1731973919687 0.05426663160324097 0
1731973935047 0.05691864341497421 0
1731973950414 0.05484557896852493 0
1731973965770 0.055811893194913864 0
1731973981121 0.05621430277824402 0
1731973996095 0.05443299561738968 0
1731974011048 0.05481703206896782 0
1731974025906 0.054844338446855545 0
1731974040881 0.0542432926595211 0
1731974055764 0.05525505542755127 0
1731974070751 0.05575118586421013 0
1731974085622 0.05463259667158127 0
1731974101097 0.05491939187049866 0
1731974115980 0.05606779828667641 0
1731974130948 0.05491097643971443 0
1731974145842 0.055105991661548615 0
1731974160815 0.05478304624557495 0
1731974175692 0.055083148181438446 0
1731974190649 0.05493564158678055 0
1731974205502 0.054952748119831085 0
1731974220476 0.054875195026397705 0
1731974235334 0.05485905706882477 0
1731974250314 0.05420982092618942 0
1731974265167 0.05440414696931839 0
1731974280128 0.05483456328511238 0
1731974295006 0.05382172763347626 0
1731974309972 0.05431037396192551 0
1731974325408 0.053974807262420654 0
1731974340368 0.054465558379888535 0
1731974355241 0.052905865013599396 0
1731974370204 0.05385740101337433 0
1731974385076 0.05510741099715233 0
1731974400032 0.0545257143676281 0
1731974414941 0.05419027805328369 0
1731974429963 0.054458290338516235 0
1731974444848 0.05410613492131233 0
1731974459798 0.05451256409287453 0
1731974474652 0.05395840108394623 0
1731974489607 0.054575495421886444 0
1731974504460 0.05463360995054245 0
1731974519414 0.05472537875175476 0
1731974534270 0.054953571408987045 0
1731974549809 0.054149266332387924 0
1731974564661 0.054400376975536346 0
1731974579611 0.05385803058743477 0
1731974594463 0.05349642410874367 0
1731974609419 0.05343862250447273 0
1731974624291 0.05272037908434868 0
1731974639232 0.053101710975170135 0
1731974654091 0.05584166198968887 0
1731974669050 0.05404914915561676 0
1731974683914 0.053632933646440506 0
1731974698870 0.053407326340675354 0
1731974713735 0.053631726652383804 0
1731974728675 0.05353394150733948 0
1731974743534 0.05335414409637451 0
1731974759100 0.05387703701853752 0
1731974773959 0.05437988042831421 0
1731974788909 0.054644934833049774 0
1731974803773 0.05392767861485481 0
1731974818722 0.053401973098516464 0
1731974833571 0.054074399173259735 0
1731974848515 0.05308325216174126 0
1731974863363 0.05311217159032822 0
1731974878323 0.05386047065258026 0
1731974893175 0.053760774433612823 0
1731974908115 0.054423969238996506 0
1731974922969 0.05265490710735321 0
1731974937915 0.05405900999903679 0
1731974952767 0.05390482023358345 0
1731974967722 0.0527871698141098 0
1731974983269 0.053995922207832336 0
1731974998211 0.053781840950250626 0
1731975013063 0.05478158965706825 0
1731975028009 0.05361863225698471 0
1731975042855 0.05451035127043724 0
1731975057787 0.05272490158677101 0
1731975072642 0.052987899631261826 0
1731975087583 0.05292537808418274 0
1731975102439 0.05358574166893959 0
1731975117365 0.05353526398539543 0
1731975132224 0.05376413092017174 0
1731975147152 0.053067564964294434 0
1731975162000 0.05323389172554016 0
1731975176943 0.05341483652591705 0
1731975191778 0.052609723061323166 0
1731975207185 0.05352991446852684 0
1731975222033 0.05308390036225319 0
1731975236963 0.053666263818740845 0
1731975251811 0.053838711231946945 0
1731975266752 0.05345921218395233 0
1731975281606 0.0531972236931324 0
1731975296536 0.053065892308950424 0
1731975311378 0.0538000725209713 0
1731975326297 0.05284266173839569 0
1731975341135 0.05305187776684761 0
1731975356058 0.05347604677081108 0
1731975370895 0.05290377140045166 0
1731975385805 0.05298700928688049 0
1731975400629 0.054036565124988556 0
1731975415548 0.0534781850874424 0
1731975431084 0.05335109680891037 0
1731975446004 0.05355430021882057 0
1731975460825 0.05319730192422867 0
1731975475725 0.0536947064101696 0
1731975490541 0.05406279116868973 0
1731975505450 0.054120078682899475 0
1731975520264 0.05354848876595497 0
1731975535161 0.053996119648218155 0
1731975549976 0.05316166952252388 0
1731975564881 0.052421022206544876 0
1731975579678 0.05335468426346779 0
1731975594573 0.053232431411743164 0
1731975609388 0.05311817675828934 0
1731975624290 0.0536111518740654 0
1731975639099 0.053324807435274124 0
1731975654348 0.05388534814119339 0
1731975669160 0.05346651375293732 0
1731975684057 0.05388963222503662 0
1731975698868 0.053243763744831085 0
1731975713771 0.0535927452147007 0
1731975728560 0.053102392703294754 0
1731975743461 0.05323183909058571 0
1731975758264 0.05323217809200287 0
1731975773156 0.053490690886974335 0
1731975787942 0.05284600704908371 0
1731975802825 0.05378429964184761 0
1731975817625 0.05350789055228233 0
1731975832502 0.05326908081769943 0
1731975847305 0.05331433191895485 0
1731975862657 0.053208302706480026 0
1731975877459 0.05320311710238457 0
1731975892343 0.05326196178793907 0
1731975907129 0.05320071801543236 0
1731975922015 0.05390925705432892 0
1731975936796 0.05330808088183403 0
1731975951667 0.052976079285144806 0
1731975966444 0.053267303854227066 0
1731975981311 0.052869200706481934 0
1731975996089 0.05329502746462822 0
1731976010981 0.05316726118326187 0
1731976025770 0.05320482701063156 0
1731976040651 0.05334404110908508 0
1731976055442 0.05334342643618584 0
1731976070315 0.05301063507795334 0
1731976085774 0.05372430756688118 0
1731976100643 0.05315384641289711 0
1731976115431 0.05327596142888069 0
1731976130302 0.05320011079311371 0
1731976145070 0.052631717175245285 0
1731976159947 0.052690137177705765 0
1731976174722 0.05321722477674484 0
1731976189602 0.05277556926012039 0
1731976204382 0.05301230400800705 0
1731976219265 0.053101494908332825 0
1731976234043 0.052683405578136444 0
1731976248907 0.05299532413482666 0
1731976263677 0.05316891148686409 0
1731976278554 0.05319242924451828 0
1731976293342 0.053045596927404404 0
1731976309162 0.0533776581287384 0
1731976323946 0.05306047946214676 0
1731976338823 0.05325746536254883 0
1731976353594 0.05288120359182358 0
1731976368464 0.052894532680511475 0
1731976383260 0.053050506860017776 0
1731976398119 0.0530710332095623 0
1731976412906 0.053275737911462784 0
1731976427763 0.052879683673381805 0
1731976442527 0.05328036844730377 0
1731976457402 0.05300820618867874 0
1731976472169 0.05309613049030304 0
1731976487031 0.05347740277647972 0
1731976501799 0.05305380001664162 0
1731976516659 0.052423909306526184 0
1731976532020 0.05333876237273216 0
1731976546878 0.05298031121492386 0
1731976561644 0.05290122330188751 0
1731976576505 0.05322615057229996 0
1731976591266 0.0532696358859539 0
1731976606130 0.05318646878004074 0
1731976620894 0.05284951254725456 0
1731976635759 0.05323931202292442 0
1731976650516 0.053119782358407974 0
1731976665384 0.05272297561168671 0
1731976680145 0.05351877212524414 0
1731976694993 0.05299524962902069 0
1731976709743 0.053236138075590134 0
1731976724598 0.05328567698597908 0
1731976739358 0.053114887326955795 0
