1731973296273 0.0006329579628072679 0
1731973328766 0.0004913433222100139 0
1731973348213 0.00038931454764679074 0
1731973367679 0.0003321186522953212 0
1731973387046 0.00029600353445857763 0
1731973406485 0.00027008005417883396 0
1731973425814 0.00025324089801870286 0
1731973445250 0.00023966818116605282 0
1731973464569 0.00023368591791950166 0
1731973484011 0.00021212252613622695 0
1731973503330 0.00021113608090672642 0
1731973522750 0.00020564623991958797 0
1731973542080 0.00020484310516621917 0
1731973561471 0.00019979086937382817 0
1731973624435 0.00019410482491366565 0
1731973641631 0.00019257662643212825 0
1731973658818 0.00018059503054246306 0
1731973675970 0.0001826569641707465 0
1731973693129 0.00018204699154011905 0
1731973710263 0.00017456866044085473 0
1731973727398 0.00016791789676062763 0
1731973744527 0.0001677742402534932 0
1731973760867 0.00016563592362217605 0
1731973776830 0.00017088878666982055 0
1731973792889 0.00016528299602214247 0
1731973808950 0.00016499898629263043 0
1731973825025 0.00016592777683399618 0
1731973840978 0.00015887102927081287 0
1731973857012 0.00015739662921987474 0
1731973873571 0.00015811446064617485 0
1731973888945 0.00016454448632430285 0
1731973904314 0.0001598620874574408 0
1731973919689 0.0001536183408461511 0
1731973935049 0.0001564892882015556 0
1731973950416 0.00015623611398041248 0
1731973965773 0.00015181447088252753 0
1731973981123 0.00015004751912783831 0
1731973996097 0.00015364268620032817 0
1731974011051 0.0001483740925323218 0
1731974025909 0.00014670942618977278 0
1731974040883 0.0001508091518189758 0
1731974055767 0.00014844034740235656 0
1731974070753 0.00014685590576846153 0
1731974085625 0.0001441475033061579 0
1731974101100 0.00014012635801918805 0
1731974115982 0.00014717051817569882 0
1731974130950 0.0001459023478673771 0
1731974145844 0.0001414499565726146 0
1731974160818 0.00014070718316361308 0
1731974175694 0.0001413170393789187 0
1731974190651 0.00014789035776630044 0
1731974205504 0.00014072174963075668 0
1731974220480 0.00014273912529461086 0
1731974235336 0.00013541070802602917 0
1731974250316 0.00013712773215956986 0
1731974265169 0.00013691664207726717 0
1731974280131 0.00013699526607524604 0
1731974295008 0.00013699209375772625 0
1731974309975 0.00013642599515151232 0
1731974325410 0.00013631292677018791 0
1731974340371 0.00013338043936528265 0
1731974355243 0.00013373418187256902 0
1731974370206 0.00013359934382606298 0
1731974385078 0.00013056730676908046 0
1731974400035 0.0001339652662863955 0
1731974414944 0.00013133863103576005 0
1731974429965 0.00013264553854241967 0
1731974444850 0.00013077871699351817 0
1731974459800 0.00012837557005696 0
1731974474655 0.00012935063568875194 0
1731974489610 0.00013414269778877497 0
1731974504463 0.00012803520075976849 0
1731974519417 0.00012492577661760151 0
1731974534272 0.00012634640734177083 0
1731974549812 0.00012754306953866035 0
1731974564664 0.0001234501542057842 0
1731974579613 0.00012176445306977257 0
1731974594466 0.00012368061288725585 0
1731974609421 0.00011893176997546107 0
1731974624293 0.00012090850214008242 0
1731974639234 0.00012727580906357616 0
1731974654094 0.00012370584590826184 0
1731974669053 0.00012032360245939344 0
1731974683917 0.00011911310866707936 0
1731974698872 0.00011881152022397146 0
1731974713737 0.00011695511057041585 0
1731974728678 0.00011397514754207805 0
1731974743536 0.00011382562661310658 0
1731974759102 0.00011988529877271503 0
1731974773961 0.00011609341891016811 0
1731974788911 0.00011727363016689196 0
1731974803775 0.00011324948718538508 0
1731974818724 0.00011387417180230841 0
1731974833573 0.00011552632349776104 0
1731974848517 0.00011438251385698095 0
1731974863365 0.00011374199675628915 0
1731974878325 0.00011242109758313745 0
1731974893178 0.00011035612260457128 0
1731974908118 0.00011237961734877899 0
1731974922972 0.00010986563574988395 0
1731974937917 0.00011029938468709588 0
1731974952769 0.00010894932347582653 0
1731974967725 0.00010871746053453535 0
1731974983272 0.00010798315634019673 0
1731974998214 0.00010892595309996977 0
1731975013065 0.00010447943350300193 0
1731975028011 0.0001085127514670603 0
1731975042858 0.00010726376058300957 0
1731975057790 0.000103236292488873 0
1731975072645 0.00010527057020226493 0
1731975087586 0.00010614112397888675 0
1731975102441 0.00010397472215117887 0
1731975117368 0.0001032675281749107 0
1731975132226 0.00010223579010926187 0
1731975147155 0.00010194607602898031 0
1731975162002 0.00010319423017790541 0
1731975176946 0.00010210426989942789 0
1731975191780 0.00010103068052558228 0
1731975207187 0.00010449259571032599 0
1731975222036 0.0001014110166579485 0
1731975236966 0.00010211824701400474 0
1731975251814 0.0001011524727800861 0
1731975266754 9.83763238764368e-05 0
1731975281608 0.00010020139598054811 0
1731975296538 9.69578541116789e-05 0
1731975311381 0.00010176477371715009 0
1731975326299 0.00010207453306065872 0
1731975341138 0.00010336631385143846 0
1731975356060 0.00010125783592229709 0
1731975370897 9.995040454668924e-05 0
1731975385807 9.640467760618776e-05 0
1731975400632 9.944507473846897e-05 0
1731975415550 9.474954276811332e-05 0
1731975431087 9.61500481935218e-05 0
1731975446006 9.681384835857898e-05 0
1731975460827 9.884702012641355e-05 0
1731975475727 9.625819802749902e-05 0
1731975490544 9.566771041136235e-05 0
1731975505452 9.21759128686972e-05 0
1731975520267 9.593518188921735e-05 0
1731975535163 9.731160389492288e-05 0
1731975549978 9.689367288956419e-05 0
1731975564883 9.23333500395529e-05 0
1731975579680 9.451674850424752e-05 0
1731975594576 9.459227294428274e-05 0
1731975609390 9.456597763346508e-05 0
1731975624292 9.54435599851422e-05 0
1731975639102 9.337963274447247e-05 0
1731975654350 9.446617332287133e-05 0
1731975669162 9.26045177038759e-05 0
1731975684060 8.912239718483761e-05 0
1731975698870 9.412685903953388e-05 0
1731975713773 9.484802285442129e-05 0
1731975728563 9.1657078883145e-05 0
1731975743463 9.626919927541167e-05 0
1731975758266 9.382423013448715e-05 0
1731975773158 9.052466339198872e-05 0
1731975787944 9.38426164793782e-05 0
1731975802827 9.060746378963813e-05 0
1731975817627 9.298012446379289e-05 0
1731975832504 9.239088831236586e-05 0
1731975847308 9.074567060451955e-05 0
1731975862660 9.066953498404473e-05 0
1731975877462 9.179726475849748e-05 0
1731975892345 9.02206520549953e-05 0
1731975907131 8.788621926214546e-05 0
1731975922017 9.029248030856252e-05 0
1731975936799 8.862162940204144e-05 0
1731975951670 8.939692634157836e-05 0
1731975966446 8.961369167082012e-05 0
1731975981314 9.13537442102097e-05 0
1731975996092 8.886693831300363e-05 0
1731976010983 9.143933857558295e-05 0
1731976025772 9.231061994796619e-05 0
1731976040654 9.022528683999553e-05 0
1731976055445 8.836013148538768e-05 0
1731976070317 8.837045606924221e-05 0
1731976085776 9.075002890313044e-05 0
1731976100659 8.987399633042514e-05 0
1731976115434 8.906316361390054e-05 0
1731976130304 8.707441156730056e-05 0
1731976145072 8.866438292898238e-05 0
1731976159949 8.830878505250439e-05 0
1731976174725 8.559109846828505e-05 0
1731976189605 8.631567470729351e-05 0
1731976204385 8.67648923303932e-05 0
1731976219267 8.68361457833089e-05 0
1731976234046 8.744892693357542e-05 0
1731976248909 8.722626080270857e-05 0
1731976263680 8.659725426696241e-05 0
1731976278557 8.841706585371867e-05 0
1731976293344 8.712166891200468e-05 0
1731976309164 8.653935947222635e-05 0
1731976323948 8.681231702212244e-05 0
1731976338826 8.628868090454489e-05 0
1731976353596 8.739846089156345e-05 0
1731976368466 8.267052908195183e-05 0
1731976383262 8.805149991530925e-05 0
1731976398121 8.7370426626876e-05 0
1731976412908 8.640596934128553e-05 0
1731976427765 8.572309889132157e-05 0
1731976442529 8.727525710128248e-05 0
1731976457405 8.549710037186742e-05 0
1731976472171 8.502393757225946e-05 0
1731976487033 8.630786760477349e-05 0
1731976501801 8.615957631263882e-05 0
1731976516662 8.810170402284712e-05 0
1731976532022 8.526672900188714e-05 0
1731976546880 8.423242979915813e-05 0
1731976561647 8.658603474032134e-05 0
1731976576508 8.54763129609637e-05 0
1731976591269 8.537290705135092e-05 0
1731976606132 8.632939716335386e-05 0
1731976620897 8.467391307931393e-05 0
1731976635761 8.371494186576456e-05 0
1731976650519 8.399743092013523e-05 0
1731976665386 8.096676174318418e-05 0
1731976680147 8.405325206695125e-05 0
1731976694995 8.25192837510258e-05 0
1731976709745 8.417050412390381e-05 0
1731976724600 8.382702071685344e-05 0
1731976739360 8.400078513659537e-05 0
