1731973287359 0.316478967666626 0
1731973328764 0.24567165970802307 0
1731973348210 0.19465726613998413 0
1731973367676 0.16605931520462036 0
1731973387044 0.1480017602443695 0
1731973406483 0.1350400149822235 0
1731973425812 0.12662044167518616 0
1731973445248 0.11983408778905869 0
1731973464566 0.11684295535087585 0
1731973484008 0.10606125742197037 0
1731973503328 0.1055680364370346 0
1731973522747 0.10282311588525772 0
1731973542077 0.10242154449224472 0
1731973561469 0.0998954325914383 0
1731973624432 0.09705241024494171 0
1731973641629 0.09628830850124359 0
1731973658816 0.09029751271009445 0
1731973675968 0.09132847934961319 0
1731973693127 0.09102348983287811 0
1731973710260 0.08728432655334473 0
1731973727396 0.0839589461684227 0
1731973744525 0.08388711512088776 0
1731973760865 0.08281795680522919 0
1731973776827 0.0854443907737732 0
1731973792887 0.08264149725437164 0
1731973808948 0.08249948918819427 0
1731973825023 0.08296388387680054 0
1731973840975 0.07943551242351532 0
1731973857010 0.0786983072757721 0
1731973873568 0.0790572240948677 0
1731973888942 0.0822722390294075 0
1731973904311 0.07993104308843613 0
1731973919687 0.07680916786193848 0
1731973935047 0.0782446414232254 0
1731973950414 0.07811805605888367 0
1731973965770 0.07590723037719727 0
1731973981121 0.07502375543117523 0
1731973996095 0.07682134211063385 0
1731974011048 0.07418704032897949 0
1731974025906 0.07335470616817474 0
1731974040881 0.0754045695066452 0
1731974055764 0.07422017306089401 0
1731974070751 0.0734279528260231 0
1731974085622 0.07207375019788742 0
1731974101097 0.07006317377090454 0
1731974115980 0.07358525693416595 0
1731974130948 0.07295116782188416 0
1731974145842 0.0707249715924263 0
1731974160815 0.07035358995199203 0
1731974175692 0.07065851986408234 0
1731974190649 0.07394517213106155 0
1731974205502 0.07036086916923523 0
1731974220476 0.07136955857276917 0
1731974235334 0.06770534813404083 0
1731974250314 0.06856386363506317 0
1731974265167 0.06845831871032715 0
1731974280128 0.06849762797355652 0
1731974295006 0.06849604099988937 0
1731974309972 0.06821299344301224 0
1731974325408 0.06815645843744278 0
1731974340368 0.06669021397829056 0
1731974355241 0.06686709076166153 0
1731974370204 0.06679967045783997 0
1731974385076 0.0652836486697197 0
1731974400032 0.06698262691497803 0
1731974414941 0.06566931307315826 0
1731974429963 0.06632276624441147 0
1731974444848 0.06538935750722885 0
1731974459798 0.06418778002262115 0
1731974474652 0.06467531621456146 0
1731974489607 0.0670713484287262 0
1731974504460 0.06401759386062622 0
1731974519414 0.062462884932756424 0
1731974534270 0.06317319720983505 0
1731974549809 0.06377153098583221 0
1731974564661 0.06172507628798485 0
1731974579611 0.06088222190737724 0
1731974594463 0.06184030696749687 0
1731974609419 0.05946588143706322 0
1731974624291 0.06045424938201904 0
1731974639232 0.06363790482282639 0
1731974654091 0.061852917075157166 0
1731974669050 0.06016179919242859 0
1731974683914 0.05955655127763748 0
1731974698870 0.05940575897693634 0
1731974713735 0.058477550745010376 0
1731974728675 0.05698757246136665 0
1731974743534 0.05691280961036682 0
1731974759100 0.05994264781475067 0
1731974773959 0.05804670602083206 0
1731974788909 0.05863681063055992 0
1731974803773 0.05662474036216736 0
1731974818722 0.0569370836019516 0
1731974833571 0.05776315927505493 0
1731974848515 0.05719125270843506 0
1731974863363 0.056870996952056885 0
1731974878323 0.05621054768562317 0
1731974893175 0.05517805740237236 0
1731974908115 0.05618980526924133 0
1731974922969 0.054932814091444016 0
1731974937915 0.05514968931674957 0
1731974952767 0.05447465926408768 0
1731974967722 0.05435872822999954 0
1731974983269 0.05399157479405403 0
1731974998211 0.0544629730284214 0
1731975013063 0.05223971605300903 0
1731975028009 0.054256372153759 0
1731975042855 0.05363187938928604 0
1731975057787 0.051618143916130066 0
1731975072642 0.05263528227806091 0
1731975087583 0.0530705600976944 0
1731975102439 0.051987357437610626 0
1731975117365 0.05163376033306122 0
1731975132224 0.05111789330840111 0
1731975147152 0.050973035395145416 0
1731975162000 0.05159711092710495 0
1731975176943 0.05105213075876236 0
1731975191778 0.05051533877849579 0
1731975207185 0.05224629491567612 0
1731975222033 0.05070550739765167 0
1731975236963 0.051059119403362274 0
1731975251811 0.05057623237371445 0
1731975266752 0.04918815940618515 0
1731975281606 0.050100695341825485 0
1731975296536 0.04847892373800278 0
1731975311378 0.050882384181022644 0
1731975326297 0.0510372631251812 0
1731975341135 0.051683153957128525 0
1731975356058 0.050628915429115295 0
1731975370895 0.0499752014875412 0
1731975385805 0.048202335834503174 0
1731975400629 0.04972253367304802 0
1731975415548 0.04737477004528046 0
1731975431084 0.04807502031326294 0
1731975446004 0.048406921327114105 0
1731975460825 0.04942350834608078 0
1731975475725 0.04812909662723541 0
1731975490541 0.04783385246992111 0
1731975505450 0.04608795419335365 0
1731975520264 0.047967590391635895 0
1731975535161 0.04865580052137375 0
1731975549976 0.048446834087371826 0
1731975564881 0.04616667330265045 0
1731975579678 0.047258373349905014 0
1731975594573 0.047296132892370224 0
1731975609388 0.04728298634290695 0
1731975624290 0.047721777111291885 0
1731975639099 0.04668981581926346 0
1731975654348 0.047233086079359055 0
1731975669160 0.04630225524306297 0
1731975684057 0.044561196118593216 0
1731975698868 0.0470634289085865 0
1731975713771 0.047424010932445526 0
1731975728560 0.04582853615283966 0
1731975743461 0.04813459888100624 0
1731975758264 0.04691211134195328 0
1731975773156 0.045262329280376434 0
1731975787942 0.04692130535840988 0
1731975802825 0.04530372843146324 0
1731975817625 0.046490058302879333 0
1731975832502 0.04619544371962547 0
1731975847305 0.04537283256649971 0
1731975862657 0.04533476382493973 0
1731975877459 0.04589863121509552 0
1731975892343 0.045110322535037994 0
1731975907129 0.04394310712814331 0
1731975922015 0.045146238058805466 0
1731975936796 0.044310811907052994 0
1731975951667 0.04469846189022064 0
1731975966444 0.04480684548616409 0
1731975981311 0.04567686840891838 0
1731975996089 0.04443346709012985 0
1731976010981 0.04571966826915741 0
1731976025770 0.046155307441949844 0
1731976040651 0.04511263966560364 0
1731976055442 0.044180065393447876 0
1731976070315 0.044185224920511246 0
1731976085774 0.04537501186132431 0
1731976100643 0.04493699595332146 0
1731976115431 0.044531580060720444 0
1731976130302 0.0435372032225132 0
1731976145070 0.04433218762278557 0
1731976159947 0.044154390692710876 0
1731976174722 0.04279554635286331 0
1731976189602 0.04315783455967903 0
1731976204382 0.043382443487644196 0
1731976219265 0.043418072164058685 0
1731976234043 0.043724462389945984 0
1731976248907 0.04361312836408615 0
1731976263677 0.0432986244559288 0
1731976278554 0.04420853033661842 0
1731976293342 0.04356083273887634 0
1731976309162 0.04326967895030975 0
1731976323946 0.043406154960393906 0
1731976338823 0.043144337832927704 0
1731976353594 0.0436992272734642 0
1731976368464 0.04133526235818863 0
1731976383260 0.04402574896812439 0
1731976398119 0.04368521273136139 0
1731976412906 0.04320298135280609 0
1731976427763 0.04286154732108116 0
1731976442527 0.04363762587308884 0
1731976457402 0.042748548090457916 0
1731976472169 0.042511966079473495 0
1731976487031 0.04315393045544624 0
1731976501799 0.043079786002635956 0
1731976516659 0.044050849974155426 0
1731976532020 0.042633362114429474 0
1731976546878 0.04211621358990669 0
1731976561644 0.04329301416873932 0
1731976576505 0.04273815453052521 0
1731976591266 0.042686451226472855 0
1731976606130 0.0431646965444088 0
1731976620894 0.04233695566654205 0
1731976635759 0.04185746982693672 0
1731976650516 0.041998714208602905 0
1731976665384 0.04048337787389755 0
1731976680145 0.04202662408351898 0
1731976694993 0.04125963896512985 0
1731976709743 0.04208524897694588 0
1731976724598 0.041913509368896484 0
1731976739358 0.04200039058923721 0
