1731973296273 0.002161603420972824 0
1731973328766 0.0005623326287604868 0
1731973348213 0.0003902752068825066 0
1731973367679 0.00028963928343728185 0
1731973387046 0.00020671877427957952 0
1731973406485 0.00017437146743759513 0
1731973425814 0.00017738371388986707 0
1731973445250 0.00015111158427316695 0
1731973464569 0.00015270522271748632 0
1731973484011 0.00012340063403826207 0
1731973503330 0.00013863187632523477 0
1731973522750 0.00012455054093152285 0
1731973542080 0.00013037261669524014 0
1731973561471 0.00012684617831837386 0
1731973624435 0.00012768353917635977 0
1731973641631 0.0001416621817043051 0
1731973658818 0.00012720018276013434 0
1731973675970 0.0001410852128174156 0
1731973693129 0.00013778259744867682 0
1731973710263 0.00012341662659309804 0
1731973727398 0.00012466064072214067 0
1731973744527 0.00012880985741503537 0
1731973760867 0.0001270974607905373 0
1731973776830 0.00013391184620559216 0
1731973792889 0.00011510775948408991 0
1731973808950 0.00013869328540749848 0
1731973825025 0.00013610703172162175 0
1731973840978 0.00012614513980224729 0
1731973857012 0.0001270716020371765 0
1731973873571 0.00013455995940603316 0
1731973888945 0.00015515778795816004 0
1731973904314 0.00015391226042993367 0
1731973919689 0.00014049849414732307 0
1731973935049 0.0001600398973096162 0
1731973950416 0.0001397592423018068 0
1731973965773 0.00013359157310333103 0
1731973981123 0.00015740111120976508 0
1731973996097 0.00016301644791383296 0
1731974011051 0.00015884748427197337 0
1731974025909 0.0001500284270150587 0
1731974040883 0.00015187417739070952 0
1731974055767 0.00016394008707720786 0
1731974070753 0.00013762540766038 0
1731974085625 0.0001495364267611876 0
1731974101100 0.00013239934924058616 0
1731974115982 0.00015110531239770353 0
1731974130950 0.00015525048365816474 0
1731974145844 0.00016981747467070818 0
1731974160818 0.00015976921713445336 0
1731974175694 0.000148586870636791 0
1731974190651 0.00015692233864683658 0
1731974205504 0.00014595084940083325 0
1731974220480 0.00014731432020198554 0
1731974235336 0.00015345835709013045 0
1731974250316 0.0001423032081220299 0
1731974265169 0.00013814025442115963 0
1731974280131 0.00015781482215970755 0
1731974295008 0.00016557086200919002 0
1731974309975 0.00016536656767129898 0
1731974325410 0.00014975627709645778 0
1731974340371 0.00013777383719570935 0
1731974355243 0.00015045239706523716 0
1731974370206 0.0001366617070743814 0
1731974385078 0.00015373433416243643 0
1731974400035 0.00015480388537980616 0
1731974414944 0.00013398942246567458 0
1731974429965 0.00015540633467026055 0
1731974444850 0.00017150776693597436 0
1731974459800 0.00014365746756084263 0
1731974474655 0.00014537907554768026 0
1731974489610 0.00016510937712155282 0
1731974504463 0.0001503879320807755 0
1731974519417 0.0001736872218316421 0
1731974534272 0.00016468334069941193 0
1731974549812 0.0001603389100637287 0
1731974564664 0.00015624449588358402 0
1731974579613 0.00014267383085098118 0
1731974594466 0.00015723035903647542 0
1731974609421 0.00015925786283332855 0
1731974624293 0.00012969845556654036 0
1731974639234 0.0001425194350304082 0
1731974654094 0.00013512602890841663 0
1731974669053 0.00015118335431907326 0
1731974683917 0.00015207586693577468 0
1731974698872 0.00016372924437746406 0
1731974713737 0.0001412873825756833 0
1731974728678 0.00013591814786195755 0
1731974743536 0.00016752706142142415 0
1731974759102 0.00014709375682286918 0
1731974773961 0.00014728342648595572 0
1731974788911 0.00015215107123367488 0
1731974803775 0.00013022345956414938 0
1731974818724 0.00014495015784632415 0
1731974833573 0.0001572989422129467 0
1731974848517 0.0001623053103685379 0
1731974863365 0.00015598117897752672 0
1731974878325 0.00015233660815283656 0
1731974893178 0.00014169748465064913 0
1731974908118 0.00015562100452370942 0
1731974922972 0.00014804117381572723 0
1731974937917 0.00014658055442851037 0
1731974952769 0.0001494278258178383 0
1731974967725 0.0001485292159486562 0
1731974983272 0.00013771624071523547 0
1731974998214 0.00014357527834363282 0
1731975013065 0.00013983171083964407 0
1731975028011 0.00014276856381911784 0
1731975042858 0.00015047861961647868 0
1731975057790 0.00012919242726638913 0
1731975072645 0.00013272381329443306 0
1731975087586 0.0001458825427107513 0
1731975102441 0.00016326233162544668 0
1731975117368 0.0001456157915527001 0
1731975132226 0.00013763559400103986 0
1731975147155 0.00013805326307192445 0
1731975162002 0.00014703547640237957 0
1731975176946 0.00014134759840089828 0
1731975191780 0.0001324589247815311 0
1731975207187 0.00013789013610221446 0
1731975222036 0.00014732571435160935 0
1731975236966 0.0001409636897733435 0
1731975251814 0.00013555111945606768 0
1731975266754 0.00013527341070584953 0
1731975281608 0.00012818191316910088 0
1731975296538 0.00014133435615804046 0
1731975311381 0.0001425112714059651 0
1731975326299 0.0001418303290847689 0
1731975341138 0.00014089758042246103 0
1731975356060 0.0001584984129294753 0
1731975370897 0.00014072972408030182 0
1731975385807 0.00013474281877279282 0
1731975400632 0.00015288064605556428 0
1731975415550 0.00013025596854276955 0
1731975431087 0.0001484048698330298 0
1731975446006 0.00014765546075068414 0
1731975460827 0.00015054435061756521 0
1731975475727 0.00014040526002645493 0
1731975490544 0.00014141478459350765 0
1731975505452 0.00013093558663967997 0
1731975520267 0.00014679296873509884 0
1731975535163 0.00014199427096173167 0
1731975549978 0.0001352290710201487 0
1731975564883 0.00013159378431737423 0
1731975579680 0.00013684769510291517 0
1731975594576 0.00015622045611962676 0
1731975609390 0.00015169419930316508 0
1731975624292 0.00013319705612957478 0
1731975639102 0.00014945989823900163 0
1731975654350 0.0001293022942263633 0
1731975669162 0.0001452024735044688 0
1731975684060 0.00014354599989019334 0
1731975698870 0.00014308534446172416 0
1731975713773 0.00015115144196897745 0
1731975728563 0.00014935294166207314 0
1731975743463 0.00016302148287650198 0
1731975758266 0.00013230823969934136 0
1731975773158 0.00014834832109045237 0
1731975787944 0.0001548323198221624 0
1731975802827 0.00013557268539443612 0
1731975817627 0.00014497492520604283 0
1731975832504 0.000134172776597552 0
1731975847308 0.00014390150317922235 0
1731975862660 0.00013173717889003456 0
1731975877462 0.00014616189582739025 0
1731975892345 0.0001238965051015839 0
1731975907131 0.00015291120507754385 0
1731975922017 0.0001259859709534794 0
1731975936799 0.00013446039520204067 0
1731975951670 0.00013187399599701166 0
1731975966446 0.00014113198267295957 0
1731975981314 0.00013852244592271745 0
1731975996092 0.00013269629562273622 0
1731976010983 0.00013415429566521198 0
1731976025772 0.00015100430755410343 0
1731976040654 0.00014515628572553396 0
1731976055445 0.00013831428077537566 0
1731976070317 0.00014230262604542077 0
1731976085776 0.00014888669829815626 0
1731976100659 0.00013712604413740337 0
1731976115434 0.00013511192810256034 0
1731976130304 0.00014475424541160464 0
1731976145072 0.00015403181896544993 0
1731976159949 0.00013368170766625553 0
1731976174725 0.00013160370872355998 0
1731976189605 0.00012890818470623344 0
1731976204385 0.00013573582691606134 0
1731976219267 0.00014156733232084662 0
1731976234046 0.0001443844666937366 0
1731976248909 0.00013986713020130992 0
1731976263680 0.00013158224464859813 0
1731976278557 0.00013859554019290954 0
1731976293344 0.00013663503341376781 0
1731976309164 0.00014557735994458199 0
1731976323948 0.00014235707931220531 0
1731976338826 0.00013426307123154402 0
1731976353596 0.0001535672345198691 0
1731976368466 0.0001176845544250682 0
1731976383262 0.00013554925681091845 0
1731976398121 0.00015248220006469637 0
1731976412908 0.0001515343610662967 0
1731976427765 0.00013326367479749024 0
1731976442529 0.00014212410314939916 0
1731976457405 0.00013648593449033797 0
1731976472171 0.0001378479937557131 0
1731976487033 0.00013614735507871956 0
1731976501801 0.00013172773469705135 0
1731976516662 0.00014249108789954334 0
1731976532022 0.00014670725795440376 0
1731976546880 0.0001200721162604168 0
1731976561647 0.00013933327863924205 0
1731976576508 0.00012984228669665754 0
1731976591269 0.00013491020945366472 0
1731976606132 0.0001325345947407186 0
1731976620897 0.0001322592725045979 0
1731976635761 0.000138034563860856 0
1731976650519 0.00013472719001583755 0
1731976665386 0.00012721982784569263 0
1731976680147 0.00014300382463261485 0
1731976694995 0.000127047038404271 0
1731976709745 0.0001331214589299634 0
1731976724600 0.00013001234037801623 0
1731976739360 0.00013065667008049786 0
