1731973296273 0.01394394226372242 0
1731973328766 0.00766742741689086 0
1731973348213 0.0064695230685174465 0
1731973367679 0.005095526110380888 0
1731973387046 0.004313879646360874 0
1731973406485 0.0050886538811028 0
1731973425814 0.004467926453799009 0
1731973445250 0.004835999105125666 0
1731973464569 0.0039648753590881824 0
1731973484011 0.0041787996888160706 0
1731973503330 0.004328984767198563 0
1731973522750 0.004702606238424778 0
1731973542080 0.004589698743075132 0
1731973561471 0.004253205843269825 0
1731973624435 0.0043849279172718525 0
1731973641631 0.0033999369479715824 0
1731973658818 0.0038485187105834484 0
1731973675970 0.004222028888761997 0
1731973693129 0.003991829231381416 0
1731973710263 0.0039826808497309685 0
1731973727398 0.003507722169160843 0
1731973744527 0.0033154867123812437 0
1731973760867 0.0046472325921058655 0
1731973776830 0.0033065793104469776 0
1731973792889 0.003536816220730543 0
1731973808950 0.004060137085616589 0
1731973825025 0.0030120029114186764 0
1731973840978 0.0033888034522533417 0
1731973857012 0.0037049695383757353 0
1731973873571 0.0033347641583532095 0
1731973888945 0.0030221669003367424 0
1731973904314 0.003564735408872366 0
1731973919689 0.0033955227117985487 0
1731973935049 0.0027822498232126236 0
1731973950416 0.0031500887125730515 0
1731973965773 0.0028290541376918554 0
1731973981123 0.003237043274566531 0
1731973996097 0.002578757470473647 0
1731974011051 0.0028880354948341846 0
1731974025909 0.0026890046428889036 0
1731974040883 0.002963410224765539 0
1731974055767 0.003190952120348811 0
1731974070753 0.003080065129324794 0
1731974085625 0.0029199975542724133 0
1731974101100 0.0033630505204200745 0
1731974115982 0.0027450541965663433 0
1731974130950 0.002461130963638425 0
1731974145844 0.0032830077689141035 0
1731974160818 0.0030280794017016888 0
1731974175694 0.0027935474645346403 0
1731974190651 0.0029379099141806364 0
1731974205504 0.0027044403832405806 0
1731974220480 0.00323192379437387 0
1731974235336 0.0032824333757162094 0
1731974250316 0.0024634271394461393 0
1731974265169 0.002800077199935913 0
1731974280131 0.0026616365648806095 0
1731974295008 0.002912057563662529 0
1731974309975 0.0027086331974714994 0
1731974325410 0.002646082080900669 0
1731974340371 0.0026918072253465652 0
1731974355243 0.002513221465051174 0
1731974370206 0.0026012565940618515 0
1731974385078 0.0025565344840288162 0
1731974400035 0.0030084396712481976 0
1731974414944 0.0022672684863209724 0
1731974429965 0.0023489538580179214 0
1731974444850 0.002404168713837862 0
1731974459800 0.0022973448503762484 0
1731974474655 0.0020844368264079094 0
1731974489610 0.0027956562116742134 0
1731974504463 0.0027426581364125013 0
1731974519417 0.002406554762274027 0
1731974534272 0.0024019908159971237 0
1731974549812 0.0021847537718713284 0
1731974564664 0.002196825575083494 0
1731974579613 0.0025548627600073814 0
1731974594466 0.002395838964730501 0
1731974609421 0.001985511975362897 0
1731974624293 0.0021170503459870815 0
1731974639234 0.002171086613088846 0
1731974654094 0.0026125996373593807 0
1731974669053 0.0026426217518746853 0
1731974683917 0.002283290959894657 0
1731974698872 0.0021898343693464994 0
1731974713737 0.0021879065316170454 0
1731974728678 0.0024166989605873823 0
1731974743536 0.0022292479407042265 0
1731974759102 0.0023951278999447823 0
1731974773961 0.0023425836116075516 0
1731974788911 0.002108667278662324 0
1731974803775 0.0020790891721844673 0
1731974818724 0.002104053506627679 0
1731974833573 0.0026202122680842876 0
1731974848517 0.002414501504972577 0
1731974863365 0.0019390409579500556 0
1731974878325 0.002134449314326048 0
1731974893178 0.00207449309527874 0
1731974908118 0.0019132308661937714 0
1731974922972 0.0020369146950542927 0
1731974937917 0.0022789298091083765 0
1731974952769 0.002053230069577694 0
1731974967725 0.0020825013052672148 0
1731974983272 0.002047599758952856 0
1731974998214 0.0017939924728125334 0
1731975013065 0.002002982422709465 0
1731975028011 0.0018680928042158484 0
1731975042858 0.002123139798641205 0
1731975057790 0.0022405097261071205 0
1731975072645 0.0016993408789858222 0
1731975087586 0.001723630353808403 0
1731975102441 0.002158935647457838 0
1731975117368 0.0019040427869185805 0
1731975132226 0.0018141455948352814 0
1731975147155 0.0018797031370922923 0
1731975162002 0.0023324117064476013 0
1731975176946 0.001722095999866724 0
1731975191780 0.001916358945891261 0
1731975207187 0.0020792956929653883 0
1731975222036 0.002048232825472951 0
1731975236966 0.001830483553931117 0
1731975251814 0.0019785743206739426 0
1731975266754 0.0018284571124240756 0
1731975281608 0.0015691326698288321 0
1731975296538 0.001988583244383335 0
1731975311381 0.001774124102666974 0
1731975326299 0.0017940483521670103 0
1731975341138 0.0017366409301757812 0
1731975356060 0.0022549633868038654 0
1731975370897 0.0019045397639274597 0
1731975385807 0.0017222135793417692 0
1731975400632 0.0018174964934587479 0
1731975415550 0.0017482227412983775 0
1731975431087 0.0016547682462260127 0
1731975446006 0.002048732014372945 0
1731975460827 0.0016298857517540455 0
1731975475727 0.0014982165303081274 0
1731975490544 0.0014771758578717709 0
1731975505452 0.0017281926702708006 0
1731975520267 0.0015874620294198394 0
1731975535163 0.0015215135645121336 0
1731975549978 0.0014522082637995481 0
1731975564883 0.0018230231944471598 0
1731975579680 0.0018933294340968132 0
1731975594576 0.0017960038967430592 0
1731975609390 0.001658961526118219 0
1731975624292 0.0018280807416886091 0
1731975639102 0.00186118483543396 0
1731975654350 0.001508982153609395 0
1731975669162 0.0017921309918165207 0
1731975684060 0.0017662635073065758 0
1731975698870 0.0017396778566762805 0
1731975713773 0.0017040723469108343 0
1731975728563 0.0015040987636893988 0
1731975743463 0.002004926558583975 0
1731975758266 0.0015800175024196506 0
1731975773158 0.0016359684523195028 0
1731975787944 0.0017259141895920038 0
1731975802827 0.0014536281814798713 0
1731975817627 0.0017682606121525168 0
1731975832504 0.001636332250200212 0
1731975847308 0.0013486668467521667 0
1731975862660 0.0018331881146878004 0
1731975877462 0.0016096197068691254 0
1731975892345 0.0015154872089624405 0
1731975907131 0.0017528848256915808 0
1731975922017 0.0015089046210050583 0
1731975936799 0.0015103151090443134 0
1731975951670 0.001321838703006506 0
1731975966446 0.0016307409387081861 0
1731975981314 0.0016567462589591742 0
1731975996092 0.0015563375782221556 0
1731976010983 0.001343104406259954 0
1731976025772 0.0016386460047215223 0
1731976040654 0.0016133496537804604 0
1731976055445 0.0014859515940770507 0
1731976070317 0.0015098338481038809 0
1731976085776 0.0013899075565859675 0
1731976100659 0.0015989085659384727 0
1731976115434 0.001470991875976324 0
1731976130304 0.001495035132393241 0
1731976145072 0.001504890387877822 0
1731976159949 0.0014798995107412338 0
1731976174725 0.001470137620344758 0
1731976189605 0.0012976740254089236 0
1731976204385 0.0015221781795844436 0
1731976219267 0.0013152244500815868 0
1731976234046 0.0015642652288079262 0
1731976248909 0.0014582689618691802 0
1731976263680 0.0016247376333922148 0
1731976278557 0.0013771982630714774 0
1731976293344 0.001293966080993414 0
1731976309164 0.0014513705391436815 0
1731976323948 0.0015865471214056015 0
1731976338826 0.001353516592644155 0
1731976353596 0.0013295728713274002 0
1731976368466 0.0013541968073695898 0
1731976383262 0.0013053481234237552 0
1731976398121 0.0011841505765914917 0
1731976412908 0.0012733947951346636 0
1731976427765 0.0015570337418466806 0
1731976442529 0.0013879030011594296 0
1731976457405 0.0015699842479079962 0
1731976472171 0.001191348535940051 0
1731976487033 0.001477629179134965 0
1731976501801 0.0013616889482364058 0
1731976516662 0.0014321950729936361 0
1731976532022 0.001291408552788198 0
1731976546880 0.0013423855416476727 0
1731976561647 0.0012921583838760853 0
1731976576508 0.001268249237909913 0
1731976591269 0.001325580757111311 0
1731976606132 0.0012898726854473352 0
1731976620897 0.0015632340218871832 0
1731976635761 0.001360512338578701 0
1731976650519 0.001300732372328639 0
1731976665386 0.0013529382413253188 0
1731976680147 0.001280291355215013 0
1731976694995 0.0013134864857420325 0
1731976709745 0.001244714017957449 0
1731976724600 0.0012012205552309752 0
1731976739360 0.0013664833968505263 0
