1731973296273 0.0010309158824384212 0
1731973328766 0.0005452525801956654 0
1731973348213 0.0003982537891715765 0
1731973367679 0.00037320726551115513 0
1731973387046 0.0003887222846969962 0
1731973406485 0.00028973346343263984 0
1731973425814 0.0002937981626018882 0
1731973445250 0.00035346479853615165 0
1731973464569 0.00023693611728958786 0
1731973484011 0.0002781015355139971 0
1731973503330 0.00025856937281787395 0
1731973522750 0.0002812559250742197 0
1731973542080 0.00024568213848397136 0
1731973561471 0.00024004928127396852 0
1731973624435 0.00024165623472072184 0
1731973641631 0.0002561139117460698 0
1731973658818 0.0002545216411817819 0
1731973675970 0.00024513437529094517 0
1731973693129 0.0002960622659884393 0
1731973710263 0.00030239176703616977 0
1731973727398 0.00026204524328932166 0
1731973744527 0.0002382343664066866 0
1731973760867 0.00026166491443291306 0
1731973776830 0.0004456094466149807 0
1731973792889 0.00022571490262635052 0
1731973808950 0.0003808344481512904 0
1731973825025 0.00030946446349844337 0
1731973840978 0.0003589599800761789 0
1731973857012 0.00024025270249694586 0
1731973873571 0.00024966421187855303 0
1731973888945 0.0002649031230248511 0
1731973904314 0.0004724062455352396 0
1731973919689 0.0003722302499227226 0
1731973935049 0.00024113134713843465 0
1731973950416 0.00024813931668177247 0
1731973965773 0.0003128949028905481 0
1731973981123 0.0004242706345394254 0
1731973996097 0.0002238681772723794 0
1731974011051 0.00021150612155906856 0
1731974025909 0.00023283841437660158 0
1731974040883 0.0003113102284260094 0
1731974055767 0.00022669375175610185 0
1731974070753 0.00027852191124111414 0
1731974085625 0.0004244216834194958 0
1731974101100 0.00039921572897583246 0
1731974115982 0.0002214093110524118 0
1731974130950 0.00024347801809199154 0
1731974145844 0.00024157617008313537 0
1731974160818 0.000211916834814474 0
1731974175694 0.00022994214668869972 0
1731974190651 0.00021942862076684833 0
1731974205504 0.00022625774727202952 0
1731974220480 0.00024828247842378914 0
1731974235336 0.00022503452782984823 0
1731974250316 0.00023783552751410753 0
1731974265169 0.00023147222236730158 0
1731974280131 0.00022119321511127055 0
1731974295008 0.00021799065871164203 0
1731974309975 0.0002279850305058062 0
1731974325410 0.00024038074479904026 0
1731974340371 0.00021539663430303335 0
1731974355243 0.00023435059119947255 0
1731974370206 0.00021085588377900422 0
1731974385078 0.0002410075830994174 0
1731974400035 0.0002138673880835995 0
1731974414944 0.00026661530137062073 0
1731974429965 0.0002182962780352682 0
1731974444850 0.00021896726684644818 0
1731974459800 0.0002651330432854593 0
1731974474655 0.00019537040498107672 0
1731974489610 0.00024569296510890126 0
1731974504463 0.00021411434863694012 0
1731974519417 0.00021932960953563452 0
1731974534272 0.00023314074496738613 0
1731974549812 0.0002269677206641063 0
1731974564664 0.00022110907593742013 0
1731974579613 0.00023058077204041183 0
1731974594466 0.0002467694866936654 0
1731974609421 0.00023519393289461732 0
1731974624293 0.0002334178425371647 0
1731974639234 0.00026064031408168375 0
1731974654094 0.00024030513304751366 0
1731974669053 0.00020894163753837347 0
1731974683917 0.00023615012469235808 0
1731974698872 0.00021753401961177588 0
1731974713737 0.00022740414715372026 0
1731974728678 0.00024398363893851638 0
1731974743536 0.00023226832854561508 0
1731974759102 0.00021712093439418823 0
1731974773961 0.0002448211016599089 0
1731974788911 0.0002334351884201169 0
1731974803775 0.0002174463152186945 0
1731974818724 0.00021969752560835332 0
1731974833573 0.00020442125969566405 0
1731974848517 0.0002332388103241101 0
1731974863365 0.0002581673616077751 0
1731974878325 0.0002428633306408301 0
1731974893178 0.00022813069517724216 0
1731974908118 0.00025508704129606485 0
1731974922972 0.00021559346350841224 0
1731974937917 0.0002418517688056454 0
1731974952769 0.00020660899463109672 0
1731974967725 0.00021460071729961783 0
1731974983272 0.00024062170996330678 0
1731974998214 0.00023518112720921636 0
1731975013065 0.00021214781736489385 0
1731975028011 0.00022561950027011335 0
1731975042858 0.00021998256852384657 0
1731975057790 0.00027681919164024293 0
1731975072645 0.00022328838531393558 0
1731975087586 0.00022875511785969138 0
1731975102441 0.00021696393378078938 0
1731975117368 0.0002241325273644179 0
1731975132226 0.00023464152764063329 0
1731975147155 0.00022315946989692748 0
1731975162002 0.00024607073282822967 0
1731975176946 0.00020962790586054325 0
1731975191780 0.00021542166359722614 0
1731975207187 0.00022593926405534148 0
1731975222036 0.0002818250213749707 0
1731975236966 0.00023223753669299185 0
1731975251814 0.00020930171012878418 0
1731975266754 0.00023197208065539598 0
1731975281608 0.00025717937387526035 0
1731975296538 0.00021550370729528368 0
1731975311381 0.00023290273384191096 0
1731975326299 0.00023996610252652317 0
1731975341138 0.00021767010912299156 0
1731975356060 0.0002249951212434098 0
1731975370897 0.00022128524142317474 0
1731975385807 0.0002306502137798816 0
1731975400632 0.00022311220527626574 0
1731975415550 0.00021936127450317144 0
1731975431087 0.00026328989770263433 0
1731975446006 0.00021969540102872998 0
1731975460827 0.00023024101392365992 0
1731975475727 0.0002529980556573719 0
1731975490544 0.00020571329514496028 0
1731975505452 0.0002458624658174813 0
1731975520267 0.00023808256082702428 0
1731975535163 0.0002310478303115815 0
1731975549978 0.00020216908887960017 0
1731975564883 0.0002225400530733168 0
1731975579680 0.0002137599658453837 0
1731975594576 0.00021010189084336162 0
1731975609390 0.0002330490533495322 0
1731975624292 0.00023508915910497308 0
1731975639102 0.0002455807407386601 0
1731975654350 0.00022321203141473234 0
1731975669162 0.00023923401022329926 0
1731975684060 0.00022710410121362656 0
1731975698870 0.00023213478561956435 0
1731975713773 0.00025814780383370817 0
1731975728563 0.000226504635065794 0
1731975743463 0.0002154905814677477 0
1731975758266 0.00021783291595056653 0
1731975773158 0.00021114169794600457 0
1731975787944 0.00021692074369639158 0
1731975802827 0.00023920208332128823 0
1731975817627 0.00022621673997491598 0
1731975832504 0.00023134754155762494 0
1731975847308 0.0002180593874072656 0
1731975862660 0.00019675810472108424 0
1731975877462 0.00020965456496924162 0
1731975892345 0.0002074272051686421 0
1731975907131 0.0002043125859927386 0
1731975922017 0.00023563727154396474 0
1731975936799 0.0002388463617535308 0
1731975951670 0.0002053667849395424 0
1731975966446 0.00022807891946285963 0
1731975981314 0.00022594101028516889 0
1731975996092 0.00023004984541330487 0
1731976010983 0.00019848390365950763 0
1731976025772 0.00020853092428296804 0
1731976040654 0.0002128056949004531 0
1731976055445 0.00020656730339396745 0
1731976070317 0.00020725850481539965 0
1731976085776 0.00021175942674744874 0
1731976100659 0.00024135746934916824 0
1731976115434 0.0002269170363433659 0
1731976130304 0.00020800330094061792 0
1731976145072 0.00023947047884576023 0
1731976159949 0.000223836163058877 0
1731976174725 0.00020788256369996816 0
1731976189605 0.00024273962480947375 0
1731976204385 0.00021219612972345203 0
1731976219267 0.0002406798448646441 0
1731976234046 0.00024073432723525912 0
1731976248909 0.00023547954333480448 0
1731976263680 0.00023100050748325884 0
1731976278557 0.00021399416436906904 0
1731976293344 0.0002148259518435225 0
1731976309164 0.00020432578457985073 0
1731976323948 0.00020445713016670197 0
1731976338826 0.0002362095401622355 0
1731976353596 0.0002111470967065543 0
1731976368466 0.0002128735650330782 0
1731976383262 0.0002082448627334088 0
1731976398121 0.00024904016754589975 0
1731976412908 0.00024478687555529177 0
1731976427765 0.00023332885757554322 0
1731976442529 0.00021408629254437983 0
1731976457405 0.0002092678187182173 0
1731976472171 0.00020051118917763233 0
1731976487033 0.0002257126325275749 0
1731976501801 0.0001950879959622398 0
1731976516662 0.00022108016128186136 0
1731976532022 0.00023869157303124666 0
1731976546880 0.00019714981317520142 0
1731976561647 0.00020683657203335315 0
1731976576508 0.0002215679851360619 0
1731976591269 0.00020890837186016142 0
1731976606132 0.00020317260350566357 0
1731976620897 0.00021359205129556358 0
1731976635761 0.00022603844990953803 0
1731976650519 0.00019907939713448286 0
1731976665386 0.00020970194600522518 0
1731976680147 0.00021810532780364156 0
1731976694995 0.00022036493464838713 0
1731976709745 0.00019206339493393898 0
1731976724600 0.00020048627629876137 0
1731976739360 0.00021112467220518738 0
