1731954690570 0.01422907505184412 0
1731954710441 0.012648717500269413 0
1731954730368 0.011619282886385918 0
1731954750408 0.011929300613701344 0
1731954770385 0.011117360554635525 0
1731954790463 0.010478452779352665 0
1731954810429 0.010772095993161201 0
1731954830511 0.010341083630919456 0
1731954850465 0.010705302469432354 0
1731954870519 0.010576469823718071 0
1731954890489 0.010255074128508568 0
1731954910563 0.010187799111008644 0
1731954930523 0.010569642297923565 0
1731954950605 0.010288722813129425 0
1731954970527 0.009999532252550125 0
1731954988219 0.010131290182471275 0
1731955005917 0.010531933046877384 0
1731955023594 0.01046885084360838 0
1731955041264 0.010696351528167725 0
1731955058946 0.009956585243344307 0
1731955076627 0.009823627769947052 0
1731955094326 0.009955203160643578 0
1731955111179 0.010063468478620052 0
1731955127603 0.01027858816087246 0
1731955144134 0.010336142964661121 0
1731955160661 0.010142369195818901 0
1731955177209 0.01008401345461607 0
1731955193644 0.010751061141490936 0
1731955210176 0.010029095225036144 0
1731955226742 0.00956687517464161 0
1731955242544 0.010054727084934711 0
1731955258355 0.009997808374464512 0
1731955274179 0.010273853316903114 0
1731955289981 0.010028897784650326 0
1731955305789 0.010041722096502781 0
1731955321619 0.010263371281325817 0
1731955337419 0.010056940838694572 0
1731955352802 0.009842353872954845 0
1731955368179 0.0101979561150074 0
1731955383458 0.009930058382451534 0
1731955398845 0.010044152848422527 0
1731955414125 0.010010738857090473 0
1731955429499 0.009893789887428284 0
1731955444789 0.010165717452764511 0
1731955460500 0.009858082979917526 0
1731955475799 0.009735090658068657 0
1731955491187 0.009809051640331745 0
1731955506471 0.009868231602013111 0
1731955521845 0.009702703915536404 0
1731955537133 0.00970314722508192 0
1731955552504 0.009723834693431854 0
1731955567778 0.009645073674619198 0
1731955583166 0.009885850362479687 0
1731955598469 0.010085873305797577 0
1731955613837 0.009845731779932976 0
1731955629116 0.009707587771117687 0
1731955644502 0.009817412123084068 0
1731955659785 0.010045711882412434 0
1731955675161 0.010034637525677681 0
1731955690739 0.009699751622974873 0
1731955706132 0.009652812033891678 0
1731955721419 0.009510463103652 0
1731955736798 0.009796257130801678 0
1731955752057 0.009769650176167488 0
1731955767424 0.009509017691016197 0
1731955782703 0.009604611434042454 0
1731955798073 0.00954364612698555 0
1731955813356 0.009428792633116245 0
1731955828740 0.009686479344964027 0
1731955844011 0.009579578414559364 0
1731955859385 0.00969851016998291 0
1731955874662 0.009681091643869877 0
1731955890045 0.009343280456960201 0
1731955905338 0.010021333582699299 0
1731955921047 0.009470760822296143 0
1731955936320 0.009744872339069843 0
1731955951694 0.009884203784167767 0
1731955966980 0.009810559451580048 0
1731955982370 0.009763596579432487 0
1731955997632 0.009448410011827946 0
1731956013012 0.009464703500270844 0
1731956028265 0.009728155098855495 0
1731956043641 0.009597241878509521 0
1731956058919 0.009324507787823677 0
1731956074290 0.00987893994897604 0
1731956089563 0.009658713825047016 0
1731956104966 0.009812986478209496 0
1731956120254 0.009592116810381413 0
1731956135958 0.009702838957309723 0
1731956151251 0.009665366262197495 0
1731956166633 0.009662946686148643 0
1731956181914 0.009805961512029171 0
1731956197286 0.009531217627227306 0
1731956212559 0.009532607160508633 0
1731956227937 0.009465882554650307 0
1731956243212 0.009608013555407524 0
1731956258588 0.009638887830078602 0
1731956273878 0.009532266296446323 0
1731956289276 0.009575829841196537 0
1731956304547 0.009538288228213787 0
1731956319936 0.009335754439234734 0
1731956335208 0.009287533350288868 0
1731956350593 0.009428764693439007 0
1731956366193 0.009495371952652931 0
1731956381602 0.009517834521830082 0
1731956396867 0.009665276855230331 0
1731956412277 0.009490770287811756 0
1731956427558 0.009647803381085396 0
1731956442956 0.009597080759704113 0
1731956458225 0.009855776093900204 0
1731956473636 0.009477362036705017 0
1731956488929 0.009579465724527836 0
1731956504303 0.009517251513898373 0
1731956519591 0.009445718489587307 0
1731956534972 0.009502770379185677 0
1731956550260 0.009590866975486279 0
1731956565633 0.009385498240590096 0
1731956580908 0.00939609669148922 0
1731956596597 0.009483693167567253 0
1731956611860 0.009583483450114727 0
1731956627242 0.009552900679409504 0
1731956642534 0.009601333178579807 0
1731956657908 0.009554761461913586 0
1731956673196 0.009516531601548195 0
1731956688583 0.00975785218179226 0
1731956703874 0.009472634643316269 0
1731956719268 0.009612654335796833 0
1731956734554 0.009536235593259335 0
1731956749945 0.009763926267623901 0
1731956765236 0.009595158509910107 0
1731956780628 0.009241126477718353 0
1731956795915 0.009340344928205013 0
1731956811292 0.00963490828871727 0
1731956826908 0.009562091901898384 0
1731956842276 0.009676964953541756 0
1731956857562 0.009745609946548939 0
1731956872920 0.009564009495079517 0
1731956888205 0.009485824033617973 0
1731956903585 0.009412780404090881 0
1731956918878 0.009473452344536781 0
1731956934253 0.009553889743983746 0
1731956949528 0.00942184217274189 0
1731956964906 0.009398424066603184 0
1731956980202 0.009506762959063053 0
1731956995604 0.009451710619032383 0
1731957010917 0.009456838481128216 0
1731957026295 0.009394901804625988 0
1731957041589 0.009377388283610344 0
1731957057307 0.009338554926216602 0
1731957072605 0.009344876743853092 0
1731957087978 0.009417266584932804 0
1731957103250 0.009395991452038288 0
1731957118625 0.009474714286625385 0
1731957133905 0.009545104578137398 0
1731957149297 0.009321761317551136 0
1731957164569 0.00941160973161459 0
1731957179989 0.009444769471883774 0
1731957195290 0.009568004868924618 0
1731957210661 0.009398211725056171 0
1731957225965 0.009401778690516949 0
1731957241364 0.009466748684644699 0
1731957256641 0.009291378781199455 0
1731957272343 0.00941020529717207 0
1731957287633 0.009537734091281891 0
1731957303042 0.009482881985604763 0
1731957318318 0.009425872936844826 0
1731957333709 0.00955971609801054 0
1731957348991 0.009321625344455242 0
1731957364389 0.009437773376703262 0
1731957379687 0.009501228109002113 0
1731957395093 0.009636491537094116 0
1731957410384 0.009390383027493954 0
1731957425774 0.009511379525065422 0
1731957441066 0.009363517165184021 0
1731957456473 0.009378318674862385 0
1731957471749 0.00944577343761921 0
1731957487138 0.009310952387750149 0
1731957502709 0.009381238371133804 0
1731957518115 0.009398032911121845 0
1731957533397 0.009318859316408634 0
1731957548801 0.009293241426348686 0
1731957564087 0.009512442164123058 0
1731957579480 0.009436327032744884 0
1731957594765 0.009382869116961956 0
1731957610183 0.00942591018974781 0
1731957625462 0.009483697824180126 0
1731957640843 0.009467124938964844 0
1731957656125 0.009449990466237068 0
1731957671491 0.009461825713515282 0
1731957686765 0.009373058564960957 0
1731957702149 0.00941370241343975 0
1731957717413 0.0094350166618824 0
1731957733134 0.00940270908176899 0
1731957748410 0.009435703046619892 0
1731957763795 0.009425556287169456 0
1731957779056 0.009354558773338795 0
1731957794410 0.009418039582669735 0
1731957809662 0.009366022422909737 0
1731957825025 0.009388722479343414 0
1731957840288 0.00939409714192152 0
1731957855647 0.009395632892847061 0
1731957870887 0.009476419538259506 0
1731957886234 0.00941504817456007 0
1731957901489 0.009371701627969742 0
1731957916850 0.009400485083460808 0
1731957932089 0.009363879449665546 0
1731957947428 0.009386873804032803 0
1731957963009 0.009380298666656017 0
1731957978366 0.009410776197910309 0
1731957993619 0.009308667853474617 0
1731958008976 0.009392794221639633 0
1731958024210 0.009354346431791782 0
1731958039569 0.009352759458124638 0
1731958054824 0.009329634718596935 0
1731958070160 0.009412181563675404 0
1731958085436 0.009426472708582878 0
1731958100802 0.009434832260012627 0
1731958116056 0.009464545175433159 0
1731958131410 0.009429454803466797 0
1731958146640 0.009381777606904507 0
1731958161988 0.009394106455147266 0
1731958177236 0.009339088574051857 0
