1731954690570 0.4190584719181061 0
1731954710441 0.33068275451660156 0
1731954730368 0.3229011595249176 0
1731954750408 0.3109067380428314 0
1731954770385 0.30940407514572144 0
1731954790463 0.30009302496910095 0
1731954810429 0.30156031250953674 0
1731954830511 0.2826024889945984 0
1731954850465 0.2881356179714203 0
1731954870519 0.2794373631477356 0
1731954890489 0.28821298480033875 0
1731954910563 0.2855445444583893 0
1731954930523 0.276242733001709 0
1731954950605 0.27704960107803345 0
1731954970527 0.2788476347923279 0
1731954988219 0.27812618017196655 0
1731955005917 0.2750856578350067 0
1731955023594 0.28431597352027893 0
1731955041264 0.2799091935157776 0
1731955058946 0.27674829959869385 0
1731955076627 0.26316651701927185 0
1731955094326 0.28182312846183777 0
1731955111179 0.2710196375846863 0
1731955127603 0.2794645130634308 0
1731955144134 0.2728843688964844 0
1731955160661 0.27846840023994446 0
1731955177209 0.261982262134552 0
1731955193644 0.2809540927410126 0
1731955210176 0.2656785845756531 0
1731955226742 0.26637589931488037 0
1731955242544 0.2758006751537323 0
1731955258355 0.283214271068573 0
1731955274179 0.26048558950424194 0
1731955289981 0.2617720067501068 0
1731955305789 0.27293917536735535 0
1731955321619 0.26220157742500305 0
1731955337419 0.2678351402282715 0
1731955352802 0.2769068479537964 0
1731955368179 0.27529698610305786 0
1731955383458 0.26362407207489014 0
1731955398845 0.275424599647522 0
1731955414125 0.2660118341445923 0
1731955429499 0.2668631672859192 0
1731955444789 0.26518845558166504 0
1731955460500 0.25982290506362915 0
1731955475799 0.25999724864959717 0
1731955491187 0.277380108833313 0
1731955506471 0.2662792205810547 0
1731955521845 0.27027323842048645 0
1731955537133 0.2662196159362793 0
1731955552504 0.26784083247184753 0
1731955567778 0.27316129207611084 0
1731955583166 0.27378514409065247 0
1731955598469 0.2667294144630432 0
1731955613837 0.2664768695831299 0
1731955629116 0.2606404721736908 0
1731955644502 0.2609798014163971 0
1731955659785 0.2536105811595917 0
1731955675161 0.2635345757007599 0
1731955690739 0.25225579738616943 0
1731955706132 0.2674327492713928 0
1731955721419 0.2649458348751068 0
1731955736798 0.26638415455818176 0
1731955752057 0.2644963264465332 0
1731955767424 0.2669619917869568 0
1731955782703 0.2616899907588959 0
1731955798073 0.26334115862846375 0
1731955813356 0.2577130198478699 0
1731955828740 0.25958847999572754 0
1731955844011 0.25410738587379456 0
1731955859385 0.2590947449207306 0
1731955874662 0.25923529267311096 0
1731955890045 0.25464507937431335 0
1731955905338 0.2610495090484619 0
1731955921047 0.251738041639328 0
1731955936320 0.26394492387771606 0
1731955951694 0.26091450452804565 0
1731955966980 0.2548812925815582 0
1731955982370 0.2589609622955322 0
1731955997632 0.25933918356895447 0
1731956013012 0.25829023122787476 0
1731956028265 0.2542790472507477 0
1731956043641 0.25270408391952515 0
1731956058919 0.26339131593704224 0
1731956074290 0.25565388798713684 0
1731956089563 0.2552054822444916 0
1731956104966 0.25721457600593567 0
1731956120254 0.2562105059623718 0
1731956135958 0.2636013627052307 0
1731956151251 0.2594625651836395 0
1731956166633 0.25599634647369385 0
1731956181914 0.2552347779273987 0
1731956197286 0.25794267654418945 0
1731956212559 0.2605668008327484 0
1731956227937 0.25553470849990845 0
1731956243212 0.24984662234783173 0
1731956258588 0.2488655000925064 0
1731956273878 0.25143206119537354 0
1731956289276 0.26383712887763977 0
1731956304547 0.2610633373260498 0
1731956319936 0.26110735535621643 0
1731956335208 0.25392040610313416 0
1731956350593 0.264087438583374 0
1731956366193 0.25875240564346313 0
1731956381602 0.2559458613395691 0
1731956396867 0.25526025891304016 0
1731956412277 0.25528597831726074 0
1731956427558 0.2628690302371979 0
1731956442956 0.2590916156768799 0
1731956458225 0.2554211914539337 0
1731956473636 0.2478141337633133 0
1731956488929 0.2547243535518646 0
1731956504303 0.2525627017021179 0
1731956519591 0.253531277179718 0
1731956534972 0.2561527490615845 0
1731956550260 0.2566947042942047 0
1731956565633 0.2523204982280731 0
1731956580908 0.2520480751991272 0
1731956596597 0.2511909008026123 0
1731956611860 0.25110575556755066 0
1731956627242 0.259576678276062 0
1731956642534 0.25265878438949585 0
1731956657908 0.2537284195423126 0
1731956673196 0.25508031249046326 0
1731956688583 0.25147774815559387 0
1731956703874 0.24738335609436035 0
1731956719268 0.26020458340644836 0
1731956734554 0.2557430863380432 0
1731956749945 0.2565474808216095 0
1731956765236 0.2567043602466583 0
1731956780628 0.256113201379776 0
1731956795915 0.2577987313270569 0
1731956811292 0.25230872631073 0
1731956826908 0.2595817744731903 0
1731956842276 0.2497653067111969 0
1731956857562 0.2517082393169403 0
1731956872920 0.25239628553390503 0
1731956888205 0.2562273144721985 0
1731956903585 0.2546443045139313 0
1731956918878 0.2504288852214813 0
1731956934253 0.2518147826194763 0
1731956949528 0.2483278214931488 0
1731956964906 0.254364937543869 0
1731956980202 0.25466832518577576 0
1731956995604 0.2562495470046997 0
1731957010917 0.25451788306236267 0
1731957026295 0.25082871317863464 0
1731957041589 0.25122541189193726 0
1731957057307 0.2510499060153961 0
1731957072605 0.24944673478603363 0
1731957087978 0.2533029615879059 0
1731957103250 0.251925528049469 0
1731957118625 0.2501746714115143 0
1731957133905 0.24931395053863525 0
1731957149297 0.25162699818611145 0
1731957164569 0.2463764101266861 0
1731957179989 0.2511694133281708 0
1731957195290 0.25204887986183167 0
1731957210661 0.24996404349803925 0
1731957225965 0.25220388174057007 0
1731957241364 0.25449123978614807 0
1731957256641 0.2521565556526184 0
1731957272343 0.25358492136001587 0
1731957287633 0.2488364726305008 0
1731957303042 0.25359100103378296 0
1731957318318 0.2528524696826935 0
1731957333709 0.25106409192085266 0
1731957348991 0.25079789757728577 0
1731957364389 0.25166285037994385 0
1731957379687 0.2540174722671509 0
1731957395093 0.25010618567466736 0
1731957410384 0.25247129797935486 0
1731957425774 0.2512299120426178 0
1731957441066 0.24823123216629028 0
1731957456473 0.25699713826179504 0
1731957471749 0.24889303743839264 0
1731957487138 0.25198957324028015 0
1731957502709 0.25007277727127075 0
1731957518115 0.2516893148422241 0
1731957533397 0.2513790726661682 0
1731957548801 0.2523351013660431 0
1731957564087 0.2517636716365814 0
1731957579480 0.2506118416786194 0
1731957594765 0.24793238937854767 0
1731957610183 0.2556334137916565 0
1731957625462 0.2483326494693756 0
1731957640843 0.25096872448921204 0
1731957656125 0.25205284357070923 0
1731957671491 0.25159087777137756 0
1731957686765 0.25008636713027954 0
1731957702149 0.2524224519729614 0
1731957717413 0.24980951845645905 0
1731957733134 0.24884352087974548 0
1731957748410 0.2529819905757904 0
1731957763795 0.25130462646484375 0
1731957779056 0.24985316395759583 0
1731957794410 0.24948665499687195 0
1731957809662 0.2498689889907837 0
1731957825025 0.2504371404647827 0
1731957840288 0.24969561398029327 0
1731957855647 0.251151442527771 0
1731957870887 0.25238436460494995 0
1731957886234 0.24984745681285858 0
1731957901489 0.25325387716293335 0
1731957916850 0.25298887491226196 0
1731957932089 0.25165629386901855 0
1731957947428 0.25169244408607483 0
1731957963009 0.25005462765693665 0
1731957978366 0.25223854184150696 0
1731957993619 0.25263771414756775 0
1731958008976 0.25235968828201294 0
1731958024210 0.2517271935939789 0
1731958039569 0.2526986002922058 0
1731958054824 0.2517789602279663 0
1731958070160 0.24844889342784882 0
1731958085436 0.2509419918060303 0
1731958100802 0.2483188509941101 0
1731958116056 0.2520201802253723 0
1731958131410 0.25001072883605957 0
1731958146640 0.2497895509004593 0
1731958161988 0.2511577010154724 0
1731958177236 0.2496907114982605 0
