1731954690570 0.23524734377861023 0
1731954710441 0.1407177448272705 0
1731954730368 0.09470526874065399 0
1731954750408 0.0778389647603035 0
1731954770385 0.06994850933551788 0
1731954790463 0.06541803479194641 0
1731954810429 0.061703164130449295 0
1731954830511 0.05798845738172531 0
1731954850465 0.05648146569728851 0
1731954870519 0.05268116667866707 0
1731954890489 0.0491580106317997 0
1731954910563 0.04841233789920807 0
1731954930523 0.04682305455207825 0
1731954950605 0.047748543322086334 0
1731954970527 0.04840688407421112 0
1731954988219 0.04417930915951729 0
1731955005917 0.04350797086954117 0
1731955023594 0.04456042870879173 0
1731955041264 0.04097627475857735 0
1731955058946 0.04089733958244324 0
1731955076627 0.04310233145952225 0
1731955094326 0.0397021546959877 0
1731955111179 0.04088751599192619 0
1731955127603 0.042188435792922974 0
1731955144134 0.039888493716716766 0
1731955160661 0.04007759317755699 0
1731955177209 0.03721049800515175 0
1731955193644 0.0388629212975502 0
1731955210176 0.03812410682439804 0
1731955226742 0.0372619591653347 0
1731955242544 0.03665029630064964 0
1731955258355 0.03643089905381203 0
1731955274179 0.03867517039179802 0
1731955289981 0.038480810821056366 0
1731955305789 0.03640185296535492 0
1731955321619 0.03613360971212387 0
1731955337419 0.03660386800765991 0
1731955352802 0.0354124940931797 0
1731955368179 0.03413727134466171 0
1731955383458 0.035162851214408875 0
1731955398845 0.03604289889335632 0
1731955414125 0.03480277210474014 0
1731955429499 0.0349019356071949 0
1731955444789 0.03598058968782425 0
1731955460500 0.03452995792031288 0
1731955475799 0.034753620624542236 0
1731955491187 0.034142669290304184 0
1731955506471 0.03597541153430939 0
1731955521845 0.034820884466171265 0
1731955537133 0.03457937017083168 0
1731955552504 0.03618023544549942 0
1731955567778 0.033786140382289886 0
1731955583166 0.032575540244579315 0
1731955598469 0.032853513956069946 0
1731955613837 0.03377049043774605 0
1731955629116 0.033803071826696396 0
1731955644502 0.033825814723968506 0
1731955659785 0.034436650574207306 0
1731955675161 0.033973004668951035 0
1731955690739 0.03186337649822235 0
1731955706132 0.03354078531265259 0
1731955721419 0.031376928091049194 0
1731955736798 0.0324094220995903 0
1731955752057 0.03271888196468353 0
1731955767424 0.03262307867407799 0
1731955782703 0.031593769788742065 0
1731955798073 0.03209017962217331 0
1731955813356 0.03265732526779175 0
1731955828740 0.03403571993112564 0
1731955844011 0.03156483918428421 0
1731955859385 0.030761374160647392 0
1731955874662 0.031695399433374405 0
1731955890045 0.03129617124795914 0
1731955905338 0.032549917697906494 0
1731955921047 0.03037535771727562 0
1731955936320 0.03270787000656128 0
1731955951694 0.030243288725614548 0
1731955966980 0.032445475459098816 0
1731955982370 0.03089260496199131 0
1731955997632 0.031033596023917198 0
1731956013012 0.031155353412032127 0
1731956028265 0.028016705065965652 0
1731956043641 0.030693843960762024 0
1731956058919 0.028458701446652412 0
1731956074290 0.03068348579108715 0
1731956089563 0.02967861481010914 0
1731956104966 0.029031366109848022 0
1731956120254 0.030057424679398537 0
1731956135958 0.030704209581017494 0
1731956151251 0.03028375841677189 0
1731956166633 0.031170815229415894 0
1731956181914 0.028948292136192322 0
1731956197286 0.02706265076994896 0
1731956212559 0.028116118162870407 0
1731956227937 0.028300579637289047 0
1731956243212 0.027810517698526382 0
1731956258588 0.028081580996513367 0
1731956273878 0.02709345892071724 0
1731956289276 0.029619639739394188 0
1731956304547 0.028787408024072647 0
1731956319936 0.02656467817723751 0
1731956335208 0.027844300493597984 0
1731956350593 0.028678417205810547 0
1731956366193 0.027605850249528885 0
1731956381602 0.028316903859376907 0
1731956396867 0.028039120137691498 0
1731956412277 0.02624979242682457 0
1731956427558 0.026508724316954613 0
1731956442956 0.028109418228268623 0
1731956458225 0.026677206158638 0
1731956473636 0.026745524257421494 0
1731956488929 0.027477700263261795 0
1731956504303 0.028010256588459015 0
1731956519591 0.02557697519659996 0
1731956534972 0.026612509042024612 0
1731956550260 0.026960700750350952 0
1731956565633 0.02702047862112522 0
1731956580908 0.02687331661581993 0
1731956596597 0.027684900909662247 0
1731956611860 0.026416845619678497 0
1731956627242 0.027196459472179413 0
1731956642534 0.025654444471001625 0
1731956657908 0.02607872523367405 0
1731956673196 0.025470398366451263 0
1731956688583 0.025733407586812973 0
1731956703874 0.026934349909424782 0
1731956719268 0.026344705373048782 0
1731956734554 0.026461802423000336 0
1731956749945 0.026336412876844406 0
1731956765236 0.025772331282496452 0
1731956780628 0.026261556893587112 0
1731956795915 0.0246387030929327 0
1731956811292 0.025441573932766914 0
1731956826908 0.02457534708082676 0
1731956842276 0.025744294747710228 0
1731956857562 0.024219388142228127 0
1731956872920 0.02560342289507389 0
1731956888205 0.02388143166899681 0
1731956903585 0.02543255127966404 0
1731956918878 0.02494361810386181 0
1731956934253 0.02610599622130394 0
1731956949528 0.024875957518815994 0
1731956964906 0.024186991155147552 0
1731956980202 0.02439003437757492 0
1731956995604 0.024483712390065193 0
1731957010917 0.02498968504369259 0
1731957026295 0.023032039403915405 0
1731957041589 0.0245394017547369 0
1731957057307 0.023557569831609726 0
1731957072605 0.02367447316646576 0
1731957087978 0.024918610230088234 0
1731957103250 0.023367755115032196 0
1731957118625 0.023960895836353302 0
1731957133905 0.023287557065486908 0
1731957149297 0.02341415546834469 0
1731957164569 0.023287387564778328 0
1731957179989 0.022657984867691994 0
1731957195290 0.023920182138681412 0
1731957210661 0.023421861231327057 0
1731957225965 0.023046942427754402 0
1731957241364 0.02399614080786705 0
1731957256641 0.023187745362520218 0
1731957272343 0.02314191684126854 0
1731957287633 0.021808762103319168 0
1731957303042 0.023262381553649902 0
1731957318318 0.02351072058081627 0
1731957333709 0.022493503987789154 0
1731957348991 0.0218958780169487 0
1731957364389 0.023516245186328888 0
1731957379687 0.022739853709936142 0
1731957395093 0.022564319893717766 0
1731957410384 0.022874491289258003 0
1731957425774 0.022731827571988106 0
1731957441066 0.021580535918474197 0
1731957456473 0.02251165360212326 0
1731957471749 0.022316474467515945 0
1731957487138 0.022065794095396996 0
1731957502709 0.02217588573694229 0
1731957518115 0.022441761568188667 0
1731957533397 0.022280186414718628 0
1731957548801 0.022577373310923576 0
1731957564087 0.02158432826399803 0
1731957579480 0.023106317967176437 0
1731957594765 0.02186286263167858 0
1731957610183 0.022310681641101837 0
1731957625462 0.0222767423838377 0
1731957640843 0.022991202771663666 0
1731957656125 0.02276928350329399 0
1731957671491 0.022226333618164062 0
1731957686765 0.021315868943929672 0
1731957702149 0.021276619285345078 0
1731957717413 0.02163262479007244 0
1731957733134 0.02232871949672699 0
1731957748410 0.022649690508842468 0
1731957763795 0.0224134624004364 0
1731957779056 0.022249501198530197 0
1731957794410 0.021190792322158813 0
1731957809662 0.02176354080438614 0
1731957825025 0.021428287029266357 0
1731957840288 0.021612823009490967 0
1731957855647 0.020416125655174255 0
1731957870887 0.02139848843216896 0
1731957886234 0.021680748090147972 0
1731957901489 0.021267279982566833 0
1731957916850 0.0212874673306942 0
1731957932089 0.02164485678076744 0
1731957947428 0.021338406950235367 0
1731957963009 0.02116873860359192 0
1731957978366 0.021142132580280304 0
1731957993619 0.020833346992731094 0
1731958008976 0.020268619060516357 0
1731958024210 0.02051503211259842 0
1731958039569 0.020782923325896263 0
1731958054824 0.021040629595518112 0
1731958070160 0.021139640361070633 0
1731958085436 0.020088529214262962 0
1731958100802 0.02073541469871998 0
1731958116056 0.02066749520599842 0
1731958131410 0.02042822539806366 0
1731958146640 0.02050279825925827 0
1731958161988 0.020043110474944115 0
1731958177236 0.02070065774023533 0
