1731954690572 0.0004886771203018725 0
1731954710445 0.0002673804119694978 0
1731954730372 0.0002661648322828114 0
1731954750411 0.0002109256893163547 0
1731954770388 0.00029231375083327293 0
1731954790466 0.0002629874798003584 0
1731954810432 0.00032844365341588855 0
1731954830514 0.00035726456553675234 0
1731954850467 0.00031756109092384577 0
1731954870521 0.0003966973745264113 0
1731954890492 0.00037343698204495013 0
1731954910565 0.0003468907671049237 0
1731954930525 0.0003192075528204441 0
1731954950607 0.0003627269179560244 0
1731954970529 0.0003605239908210933 0
1731954988221 0.00036017701495438814 0
1731955005920 0.0003924364864360541 0
1731955023596 0.0004122774116694927 0
1731955041266 0.0004503194650169462 0
1731955058949 0.00044645339949056506 0
1731955076629 0.0004393728740978986 0
1731955094328 0.000486033852212131 0
1731955111182 0.0003646154946181923 0
1731955127605 0.000422502460423857 0
1731955144137 0.0004980928497388959 0
1731955160663 0.00043727215961553156 0
1731955177211 0.0004513059393502772 0
1731955193646 0.0004425506922416389 0
1731955210178 0.0005258427700027823 0
1731955226745 0.0004526109551079571 0
1731955242547 0.0005377726047299802 0
1731955258358 0.0005746923270635307 0
1731955274181 0.0004516444751061499 0
1731955289984 0.0005325174424797297 0
1731955305791 0.0004928403650410473 0
1731955321621 0.0005653042462654412 0
1731955337421 0.0005541988648474216 0
1731955352804 0.0004897231119684875 0
1731955368181 0.0005210342933423817 0
1731955383460 0.0005725758383050561 0
1731955398847 0.000528465025126934 0
1731955414127 0.0005511309718713164 0
1731955429501 0.0005296098534017801 0
1731955444791 0.0005951454513706267 0
1731955460503 0.0005338030168786645 0
1731955475801 0.0005657917936332524 0
1731955491190 0.0005664501804858446 0
1731955506473 0.0005631896201521158 0
1731955521848 0.0005533486837521195 0
1731955537135 0.0006078188889659941 0
1731955552506 0.0005673146806657314 0
1731955567781 0.0006065110792405903 0
1731955583168 0.0005895121139474213 0
1731955598471 0.000621740473434329 0
1731955613839 0.0005543781444430351 0
1731955629118 0.0005838024662807584 0
1731955644504 0.0006258712382987142 0
1731955659787 0.0006396853132173419 0
1731955675165 0.0005529475165531039 0
1731955690741 0.0005560163408517838 0
1731955706135 0.0005239900201559067 0
1731955721421 0.000585883972235024 0
1731955736801 0.0006223423988558352 0
1731955752059 0.0005926043959334493 0
1731955767426 0.0005633642431348562 0
1731955782705 0.000616726407315582 0
1731955798076 0.0006092475960031152 0
1731955813358 0.0005974870873615146 0
1731955828742 0.0005113406223244965 0
1731955844014 0.0006433691596612334 0
1731955859388 0.0005263016792014241 0
1731955874664 0.0005656789289787412 0
1731955890048 0.0006211042637005448 0
1731955905341 0.0006146561936475337 0
1731955921049 0.0005338124465197325 0
1731955936322 0.0006007205229252577 0
1731955951696 0.0006370565388351679 0
1731955966983 0.0006703867111355066 0
1731955982372 0.0006715821800753474 0
1731955997634 0.0006262245588004589 0
1731956013015 0.0006415800889953971 0
1731956028268 0.0005959717673249543 0
1731956043643 0.0005857053329236805 0
1731956058921 0.0006116973236203194 0
1731956074293 0.0006369258626364172 0
1731956089565 0.0005753327859565616 0
1731956104968 0.000538115855306387 0
1731956120256 0.0006197033217176795 0
1731956135960 0.0006480870069935918 0
1731956151253 0.0005845230771228671 0
1731956166635 0.0006156017770990729 0
1731956181916 0.0006235032924450934 0
1731956197288 0.0006623512599617243 0
1731956212561 0.0006976299919188023 0
1731956227939 0.0005711115663871169 0
1731956243214 0.0006092878757044673 0
1731956258590 0.000618478748947382 0
1731956273880 0.0006158415926620364 0
1731956289278 0.0006372370407916605 0
1731956304549 0.000601820123847574 0
1731956319938 0.000663707556668669 0
1731956335210 0.0006394048687070608 0
1731956350595 0.0006125048385001719 0
1731956366196 0.0006477049319073558 0
1731956381604 0.0005883903941139579 0
1731956396869 0.0007017766474746168 0
1731956412279 0.0007380949100479484 0
1731956427561 0.0006529430393129587 0
1731956442958 0.0006875057006254792 0
1731956458229 0.000674049137160182 0
1731956473639 0.0006522391922771931 0
1731956488931 0.0007069070124998689 0
1731956504306 0.0006826460012234747 0
1731956519594 0.0006980110774748027 0
1731956534976 0.0006613828591071069 0
1731956550262 0.0006447462947107852 0
1731956565635 0.0006792817730456591 0
1731956580910 0.0006899337749928236 0
1731956596599 0.0006093778647482395 0
1731956611862 0.0006144993822090328 0
1731956627244 0.0006105616921558976 0
1731956642536 0.000659464334603399 0
1731956657911 0.0006474625552073121 0
1731956673198 0.0006806860910728574 0
1731956688585 0.0006340616382658482 0
1731956703877 0.0006643352680839598 0
1731956719270 0.0006473739631474018 0
1731956734556 0.0007323643658310175 0
1731956749947 0.0006761503755114973 0
1731956765238 0.0006956147844903171 0
1731956780630 0.0007188621675595641 0
1731956795917 0.0007199288229458034 0
1731956811294 0.0006358044338412583 0
1731956826910 0.0006547138327732682 0
1731956842278 0.0006379314581863582 0
1731956857564 0.0006398768164217472 0
1731956872923 0.0006401408463716507 0
1731956888207 0.0007445095689035952 0
1731956903587 0.000697141163982451 0
1731956918880 0.0006605942035093904 0
1731956934256 0.0006307356525212526 0
1731956949530 0.0006690053269267082 0
1731956964908 0.0006759552052244544 0
1731956980204 0.0006659043719992042 0
1731956995607 0.0007297605625353754 0
1731957010919 0.0006260293303057551 0
1731957026297 0.000671406218316406 0
1731957041592 0.0006466732011176646 0
1731957057309 0.0005974892410449684 0
1731957072607 0.000713846180588007 0
1731957087980 0.0006918293656781316 0
1731957103253 0.0007435173611156642 0
1731957118627 0.0006239800131879747 0
1731957133907 0.0006379313999786973 0
1731957149299 0.0006481488235294819 0
1731957164572 0.0006637271144427359 0
1731957179991 0.0006748039741069078 0
1731957195292 0.000668896536808461 0
1731957210663 0.000645812542643398 0
1731957225968 0.0006346381851471961 0
1731957241366 0.0006489654188044369 0
1731957256643 0.0007096953340806067 0
1731957272345 0.0007512501906603575 0
1731957287635 0.0007504658424295485 0
1731957303044 0.0006439286516979337 0
1731957318320 0.0007167891599237919 0
1731957333712 0.0007098320638760924 0
1731957348993 0.0007802183390595019 0
1731957364391 0.0007158354273997247 0
1731957379689 0.0006640395149588585 0
1731957395095 0.0007205723668448627 0
1731957410386 0.0006675059557892382 0
1731957425776 0.0007016081945039332 0
1731957441069 0.0006730368477292359 0
1731957456475 0.0007066687103360891 0
1731957471751 0.0006784932338632643 0
1731957487140 0.0007212745840661228 0
1731957502712 0.0006970780668780208 0
1731957518117 0.0006713020848110318 0
1731957533399 0.0006833485094830394 0
1731957548803 0.0008076697704382241 0
1731957564089 0.0007295110845007002 0
1731957579482 0.0007414816645905375 0
1731957594767 0.0007349300431087613 0
1731957610185 0.0007286907639354467 0
1731957625464 0.0007062486838549376 0
1731957640845 0.0007414925494231284 0
1731957656127 0.0007110814331099391 0
1731957671494 0.0007161989342421293 0
1731957686768 0.0007759525906294584 0
1731957702151 0.0007030447013676167 0
1731957717415 0.0007183966226875782 0
1731957733137 0.0007750085787847638 0
1731957748412 0.000672139460220933 0
1731957763797 0.0006562269991263747 0
1731957779058 0.0007953579188324511 0
1731957794413 0.000770716869737953 0
1731957809664 0.0007313913083635271 0
1731957825027 0.0006740004173479974 0
1731957840291 0.0007223427528515458 0
1731957855649 0.000733862048946321 0
1731957870890 0.0007142937975004315 0
1731957886236 0.00072546920273453 0
1731957901491 0.0007476877071894705 0
1731957916852 0.0007274177041836083 0
1731957932091 0.0007008605170994997 0
1731957947430 0.0006773178465664387 0
1731957963011 0.0007501533254981041 0
1731957978368 0.0007182746194303036 0
1731957993621 0.0007459329208359122 0
1731958008979 0.0007172179175540805 0
1731958024212 0.0007184385322034359 0
1731958039571 0.0007819915190339088 0
1731958054826 0.000765631441026926 0
1731958070163 0.0007247372413985431 0
1731958085438 0.000695259717758745 0
1731958100804 0.000703217985574156 0
1731958116058 0.0007237982354126871 0
1731958131412 0.0007400740869343281 0
1731958146642 0.0007584989070892334 0
1731958161990 0.0007097558118402958 0
1731958177238 0.0007348491926677525 0
