1731954690570 19.465145111083984 0
1731954710441 20.660863876342773 0
1731954730368 21.246841430664062 0
1731954750408 21.337203979492188 0
1731954770385 21.276912689208984 0
1731954790463 21.312856674194336 0
1731954810429 22.015155792236328 0
1731954830511 21.66507911682129 0
1731954850465 22.365507125854492 0
1731954870519 21.75530433654785 0
1731954890489 22.082561492919922 0
1731954910563 22.394411087036133 0
1731954930523 22.470142364501953 0
1731954950605 22.74110221862793 0
1731954970527 23.385787963867188 0
1731954988219 23.018104553222656 0
1731955005917 22.688608169555664 0
1731955023594 22.725379943847656 0
1731955041264 23.231298446655273 0
1731955058946 23.08083724975586 0
1731955076627 23.051780700683594 0
1731955094326 23.00831413269043 0
1731955111179 23.317035675048828 0
1731955127603 23.266786575317383 0
1731955144134 22.610855102539062 0
1731955160661 23.712690353393555 0
1731955177209 23.230236053466797 0
1731955193644 23.09617042541504 0
1731955210176 22.97153091430664 0
1731955226742 23.607561111450195 0
1731955242544 23.004283905029297 0
1731955258355 22.755836486816406 0
1731955274179 23.508176803588867 0
1731955289981 23.747589111328125 0
1731955305789 22.835208892822266 0
1731955321619 23.16495704650879 0
1731955337419 23.338729858398438 0
1731955352802 23.926008224487305 0
1731955368179 23.84994125366211 0
1731955383458 23.664615631103516 0
1731955398845 23.534374237060547 0
1731955414125 23.183116912841797 0
1731955429499 23.654422760009766 0
1731955444789 24.039234161376953 0
1731955460500 24.0218563079834 0
1731955475799 23.820995330810547 0
1731955491187 23.572956085205078 0
1731955506471 23.647891998291016 0
1731955521845 23.566347122192383 0
1731955537133 23.43608856201172 0
1731955552504 23.8056697845459 0
1731955567778 23.698026657104492 0
1731955583166 23.969844818115234 0
1731955598469 23.714445114135742 0
1731955613837 24.061737060546875 0
1731955629116 24.075992584228516 0
1731955644502 24.385318756103516 0
1731955659785 23.7884578704834 0
1731955675161 24.230703353881836 0
1731955690739 23.720348358154297 0
1731955706132 23.167377471923828 0
1731955721419 24.036630630493164 0
1731955736798 23.86993408203125 0
1731955752057 24.0670108795166 0
1731955767424 24.681575775146484 0
1731955782703 24.27912712097168 0
1731955798073 24.028573989868164 0
1731955813356 24.42957878112793 0
1731955828740 24.57513427734375 0
1731955844011 24.003681182861328 0
1731955859385 25.175764083862305 0
1731955874662 24.016515731811523 0
1731955890045 24.337011337280273 0
1731955905338 24.46193504333496 0
1731955921047 25.618663787841797 0
1731955936320 24.21663475036621 0
1731955951694 24.24355697631836 0
1731955966980 24.51365852355957 0
1731955982370 24.813995361328125 0
1731955997632 25.16351318359375 0
1731956013012 24.823341369628906 0
1731956028265 24.8228759765625 0
1731956043641 24.504953384399414 0
1731956058919 24.604068756103516 0
1731956074290 24.032899856567383 0
1731956089563 24.799449920654297 0
1731956104966 24.509191513061523 0
1731956120254 25.908273696899414 0
1731956135958 24.63170623779297 0
1731956151251 25.604951858520508 0
1731956166633 24.40821647644043 0
1731956181914 24.958467483520508 0
1731956197286 24.979074478149414 0
1731956212559 24.653764724731445 0
1731956227937 24.70343589782715 0
1731956243212 25.700321197509766 0
1731956258588 25.277559280395508 0
1731956273878 25.404998779296875 0
1731956289276 25.412687301635742 0
1731956304547 24.772371292114258 0
1731956319936 25.427976608276367 0
1731956335208 25.527843475341797 0
1731956350593 25.1497859954834 0
1731956366193 25.33974266052246 0
1731956381602 25.19466209411621 0
1731956396867 25.724132537841797 0
1731956412277 25.241153717041016 0
1731956427558 25.299463272094727 0
1731956442956 24.98636817932129 0
1731956458225 25.043304443359375 0
1731956473636 25.078527450561523 0
1731956488929 25.566404342651367 0
1731956504303 25.219972610473633 0
1731956519591 25.45281982421875 0
1731956534972 25.248493194580078 0
1731956550260 25.38132095336914 0
1731956565633 25.76152801513672 0
1731956580908 25.537614822387695 0
1731956596597 25.483867645263672 0
1731956611860 26.006053924560547 0
1731956627242 25.71755027770996 0
1731956642534 25.53937339782715 0
1731956657908 25.911218643188477 0
1731956673196 26.453489303588867 0
1731956688583 25.896516799926758 0
1731956703874 25.748138427734375 0
1731956719268 26.212541580200195 0
1731956734554 25.371623992919922 0
1731956749945 25.4086856842041 0
1731956765236 25.947406768798828 0
1731956780628 25.29084587097168 0
1731956795915 26.8151798248291 0
1731956811292 25.584230422973633 0
1731956826908 25.676713943481445 0
1731956842276 25.464553833007812 0
1731956857562 25.881370544433594 0
1731956872920 25.725122451782227 0
1731956888205 25.9559326171875 0
1731956903585 25.419769287109375 0
1731956918878 25.452831268310547 0
1731956934253 25.726083755493164 0
1731956949528 25.45148468017578 0
1731956964906 25.24073600769043 0
1731956980202 25.78038787841797 0
1731956995604 25.89387321472168 0
1731957010917 25.6242733001709 0
1731957026295 25.787797927856445 0
1731957041589 25.822195053100586 0
1731957057307 26.013355255126953 0
1731957072605 26.232332229614258 0
1731957087978 25.791330337524414 0
1731957103250 25.895837783813477 0
1731957118625 26.238224029541016 0
1731957133905 25.39350700378418 0
1731957149297 26.50551986694336 0
1731957164569 25.795974731445312 0
1731957179989 26.26752281188965 0
1731957195290 26.08155059814453 0
1731957210661 25.518037796020508 0
1731957225965 25.83938980102539 0
1731957241364 26.532569885253906 0
1731957256641 26.424068450927734 0
1731957272343 25.66616439819336 0
1731957287633 26.602359771728516 0
1731957303042 26.526891708374023 0
1731957318318 26.321779251098633 0
1731957333709 25.882736206054688 0
1731957348991 26.11933708190918 0
1731957364389 26.39464569091797 0
1731957379687 26.63844108581543 0
1731957395093 26.025611877441406 0
1731957410384 26.74601173400879 0
1731957425774 26.210298538208008 0
1731957441066 26.230762481689453 0
1731957456473 26.239553451538086 0
1731957471749 26.00852394104004 0
1731957487138 25.970279693603516 0
1731957502709 26.218795776367188 0
1731957518115 26.2970027923584 0
1731957533397 26.918386459350586 0
1731957548801 26.014991760253906 0
1731957564087 26.61350440979004 0
1731957579480 26.829469680786133 0
1731957594765 26.52545166015625 0
1731957610183 26.08232307434082 0
1731957625462 26.274627685546875 0
1731957640843 26.382741928100586 0
1731957656125 26.431339263916016 0
1731957671491 26.24932861328125 0
1731957686765 26.499635696411133 0
1731957702149 26.8114070892334 0
1731957717413 26.925800323486328 0
1731957733134 26.653783798217773 0
1731957748410 26.550582885742188 0
1731957763795 26.395023345947266 0
1731957779056 26.931453704833984 0
1731957794410 26.816253662109375 0
1731957809662 26.741151809692383 0
1731957825025 26.49030113220215 0
1731957840288 26.28721809387207 0
1731957855647 27.142080307006836 0
1731957870887 26.754472732543945 0
1731957886234 26.37436866760254 0
1731957901489 26.841777801513672 0
1731957916850 26.972814559936523 0
1731957932089 26.946701049804688 0
1731957947428 26.460329055786133 0
1731957963009 27.187454223632812 0
1731957978366 27.299270629882812 0
1731957993619 27.15411949157715 0
1731958008976 26.41960334777832 0
1731958024210 26.40406608581543 0
1731958039569 27.26035499572754 0
1731958054824 26.950828552246094 0
1731958070160 27.075075149536133 0
1731958085436 26.82411003112793 0
1731958100802 27.252635955810547 0
1731958116056 27.625974655151367 0
1731958131410 27.461217880249023 0
1731958146640 26.63894271850586 0
1731958161988 26.828691482543945 0
1731958177236 27.022384643554688 0
