1731954690572 0.011310592293739319 0
1731954710445 0.008588425815105438 0
1731954730372 0.007504395674914122 0
1731954750411 0.007349866442382336 0
1731954770388 0.007452612742781639 0
1731954790466 0.007391186431050301 0
1731954810432 0.006287591066211462 0
1731954830514 0.006815408356487751 0
1731954850467 0.005800285376608372 0
1731954870521 0.006675281561911106 0
1731954890492 0.006190757267177105 0
1731954910565 0.005761808715760708 0
1731954930525 0.005662207957357168 0
1731954950607 0.005319731310009956 0
1731954970529 0.004585864022374153 0
1731954988221 0.004991022404283285 0
1731955005920 0.005384421907365322 0
1731955023596 0.0053390259854495525 0
1731955041266 0.004751930013298988 0
1731955058949 0.004919445142149925 0
1731955076629 0.004952469374984503 0
1731955094328 0.005002287682145834 0
1731955111182 0.004659039434045553 0
1731955127605 0.0047132596373558044 0
1731955144137 0.005481689237058163 0
1731955160663 0.004253346007317305 0
1731955177211 0.004753091838210821 0
1731955193646 0.004902107175439596 0
1731955210178 0.005044835619628429 0
1731955226745 0.004357563331723213 0
1731955242547 0.0050069293938577175 0
1731955258358 0.005301713943481445 0
1731955274181 0.004458432085812092 0
1731955289984 0.004219304770231247 0
1731955305791 0.005205697845667601 0
1731955321621 0.004825077019631863 0
1731955337421 0.004635822493582964 0
1731955352804 0.0040494780987501144 0
1731955368181 0.004121030680835247 0
1731955383460 0.004300691187381744 0
1731955398847 0.004431618843227625 0
1731955414127 0.004804942756891251 0
1731955429501 0.0043107978999614716 0
1731955444791 0.003945269621908665 0
1731955460503 0.003961086273193359 0
1731955475801 0.004148588515818119 0
1731955491190 0.004392423667013645 0
1731955506473 0.004317285027354956 0
1731955521848 0.00439911475405097 0
1731955537135 0.004533056635409594 0
1731955552506 0.004163255449384451 0
1731955567781 0.00426773214712739 0
1731955583168 0.004008810501545668 0
1731955598471 0.004251629114151001 0
1731955613839 0.0039248778484761715 0
1731955629118 0.003912015818059444 0
1731955644504 0.0036430738400667906 0
1731955659787 0.004179786425083876 0
1731955675165 0.0037751111667603254 0
1731955690741 0.00424585398286581 0
1731955706135 0.004822387360036373 0
1731955721421 0.003947634715586901 0
1731955736801 0.004102102015167475 0
1731955752059 0.003920115530490875 0
1731955767426 0.003402846399694681 0
1731955782705 0.003733250079676509 0
1731955798076 0.003954963758587837 0
1731955813358 0.003606134559959173 0
1731955828742 0.0034872768446803093 0
1731955844014 0.00397769920527935 0
1731955859388 0.0030368517618626356 0
1731955874664 0.003965959884226322 0
1731955890048 0.0036838240921497345 0
1731955905341 0.0035793688148260117 0
1731955921049 0.002742416923865676 0
1731955936322 0.003787358058616519 0
1731955951696 0.0037639541551470757 0
1731955966983 0.003536991775035858 0
1731955982372 0.003300655633211136 0
1731955997634 0.003045429475605488 0
1731956013015 0.003293560352176428 0
1731956028268 0.003293914720416069 0
1731956043643 0.0035440882202237844 0
1731956058921 0.0034641199745237827 0
1731956074293 0.003951025195419788 0
1731956089565 0.003311729757115245 0
1731956104968 0.003540631150826812 0
1731956120256 0.002565501956269145 0
1731956135960 0.003442145884037018 0
1731956151253 0.0027510900981724262 0
1731956166635 0.0036239176988601685 0
1731956181916 0.0031926638912409544 0
1731956197288 0.0031775503885000944 0
1731956212561 0.003424706868827343 0
1731956227939 0.00338576128706336 0
1731956243214 0.002691335044801235 0
1731956258590 0.002966496627777815 0
1731956273880 0.002880712738260627 0
1731956289278 0.0028756181709468365 0
1731956304549 0.003332442371174693 0
1731956319938 0.0028655133210122585 0
1731956335210 0.0028003703337162733 0
1731956350595 0.0030550709925591946 0
1731956366196 0.0029243258759379387 0
1731956381604 0.0030236649326980114 0
1731956396869 0.002676619915291667 0
1731956412279 0.0029914691112935543 0
1731956427561 0.0029515735805034637 0
1731956442958 0.0031722187995910645 0
1731956458229 0.0031309016048908234 0
1731956473639 0.0031056113075464964 0
1731956488931 0.002775616943836212 0
1731956504306 0.003006093902513385 0
1731956519594 0.0028491667471826077 0
1731956534976 0.0029864180833101273 0
1731956550262 0.0028964614029973745 0
1731956565635 0.002653671894222498 0
1731956580910 0.002794077154248953 0
1731956596599 0.0028288708999753 0
1731956611862 0.0025083874352276325 0
1731956627244 0.002680679317563772 0
1731956642536 0.0027929465286433697 0
1731956657911 0.0025637636426836252 0
1731956673198 0.0022628249134868383 0
1731956688585 0.0025724577717483044 0
1731956703877 0.0026618652045726776 0
1731956719270 0.0023919143714010715 0
1731956734556 0.002902937587350607 0
1731956749947 0.002878268714994192 0
1731956765238 0.0025424910709261894 0
1731956780630 0.0029574353247880936 0
1731956795917 0.0020820058416575193 0
1731956811294 0.0027642473578453064 0
1731956826910 0.0027060057036578655 0
1731956842278 0.0028414789121598005 0
1731956857564 0.002581445500254631 0
1731956872923 0.002676009200513363 0
1731956888207 0.00253750360570848 0
1731956903587 0.0028709322214126587 0
1731956918880 0.0028491595294326544 0
1731956934256 0.002675417810678482 0
1731956949530 0.0028500433545559645 0
1731956964908 0.0029917568899691105 0
1731956980204 0.0026421728543937206 0
1731956995607 0.002574023324996233 0
1731957010919 0.0027388781309127808 0
1731957026297 0.002637668279930949 0
1731957041592 0.0026168599724769592 0
1731957057309 0.0025041732005774975 0
1731957072607 0.0023810400161892176 0
1731957087980 0.002635523211210966 0
1731957103253 0.002572861034423113 0
1731957118627 0.002377812284976244 0
1731957133907 0.00288834678940475 0
1731957149299 0.0022358770947903395 0
1731957164572 0.002632705494761467 0
1731957179991 0.0023618252016603947 0
1731957195292 0.002465157536789775 0
1731957210663 0.002806700300425291 0
1731957225968 0.00260651926510036 0
1731957241366 0.00222199410200119 0
1731957256643 0.0022782068699598312 0
1731957272345 0.0027125857304781675 0
1731957287635 0.0021865726448595524 0
1731957303044 0.002224901458248496 0
1731957318320 0.002332502044737339 0
1731957333712 0.0025806333869695663 0
1731957348993 0.0024438034743070602 0
1731957364391 0.0022936933673918247 0
1731957379689 0.0021684817038476467 0
1731957395095 0.0024971149396151304 0
1731957410386 0.002115430776029825 0
1731957425776 0.002393151633441448 0
1731957441069 0.002381900791078806 0
1731957456475 0.0023770842235535383 0
1731957471751 0.0025069606490433216 0
1731957487140 0.002529135439544916 0
1731957502712 0.0023884724359959364 0
1731957518117 0.002345846500247717 0
1731957533399 0.0020331121049821377 0
1731957548803 0.0025032302364706993 0
1731957564089 0.0021809693425893784 0
1731957579482 0.002075166441500187 0
1731957594767 0.002225638600066304 0
1731957610185 0.002464719582349062 0
1731957625464 0.002357964403927326 0
1731957640845 0.0022999891079962254 0
1731957656127 0.0022743958979845047 0
1731957671494 0.0023717391304671764 0
1731957686768 0.002238908316940069 0
1731957702151 0.00208381493575871 0
1731957717415 0.0020296438597142696 0
1731957733137 0.002160834614187479 0
1731957748412 0.0022127977572381496 0
1731957763797 0.0022934938315302134 0
1731957779058 0.0020270030945539474 0
1731957794413 0.002081491518765688 0
1731957809664 0.0021177988965064287 0
1731957825027 0.0022437258157879114 0
1731957840291 0.002351138275116682 0
1731957855649 0.0019310427596792579 0
1731957870890 0.0021113127004355192 0
1731957886236 0.0023044277913868427 0
1731957901491 0.0020692930556833744 0
1731957916852 0.00200778990983963 0
1731957932091 0.0020198989659547806 0
1731957947430 0.0022592637687921524 0
1731957963011 0.0019109733402729034 0
1731957978368 0.001862399629317224 0
1731957993621 0.001925696968100965 0
1731958008979 0.002280549379065633 0
1731958024212 0.0022887233644723892 0
1731958039571 0.0018791633192449808 0
1731958054826 0.00201798090711236 0
1731958070163 0.001961067086085677 0
1731958085438 0.002077729208394885 0
1731958100804 0.0018825056031346321 0
1731958116058 0.001727437600493431 0
1731958131412 0.0017942305421456695 0
1731958146642 0.0021682321093976498 0
1731958161990 0.0020755387376993895 0
1731958177238 0.0019850044045597315 0
