1731954690572 0.0007225079461932182 0
1731954710445 0.00043122845818288624 0
1731954730372 0.000408699968829751 0
1731954750411 0.0004064830136485398 0
1731954770388 0.00039581218152306974 0
1731954790466 0.00045607687206938863 0
1731954810432 0.0004017846076749265 0
1731954830514 0.00036448167520575225 0
1731954850467 0.0004032959113828838 0
1731954870521 0.00040094018913805485 0
1731954890492 0.0004358026199042797 0
1731954910565 0.0005468119634315372 0
1731954930525 0.000710532593075186 0
1731954950607 0.0003420726861804724 0
1731954970529 0.000316623249091208 0
1731954988221 0.0003435410908423364 0
1731955005920 0.0002988824271596968 0
1731955023596 0.0003692561876960099 0
1731955041266 0.00046159938210621476 0
1731955058949 0.0004617960366886109 0
1731955076629 0.0004220227710902691 0
1731955094328 0.00031794299138709903 0
1731955111182 0.0003079929738305509 0
1731955127605 0.0003587622195482254 0
1731955144137 0.00033632537815719843 0
1731955160663 0.0003328215971123427 0
1731955177211 0.00034570792922750115 0
1731955193646 0.0003871919179800898 0
1731955210178 0.00033871608320623636 0
1731955226745 0.00029551994521170855 0
1731955242547 0.00034986643004231155 0
1731955258358 0.0003321453114040196 0
1731955274181 0.0003645668039098382 0
1731955289984 0.00037411635275930166 0
1731955305791 0.00034411047818139195 0
1731955321621 0.000369083893019706 0
1731955337421 0.0003634704335127026 0
1731955352804 0.0003405650204513222 0
1731955368181 0.0003678415669128299 0
1731955383460 0.00029727991204708815 0
1731955398847 0.0003202224906999618 0
1731955414127 0.00031190557638183236 0
1731955429501 0.00040744320722296834 0
1731955444791 0.00032599602127447724 0
1731955460503 0.0003605390666052699 0
1731955475801 0.00038519519148394465 0
1731955491190 0.0002813039463944733 0
1731955506473 0.00033741601509973407 0
1731955521848 0.00030006561428308487 0
1731955537135 0.0002819026121869683 0
1731955552506 0.0003517275326885283 0
1731955567781 0.00033474527299404144 0
1731955583168 0.00036275447928346694 0
1731955598471 0.00027681587380357087 0
1731955613839 0.00030433095525950193 0
1731955629118 0.00029345002258196473 0
1731955644504 0.0002644796622917056 0
1731955659787 0.00027483096346259117 0
1731955675165 0.00027314346516504884 0
1731955690741 0.0003064721531700343 0
1731955706135 0.0003441482549533248 0
1731955721421 0.00028566556284204125 0
1731955736801 0.00029338820604607463 0
1731955752059 0.00030015321681275964 0
1731955767426 0.00027518963906913996 0
1731955782705 0.00029565280419774354 0
1731955798076 0.00024772557662799954 0
1731955813358 0.00027608696836978197 0
1731955828742 0.000278520310530439 0
1731955844014 0.0003009575011674315 0
1731955859388 0.0003250899026170373 0
1731955874664 0.00024737135390751064 0
1731955890048 0.0002958426484838128 0
1731955905341 0.0002557440893724561 0
1731955921049 0.000295270758215338 0
1731955936322 0.00026182623696513474 0
1731955951696 0.0002585463225841522 0
1731955966983 0.00029161752900108695 0
1731955982372 0.00027100276201963425 0
1731955997634 0.00025190156884491444 0
1731956013015 0.00027804277488030493 0
1731956028268 0.0002740182972047478 0
1731956043643 0.0002423692203592509 0
1731956058921 0.0002533587976358831 0
1731956074293 0.00026263180188834667 0
1731956089565 0.00025307689793407917 0
1731956104968 0.00027707908884622157 0
1731956120256 0.0003080802853219211 0
1731956135960 0.00023792899446561933 0
1731956151253 0.0002282848727190867 0
1731956166635 0.00026636809343472123 0
1731956181916 0.0002466647420078516 0
1731956197288 0.00022379940492101014 0
1731956212561 0.00025321237626485527 0
1731956227939 0.00024072479573078454 0
1731956243214 0.0002796890330500901 0
1731956258590 0.0002532839425839484 0
1731956273880 0.0002509219048079103 0
1731956289278 0.000249655160587281 0
1731956304549 0.00026524675195105374 0
1731956319938 0.00028146966360509396 0
1731956335210 0.00027639640029519796 0
1731956350595 0.0002391816524323076 0
1731956366196 0.00024220392515417188 0
1731956381604 0.0002535137173254043 0
1731956396869 0.0002439609816065058 0
1731956412279 0.00025882746558636427 0
1731956427561 0.00025738112162798643 0
1731956442958 0.0002447289298288524 0
1731956458229 0.00025424384512007236 0
1731956473639 0.00025162185193039477 0
1731956488931 0.0002344568638363853 0
1731956504306 0.0002478649257682264 0
1731956519594 0.000286917551420629 0
1731956534976 0.00030529132345691323 0
1731956550262 0.00024546077474951744 0
1731956565635 0.0002630322996992618 0
1731956580910 0.0002540423593018204 0
1731956596599 0.0003002291778102517 0
1731956611862 0.00020858002244494855 0
1731956627244 0.0002512149512767792 0
1731956642536 0.00024026045866776258 0
1731956657911 0.0003041803138330579 0
1731956673198 0.00023390073329210281 0
1731956688585 0.0002187857317039743 0
1731956703877 0.0002102506550727412 0
1731956719270 0.00021929449576418847 0
1731956734556 0.0002524040755815804 0
1731956749947 0.0002550355566199869 0
1731956765238 0.000255775754339993 0
1731956780630 0.000272090284852311 0
1731956795917 0.0002722500648815185 0
1731956811294 0.0002150917425751686 0
1731956826910 0.00023800722556188703 0
1731956842278 0.00026076240465044975 0
1731956857564 0.0002682481426745653 0
1731956872923 0.00022519340564031154 0
1731956888207 0.00024379283422604203 0
1731956903587 0.00021555175771936774 0
1731956918880 0.000269167881924659 0
1731956934256 0.0002676628064364195 0
1731956949530 0.00024198897881433368 0
1731956964908 0.00025793351233005524 0
1731956980204 0.00023186781618278474 0
1731956995607 0.00022041209740564227 0
1731957010919 0.00021914196258876473 0
1731957026297 0.00021403966820798814 0
1731957041592 0.00021312269382178783 0
1731957057309 0.0002145968028344214 0
1731957072607 0.00021708015992771834 0
1731957087980 0.00023583440633956343 0
1731957103253 0.00021808571182191372 0
1731957118627 0.00023518312082160264 0
1731957133907 0.00023290784156415612 0
1731957149299 0.00024801844847388566 0
1731957164572 0.00021002747234888375 0
1731957179991 0.0002484044525772333 0
1731957195292 0.00023597681138198823 0
1731957210663 0.00023247921490110457 0
1731957225968 0.00024493542150594294 0
1731957241366 0.00021661976643372327 0
1731957256643 0.00021551514510065317 0
1731957272345 0.00023436362971551716 0
1731957287635 0.00023227397468872368 0
1731957303044 0.00022746316972188652 0
1731957318320 0.00021019828272983432 0
1731957333712 0.00021981392637826502 0
1731957348993 0.00022813706891611218 0
1731957364391 0.0002153469540644437 0
1731957379689 0.00021270252182148397 0
1731957395095 0.00021942175226286054 0
1731957410386 0.0002255740255350247 0
1731957425776 0.0002135501563316211 0
1731957441069 0.00021744570403825492 0
1731957456475 0.00022819836158305407 0
1731957471751 0.00021738465875387192 0
1731957487140 0.00021809901227243245 0
1731957502712 0.00023290415992960334 0
1731957518117 0.00021432590438053012 0
1731957533399 0.00021919183200225234 0
1731957548803 0.0001924779498949647 0
1731957564089 0.00024418614339083433 0
1731957579482 0.0002117567928507924 0
1731957594767 0.00024547812063246965 0
1731957610185 0.00020765246881637722 0
1731957625464 0.0001933842577273026 0
1731957640845 0.00020062296243850142 0
1731957656127 0.0002393720205873251 0
1731957671494 0.00022163365792948753 0
1731957686768 0.00022778351558372378 0
1731957702151 0.0002133492089342326 0
1731957717415 0.00022453663405030966 0
1731957733137 0.00022492249263450503 0
1731957748412 0.00023326341761276126 0
1731957763797 0.00021128023217897862 0
1731957779058 0.00021095032570883632 0
1731957794413 0.0002325590467080474 0
1731957809664 0.00020412850426509976 0
1731957825027 0.00020982665591873229 0
1731957840291 0.00021797204681206495 0
1731957855649 0.00020182332082185894 0
1731957870890 0.0002250490360893309 0
1731957886236 0.00021632417337968946 0
1731957901491 0.0002027751470450312 0
1731957916852 0.00019804391195066273 0
1731957932091 0.0002238015877082944 0
1731957947430 0.0002565796603448689 0
1731957963011 0.0001936274056788534 0
1731957978368 0.0001873878645710647 0
1731957993621 0.0002109702181769535 0
1731958008979 0.00021208218822721392 0
1731958024212 0.000212086335523054 0
1731958039571 0.00020793353905901313 0
1731958054826 0.0002140127180609852 0
1731958070163 0.00021968342480249703 0
1731958085438 0.00020837533520534635 0
1731958100804 0.00021413550712168217 0
1731958116058 0.00022302712022792548 0
1731958131412 0.00023476776550523937 0
1731958146642 0.0002138633863069117 0
1731958161990 0.00022222058032639325 0
1731958177238 0.00023051600146573037 0
