1731849864509 0.01250612735748291 0
1731849889750 0.012960276566445827 0
1731849915289 0.013178536668419838 0
1731849941046 0.013479100540280342 0
1731849966667 0.013515397906303406 0
1731849992318 0.013688904233276844 0
1731850017892 0.013806696981191635 0
1731850043558 0.013920502737164497 0
1731850069136 0.013993777334690094 0
1731850095005 0.01429110486060381 0
1731850120732 0.01419695746153593 0
1731850146648 0.014375705271959305 0
1731850172422 0.01461819652467966 0
1731850198439 0.014317667111754417 0
1731850224299 0.01448782254010439 0
1731850247099 0.014575083740055561 0
1731850269941 0.014732389710843563 0
1731850292804 0.01455549243837595 0
1731850315685 0.014707556925714016 0
1731850338600 0.014515814371407032 0
1731850361569 0.015041333623230457 0
1731850384509 0.014941485598683357 0
1731850406311 0.01484166830778122 0
1731850427585 0.014964419417083263 0
1731850449022 0.014942808076739311 0
1731850470488 0.014971230179071426 0
1731850491966 0.014949288219213486 0
1731850513326 0.015159747563302517 0
1731850534818 0.014970129355788231 0
1731850556277 0.015216110274195671 0
1731850576823 0.015095572918653488 0
1731850597344 0.015223134309053421 0
1731850617877 0.015089885331690311 0
1731850638461 0.015160372480750084 0
1731850658974 0.015179989859461784 0
1731850679539 0.015204454772174358 0
1731850700075 0.015428823418915272 0
1731850720071 0.015374572947621346 0
1731850740070 0.015234307385981083 0
1731850759921 0.015328499488532543 0
1731850779940 0.015473783947527409 0
1731850799858 0.015471925027668476 0
1731850819867 0.015239217318594456 0
1731850839760 0.015420200303196907 0
1731850860191 0.015546304173767567 0
1731850880102 0.0154991764575243 0
1731850900140 0.015436402522027493 0
1731850920043 0.015600292943418026 0
1731850940111 0.015332512557506561 0
1731850960049 0.015284884721040726 0
1731850980124 0.015402274206280708 0
1731851000062 0.01519724354147911 0
1731851020173 0.015385040082037449 0
1731851040118 0.015350012108683586 0
1731851060217 0.015382525511085987 0
1731851080138 0.015484681352972984 0
1731851100254 0.015438833273947239 0
1731851120198 0.015368375927209854 0
1731851140287 0.015321699902415276 0
1731851160673 0.01549470517784357 0
1731851180836 0.015508795157074928 0
1731851200840 0.015347687527537346 0
1731851220980 0.015496429987251759 0
1731851240942 0.015486778691411018 0
1731851261088 0.015480002388358116 0
1731851281080 0.015412528067827225 0
1731851301228 0.01550030242651701 0
1731851321233 0.015463544055819511 0
1731851341373 0.015472956001758575 0
1731851361354 0.015550857409834862 0
1731851381493 0.01543879322707653 0
1731851401539 0.015482965856790543 0
1731851421681 0.015563181601464748 0
1731851441699 0.015501806512475014 0
1731851462319 0.01557606365531683 0
1731851482362 0.01556271594017744 0
1731851502527 0.015581522136926651 0
1731851522591 0.015581388026475906 0
1731851542789 0.015624088235199451 0
1731851562781 0.015679948031902313 0
1731851583016 0.015564900822937489 0
1731851603002 0.01546261552721262 0
1731851623169 0.015576195903122425 0
1731851643221 0.015448592603206635 0
1731851663409 0.015558730810880661 0
1731851683459 0.015586433932185173 0
1731851703668 0.015478226356208324 0
1731851723738 0.015591847710311413 0
1731851744622 0.015462115406990051 0
1731851764696 0.015438213013112545 0
1731851784891 0.015364675782620907 0
1731851804984 0.015598702244460583 0
1731851825196 0.015622696839272976 0
1731851845282 0.015546505339443684 0
1731851865539 0.015505102463066578 0
1731851885582 0.01558601763099432 0
1731851905814 0.015591857954859734 0
1731851925936 0.015536509454250336 0
1731851946179 0.015460050664842129 0
1731851966290 0.015556728467345238 0
1731851986569 0.015644120052456856 0
1731852006714 0.01541770901530981 0
1731852026992 0.01548205129802227 0
1731852047496 0.015553019940853119 0
1731852067762 0.015582755208015442 0
1731852087909 0.01553716417402029 0
1731852108223 0.01553107239305973 0
1731852128389 0.015528248623013496 0
1731852148640 0.015578757971525192 0
1731852168779 0.01561543345451355 0
1731852189103 0.015594319440424442 0
1731852209236 0.015494542196393013 0
1731852229474 0.015591614879667759 0
1731852249631 0.01556798443198204 0
1731852269942 0.015471132472157478 0
1731852290099 0.015491263940930367 0
1731852310390 0.01553436741232872 0
1731852330550 0.015572975389659405 0
1731852351176 0.015556837432086468 0
1731852371288 0.01552841067314148 0
1731852391583 0.015557453036308289 0
1731852411728 0.01559791062027216 0
1731852432057 0.015622544102370739 0
1731852452218 0.01562819443643093 0
1731852472503 0.015598759986460209 0
1731852492675 0.015552438795566559 0
1731852512940 0.015506859868764877 0
1731852533094 0.01562957838177681 0
1731852553423 0.01568598486483097 0
1731852573636 0.01567249745130539 0
1731852593997 0.015595660544931889 0
1731852614210 0.01561105065047741 0
1731852634533 0.0156199736520648 0
1731852655067 0.015486692078411579 0
1731852675411 0.015548763796687126 0
1731852695576 0.015706639736890793 0
1731852715897 0.015573136508464813 0
1731852736128 0.015525873750448227 0
1731852756504 0.015501621179282665 0
1731852776728 0.015561717562377453 0
1731852797047 0.015581049025058746 0
1731852817253 0.01570136658847332 0
1731852837648 0.01554712001234293 0
1731852857855 0.015535233542323112 0
1731852878205 0.01554194837808609 0
1731852898397 0.015586279332637787 0
1731852918736 0.015626393258571625 0
1731852938969 0.015547974966466427 0
1731852959678 0.015601355582475662 0
1731852979911 0.015528345480561256 0
1731853000212 0.015549663454294205 0
1731853020435 0.015583350323140621 0
1731853040829 0.015672573819756508 0
1731853061059 0.015662092715501785 0
1731853081420 0.015665827319025993 0
1731853101669 0.01561751589179039 0
1731853122044 0.015588358975946903 0
1731853142263 0.0156636331230402 0
1731853162652 0.015658177435398102 0
1731853182861 0.015701856464147568 0
1731853203255 0.015676164999604225 0
1731853223485 0.015644311904907227 0
1731853244207 0.015671860426664352 0
1731853264502 0.01566390134394169 0
1731853284877 0.015628507360816002 0
1731853305076 0.015709945932030678 0
1731853325456 0.015701444819569588 0
1731853345708 0.015609139576554298 0
1731853366073 0.015649113804101944 0
1731853386274 0.015733754262328148 0
1731853406720 0.015726976096630096 0
1731853426983 0.015653474256396294 0
1731853447358 0.01563405990600586 0
1731853467563 0.015637153759598732 0
1731853487941 0.0156453475356102 0
1731853508157 0.015684815123677254 0
1731853528558 0.015589135698974133 0
1731853549179 0.015612068586051464 0
1731853569594 0.015704650431871414 0
1731853589826 0.01565646007657051 0
1731853610197 0.015635620802640915 0
1731853630429 0.01563437469303608 0
1731853650809 0.015645937994122505 0
1731853671073 0.01564892940223217 0
1731853691464 0.01563214883208275 0
1731853711696 0.01569361984729767 0
1731853732082 0.015662936493754387 0
1731853752348 0.015749888494610786 0
1731853772777 0.015629222616553307 0
1731853793001 0.015634482726454735 0
1731853813406 0.015632515773177147 0
1731853833634 0.015587631613016129 0
1731853854467 0.015651732683181763 0
1731853874703 0.015700889751315117 0
1731853895083 0.015616844408214092 0
1731853915350 0.01570034772157669 0
1731853935731 0.015760116279125214 0
1731853955968 0.015705768018960953 0
1731853976359 0.015745719894766808 0
1731853996615 0.01564834453165531 0
1731854017038 0.015679357573390007 0
1731854037304 0.015700994059443474 0
1731854057720 0.015714915469288826 0
1731854077977 0.01562521606683731 0
1731854098375 0.015685010701417923 0
1731854118631 0.015628159046173096 0
1731854138957 0.015622510574758053 0
1731854159560 0.015636824071407318 0
1731854179959 0.015634404495358467 0
1731854200240 0.01564192771911621 0
1731854220658 0.01563023217022419 0
1731854240949 0.015687942504882812 0
1731854261326 0.015725038945674896 0
1731854281604 0.015672244131565094 0
1731854301931 0.015665020793676376 0
1731854322218 0.015691570937633514 0
1731854342656 0.015716619789600372 0
1731854362921 0.015644142404198647 0
1731854383328 0.015707096084952354 0
1731854403614 0.015665549784898758 0
1731854423996 0.015659794211387634 0
1731854444264 0.01572520099580288 0
