1731849864509 1.3384895324707031 0
1731849889750 1.332841396331787 0
1731849915289 1.2597774267196655 0
1731849941046 1.3684669733047485 0
1731849966667 1.3593186140060425 0
1731849992318 1.3660496473312378 0
1731850017892 1.2631512880325317 0
1731850043558 1.2760668992996216 0
1731850069136 1.3346242904663086 0
1731850095005 1.351919174194336 0
1731850120732 1.2215068340301514 0
1731850146648 1.3840168714523315 0
1731850172422 1.3694186210632324 0
1731850198439 1.4520093202590942 0
1731850224299 1.4499633312225342 0
1731850247099 1.4104230403900146 0
1731850269941 1.6521559953689575 0
1731850292804 1.4859760999679565 0
1731850315685 1.5082842111587524 0
1731850338600 1.4310450553894043 0
1731850361569 1.516243815422058 0
1731850384509 1.5612066984176636 0
1731850406311 1.5287977457046509 0
1731850427585 1.4714343547821045 0
1731850449022 1.536128282546997 0
1731850470488 1.6199910640716553 0
1731850491966 1.598200798034668 0
1731850513326 1.6049821376800537 0
1731850534818 1.5922738313674927 0
1731850556277 1.6436265707015991 0
1731850576823 1.6563522815704346 0
1731850597344 1.6027132272720337 0
1731850617877 1.5885668992996216 0
1731850638461 1.5877265930175781 0
1731850658974 1.604719638824463 0
1731850679539 1.6147453784942627 0
1731850700075 1.694277048110962 0
1731850720071 1.626800775527954 0
1731850740070 1.6358782052993774 0
1731850759921 1.6504782438278198 0
1731850779940 1.5713741779327393 0
1731850799858 1.6343580484390259 0
1731850819867 1.616042971611023 0
1731850839760 1.636144757270813 0
1731850860191 1.6813722848892212 0
1731850880102 1.641091227531433 0
1731850900140 1.6130999326705933 0
1731850920043 1.6207149028778076 0
1731850940111 1.5976823568344116 0
1731850960049 1.6267184019088745 0
1731850980124 1.652538776397705 0
1731851000062 1.6344717741012573 0
1731851020173 1.6207677125930786 0
1731851040118 1.6101324558258057 0
1731851060217 1.6389206647872925 0
1731851080138 1.5837801694869995 0
1731851100254 1.5828745365142822 0
1731851120198 1.7325857877731323 0
1731851140287 1.737782597541809 0
1731851160673 1.6154112815856934 0
1731851180836 1.5765525102615356 0
1731851200840 1.5653268098831177 0
1731851220980 1.6547133922576904 0
1731851240942 1.4814996719360352 0
1731851261088 1.6315935850143433 0
1731851281080 1.6048229932785034 0
1731851301228 1.632129192352295 0
1731851321233 1.658267617225647 0
1731851341373 1.6261773109436035 0
1731851361354 1.6593350172042847 0
1731851381493 1.6291077136993408 0
1731851401539 1.5310406684875488 0
1731851421681 1.6013929843902588 0
1731851441699 1.6237199306488037 0
1731851462319 1.5868234634399414 0
1731851482362 1.6018664836883545 0
1731851502527 1.639233946800232 0
1731851522591 1.6253142356872559 0
1731851542789 1.6495544910430908 0
1731851562781 1.577786922454834 0
1731851583016 1.5876034498214722 0
1731851603002 1.6291167736053467 0
1731851623169 1.5990175008773804 0
1731851643221 1.5273849964141846 0
1731851663409 1.5431981086730957 0
1731851683459 1.6183987855911255 0
1731851703668 1.6298387050628662 0
1731851723738 1.5919750928878784 0
1731851744622 1.599209189414978 0
1731851764696 1.6383346319198608 0
1731851784891 1.5587873458862305 0
1731851804984 1.6286349296569824 0
1731851825196 1.6316066980361938 0
1731851845282 1.6315810680389404 0
1731851865539 1.613572359085083 0
1731851885582 1.5983104705810547 0
1731851905814 1.6216367483139038 0
1731851925936 1.6192244291305542 0
1731851946179 1.6512154340744019 0
1731851966290 1.6001569032669067 0
1731851986569 1.5857349634170532 0
1731852006714 1.6209056377410889 0
1731852026992 1.583773136138916 0
1731852047496 1.5945253372192383 0
1731852067762 1.639031171798706 0
1731852087909 1.5963712930679321 0
1731852108223 1.6228753328323364 0
1731852128389 1.6278132200241089 0
1731852148640 1.6270554065704346 0
1731852168779 1.638219952583313 0
1731852189103 1.6016671657562256 0
1731852209236 1.6079376935958862 0
1731852229474 1.6104968786239624 0
1731852249631 1.6106576919555664 0
1731852269942 1.6081194877624512 0
1731852290099 1.6004005670547485 0
1731852310390 1.6221613883972168 0
1731852330550 1.5966298580169678 0
1731852351176 1.558638334274292 0
1731852371288 1.6046477556228638 0
1731852391583 1.6169204711914062 0
1731852411728 1.5989701747894287 0
1731852432057 1.6516799926757812 0
1731852452218 1.6129812002182007 0
1731852472503 1.6292996406555176 0
1731852492675 1.604304313659668 0
1731852512940 1.7055505514144897 0
1731852533094 1.5792189836502075 0
1731852553423 1.550074815750122 0
1731852573636 1.5561467409133911 0
1731852593997 1.5905407667160034 0
1731852614210 1.5751286745071411 0
1731852634533 1.5783052444458008 0
1731852655067 1.5854918956756592 0
1731852675411 1.6254762411117554 0
1731852695576 1.592970848083496 0
1731852715897 1.6194742918014526 0
1731852736128 1.646289587020874 0
1731852756504 1.6010080575942993 0
1731852776728 1.585403561592102 0
1731852797047 1.5605660676956177 0
1731852817253 1.5623500347137451 0
1731852837648 1.5504653453826904 0
1731852857855 1.5873584747314453 0
1731852878205 1.595512866973877 0
1731852898397 1.6108871698379517 0
1731852918736 1.5981166362762451 0
1731852938969 1.604686975479126 0
1731852959678 1.5969853401184082 0
1731852979911 1.6058588027954102 0
1731853000212 1.6384947299957275 0
1731853020435 1.5887904167175293 0
1731853040829 1.5307880640029907 0
1731853061059 1.5966333150863647 0
1731853081420 1.6021610498428345 0
1731853101669 1.545620322227478 0
1731853122044 1.592419981956482 0
1731853142263 1.5917383432388306 0
1731853162652 1.6396278142929077 0
1731853182861 1.585031270980835 0
1731853203255 1.5763559341430664 0
1731853223485 1.606014370918274 0
1731853244207 1.5939981937408447 0
1731853264502 1.5948402881622314 0
1731853284877 1.5899999141693115 0
1731853305076 1.583551049232483 0
1731853325456 1.597190260887146 0
1731853345708 1.557572364807129 0
1731853366073 1.591493010520935 0
1731853386274 1.5925936698913574 0
1731853406720 1.5748076438903809 0
1731853426983 1.5896902084350586 0
1731853447358 1.578102707862854 0
1731853467563 1.5728123188018799 0
1731853487941 1.5980284214019775 0
1731853508157 1.5367393493652344 0
1731853528558 1.5752205848693848 0
1731853549179 1.59342360496521 0
1731853569594 1.6029131412506104 0
1731853589826 1.5781738758087158 0
1731853610197 1.578446388244629 0
1731853630429 1.596740484237671 0
1731853650809 1.5918753147125244 0
1731853671073 1.565303921699524 0
1731853691464 1.6059613227844238 0
1731853711696 1.5389307737350464 0
1731853732082 1.5890506505966187 0
1731853752348 1.5870543718338013 0
1731853772777 1.5852326154708862 0
1731853793001 1.584277629852295 0
1731853813406 1.5877541303634644 0
1731853833634 1.5894887447357178 0
1731853854467 1.584723949432373 0
1731853874703 1.528090476989746 0
1731853895083 1.5939838886260986 0
1731853915350 1.5942999124526978 0
1731853935731 1.566094994544983 0
1731853955968 1.5979290008544922 0
1731853976359 1.5917619466781616 0
1731853996615 1.5775452852249146 0
1731854017038 1.5958237648010254 0
1731854037304 1.6211514472961426 0
1731854057720 1.5787872076034546 0
1731854077977 1.6629101037979126 0
1731854098375 1.5954738855361938 0
1731854118631 1.5761619806289673 0
1731854138957 1.5704542398452759 0
1731854159560 1.6038105487823486 0
1731854179959 1.5975807905197144 0
1731854200240 1.5788971185684204 0
1731854220658 1.5705976486206055 0
1731854240949 1.5819010734558105 0
1731854261326 1.600330114364624 0
1731854281604 1.596509575843811 0
1731854301931 1.5857590436935425 0
1731854322218 1.5836238861083984 0
1731854342656 1.590103268623352 0
1731854362921 1.619477391242981 0
1731854383328 1.5962408781051636 0
1731854403614 1.59267258644104 0
1731854423996 1.6075201034545898 0
1731854444264 1.5991991758346558 0
