1731849864517 0.00039556509000249207 0
1731849889754 0.0002265650255139917 0
1731849915291 0.00018483052554074675 0
1731849941049 0.00016344767936971039 0
1731849966670 0.0001491447474109009 0
1731849992320 0.00013690319610759616 0
1731850017895 0.00012817583046853542 0
1731850043560 0.00012016933760605752 0
1731850069139 0.00011393281602067873 0
1731850095007 0.00010970493167405948 0
1731850120735 0.00010638495587045327 0
1731850146650 0.00010268331243423745 0
1731850172425 9.874434908851981e-05 0
1731850198441 9.683859389042482e-05 0
1731850224302 9.215948375640437e-05 0
1731850247101 8.970005001174286e-05 0
1731850269944 9.082080941880122e-05 0
1731850292806 8.618205902166665e-05 0
1731850315688 8.587830234318972e-05 0
1731850338603 8.16282190498896e-05 0
1731850361571 8.208603685488924e-05 0
1731850384512 8.312183490488678e-05 0
1731850406314 7.938573253341019e-05 0
1731850427588 7.753810496069491e-05 0
1731850449024 8.074991637840867e-05 0
1731850470491 7.621516124345362e-05 0
1731850491969 7.541832746937871e-05 0
1731850513328 7.332730456255376e-05 0
1731850534821 7.312973320949823e-05 0
1731850556279 7.320400618482381e-05 0
1731850576826 7.480317435692996e-05 0
1731850597347 7.116201595636085e-05 0
1731850617879 6.95363778504543e-05 0
1731850638463 6.911799573572353e-05 0
1731850658976 6.920284067746252e-05 0
1731850679542 7.036003808025271e-05 0
1731850700077 6.74176262691617e-05 0
1731850720074 6.67943968437612e-05 0
1731850740073 6.79746808600612e-05 0
1731850759923 6.615491292905062e-05 0
1731850779942 6.547807424794883e-05 0
1731850799860 6.897153798490763e-05 0
1731850819869 6.569697143277153e-05 0
1731850839762 6.428485357901081e-05 0
1731850860194 6.38486017123796e-05 0
1731850880105 6.355623190756887e-05 0
1731850900143 6.389353075064719e-05 0
1731850920045 6.263230898184702e-05 0
1731850940113 6.465056503657252e-05 0
1731850960051 6.0169601056259125e-05 0
1731850980127 6.173632573336363e-05 0
1731851000064 5.955794040346518e-05 0
1731851020176 6.139907782198861e-05 0
1731851040120 6.150129047455266e-05 0
1731851060219 6.322542321868241e-05 0
1731851080141 5.881461038370617e-05 0
1731851100256 5.9108235291205347e-05 0
1731851120201 5.853728362126276e-05 0
1731851140290 5.829116344102658e-05 0
1731851160676 5.7422184909228235e-05 0
1731851180839 5.808829882880673e-05 0
1731851200843 5.8906131016556174e-05 0
1731851220982 5.8166795497527346e-05 0
1731851240945 5.61277374799829e-05 0
1731851261090 5.717426029150374e-05 0
1731851281083 5.623373363050632e-05 0
1731851301231 5.536257231142372e-05 0
1731851321235 5.752586730523035e-05 0
1731851341375 5.630127270705998e-05 0
1731851361357 5.6731663789832965e-05 0
1731851381495 5.357529516913928e-05 0
1731851401541 5.609773506876081e-05 0
1731851421683 5.482638152898289e-05 0
1731851441701 5.358839553082362e-05 0
1731851462322 5.438114021671936e-05 0
1731851482364 5.222904292168096e-05 0
1731851502529 5.413995677372441e-05 0
1731851522594 5.2030201914021745e-05 0
1731851542791 5.2073970437049866e-05 0
1731851562783 5.2796716772718355e-05 0
1731851583018 5.237941149971448e-05 0
1731851603004 5.16440013598185e-05 0
1731851623171 5.1150756917195395e-05 0
1731851643224 5.0553539040265605e-05 0
1731851663412 5.084159420221113e-05 0
1731851683461 5.1303955842740834e-05 0
1731851703671 5.1618742872960865e-05 0
1731851723740 5.021645483793691e-05 0
1731851744624 5.00159221701324e-05 0
1731851764699 4.9584792577661574e-05 0
1731851784893 4.897180406260304e-05 0
1731851804986 4.8062396672321483e-05 0
1731851825198 4.96773500344716e-05 0
1731851845284 4.72396204713732e-05 0
1731851865542 4.809464007848874e-05 0
1731851885584 4.8227775550913066e-05 0
1731851905817 4.76413952128496e-05 0
1731851925939 4.6428795030806214e-05 0
1731851946181 4.604195783031173e-05 0
1731851966293 4.6954410208854824e-05 0
1731851986571 4.683587030740455e-05 0
1731852006716 4.5120475988369435e-05 0
1731852026994 4.6768174797762185e-05 0
1731852047498 4.5915436203358695e-05 0
1731852067764 4.602543413056992e-05 0
1731852087911 4.562398316920735e-05 0
1731852108226 4.5499862608266994e-05 0
1731852128391 4.510363578447141e-05 0
1731852148642 4.488793638302013e-05 0
1731852168782 4.584887210512534e-05 0
1731852189105 4.531130616669543e-05 0
1731852209238 4.3792955693788826e-05 0
1731852229476 4.5197230065241456e-05 0
1731852249633 4.5782053348375484e-05 0
1731852269946 4.167994484305382e-05 0
1731852290101 4.2097188270417973e-05 0
1731852310392 4.203976641292684e-05 0
1731852330552 4.476455069379881e-05 0
1731852351179 4.3369989725761116e-05 0
1731852371290 4.23944802605547e-05 0
1731852391585 4.4014155719196424e-05 0
1731852411731 4.252649159752764e-05 0
1731852432059 4.245180025463924e-05 0
1731852452221 4.1639919800218195e-05 0
1731852472505 4.287897900212556e-05 0
1731852492677 4.1778257582336664e-05 0
1731852512942 4.160768730798736e-05 0
1731852533096 4.126104249735363e-05 0
1731852553425 3.9497877878602594e-05 0
1731852573638 4.14912065025419e-05 0
1731852593999 4.211643317830749e-05 0
1731852614212 4.0750590414972976e-05 0
1731852634535 4.134139817324467e-05 0
1731852655069 3.9827275031711906e-05 0
1731852675413 3.8337289879564196e-05 0
1731852695578 3.986958472523838e-05 0
1731852715899 4.066336259711534e-05 0
1731852736130 4.088630885235034e-05 0
1731852756507 4.1216979298042133e-05 0
1731852776730 3.902817843481898e-05 0
1731852797049 3.95106035284698e-05 0
1731852817255 3.905059566022828e-05 0
1731852837650 3.992939309682697e-05 0
1731852857857 3.9072045183274895e-05 0
1731852878207 3.796485179918818e-05 0
1731852898399 4.01784636778757e-05 0
1731852918738 3.849632412311621e-05 0
1731852938971 3.902211392414756e-05 0
1731852959681 3.9087604818632826e-05 0
1731852979913 3.878652205457911e-05 0
1731853000214 3.8294787373160943e-05 0
1731853020437 3.838657357846387e-05 0
1731853040831 3.923771873814985e-05 0
1731853061061 3.742004628293216e-05 0
1731853081422 3.847786138067022e-05 0
1731853101672 3.8199730624910444e-05 0
1731853122046 3.850963548757136e-05 0
1731853142265 3.7428799259942025e-05 0
1731853162654 3.732529148692265e-05 0
1731853182863 3.855247996398248e-05 0
1731853203258 3.834351446130313e-05 0
1731853223487 3.821919744950719e-05 0
1731853244209 3.907280188286677e-05 0
1731853264504 3.9430891774827614e-05 0
1731853284879 3.740245301742107e-05 0
1731853305078 3.7441608583321795e-05 0
1731853325458 3.605512029025704e-05 0
1731853345711 3.629466300480999e-05 0
1731853366075 3.745423600776121e-05 0
1731853386277 3.6001347325509414e-05 0
1731853406723 3.708270378410816e-05 0
1731853426985 3.6231660487828776e-05 0
1731853447361 3.660716174636036e-05 0
1731853467565 3.654941247077659e-05 0
1731853487943 3.603703953558579e-05 0
1731853508159 3.6711233406094834e-05 0
1731853528560 3.5501310776453465e-05 0
1731853549181 3.608301994972862e-05 0
1731853569596 3.691698657348752e-05 0
1731853589828 3.5259472497273237e-05 0
1731853610199 3.561006815289147e-05 0
1731853630431 3.519171877996996e-05 0
1731853650811 3.576193194021471e-05 0
1731853671075 3.523560371831991e-05 0
1731853691466 3.535083669703454e-05 0
1731853711698 3.541166370268911e-05 0
1731853732084 3.4571352443890646e-05 0
1731853752351 3.5300778108648956e-05 0
1731853772779 3.574077345547266e-05 0
1731853793003 3.5444321838440374e-05 0
1731853813408 3.4721513657132164e-05 0
1731853833636 3.5759545426117256e-05 0
1731853854469 3.4718446840997785e-05 0
1731853874705 3.464452311163768e-05 0
1731853895085 3.608206316130236e-05 0
1731853915354 3.354787259013392e-05 0
1731853935733 3.525074862409383e-05 0
1731853955970 3.594195004552603e-05 0
1731853976361 3.4689463063841686e-05 0
1731853996617 3.325208308524452e-05 0
1731854017040 3.418922642595135e-05 0
1731854037306 3.4681106626521796e-05 0
1731854057722 3.537508746376261e-05 0
1731854077979 3.425349495955743e-05 0
1731854098378 3.3805616112658754e-05 0
1731854118633 3.460576044744812e-05 0
1731854138959 3.404957169550471e-05 0
1731854159562 3.354239015607163e-05 0
1731854179961 3.543404091033153e-05 0
1731854200242 3.291077518952079e-05 0
1731854220660 3.4484164643799886e-05 0
1731854240951 3.342298441566527e-05 0
1731854261328 3.3651554986136034e-05 0
1731854281607 3.351842678966932e-05 0
1731854301933 3.3350697776768357e-05 0
1731854322220 3.4376764233456925e-05 0
1731854342658 3.3777592761907727e-05 0
1731854362923 3.2587260648142546e-05 0
1731854383331 3.346262383274734e-05 0
1731854403616 3.312070111860521e-05 0
1731854423998 3.3116517442977056e-05 0
1731854444266 3.216482946299948e-05 0
