1731849864509 0.19778253138065338 0
1731849889750 0.11328250914812088 0
1731849915289 0.09241525828838348 0
1731849941046 0.08172383904457092 0
1731849966667 0.0745723694562912 0
1731849992318 0.06845159828662872 0
1731850017892 0.06408791244029999 0
1731850043558 0.060084667056798935 0
1731850069136 0.05696640536189079 0
1731850095005 0.05485246330499649 0
1731850120732 0.05319247394800186 0
1731850146648 0.05134165287017822 0
1731850172422 0.049372173845767975 0
1731850198439 0.0484192930161953 0
1731850224299 0.046079739928245544 0
1731850247099 0.04485002160072327 0
1731850269941 0.0454104021191597 0
1731850292804 0.043091028928756714 0
1731850315685 0.04293914884328842 0
1731850338600 0.040814109146595 0
1731850361569 0.04104301705956459 0
1731850384509 0.04156091436743736 0
1731850406311 0.03969286382198334 0
1731850427585 0.03876905143260956 0
1731850449022 0.04037495702505112 0
1731850470488 0.038107577711343765 0
1731850491966 0.03770916163921356 0
1731850513326 0.03666365146636963 0
1731850534818 0.036564864218235016 0
1731850556277 0.03660200163722038 0
1731850576823 0.03740158677101135 0
1731850597344 0.03558100759983063 0
1731850617877 0.03476818650960922 0
1731850638461 0.03455899655818939 0
1731850658974 0.034601420164108276 0
1731850679539 0.03518001735210419 0
1731850700075 0.033708810806274414 0
1731850720071 0.03339719772338867 0
1731850740070 0.033987339586019516 0
1731850759921 0.033077456057071686 0
1731850779940 0.03273903578519821 0
1731850799858 0.034485768526792526 0
1731850819867 0.03284848481416702 0
1731850839760 0.03214242681860924 0
1731850860191 0.0319242998957634 0
1731850880102 0.03177811577916145 0
1731850900140 0.03194676339626312 0
1731850920043 0.03131615370512009 0
1731850940111 0.03232528269290924 0
1731850960049 0.030084799975156784 0
1731850980124 0.030868161469697952 0
1731851000062 0.029778968542814255 0
1731851020173 0.030699536204338074 0
1731851040118 0.030750643461942673 0
1731851060217 0.031612709164619446 0
1731851080138 0.029407303780317307 0
1731851100254 0.02955411560833454 0
1731851120198 0.029268641024827957 0
1731851140287 0.029145579785108566 0
1731851160673 0.028711091727018356 0
1731851180836 0.029044147580862045 0
1731851200840 0.029453063383698463 0
1731851220980 0.02908339723944664 0
1731851240942 0.02806386724114418 0
1731851261088 0.028587128967046738 0
1731851281080 0.02811686508357525 0
1731851301228 0.02768128551542759 0
1731851321233 0.028762932866811752 0
1731851341373 0.028150634840130806 0
1731851361354 0.028365829959511757 0
1731851381493 0.026787646114826202 0
1731851401539 0.028048865497112274 0
1731851421681 0.02741318941116333 0
1731851441699 0.026794197037816048 0
1731851462319 0.027190567925572395 0
1731851482362 0.02611451968550682 0
1731851502527 0.027069976553320885 0
1731851522591 0.02601509913802147 0
1731851542789 0.026036983355879784 0
1731851562781 0.02639835700392723 0
1731851583016 0.026189705356955528 0
1731851603002 0.025821998715400696 0
1731851623169 0.02557537704706192 0
1731851643221 0.02527676895260811 0
1731851663409 0.025420796126127243 0
1731851683459 0.025651976466178894 0
1731851703668 0.02580936998128891 0
1731851723738 0.025108225643634796 0
1731851744622 0.025007959455251694 0
1731851764696 0.024792395532131195 0
1731851784891 0.02448590099811554 0
1731851804984 0.024031197652220726 0
1731851825196 0.024838672950863838 0
1731851845282 0.02361980825662613 0
1731851865539 0.02404731884598732 0
1731851885582 0.024113886058330536 0
1731851905814 0.023820696398615837 0
1731851925936 0.023214396089315414 0
1731851946179 0.023020977154374123 0
1731851966290 0.023477204144001007 0
1731851986569 0.023417934775352478 0
1731852006714 0.02256023697555065 0
1731852026992 0.023384086787700653 0
1731852047496 0.02295771613717079 0
1731852067762 0.023012716323137283 0
1731852087909 0.02281199023127556 0
1731852108223 0.02274993062019348 0
1731852128389 0.02255181595683098 0
1731852148640 0.022443966940045357 0
1731852168779 0.022924434393644333 0
1731852189103 0.022655652835965157 0
1731852209236 0.021896475926041603 0
1731852229474 0.022598613053560257 0
1731852249631 0.022891025990247726 0
1731852269942 0.02083997055888176 0
1731852290099 0.021048592403531075 0
1731852310390 0.02101988159120083 0
1731852330550 0.022382274270057678 0
1731852351176 0.02168499305844307 0
1731852371288 0.021197238937020302 0
1731852391583 0.02200707606971264 0
1731852411728 0.0212632454931736 0
1731852432057 0.02122589945793152 0
1731852452218 0.020819958299398422 0
1731852472503 0.021439488977193832 0
1731852492675 0.020889127627015114 0
1731852512940 0.020803842693567276 0
1731852533094 0.020630519837141037 0
1731852553423 0.019748937338590622 0
1731852573636 0.020745601505041122 0
1731852593997 0.021058214828372 0
1731852614210 0.020375294610857964 0
1731852634533 0.020670698955655098 0
1731852655067 0.01991363614797592 0
1731852675411 0.019168643280863762 0
1731852695576 0.019934792071580887 0
1731852715897 0.02033168077468872 0
1731852736128 0.020443152636289597 0
1731852756504 0.020608488470315933 0
1731852776728 0.019514087587594986 0
1731852797047 0.019755300134420395 0
1731852817253 0.019525296986103058 0
1731852837648 0.01996469497680664 0
1731852857855 0.01953602209687233 0
1731852878205 0.018982425332069397 0
1731852898397 0.020089231431484222 0
1731852918736 0.01924816146492958 0
1731852938969 0.019511055201292038 0
1731852959678 0.019543802365660667 0
1731852979911 0.019393259659409523 0
1731853000212 0.019147392362356186 0
1731853020435 0.019193286076188087 0
1731853040829 0.01961885765194893 0
1731853061059 0.018710022792220116 0
1731853081420 0.019238930195569992 0
1731853101669 0.01909986510872841 0
1731853122044 0.019254816696047783 0
1731853142263 0.01871439814567566 0
1731853162652 0.018662644550204277 0
1731853182861 0.019276238977909088 0
1731853203255 0.019171755760908127 0
1731853223485 0.01910959742963314 0
1731853244207 0.019536400213837624 0
1731853264502 0.0197154451161623 0
1731853284877 0.018701225519180298 0
1731853305076 0.018720803782343864 0
1731853325456 0.01802755892276764 0
1731853345708 0.018147330731153488 0
1731853366073 0.018727116286754608 0
1731853386274 0.01800067350268364 0
1731853406720 0.018541350960731506 0
1731853426983 0.018115829676389694 0
1731853447358 0.018303580582141876 0
1731853467563 0.018274705857038498 0
1731853487941 0.01801851950585842 0
1731853508157 0.018355615437030792 0
1731853528558 0.017750654369592667 0
1731853549179 0.01804150827229023 0
1731853569594 0.018458493053913116 0
1731853589826 0.01762973517179489 0
1731853610197 0.017805032432079315 0
1731853630429 0.017595859244465828 0
1731853650809 0.017880965024232864 0
1731853671073 0.01761780120432377 0
1731853691464 0.01767541840672493 0
1731853711696 0.017705831676721573 0
1731853732082 0.017285674810409546 0
1731853752348 0.017650388181209564 0
1731853772777 0.017870385199785233 0
1731853793001 0.01772215962409973 0
1731853813406 0.017360756173729897 0
1731853833634 0.017879771068692207 0
1731853854467 0.01735922321677208 0
1731853874703 0.01732226088643074 0
1731853895083 0.018041031435132027 0
1731853915350 0.01677393540740013 0
1731853935731 0.017625372856855392 0
1731853955968 0.017970973625779152 0
1731853976359 0.017344729974865913 0
1731853996615 0.016626041382551193 0
1731854017038 0.01709461212158203 0
1731854037304 0.01734055206179619 0
1731854057720 0.017687542364001274 0
1731854077977 0.017126746475696564 0
1731854098375 0.016902808099985123 0
1731854118631 0.017302880063652992 0
1731854138957 0.01702478528022766 0
1731854159560 0.016771193593740463 0
1731854179959 0.017717018723487854 0
1731854200240 0.016455387696623802 0
1731854220658 0.017242081463336945 0
1731854240949 0.016711492091417313 0
1731854261326 0.016825776547193527 0
1731854281604 0.01675921306014061 0
1731854301931 0.016675347462296486 0
1731854322218 0.017188381403684616 0
1731854342656 0.016888795420527458 0
1731854362921 0.016293630003929138 0
1731854383328 0.01673131063580513 0
1731854403614 0.016560349613428116 0
1731854423996 0.01655825786292553 0
1731854444264 0.016082413494586945 0
