1731849864517 0.00301317498087883 0
1731849889754 0.001835153321735561 0
1731849915291 0.0016233846545219421 0
1731849941049 0.0016466602683067322 0
1731849966670 0.0019115827744826674 0
1731849992320 0.0018156020669266582 0
1731850017895 0.0014814329333603382 0
1731850043560 0.0012226486578583717 0
1731850069139 0.0013998188078403473 0
1731850095007 0.0013183788396418095 0
1731850120735 0.0012427556794136763 0
1731850146650 0.0014216701965779066 0
1731850172425 0.0013218624517321587 0
1731850198441 0.0015209140256047249 0
1731850224302 0.0013265963643789291 0
1731850247101 0.00139097950886935 0
1731850269944 0.0015708249993622303 0
1731850292806 0.001074164523743093 0
1731850315688 0.0012477138079702854 0
1731850338603 0.0013307943008840084 0
1731850361571 0.001412009820342064 0
1731850384512 0.0012347698211669922 0
1731850406314 0.001361682778224349 0
1731850427588 0.0013759293360635638 0
1731850449024 0.0014590591890737414 0
1731850470491 0.001141568529419601 0
1731850491969 0.0016183204716071486 0
1731850513328 0.0012371665798127651 0
1731850534821 0.0014520542463287711 0
1731850556279 0.001194941345602274 0
1731850576826 0.0011535196099430323 0
1731850597347 0.001286611775867641 0
1731850617879 0.001311283791437745 0
1731850638463 0.0012283227406442165 0
1731850658976 0.0011130947386845946 0
1731850679542 0.0011909226886928082 0
1731850700077 0.0013175028143450618 0
1731850720074 0.0009578904137015343 0
1731850740073 0.0011517315870150924 0
1731850759923 0.0011066681472584605 0
1731850779942 0.0010041147470474243 0
1731850799860 0.0010511665605008602 0
1731850819869 0.0011291499249637127 0
1731850839762 0.0010925204260274768 0
1731850860194 0.001123295514844358 0
1731850880105 0.0012108413502573967 0
1731850900143 0.001490877941250801 0
1731850920045 0.0010871030390262604 0
1731850940113 0.0013086872640997171 0
1731850960051 0.0011350999120622873 0
1731850980127 0.0011752607533708215 0
1731851000064 0.001102513400837779 0
1731851020176 0.0011876040371134877 0
1731851040120 0.0009858813136816025 0
1731851060219 0.0012245753314346075 0
1731851080141 0.0012824158184230328 0
1731851100256 0.001195067074149847 0
1731851120201 0.0011428261641412973 0
1731851140290 0.0010765179758891463 0
1731851160676 0.0011039929231628776 0
1731851180839 0.0010683543514460325 0
1731851200843 0.0009921693708747625 0
1731851220982 0.0011016010539606214 0
1731851240945 0.0011204876936972141 0
1731851261090 0.0010234363144263625 0
1731851281083 0.0008983187726698816 0
1731851301231 0.0011470550671219826 0
1731851321235 0.0011463810224086046 0
1731851341375 0.0010359152220189571 0
1731851361357 0.0009382878779433668 0
1731851381495 0.0009617902105674148 0
1731851401541 0.0013500552158802748 0
1731851421683 0.001074469881132245 0
1731851441701 0.0010134594049304724 0
1731851462322 0.0010373039403930306 0
1731851482364 0.0009996239095926285 0
1731851502529 0.0012159314937889576 0
1731851522594 0.0010875798761844635 0
1731851542791 0.0009698261856101453 0
1731851562783 0.001120497821830213 0
1731851583018 0.0010583163239061832 0
1731851603004 0.0010475412709638476 0
1731851623171 0.0009800232946872711 0
1731851643224 0.0008559538400731981 0
1731851663412 0.0007535582408308983 0
1731851683461 0.0011085325386375189 0
1731851703671 0.0010015671141445637 0
1731851723740 0.0009474020334891975 0
1731851744624 0.0010301333386451006 0
1731851764699 0.0008830571314319968 0
1731851784893 0.0009427525801584125 0
1731851804986 0.0009216693579219282 0
1731851825198 0.0011923137353733182 0
1731851845284 0.0008024492999538779 0
1731851865542 0.0010186959989368916 0
1731851885584 0.0010551037266850471 0
1731851905817 0.0008675709250383079 0
1731851925939 0.001046094810590148 0
1731851946181 0.0009206053800880909 0
1731851966293 0.000985955586656928 0
1731851986571 0.0008842236711643636 0
1731852006716 0.0010203728452324867 0
1731852026994 0.0008914574282243848 0
1731852047498 0.0010813147528097034 0
1731852067764 0.0009516897844150662 0
1731852087911 0.0010448768734931946 0
1731852108226 0.0009112299303524196 0
1731852128391 0.0008460047538392246 0
1731852148642 0.0008820045622996986 0
1731852168782 0.0010011551203206182 0
1731852189105 0.000861520878970623 0
1731852209238 0.0008953182841651142 0
1731852229476 0.0008915020152926445 0
1731852249633 0.0008699302561581135 0
1731852269946 0.0008664759807288647 0
1731852290101 0.0008162210579030216 0
1731852310392 0.001017288537696004 0
1731852330552 0.0008489923784509301 0
1731852351179 0.0008995142998173833 0
1731852371290 0.0007848876412026584 0
1731852391585 0.0006675435579381883 0
1731852411731 0.0007787325303070247 0
1731852432059 0.000940002384595573 0
1731852452221 0.0007137497887015343 0
1731852472505 0.000811753561720252 0
1731852492677 0.0010192557238042355 0
1731852512942 0.0007903999066911638 0
1731852533096 0.0008814464090391994 0
1731852553425 0.0007735615945421159 0
1731852573638 0.0007890881388448179 0
1731852593999 0.0007369667291641235 0
1731852614212 0.0008823570678941905 0
1731852634535 0.0007978709763847291 0
1731852655069 0.000853713252581656 0
1731852675413 0.0008456173236481845 0
1731852695578 0.0005876634386368096 0
1731852715899 0.0006943544140085578 0
1731852736130 0.0008482080884277821 0
1731852756507 0.0008717874879948795 0
1731852776730 0.0007201834814622998 0
1731852797049 0.000689568929374218 0
1731852817255 0.0006787696620449424 0
1731852837650 0.000854731013532728 0
1731852857857 0.0008074179640971124 0
1731852878207 0.0007168996962718666 0
1731852898399 0.0007536785560660064 0
1731852918738 0.0010593605693429708 0
1731852938971 0.0008581982692703605 0
1731852959681 0.0007537361234426498 0
1731852979913 0.0006420674035325646 0
1731853000214 0.0008178532007150352 0
1731853020437 0.0007892798166722059 0
1731853040831 0.0007267172913998365 0
1731853061061 0.0007055480964481831 0
1731853081422 0.0006575986626558006 0
1731853101672 0.0008209694642573595 0
1731853122046 0.0008331839926540852 0
1731853142265 0.0006653167074546218 0
1731853162654 0.0007633102941326797 0
1731853182863 0.0008067464223131537 0
1731853203258 0.0006680541555397213 0
1731853223487 0.0007294949027709663 0
1731853244209 0.000797159387730062 0
1731853264504 0.0006848847260698676 0
1731853284879 0.0007807333022356033 0
1731853305078 0.0007023110520094633 0
1731853325458 0.0006311653414741158 0
1731853345711 0.0006307867006398737 0
1731853366075 0.0006030286895111203 0
1731853386277 0.0006598207401111722 0
1731853406723 0.0006270956946536899 0
1731853426985 0.0005680054891854525 0
1731853447361 0.0006432611844502389 0
1731853467565 0.0007305302424356341 0
1731853487943 0.0005575009854510427 0
1731853508159 0.000654339964967221 0
1731853528560 0.0007418670575134456 0
1731853549181 0.0005533474031835794 0
1731853569596 0.0005840567173436284 0
1731853589828 0.0005579411517828703 0
1731853610199 0.0008579277200624347 0
1731853630431 0.0008396590128540993 0
1731853650811 0.0007344598416239023 0
1731853671075 0.0006030155345797539 0
1731853691466 0.0006416882388293743 0
1731853711698 0.0006457066629081964 0
1731853732084 0.000684270984493196 0
1731853752351 0.0007302128942683339 0
1731853772779 0.0006825155578553677 0
1731853793003 0.0006011724472045898 0
1731853813408 0.0007027068641036749 0
1731853833636 0.0007731866789981723 0
1731853854469 0.0006189131527207792 0
1731853874705 0.0007313103415071964 0
1731853895085 0.0006841527065262198 0
1731853915354 0.0006207751575857401 0
1731853935733 0.0006480290903709829 0
1731853955970 0.0006774384528398514 0
1731853976361 0.000736989255528897 0
1731853996617 0.0006543355993926525 0
1731854017040 0.0006247891578823328 0
1731854037306 0.000595585850533098 0
1731854057722 0.0005199259030632675 0
1731854077979 0.0006104293279349804 0
1731854098378 0.0006578819593414664 0
1731854118633 0.0007203392451629043 0
1731854138959 0.0006777468952350318 0
1731854159562 0.0005159665597602725 0
1731854179961 0.0006916652200743556 0
1731854200242 0.0006230758735910058 0
1731854220660 0.0006068326765671372 0
1731854240951 0.0006547239026986063 0
1731854261328 0.0006401952705346048 0
1731854281607 0.0006061728927306831 0
1731854301933 0.0005848825676366687 0
1731854322220 0.0005707559175789356 0
1731854342658 0.0006344298599287868 0
1731854362923 0.0005690913530997932 0
1731854383331 0.0006419442943297327 0
1731854403616 0.0005417528445832431 0
1731854423998 0.0006255137268453836 0
1731854444266 0.0006804227596148849 0
