1731856315449 0.7018387317657471 0
1731856337513 0.5862146615982056 0
1731856359661 0.5402445793151855 0
1731856382136 0.5156174898147583 0
1731856404541 0.49399280548095703 0
1731856427128 0.4881194829940796 0
1731856449617 0.49407580494880676 0
1731856472200 0.4914378523826599 0
1731856494717 0.47485068440437317 0
1731856517406 0.47351473569869995 0
1731856539996 0.4719479978084564 0
1731856562683 0.4675092399120331 0
1731856585255 0.46720245480537415 0
1731856607998 0.4601457715034485 0
1731856630478 0.44767099618911743 0
1731856650491 0.4463752508163452 0
1731856670506 0.4454386830329895 0
1731856690537 0.4463670551776886 0
1731856710548 0.4411012530326843 0
1731856730600 0.43778514862060547 0
1731856750659 0.43307164311408997 0
1731856770743 0.4364985525608063 0
1731856789872 0.4285692572593689 0
1731856808517 0.42137324810028076 0
1731856827303 0.42247387766838074 0
1731856846099 0.415947288274765 0
1731856864885 0.41579440236091614 0
1731856883515 0.4143199324607849 0
1731856902299 0.4140958786010742 0
1731856921050 0.42050066590309143 0
1731856939014 0.41522452235221863 0
1731856956960 0.42078161239624023 0
1731856974887 0.41474002599716187 0
1731856992826 0.4116232097148895 0
1731857010753 0.4084644913673401 0
1731857028708 0.4135671555995941 0
1731857046662 0.40804916620254517 0
1731857064085 0.3977498412132263 0
1731857081771 0.4051859378814697 0
1731857099102 0.41333672404289246 0
1731857116579 0.4086337387561798 0
1731857133936 0.4018022418022156 0
1731857151404 0.3983013927936554 0
1731857168727 0.40276816487312317 0
1731857186541 0.4018428325653076 0
1731857203881 0.39875343441963196 0
1731857221357 0.39990517497062683 0
1731857238704 0.3964925706386566 0
1731857256176 0.39328280091285706 0
1731857273545 0.39601561427116394 0
1731857291019 0.4025595486164093 0
1731857308369 0.398654043674469 0
1731857325850 0.3905850648880005 0
1731857343215 0.39766135811805725 0
1731857360675 0.38659054040908813 0
1731857378029 0.3952783942222595 0
1731857395523 0.39615491032600403 0
1731857412880 0.40442055463790894 0
1731857430359 0.396289587020874 0
1731857448067 0.39817604422569275 0
1731857465528 0.39200612902641296 0
1731857482868 0.3893074095249176 0
1731857500311 0.3921131193637848 0
1731857517669 0.3867260217666626 0
1731857535139 0.3951784074306488 0
1731857552507 0.38874560594558716 0
1731857569998 0.3903995156288147 0
1731857587339 0.39288589358329773 0
1731857604801 0.39236223697662354 0
1731857622150 0.38815584778785706 0
1731857639612 0.3878169059753418 0
1731857656980 0.3859346807003021 0
1731857674452 0.381634384393692 0
1731857691775 0.38794493675231934 0
1731857709598 0.38513684272766113 0
1731857726960 0.38989174365997314 0
1731857744454 0.38577255606651306 0
1731857761829 0.38450494408607483 0
1731857779276 0.3801010251045227 0
1731857796603 0.38709357380867004 0
1731857814077 0.38794028759002686 0
1731857831417 0.3841622471809387 0
1731857848881 0.38741812109947205 0
1731857866239 0.3844355344772339 0
1731857883742 0.3817487061023712 0
1731857901061 0.3800334930419922 0
1731857918535 0.384599506855011 0
1731857935905 0.3787768483161926 0
1731857953702 0.38110944628715515 0
1731857971059 0.3823922276496887 0
1731857988553 0.3783521056175232 0
1731858005925 0.38162216544151306 0
1731858023433 0.3786364495754242 0
1731858040819 0.3820691406726837 0
1731858058304 0.38365066051483154 0
1731858075664 0.3818420469760895 0
1731858093159 0.3850555717945099 0
1731858110495 0.3795130252838135 0
1731858127981 0.3836527168750763 0
1731858145344 0.38250675797462463 0
1731858162845 0.378021240234375 0
1731858180199 0.3804822862148285 0
1731858197675 0.37699878215789795 0
1731858215405 0.3809697926044464 0
1731858232892 0.3778946101665497 0
1731858250251 0.3773902654647827 0
1731858267733 0.38235798478126526 0
1731858285125 0.37870147824287415 0
1731858302631 0.3792431652545929 0
1731858320047 0.38118433952331543 0
1731858337532 0.37832629680633545 0
1731858354906 0.3803591728210449 0
1731858372380 0.3802536427974701 0
1731858389756 0.3765537738800049 0
1731858407238 0.3829520046710968 0
1731858424642 0.37892794609069824 0
1731858442135 0.37919163703918457 0
1731858459511 0.37609103322029114 0
1731858477337 0.3831963837146759 0
1731858494684 0.37846821546554565 0
1731858512182 0.3806276321411133 0
1731858529565 0.3775235712528229 0
1731858547059 0.37717148661613464 0
1731858564427 0.3801199197769165 0
1731858581917 0.3789730668067932 0
1731858599287 0.37709617614746094 0
1731858616786 0.3791370391845703 0
1731858634172 0.38299497961997986 0
1731858651656 0.37836968898773193 0
1731858669022 0.3829749822616577 0
1731858686492 0.3754977583885193 0
1731858703836 0.3818645775318146 0
1731858721306 0.3750051259994507 0
1731858739047 0.37778425216674805 0
1731858756522 0.3736628592014313 0
1731858773878 0.377131849527359 0
1731858791363 0.376839280128479 0
1731858808725 0.37439459562301636 0
1731858826197 0.373955637216568 0
1731858843546 0.3779710829257965 0
1731858861045 0.37667250633239746 0
1731858878397 0.37661123275756836 0
1731858895863 0.3758731782436371 0
1731858913228 0.3758056163787842 0
1731858930710 0.37502917647361755 0
1731858948082 0.37771037220954895 0
1731858965560 0.37723055481910706 0
1731858982929 0.3765643239021301 0
1731859000762 0.3747320771217346 0
1731859018129 0.3756661117076874 0
1731859035620 0.37291237711906433 0
1731859052980 0.37794968485832214 0
1731859070455 0.3715870976448059 0
1731859087843 0.3724430501461029 0
1731859105342 0.37355074286460876 0
1731859122724 0.37468141317367554 0
1731859140210 0.3758941888809204 0
1731859157585 0.37339869141578674 0
1731859175093 0.37314048409461975 0
1731859192481 0.3727979063987732 0
1731859209946 0.3810112178325653 0
1731859227342 0.3754822015762329 0
1731859245161 0.374607652425766 0
1731859262535 0.3764115571975708 0
1731859280025 0.379965215921402 0
1731859297393 0.3739180862903595 0
1731859314871 0.3743201196193695 0
1731859332236 0.3727121353149414 0
1731859349752 0.3772445321083069 0
1731859367127 0.375985711812973 0
1731859384641 0.3758954107761383 0
1731859402010 0.37555181980133057 0
1731859419521 0.3754960596561432 0
1731859436897 0.37742382287979126 0
1731859454400 0.37688738107681274 0
1731859471761 0.37616389989852905 0
1731859489233 0.3773593008518219 0
1731859506971 0.37496528029441833 0
1731859524487 0.37510934472084045 0
1731859541857 0.37320953607559204 0
1731859559343 0.3764035105705261 0
1731859576738 0.3758998215198517 0
1731859594225 0.3770604729652405 0
1731859611608 0.3762317895889282 0
1731859629095 0.3742484748363495 0
1731859646480 0.37397223711013794 0
1731859663979 0.3741994798183441 0
1731859681372 0.37520790100097656 0
1731859698879 0.3753676116466522 0
1731859716243 0.3743871748447418 0
1731859733763 0.3747704029083252 0
1731859751155 0.3742488920688629 0
1731859769036 0.3754257559776306 0
1731859786444 0.37362945079803467 0
1731859803917 0.37320080399513245 0
1731859821321 0.37332969903945923 0
1731859838834 0.37299636006355286 0
1731859856223 0.37184351682662964 0
1731859873729 0.37482553720474243 0
1731859891113 0.37535157799720764 0
1731859908637 0.3729037046432495 0
1731859926006 0.3757088780403137 0
1731859943508 0.375615656375885 0
1731859960883 0.37552177906036377 0
1731859978367 0.37300899624824524 0
1731859995721 0.3749081492424011 0
1731860013214 0.3741426467895508 0
1731860030943 0.37456637620925903 0
1731860048467 0.3715788722038269 0
1731860065839 0.374220073223114 0
1731860083345 0.3751893639564514 0
1731860100729 0.37458792328834534 0
1731860118222 0.37343716621398926 0
1731860135580 0.3748950958251953 0
1731860153077 0.3740822970867157 0
1731860170488 0.37399160861968994 0
1731860188003 0.37369319796562195 0
1731860205354 0.3743809461593628 0
1731860222878 0.37248343229293823 0
1731860240259 0.37302812933921814 0
1731860257756 0.37458547949790955 0
1731860275144 0.37310948967933655 0
