1731856315449 0.026822561398148537 0
1731856337513 0.032852090895175934 0
1731856359661 0.03396623581647873 0
1731856382136 0.029034147039055824 0
1731856404541 0.029244646430015564 0
1731856427128 0.032517168670892715 0
1731856449617 0.0317460298538208 0
1731856472200 0.03347573056817055 0
1731856494717 0.029723819345235825 0
1731856517406 0.030991151928901672 0
1731856539996 0.029662156477570534 0
1731856562683 0.03348762169480324 0
1731856585255 0.027909085154533386 0
1731856607998 0.023800024762749672 0
1731856630478 0.0233899038285017 0
1731856650491 0.023453043773770332 0
1731856670506 0.02333664521574974 0
1731856690537 0.022659895941615105 0
1731856710548 0.02149423584342003 0
1731856730600 0.02039722353219986 0
1731856750659 0.02035408280789852 0
1731856770743 0.02078811079263687 0
1731856789872 0.01948518306016922 0
1731856808517 0.01996874064207077 0
1731856827303 0.019953355193138123 0
1731856846099 0.023204730823636055 0
1731856864885 0.020493775606155396 0
1731856883515 0.020920412614941597 0
1731856902299 0.020509907975792885 0
1731856921050 0.019846614450216293 0
1731856939014 0.02111395075917244 0
1731856956960 0.020846335217356682 0
1731856974887 0.022399943321943283 0
1731856992826 0.02149873413145542 0
1731857010753 0.02192394621670246 0
1731857028708 0.02008531428873539 0
1731857046662 0.021104976534843445 0
1731857064085 0.021577170118689537 0
1731857081771 0.019246559590101242 0
1731857099102 0.02091452293097973 0
1731857116579 0.022661764174699783 0
1731857133936 0.019549161195755005 0
1731857151404 0.01982749253511429 0
1731857168727 0.021023830398917198 0
1731857186541 0.019423436373472214 0
1731857203881 0.021801311522722244 0
1731857221357 0.022295143455266953 0
1731857238704 0.020233677700161934 0
1731857256176 0.02044411562383175 0
1731857273545 0.02134534902870655 0
1731857291019 0.019594408571720123 0
1731857308369 0.02083192951977253 0
1731857325850 0.01956958882510662 0
1731857343215 0.020751887932419777 0
1731857360675 0.020744170993566513 0
1731857378029 0.023280516266822815 0
1731857395523 0.019906871020793915 0
1731857412880 0.019146397709846497 0
1731857430359 0.019639529287815094 0
1731857448067 0.019987553358078003 0
1731857465528 0.02024979516863823 0
1731857482868 0.020945262163877487 0
1731857500311 0.019122425466775894 0
1731857517669 0.018909944221377373 0
1731857535139 0.020958343520760536 0
1731857552507 0.02007049135863781 0
1731857569998 0.020457250997424126 0
1731857587339 0.02123628370463848 0
1731857604801 0.021214336156845093 0
1731857622150 0.019698573276400566 0
1731857639612 0.02275988459587097 0
1731857656980 0.021148068830370903 0
1731857674452 0.02048589661717415 0
1731857691775 0.02118314430117607 0
1731857709598 0.020986387506127357 0
1731857726960 0.020184244960546494 0
1731857744454 0.022180140018463135 0
1731857761829 0.01931268535554409 0
1731857779276 0.01984976977109909 0
1731857796603 0.019680099561810493 0
1731857814077 0.019581733271479607 0
1731857831417 0.01995287835597992 0
1731857848881 0.020520968362689018 0
1731857866239 0.018177151679992676 0
1731857883742 0.020594973117113113 0
1731857901061 0.020486462861299515 0
1731857918535 0.020130911841988564 0
1731857935905 0.01960493065416813 0
1731857953702 0.02031683176755905 0
1731857971059 0.01898072473704815 0
1731857988553 0.019565152004361153 0
1731858005925 0.019705675542354584 0
1731858023433 0.018894949927926064 0
1731858040819 0.019400807097554207 0
1731858058304 0.019943155348300934 0
1731858075664 0.02105717733502388 0
1731858093159 0.0211991835385561 0
1731858110495 0.020061807706952095 0
1731858127981 0.02111029624938965 0
1731858145344 0.020122399553656578 0
1731858162845 0.020927859470248222 0
1731858180199 0.02007192000746727 0
1731858197675 0.02006271854043007 0
1731858215405 0.02026245929300785 0
1731858232892 0.020044123753905296 0
1731858250251 0.02068369649350643 0
1731858267733 0.02028297260403633 0
1731858285125 0.02020903304219246 0
1731858302631 0.02067759819328785 0
1731858320047 0.019195672124624252 0
1731858337532 0.020462868735194206 0
1731858354906 0.020305871963500977 0
1731858372380 0.019582081586122513 0
1731858389756 0.019657248631119728 0
1731858407238 0.020005233585834503 0
1731858424642 0.020230062305927277 0
1731858442135 0.019921325147151947 0
1731858459511 0.019079385325312614 0
1731858477337 0.019363733008503914 0
1731858494684 0.019636573269963264 0
1731858512182 0.0191104207187891 0
1731858529565 0.01908901147544384 0
1731858547059 0.01933111436665058 0
1731858564427 0.019822468981146812 0
1731858581917 0.019708165898919106 0
1731858599287 0.018444467335939407 0
1731858616786 0.019929008558392525 0
1731858634172 0.019019179046154022 0
1731858651656 0.018342245370149612 0
1731858669022 0.019658954814076424 0
1731858686492 0.01986837014555931 0
1731858703836 0.01979338936507702 0
1731858721306 0.019284609705209732 0
1731858739047 0.019170647487044334 0
1731858756522 0.02045169286429882 0
1731858773878 0.0190877765417099 0
1731858791363 0.019309891387820244 0
1731858808725 0.019672175869345665 0
1731858826197 0.020108258351683617 0
1731858843546 0.018911311402916908 0
1731858861045 0.020141534507274628 0
1731858878397 0.018450982868671417 0
1731858895863 0.018413452431559563 0
1731858913228 0.018717939034104347 0
1731858930710 0.01843550242483616 0
1731858948082 0.01957625523209572 0
1731858965560 0.02033919468522072 0
1731858982929 0.01904628425836563 0
1731859000762 0.019892454147338867 0
1731859018129 0.019710266962647438 0
1731859035620 0.018414266407489777 0
1731859052980 0.01902718096971512 0
1731859070455 0.019094571471214294 0
1731859087843 0.01926339790225029 0
1731859105342 0.019506128504872322 0
1731859122724 0.019609104841947556 0
1731859140210 0.018789753317832947 0
1731859157585 0.018921874463558197 0
1731859175093 0.019134189933538437 0
1731859192481 0.019068574532866478 0
1731859209946 0.01959306187927723 0
1731859227342 0.019271058961749077 0
1731859245161 0.019461486488580704 0
1731859262535 0.019604908302426338 0
1731859280025 0.02033522166311741 0
1731859297393 0.02004232630133629 0
1731859314871 0.019724808633327484 0
1731859332236 0.0193924643099308 0
1731859349752 0.019604966044425964 0
1731859367127 0.019600840285420418 0
1731859384641 0.019205909222364426 0
1731859402010 0.01994376629590988 0
1731859419521 0.019814100116491318 0
1731859436897 0.019621387124061584 0
1731859454400 0.0195821151137352 0
1731859471761 0.018948212265968323 0
1731859489233 0.018834911286830902 0
1731859506971 0.019223662093281746 0
1731859524487 0.019505029544234276 0
1731859541857 0.019270384684205055 0
1731859559343 0.018571682274341583 0
1731859576738 0.01880466192960739 0
1731859594225 0.018904106691479683 0
1731859611608 0.01880873367190361 0
1731859629095 0.019317282363772392 0
1731859646480 0.019421013072133064 0
1731859663979 0.019109101966023445 0
1731859681372 0.020023003220558167 0
1731859698879 0.019570205360651016 0
1731859716243 0.01950635015964508 0
1731859733763 0.0193621926009655 0
1731859751155 0.019675584509968758 0
1731859769036 0.019641762599349022 0
1731859786444 0.019022328779101372 0
1731859803917 0.018997812643647194 0
1731859821321 0.01871817372739315 0
1731859838834 0.01874885894358158 0
1731859856223 0.018664799630641937 0
1731859873729 0.01897200383245945 0
1731859891113 0.01922624185681343 0
1731859908637 0.019381051883101463 0
1731859926006 0.019283384084701538 0
1731859943508 0.01946689747273922 0
1731859960883 0.019828880205750465 0
1731859978367 0.019629905000329018 0
1731859995721 0.019146019592881203 0
1731860013214 0.01863793283700943 0
1731860030943 0.019022561609745026 0
1731860048467 0.019288131967186928 0
1731860065839 0.01918656751513481 0
1731860083345 0.01965274102985859 0
1731860100729 0.01911904290318489 0
1731860118222 0.019496889784932137 0
1731860135580 0.01916263997554779 0
1731860153077 0.019061777740716934 0
1731860170488 0.019053403288125992 0
1731860188003 0.01907305046916008 0
1731860205354 0.018865754827857018 0
1731860222878 0.018745919689536095 0
1731860240259 0.019108830019831657 0
1731860257756 0.019242318347096443 0
1731860275144 0.019540805369615555 0
