1731856315453 0.0015276250196620822 0
1731856337517 0.0005333863664418459 0
1731856359666 0.00046525741345249116 0
1731856382138 0.0003965997602790594 0
1731856404543 0.00039866857696324587 0
1731856427130 0.00039677691529504955 0
1731856449619 0.00033535659895278513 0
1731856472203 0.00034093167050741613 0
1731856494720 0.0003337514935992658 0
1731856517408 0.0003258769284002483 0
1731856539998 0.0003477246791590005 0
1731856562686 0.0003252524766139686 0
1731856585257 0.00027408060850575566 0
1731856608001 0.00028909879620186985 0
1731856630481 0.0003096018626820296 0
1731856650493 0.0002766874385997653 0
1731856670509 0.00031805119942873716 0
1731856690539 0.00033134137629531324 0
1731856710551 0.00030115601839497685 0
1731856730602 0.00029074749909341335 0
1731856750661 0.0002957519609481096 0
1731856770745 0.0002930565387941897 0
1731856789874 0.00030099955620244145 0
1731856808519 0.0003253401955589652 0
1731856827306 0.0003050544182769954 0
1731856846101 0.0003165904199704528 0
1731856864888 0.0003091581747867167 0
1731856883518 0.00030095624970272183 0
1731856902301 0.00029834502493031323 0
1731856921053 0.0002872436598408967 0
1731856939017 0.0003456341801211238 0
1731856956963 0.0002916614175774157 0
1731856974890 0.00028742256108671427 0
1731856992828 0.0003063807962462306 0
1731857010755 0.00028573107556439936 0
1731857028710 0.00027357059298083186 0
1731857046664 0.00031306775053963065 0
1731857064087 0.0003016905684489757 0
1731857081774 0.00031194492476060987 0
1731857099105 0.0002977659460157156 0
1731857116581 0.00031079951440915465 0
1731857133938 0.0003107939846813679 0
1731857151406 0.0002882240223698318 0
1731857168729 0.00031111418502405286 0
1731857186544 0.00030793214682489634 0
1731857203883 0.00034236902138218284 0
1731857221359 0.00029856988112442195 0
1731857238706 0.00032751206890679896 0
1731857256178 0.0002944220614153892 0
1731857273547 0.0003151790879201144 0
1731857291022 0.00029635941609740257 0
1731857308371 0.00032979826210066676 0
1731857325852 0.00028463671333156526 0
1731857343218 0.0003179411287419498 0
1731857360677 0.00032336817821487784 0
1731857378031 0.00030460738344118 0
1731857395525 0.00034427145146764815 0
1731857412882 0.0003167665272485465 0
1731857430361 0.0003073596453759819 0
1731857448069 0.0003132870187982917 0
1731857465530 0.00028921401826664805 0
1731857482870 0.0003285056445747614 0
1731857500314 0.00033562068711034954 0
1731857517671 0.0002918472164310515 0
1731857535141 0.0003137974126730114 0
1731857552510 0.00029254978289827704 0
1731857570000 0.0002928795584011823 0
1731857587341 0.00028545359964482486 0
1731857604804 0.00031796182156540453 0
1731857622152 0.0003210325085092336 0
1731857639614 0.00033718562917783856 0
1731857656983 0.0003188004484400153 0
1731857674454 0.0003192842996213585 0
1731857691777 0.0003219692735001445 0
1731857709600 0.0003015580587089062 0
1731857726962 0.0003150985576212406 0
1731857744456 0.00033155077835544944 0
1731857761831 0.0003439942665863782 0
1731857779278 0.0003028920036740601 0
1731857796605 0.0002983410086017102 0
1731857814079 0.0003231562441214919 0
1731857831419 0.00033322672243230045 0
1731857848883 0.0003208061680197716 0
1731857866241 0.000298163911793381 0
1731857883744 0.00032500727684237063 0
1731857901063 0.000345288950484246 0
1731857918537 0.0003044072072952986 0
1731857935907 0.0003071678220294416 0
1731857953704 0.000300175161100924 0
1731857971061 0.0003312673361506313 0
1731857988555 0.0003298480296507478 0
1731858005927 0.00035872048465535045 0
1731858023436 0.0003307025763206184 0
1731858040821 0.00031929006217978895 0
1731858058306 0.00031701909028925 0
1731858075666 0.00033255392918363214 0
1731858093161 0.00032038980862125754 0
1731858110497 0.00034834182588383555 0
1731858127983 0.00034890216193161905 0
1731858145346 0.0003423132875468582 0
1731858162847 0.00034542096545919776 0
1731858180201 0.000315066339680925 0
1731858197677 0.00032892002491280437 0
1731858215407 0.0003531833062879741 0
1731858232894 0.0003333649365231395 0
1731858250253 0.00032071428722701967 0
1731858267735 0.00034510245313867927 0
1731858285128 0.0003521628095768392 0
1731858302634 0.0003440018044784665 0
1731858320049 0.0003359016845934093 0
1731858337535 0.00032679279684089124 0
1731858354908 0.00030950439395383 0
1731858372383 0.00034722028067335486 0
1731858389758 0.0003231829614378512 0
1731858407241 0.0003358264220878482 0
1731858424644 0.0003843007725663483 0
1731858442137 0.00035786113585345447 0
1731858459513 0.0003324162680655718 0
1731858477339 0.0003568492829799652 0
1731858494686 0.00035200687125325203 0
1731858512184 0.0003675420011859387 0
1731858529567 0.00037077319575473666 0
1731858547061 0.00032303176703862846 0
1731858564429 0.0003482524480205029 0
1731858581919 0.0003217986668460071 0
1731858599289 0.00037650909507647157 0
1731858616788 0.00036000917316414416 0
1731858634174 0.0003555314033292234 0
1731858651658 0.0003552044800017029 0
1731858669024 0.00036814576014876366 0
1731858686494 0.0003537520533427596 0
1731858703838 0.0003480534360278398 0
1731858721308 0.00035899406066164374 0
1731858739049 0.0004078325582668185 0
1731858756524 0.00037507800152525306 0
1731858773880 0.0004226882301736623 0
1731858791365 0.0003451954107731581 0
1731858808727 0.0003436669067014009 0
1731858826199 0.0004130587331019342 0
1731858843548 0.0003702091344166547 0
1731858861047 0.00034721416886895895 0
1731858878399 0.00036210063262842596 0
1731858895865 0.0003661910304799676 0
1731858913233 0.000370100955478847 0
1731858930712 0.0003165671369060874 0
1731858948084 0.0003572638379409909 0
1731858965562 0.00038044899702072144 0
1731858982931 0.0003616372705437243 0
1731859000764 0.00037789897760376334 0
1731859018131 0.0003177484031766653 0
1731859035622 0.0003858678974211216 0
1731859052982 0.00036185322096571326 0
1731859070457 0.00035063893301412463 0
1731859087845 0.0003823758743237704 0
1731859105344 0.0003691321471706033 0
1731859122726 0.00041436811443418264 0
1731859140212 0.0003960798785556108 0
1731859157587 0.0003680725349113345 0
1731859175095 0.00035285274498164654 0
1731859192483 0.0003658431814983487 0
1731859209948 0.00040418648859485984 0
1731859227345 0.00037859741132706404 0
1731859245163 0.00037101886118762195 0
1731859262538 0.00036496552638709545 0
1731859280027 0.00036137914867140353 0
1731859297395 0.00035642407601699233 0
1731859314873 0.00038083887193351984 0
1731859332238 0.00037527590757235885 0
1731859349754 0.00039624120108783245 0
1731859367130 0.00037629023427143693 0
1731859384643 0.0003633268643170595 0
1731859402012 0.00037933909334242344 0
1731859419523 0.00037545181112363935 0
1731859436899 0.00040636269841343164 0
1731859454402 0.0003560253535397351 0
1731859471763 0.00036611236282624304 0
1731859489235 0.0003649970458354801 0
1731859506973 0.00036880714469589293 0
1731859524489 0.00038887502159923315 0
1731859541859 0.0003893829707521945 0
1731859559345 0.0003690245212055743 0
1731859576740 0.0003600095515139401 0
1731859594227 0.0003643148811534047 0
1731859611610 0.0003798624384216964 0
1731859629097 0.0004127634456381202 0
1731859646482 0.00041000964120030403 0
1731859663981 0.0003412954683881253 0
1731859681375 0.0004129231092520058 0
1731859698881 0.0003889414365403354 0
1731859716245 0.00039771210867911577 0
1731859733765 0.00038639723788946867 0
1731859751157 0.00038006683462299407 0
1731859769038 0.0003706265415530652 0
1731859786447 0.0003795575175900012 0
1731859803919 0.00039605246274732053 0
1731859821322 0.00036741100484505296 0
1731859838836 0.0003696177154779434 0
1731859856225 0.000358262041117996 0
1731859873731 0.0004034040030092001 0
1731859891115 0.0003779620456043631 0
1731859908639 0.0004006695235148072 0
1731859926008 0.0003652246086858213 0
1731859943510 0.0003668389399535954 0
1731859960885 0.0003802095598075539 0
1731859978369 0.0003968703676946461 0
1731859995723 0.00036260258639231324 0
1731860013216 0.00039667155942879617 0
1731860030945 0.0003976224106736481 0
1731860048469 0.0003760144754778594 0
1731860065841 0.00036941037978976965 0
1731860083347 0.00037402668385766447 0
1731860100731 0.0003844061284326017 0
1731860118224 0.0003695643099490553 0
1731860135582 0.00037640397204086185 0
1731860153080 0.00037877485738135874 0
1731860170490 0.00039766335976310074 0
1731860188005 0.0003657399502117187 0
1731860205356 0.00037219873047433794 0
1731860222880 0.0003887467901222408 0
1731860240260 0.00038060301449149847 0
1731860257758 0.0004113357572350651 0
1731860275146 0.0003955957945436239 0
