1731856315449 20.93928337097168 0
1731856337513 23.927547454833984 0
1731856359661 24.34808921813965 0
1731856382136 24.753875732421875 0
1731856404541 25.849607467651367 0
1731856427128 25.95458221435547 0
1731856449617 25.630552291870117 0
1731856472200 25.444067001342773 0
1731856494717 25.503347396850586 0
1731856517406 26.030786514282227 0
1731856539996 25.65768814086914 0
1731856562683 26.526264190673828 0
1731856585255 26.17643928527832 0
1731856607998 25.475582122802734 0
1731856630478 25.719707489013672 0
1731856650491 27.136484146118164 0
1731856670506 26.324750900268555 0
1731856690537 25.884307861328125 0
1731856710548 26.450786590576172 0
1731856730600 26.806550979614258 0
1731856750659 26.77239990234375 0
1731856770743 27.00249481201172 0
1731856789872 26.928516387939453 0
1731856808517 26.241458892822266 0
1731856827303 26.428464889526367 0
1731856846099 27.11072540283203 0
1731856864885 27.117019653320312 0
1731856883515 27.583086013793945 0
1731856902299 26.514589309692383 0
1731856921050 26.221458435058594 0
1731856939014 27.093875885009766 0
1731856956960 27.017616271972656 0
1731856974887 26.854629516601562 0
1731856992826 27.747400283813477 0
1731857010753 27.098073959350586 0
1731857028708 27.636985778808594 0
1731857046662 27.27895736694336 0
1731857064085 27.678499221801758 0
1731857081771 27.718603134155273 0
1731857099102 27.039966583251953 0
1731857116579 27.591339111328125 0
1731857133936 28.070646286010742 0
1731857151404 27.929519653320312 0
1731857168727 27.33240509033203 0
1731857186541 28.002635955810547 0
1731857203881 26.80387306213379 0
1731857221357 27.940444946289062 0
1731857238704 27.439212799072266 0
1731857256176 27.37411117553711 0
1731857273545 29.208681106567383 0
1731857291019 27.565750122070312 0
1731857308369 27.633609771728516 0
1731857325850 28.585216522216797 0
1731857343215 28.161426544189453 0
1731857360675 28.21449851989746 0
1731857378029 28.120677947998047 0
1731857395523 27.702489852905273 0
1731857412880 27.4475154876709 0
1731857430359 28.45970344543457 0
1731857448067 28.866512298583984 0
1731857465528 29.12848663330078 0
1731857482868 27.779943466186523 0
1731857500311 28.238697052001953 0
1731857517669 28.244211196899414 0
1731857535139 28.1630916595459 0
1731857552507 29.267667770385742 0
1731857569998 29.158586502075195 0
1731857587339 28.57357406616211 0
1731857604801 28.877098083496094 0
1731857622150 29.145523071289062 0
1731857639612 27.83045768737793 0
1731857656980 28.65517807006836 0
1731857674452 28.98612403869629 0
1731857691775 28.33104705810547 0
1731857709598 28.097965240478516 0
1731857726960 28.895427703857422 0
1731857744454 28.845060348510742 0
1731857761829 28.796518325805664 0
1731857779276 28.846675872802734 0
1731857796603 28.35802459716797 0
1731857814077 28.463451385498047 0
1731857831417 29.744754791259766 0
1731857848881 28.348018646240234 0
1731857866239 29.319072723388672 0
1731857883742 28.33002281188965 0
1731857901061 28.678030014038086 0
1731857918535 28.68228530883789 0
1731857935905 28.4518985748291 0
1731857953702 28.559551239013672 0
1731857971059 28.616634368896484 0
1731857988553 28.323348999023438 0
1731858005925 29.99533462524414 0
1731858023433 29.803754806518555 0
1731858040819 30.089786529541016 0
1731858058304 29.95001983642578 0
1731858075664 28.617721557617188 0
1731858093159 28.702980041503906 0
1731858110495 30.060049057006836 0
1731858127981 29.40711784362793 0
1731858145344 29.317432403564453 0
1731858162845 29.26105499267578 0
1731858180199 29.70068359375 0
1731858197675 29.478580474853516 0
1731858215405 29.535287857055664 0
1731858232892 29.440881729125977 0
1731858250251 29.786828994750977 0
1731858267733 29.873687744140625 0
1731858285125 29.919872283935547 0
1731858302631 29.55748748779297 0
1731858320047 29.846410751342773 0
1731858337532 29.682933807373047 0
1731858354906 30.129262924194336 0
1731858372380 29.19697380065918 0
1731858389756 30.306655883789062 0
1731858407238 28.992246627807617 0
1731858424642 30.312000274658203 0
1731858442135 30.192243576049805 0
1731858459511 29.485794067382812 0
1731858477337 29.81334686279297 0
1731858494684 29.808269500732422 0
1731858512182 29.300682067871094 0
1731858529565 30.00481605529785 0
1731858547059 30.504636764526367 0
1731858564427 30.172021865844727 0
1731858581917 30.668033599853516 0
1731858599287 30.72820281982422 0
1731858616786 29.869112014770508 0
1731858634172 30.19831085205078 0
1731858651656 30.474214553833008 0
1731858669022 30.713926315307617 0
1731858686492 30.927034378051758 0
1731858703836 30.11861228942871 0
1731858721306 29.584218978881836 0
1731858739047 30.462705612182617 0
1731858756522 30.53160858154297 0
1731858773878 30.29520034790039 0
1731858791363 30.509424209594727 0
1731858808725 30.36933135986328 0
1731858826197 29.82733726501465 0
1731858843546 31.263126373291016 0
1731858861045 31.18556022644043 0
1731858878397 30.708852767944336 0
1731858895863 29.807844161987305 0
1731858913228 30.151472091674805 0
1731858930710 30.21468734741211 0
1731858948082 30.107593536376953 0
1731858965560 30.5787353515625 0
1731858982929 31.15210723876953 0
1731859000762 30.393518447875977 0
1731859018129 30.105363845825195 0
1731859035620 30.438596725463867 0
1731859052980 31.660213470458984 0
1731859070455 30.791248321533203 0
1731859087843 30.820405960083008 0
1731859105342 30.77715301513672 0
1731859122724 31.052003860473633 0
1731859140210 31.317842483520508 0
1731859157585 30.432064056396484 0
1731859175093 30.70077896118164 0
1731859192481 30.999605178833008 0
1731859209946 29.949817657470703 0
1731859227342 31.061147689819336 0
1731859245161 30.795366287231445 0
1731859262535 30.49464225769043 0
1731859280025 31.178178787231445 0
1731859297393 30.62619972229004 0
1731859314871 30.973358154296875 0
1731859332236 31.648427963256836 0
1731859349752 31.69976043701172 0
1731859367127 31.782060623168945 0
1731859384641 31.710750579833984 0
1731859402010 31.34292221069336 0
1731859419521 31.217742919921875 0
1731859436897 31.366369247436523 0
1731859454400 31.316898345947266 0
1731859471761 31.006994247436523 0
1731859489233 31.05461311340332 0
1731859506971 31.850303649902344 0
1731859524487 32.12099838256836 0
1731859541857 31.29296112060547 0
1731859559343 31.32310676574707 0
1731859576738 31.151451110839844 0
1731859594225 31.46481704711914 0
1731859611608 31.114608764648438 0
1731859629095 30.79604721069336 0
1731859646480 30.850696563720703 0
1731859663979 31.512449264526367 0
1731859681372 31.475265502929688 0
1731859698879 31.747665405273438 0
1731859716243 31.568744659423828 0
1731859733763 31.520029067993164 0
1731859751155 31.659542083740234 0
1731859769036 31.411361694335938 0
1731859786444 31.44532012939453 0
1731859803917 31.524898529052734 0
1731859821321 31.179363250732422 0
1731859838834 31.950307846069336 0
1731859856223 32.38444137573242 0
1731859873729 31.700448989868164 0
1731859891113 31.26428985595703 0
1731859908637 31.5645809173584 0
1731859926006 32.047061920166016 0
1731859943508 32.75437927246094 0
1731859960883 31.014137268066406 0
1731859978367 31.56775665283203 0
1731859995721 31.976943969726562 0
1731860013214 31.868471145629883 0
1731860030943 31.45914077758789 0
1731860048467 32.38874053955078 0
1731860065839 32.2480354309082 0
1731860083345 31.97812271118164 0
1731860100729 32.530818939208984 0
1731860118222 32.62077331542969 0
1731860135580 32.69368362426758 0
1731860153077 32.32886505126953 0
1731860170488 31.617849349975586 0
1731860188003 31.242488861083984 0
1731860205354 31.696813583374023 0
1731860222878 31.992843627929688 0
1731860240259 30.940563201904297 0
1731860257756 31.40261459350586 0
1731860275144 31.377164840698242 0
