1731856315453 0.00805511325597763 0
1731856337517 0.004048043861985207 0
1731856359666 0.0036744382232427597 0
1731856382138 0.0033466648310422897 0
1731856404543 0.002600393956527114 0
1731856427130 0.00253829313442111 0
1731856449619 0.002734921406954527 0
1731856472203 0.0028549148701131344 0
1731856494720 0.002816211199387908 0
1731856517408 0.0024941430892795324 0
1731856539998 0.002717884723097086 0
1731856562686 0.0022252225317060947 0
1731856585257 0.0024118819274008274 0
1731856608001 0.0028342739678919315 0
1731856630481 0.0026793486904352903 0
1731856650493 0.0019335318356752396 0
1731856670509 0.0023309062235057354 0
1731856690539 0.0025796990375965834 0
1731856710551 0.002264233771711588 0
1731856730602 0.002086146967485547 0
1731856750661 0.002102615311741829 0
1731856770745 0.0019941157661378384 0
1731856789874 0.002028374932706356 0
1731856808519 0.0023760413751006126 0
1731856827306 0.002275901148095727 0
1731856846101 0.0019450346007943153 0
1731856864888 0.0019422180484980345 0
1731856883518 0.0017445811536163092 0
1731856902301 0.0022312121000140905 0
1731856921053 0.002387009561061859 0
1731856939017 0.0019525954267010093 0
1731856956963 0.0019871843978762627 0
1731856974890 0.002063178224489093 0
1731856992828 0.001679808832705021 0
1731857010755 0.0019507090328261256 0
1731857028710 0.0017230635276064277 0
1731857046664 0.0018711304292082787 0
1731857064087 0.0017066709697246552 0
1731857081774 0.0016909842379391193 0
1731857099105 0.0019769843202084303 0
1731857116581 0.0017412693705409765 0
1731857133938 0.001559320604428649 0
1731857151406 0.0016108237905427814 0
1731857168729 0.0018482445739209652 0
1731857186544 0.0015839312691241503 0
1731857203883 0.0020874326582998037 0
1731857221359 0.0016067757969722152 0
1731857238706 0.0018033443484455347 0
1731857256178 0.0018305801786482334 0
1731857273547 0.001199863152578473 0
1731857291022 0.001751559553667903 0
1731857308371 0.0017244040500372648 0
1731857325852 0.001385090290568769 0
1731857343218 0.0015270638978108764 0
1731857360677 0.0015085162594914436 0
1731857378031 0.0015414593508467078 0
1731857395525 0.001697270548902452 0
1731857412882 0.0017998998519033194 0
1731857430361 0.0014257043367251754 0
1731857448069 0.0012982210610061884 0
1731857465530 0.0012222251389175653 0
1731857482870 0.0016672684578225017 0
1731857500314 0.0015001347055658698 0
1731857517671 0.001498230965808034 0
1731857535141 0.0015264786779880524 0
1731857552510 0.0011836765334010124 0
1731857570000 0.0012137835146859288 0
1731857587341 0.001388808712363243 0
1731857604804 0.0012950606178492308 0
1731857622152 0.0012174395378679037 0
1731857639614 0.0016479883342981339 0
1731857656983 0.0013629570603370667 0
1731857674454 0.001262953970581293 0
1731857691777 0.0014685718342661858 0
1731857709600 0.00154954195022583 0
1731857726962 0.001289605861529708 0
1731857744456 0.0013046497479081154 0
1731857761831 0.0013193133054301143 0
1731857779278 0.001304164412431419 0
1731857796605 0.0014594773529097438 0
1731857814079 0.0014244746416807175 0
1731857831419 0.0010605332208797336 0
1731857848883 0.0014628437347710133 0
1731857866241 0.001169749302789569 0
1731857883744 0.0014689178206026554 0
1731857901063 0.0013558039208874106 0
1731857918537 0.001354475854896009 0
1731857935907 0.0014282695483416319 0
1731857953704 0.0013933004811406136 0
1731857971061 0.0013751070946455002 0
1731857988555 0.0014711770927533507 0
1731858005927 0.0010010742116719484 0
1731858023436 0.0010462235659360886 0
1731858040821 0.0009795379592105746 0
1731858058306 0.0010115744080394506 0
1731858075666 0.0013747625052928925 0
1731858093161 0.0013480376219376922 0
1731858110497 0.0009862680453807116 0
1731858127983 0.001146273105405271 0
1731858145346 0.0011701908661052585 0
1731858162847 0.001185480854474008 0
1731858180201 0.0010713505325838923 0
1731858197677 0.0011275652796030045 0
1731858215407 0.0011129381600767374 0
1731858232894 0.0011373963207006454 0
1731858250253 0.0010503085795789957 0
1731858267735 0.0010295113315805793 0
1731858285128 0.0010186209110543132 0
1731858302634 0.0011072637280449271 0
1731858320049 0.0010359978768974543 0
1731858337535 0.0010757383424788713 0
1731858354908 0.0009706742130219936 0
1731858372383 0.0012031024089083076 0
1731858389758 0.0009318247903138399 0
1731858407241 0.0012611751444637775 0
1731858424644 0.0009306789725087583 0
1731858442137 0.0009566996595822275 0
1731858459513 0.0011256941361352801 0
1731858477339 0.0010439150501042604 0
1731858494686 0.0010451367124915123 0
1731858512184 0.001174712786450982 0
1731858529567 0.0009988914243876934 0
1731858547061 0.0008902996778488159 0
1731858564429 0.0009611641871742904 0
1731858581919 0.0008574258536100388 0
1731858599289 0.0008456286741420627 0
1731858616788 0.0010305967880412936 0
1731858634174 0.0009553639101795852 0
1731858651658 0.0008965578745119274 0
1731858669024 0.0008484131540171802 0
1731858686494 0.0008077863021753728 0
1731858703838 0.000973057933151722 0
1731858721308 0.00110046926420182 0
1731858739049 0.0008989369962364435 0
1731858756524 0.0008847875869832933 0
1731858773880 0.0009342861594632268 0
1731858791365 0.0008893185295164585 0
1731858808727 0.0009184735827147961 0
1731858826199 0.001040557399392128 0
1731858843548 0.0007476308383047581 0
1731858861047 0.0007611036999151111 0
1731858878399 0.0008494047215208411 0
1731858895865 0.0010452389251440763 0
1731858913233 0.0009657234768383205 0
1731858930712 0.0009517681319266558 0
1731858948084 0.0009755298378877342 0
1731858965562 0.0008752385037951171 0
1731858982931 0.0007669891929253936 0
1731859000764 0.0009133726707659662 0
1731859018131 0.0009760309476405382 0
1731859035622 0.0009039415745064616 0
1731859052982 0.0006823049625381827 0
1731859070457 0.0008334412705153227 0
1731859087845 0.0008278644527308643 0
1731859105344 0.0008361506625078619 0
1731859122726 0.000784873147495091 0
1731859140212 0.0007382704643532634 0
1731859157587 0.0009053018293343484 0
1731859175095 0.0008509848266839981 0
1731859192483 0.00079440011177212 0
1731859209948 0.0010116215562447906 0
1731859227345 0.0007832224364392459 0
1731859245163 0.0008326511597260833 0
1731859262538 0.0008923507994040847 0
1731859280027 0.0007623982965014875 0
1731859297395 0.00086572504369542 0
1731859314873 0.0007992156315594912 0
1731859332238 0.0006841592257842422 0
1731859349754 0.0006761201075278223 0
1731859367130 0.0006634278688579798 0
1731859384643 0.0006744111306034029 0
1731859402012 0.0007340195588767529 0
1731859419523 0.0007554844487458467 0
1731859436899 0.0007300671422854066 0
1731859454402 0.0007384312339127064 0
1731859471763 0.0007930499268695712 0
1731859489235 0.0007844016654416919 0
1731859506973 0.000653084774967283 0
1731859524489 0.0006136206211522222 0
1731859541859 0.0007425122894346714 0
1731859559345 0.0007373763946816325 0
1731859576740 0.0007671049679629505 0
1731859594227 0.0007137038628570735 0
1731859611610 0.0007736401166766882 0
1731859629097 0.0008325208909809589 0
1731859646482 0.000822110683657229 0
1731859663981 0.0007059191120788455 0
1731859681375 0.0007119890069589019 0
1731859698881 0.0006687029963359237 0
1731859716245 0.0006968278321437538 0
1731859733765 0.0007046880200505257 0
1731859751157 0.0006824104930274189 0
1731859769038 0.0007225429872050881 0
1731859786447 0.0007169151213020086 0
1731859803919 0.0007038984331302345 0
1731859821322 0.0007621903787367046 0
1731859838836 0.0006382178980857134 0
1731859856225 0.0005775048630312085 0
1731859873731 0.0006760129472240806 0
1731859891115 0.0007474306039512157 0
1731859908639 0.0006974963471293449 0
1731859926008 0.0006241569062694907 0
1731859943510 0.000530349207110703 0
1731859960885 0.0007917466573417187 0
1731859978369 0.0006969861569814384 0
1731859995723 0.0006343158893287182 0
1731860013216 0.0006503585027530789 0
1731860030945 0.0007146374555304646 0
1731860048469 0.0005769333802163601 0
1731860065841 0.000595931604038924 0
1731860083347 0.0006341437110677361 0
1731860100731 0.0005583649035543203 0
1731860118224 0.0005469184834510088 0
1731860135582 0.0005378131754696369 0
1731860153080 0.0005849428125657141 0
1731860170490 0.000688993080984801 0
1731860188005 0.0007511923322454095 0
1731860205356 0.000676579074934125 0
1731860222880 0.0006319978274405003 0
1731860240260 0.0008052738266997039 0
1731860257758 0.0007239998085424304 0
1731860275146 0.0007282547885552049 0
