1731856315453 0.0013857685262337327 0
1731856337517 0.0006226968835107982 0
1731856359666 0.0004729527572635561 0
1731856382138 0.0004164010751992464 0
1731856404543 0.0003347542369738221 0
1731856427130 0.0002850400051102042 0
1731856449619 0.00033919140696525574 0
1731856472203 0.0003434435639064759 0
1731856494720 0.0002928841859102249 0
1731856517408 0.00030178847373463213 0
1731856539998 0.0003292554465588182 0
1731856562686 0.0002757999754976481 0
1731856585257 0.00026336120208725333 0
1731856608001 0.0002528140612412244 0
1731856630481 0.0002904136199504137 0
1731856650493 0.00034239375963807106 0
1731856670509 0.0002858187071979046 0
1731856690539 0.0002661213802639395 0
1731856710551 0.00026463172980584204 0
1731856730602 0.0002957584511023015 0
1731856750661 0.00023491089814342558 0
1731856770745 0.00027993478579446673 0
1731856789874 0.0002342402731301263 0
1731856808519 0.0003135944716632366 0
1731856827306 0.00023213303938973695 0
1731856846101 0.00021620013285428286 0
1731856864888 0.0002069114416372031 0
1731856883518 0.0002588908828329295 0
1731856902301 0.0003429014468565583 0
1731856921053 0.00028056054725311697 0
1731856939017 0.00023788955877535045 0
1731856956963 0.0002403795369900763 0
1731856974890 0.00027990597300231457 0
1731856992828 0.00019369812798686326 0
1731857010755 0.00021587357332464308 0
1731857028710 0.00034882850013673306 0
1731857046664 0.00020156989921815693 0
1731857064087 0.00022840555175207555 0
1731857081774 0.0002013652992900461 0
1731857099105 0.00020634924294427037 0
1731857116581 0.0001913834421429783 0
1731857133938 0.00021020219719503075 0
1731857151406 0.0001910775899887085 0
1731857168729 0.0002471197512932122 0
1731857186544 0.00017380953067913651 0
1731857203883 0.00023911037715151906 0
1731857221359 0.0001845858059823513 0
1731857238706 0.00021057866979390383 0
1731857256178 0.00019771748338826 0
1731857273547 0.00015255779726430774 0
1731857291022 0.0002053716452792287 0
1731857308371 0.0002465947181917727 0
1731857325852 0.0002333593729417771 0
1731857343218 0.00018462059961166233 0
1731857360677 0.00021648063557222486 0
1731857378031 0.00019741761207114905 0
1731857395525 0.00021728435240220279 0
1731857412882 0.00019393651746213436 0
1731857430361 0.00020424823742359877 0
1731857448069 0.00018159080354962498 0
1731857465530 0.0002135486574843526 0
1731857482870 0.0002034160861512646 0
1731857500314 0.00017177092377096415 0
1731857517671 0.00018990447279065847 0
1731857535141 0.00016740761930122972 0
1731857552510 0.0002531013451516628 0
1731857570000 0.0001922937954077497 0
1731857587341 0.0001669104240136221 0
1731857604804 0.0001641635608393699 0
1731857622152 0.00016067489923443645 0
1731857639614 0.00019979150965809822 0
1731857656983 0.00017636353732086718 0
1731857674454 0.00019872779375873506 0
1731857691777 0.00024775060592219234 0
1731857709600 0.00020268202933948487 0
1731857726962 0.0001608008169569075 0
1731857744456 0.00015951832756400108 0
1731857761831 0.00018374055798631161 0
1731857779278 0.00016153842443600297 0
1731857796605 0.0001706331968307495 0
1731857814079 0.0001717482809908688 0
1731857831419 0.00017151492647826672 0
1731857848883 0.00021141172328498214 0
1731857866241 0.00017534123617224395 0
1731857883744 0.00018994702259078622 0
1731857901063 0.0001853231806308031 0
1731857918537 0.00016628435696475208 0
1731857935907 0.00020884779223706573 0
1731857953704 0.0001850825792644173 0
1731857971061 0.00018720669322647154 0
1731857988555 0.0002062840503640473 0
1731858005927 0.00015401291602756828 0
1731858023436 0.0001607508456800133 0
1731858040821 0.00016433477867394686 0
1731858058306 0.0001815770083339885 0
1731858075666 0.00017021586245391518 0
1731858093161 0.0001666653697611764 0
1731858110497 0.00016707291069906205 0
1731858127983 0.00016001985932234675 0
1731858145346 0.00016820820746943355 0
1731858162847 0.00018792314222082496 0
1731858180201 0.00018929480575025082 0
1731858197677 0.0001897727488540113 0
1731858215407 0.0001838603348005563 0
1731858232894 0.00017858564388006926 0
1731858250253 0.0001949505676748231 0
1731858267735 0.00016101181972771883 0
1731858285128 0.00017584723536856472 0
1731858302634 0.0001986542047234252 0
1731858320049 0.00017260381719097495 0
1731858337535 0.00018710814765654504 0
1731858354908 0.00017494664643891156 0
1731858372383 0.00020007663988508284 0
1731858389758 0.00017346671666018665 0
1731858407241 0.00018564186757430434 0
1731858424644 0.0001587337756063789 0
1731858442137 0.0001596132351551205 0
1731858459513 0.0001650672493269667 0
1731858477339 0.00018390176410321146 0
1731858494686 0.00015139707829803228 0
1731858512184 0.0001706985931377858 0
1731858529567 0.00016627879813313484 0
1731858547061 0.00017159819253720343 0
1731858564429 0.00014958425890654325 0
1731858581919 0.00019356570555828512 0
1731858599289 0.00016647313896100968 0
1731858616788 0.00018362986156716943 0
1731858634174 0.00021270175056997687 0
1731858651658 0.00016973396122921258 0
1731858669024 0.00018894526874646544 0
1731858686494 0.00017159886192530394 0
1731858703838 0.00014616167754866183 0
1731858721308 0.00017230419325642288 0
1731858739049 0.00017551596101839095 0
1731858756524 0.00021264859242364764 0
1731858773880 0.00017771936836652458 0
1731858791365 0.000177564361365512 0
1731858808727 0.00015654601156711578 0
1731858826199 0.00015718824579380453 0
1731858843548 0.00016507228428963572 0
1731858861047 0.000159468938363716 0
1731858878399 0.00015972901019267738 0
1731858895865 0.00017449543520342559 0
1731858913233 0.0001561464450787753 0
1731858930712 0.00015536564751528203 0
1731858948084 0.00019058868929278105 0
1731858965562 0.0001645696465857327 0
1731858982931 0.0001643244904698804 0
1731859000764 0.000173194392118603 0
1731859018131 0.00015833773068152368 0
1731859035622 0.00016335610416717827 0
1731859052982 0.0001850794506026432 0
1731859070457 0.00016341963782906532 0
1731859087845 0.00017142445722129196 0
1731859105344 0.00021308186114765704 0
1731859122726 0.00016745548055041581 0
1731859140212 0.00015666591934859753 0
1731859157587 0.00018477113917469978 0
1731859175095 0.00018537172582000494 0
1731859192483 0.00016826052160467952 0
1731859209948 0.00018899457063525915 0
1731859227345 0.0001709553471300751 0
1731859245163 0.00017163109441753477 0
1731859262538 0.0001809967216104269 0
1731859280027 0.00019748872728087008 0
1731859297395 0.00017686322098597884 0
1731859314873 0.00016248795145656914 0
1731859332238 0.0001646053569857031 0
1731859349754 0.00016996065096464008 0
1731859367130 0.00015441744471900165 0
1731859384643 0.000179763650521636 0
1731859402012 0.00014879228547215462 0
1731859419523 0.0001813920825952664 0
1731859436899 0.00017654342809692025 0
1731859454402 0.00016264707664959133 0
1731859471763 0.00017168819613289088 0
1731859489235 0.00018124505004379898 0
1731859506973 0.00015872549556661397 0
1731859524489 0.00017841374210547656 0
1731859541859 0.00015032204100862145 0
1731859559345 0.00017331604612991214 0
1731859576740 0.0001727019262034446 0
1731859594227 0.00014229919179342687 0
1731859611610 0.00014566347817890346 0
1731859629097 0.00016980397049337626 0
1731859646482 0.0001583913981448859 0
1731859663981 0.00017017200298141688 0
1731859681375 0.00016251190390903503 0
1731859698881 0.00013893010327592492 0
1731859716245 0.00017828575801104307 0
1731859733765 0.00017371377907693386 0
1731859751157 0.00017863765242509544 0
1731859769038 0.0001539049990242347 0
1731859786447 0.00015062050078995526 0
1731859803919 0.00018043034651782364 0
1731859821322 0.0001861863856902346 0
1731859838836 0.0001711760414764285 0
1731859856225 0.00015132108819670975 0
1731859873731 0.00016873814456630498 0
1731859891115 0.0001487902191001922 0
1731859908639 0.00015309365699067712 0
1731859926008 0.00017891032621264458 0
1731859943510 0.00017855307669378817 0
1731859960885 0.00015632080612704158 0
1731859978369 0.00016165692068170756 0
1731859995723 0.0001732403034111485 0
1731860013216 0.00017910570022650063 0
1731860030945 0.00015415459347423166 0
1731860048469 0.00017090150504373014 0
1731860065841 0.00014846034173388034 0
1731860083347 0.00016773512470535934 0
1731860100731 0.0001692859805189073 0
1731860118224 0.00015291813178919256 0
1731860135582 0.00016338138084392995 0
1731860153080 0.0001670301571721211 0
1731860170490 0.00015368720050901175 0
1731860188005 0.00018626463133841753 0
1731860205356 0.00015886974870227277 0
1731860222880 0.00017036809003911912 0
1731860240260 0.00018086886848323047 0
1731860257758 0.000180378308868967 0
1731860275146 0.00015692898887209594 0
