1731856312806 0.0005069329054094851 0
1731856332433 0.00042340668733231723 0
1731856351992 0.0003650123253464699 0
1731856371753 0.0003084770869463682 0
1731856391470 0.0002616597630549222 0
1731856411296 0.00021799148817081004 0
1731856431146 0.00018613261636346579 0
1731856451079 0.00016602543473709375 0
1731856470959 0.00014901001122780144 0
1731856490980 0.00013000553008168936 0
1731856510939 0.00011979693954344839 0
1731856530992 0.00011496350634843111 0
1731856550979 0.00010556494089541957 0
1731856571101 9.814363875193521e-05 0
1731856591106 9.315502393292263e-05 0
1731856608936 8.824252290651202e-05 0
1731856626743 8.702444029040635e-05 0
1731856644567 8.046344009926543e-05 0
1731856662418 8.166620682459325e-05 0
1731856680291 7.77599707362242e-05 0
1731856698130 7.690160418860614e-05 0
1731856716013 7.39372189855203e-05 0
1731856733050 7.32457046979107e-05 0
1731856749666 7.330128573812544e-05 0
1731856766448 7.277460099430755e-05 0
1731856783212 7.248527253977954e-05 0
1731856799976 7.258916593855247e-05 0
1731856816662 7.104952965164557e-05 0
1731856833444 6.885452603455633e-05 0
1731856850291 6.675001350231469e-05 0
1731856866347 6.632857548538595e-05 0
1731856882436 6.532322004204616e-05 0
1731856898482 6.725154526066035e-05 0
1731856914547 6.516673602163792e-05 0
1731856930655 6.353359640343115e-05 0
1731856946721 6.299741653492674e-05 0
1731856963052 6.370238406816497e-05 0
1731856978723 6.333950295811519e-05 0
1731856994380 6.041644883225672e-05 0
1731857009971 5.844325278303586e-05 0
1731857025652 5.967846664134413e-05 0
1731857041230 5.724243965232745e-05 0
1731857056910 5.7073109928751364e-05 0
1731857072518 5.7638677390059456e-05 0
1731857088610 5.6891767599154264e-05 0
1731857104202 5.8094719861401245e-05 0
1731857119912 5.557830445468426e-05 0
1731857135498 5.156675251782872e-05 0
1731857151176 5.521953062270768e-05 0
1731857166776 5.44878639630042e-05 0
1731857182486 5.2603227231884375e-05 0
1731857198094 5.2485167543636635e-05 0
1731857213784 5.257854354567826e-05 0
1731857229404 4.882985740550794e-05 0
1731857245114 4.9709055019775406e-05 0
1731857260726 5.052370761404745e-05 0
1731857276450 4.958966746926308e-05 0
1731857292037 4.7686735342722386e-05 0
1731857307754 4.8410096496809274e-05 0
1731857323715 4.474976230994798e-05 0
1731857339449 4.672448631026782e-05 0
1731857355058 4.7512487071799114e-05 0
1731857370787 4.793193511432037e-05 0
1731857386388 4.690724381362088e-05 0
1731857402121 4.699718556366861e-05 0
1731857417729 4.411777263158001e-05 0
1731857433452 4.55260778835509e-05 0
1731857449054 4.50605912192259e-05 0
1731857464811 4.382392216939479e-05 0
1731857480415 4.372779585537501e-05 0
1731857496172 4.1790277464315295e-05 0
1731857511789 4.2380179365864024e-05 0
1731857527524 3.994711005361751e-05 0
1731857543187 4.363841799204238e-05 0
1731857559282 4.21185941377189e-05 0
1731857574922 4.191412153886631e-05 0
1731857590653 4.063493906869553e-05 0
1731857606311 3.9341401134151965e-05 0
1731857622040 3.831473077298142e-05 0
1731857637657 3.928549631382339e-05 0
1731857653408 3.871509761665948e-05 0
1731857669019 3.909142469638027e-05 0
1731857684762 3.9199923776322976e-05 0
1731857700405 3.895508052664809e-05 0
1731857716176 3.90494751627557e-05 0
1731857731801 3.717838990269229e-05 0
1731857747549 3.636656401795335e-05 0
1731857763203 3.6979236028855667e-05 0
1731857779297 3.723219197127037e-05 0
1731857794905 5.02313778270036e-05 0
1731857810628 4.3627376726362854e-05 0
1731857826269 3.9312053559115157e-05 0
1731857841974 3.9918730180943385e-05 0
1731857857630 4.065870598424226e-05 0
1731857873389 3.886903141392395e-05 0
1731857889055 3.748184462892823e-05 0
1731857904790 3.898251452483237e-05 0
1731857920432 3.661758455564268e-05 0
1731857936185 3.785352600971237e-05 0
1731857951816 3.758018647204153e-05 0
1731857967575 3.576144445105456e-05 0
1731857983264 3.630834544310346e-05 0
1731857999016 3.4610355214681476e-05 0
1731858014976 3.684904004330747e-05 0
1731858030733 3.337827365612611e-05 0
1731858046364 3.5686771298060194e-05 0
1731858062124 3.3776996133383363e-05 0
1731858077766 3.275730341556482e-05 0
1731858093508 3.471229501883499e-05 0
1731858109174 3.2202122383750975e-05 0
1731858124934 3.2714280678192154e-05 0
1731858140596 3.305715654278174e-05 0
1731858156366 3.331821790197864e-05 0
1731858172001 3.252842725487426e-05 0
1731858187770 3.0558465368812904e-05 0
1731858203417 3.280109376646578e-05 0
1731858219163 3.157487662974745e-05 0
1731858234802 3.255369665566832e-05 0
1731858250907 3.152468707412481e-05 0
1731858266554 3.1146486435318366e-05 0
1731858282297 3.082128023379482e-05 0
1731858297926 3.063327676500194e-05 0
1731858313719 3.501979517750442e-05 0
1731858329345 3.1030765967443585e-05 0
1731858345107 3.084427225985564e-05 0
1731858360782 3.117910091532394e-05 0
1731858376531 3.210836439393461e-05 0
1731858392200 3.142744390061125e-05 0
1731858407953 2.9690623705391772e-05 0
1731858423617 2.9756858566543087e-05 0
1731858439340 3.125827061012387e-05 0
1731858455014 2.9549353712354787e-05 0
1731858470769 3.2471969461767e-05 0
1731858486767 2.998459240188822e-05 0
1731858502532 3.177711187163368e-05 0
1731858518189 3.0450421036221087e-05 0
1731858533909 2.8832935640821233e-05 0
1731858549549 2.9044642360531725e-05 0
1731858565302 2.8568427296704613e-05 0
1731858580961 2.812936327245552e-05 0
1731858596726 2.9298649678821675e-05 0
1731858612398 2.7107531423098408e-05 0
1731858628160 2.791009501379449e-05 0
1731858643815 2.843680340447463e-05 0
1731858659580 2.8406766432453878e-05 0
1731858675241 2.8356324037304148e-05 0
1731858690983 2.7962920285062864e-05 0
1731858706655 2.7864924049936235e-05 0
1731858722775 2.722298086155206e-05 0
1731858738428 2.673642484296579e-05 0
1731858754175 2.7950403818977065e-05 0
1731858769806 2.711207343963906e-05 0
1731858785579 2.8586830012500286e-05 0
1731858801202 2.7651643904391676e-05 0
1731858816944 2.89550607703859e-05 0
1731858832584 2.714969014050439e-05 0
1731858848340 2.740063973760698e-05 0
1731858863950 2.5480678232270293e-05 0
1731858879696 2.6923915356746875e-05 0
1731858895313 2.7736210540751927e-05 0
1731858911034 2.671811125765089e-05 0
1731858926664 2.6502781111048535e-05 0
1731858942791 2.673320886970032e-05 0
1731858958415 2.6391477149445564e-05 0
1731858974171 2.703226164157968e-05 0
1731858989790 2.6191288270638324e-05 0
1731859005520 2.6179017368122004e-05 0
1731859021155 2.620505983941257e-05 0
1731859036904 2.7175845389137976e-05 0
1731859052547 2.612506432342343e-05 0
1731859068266 2.6829664420802146e-05 0
1731859083878 2.6240139050059952e-05 0
1731859099595 2.514484185667243e-05 0
1731859115216 2.6235149562126026e-05 0
1731859130941 2.5092285795835778e-05 0
1731859146542 2.5305052986368537e-05 0
1731859162275 2.4928984203143045e-05 0
1731859178243 2.5962073777918704e-05 0
1731859193972 2.5775356334634125e-05 0
1731859209606 2.5309458578703925e-05 0
1731859225331 2.5872346668620594e-05 0
1731859240952 2.4769191441009752e-05 0
1731859256702 2.45689952862449e-05 0
1731859272340 2.501820563338697e-05 0
1731859288053 2.5140790967270732e-05 0
1731859303650 2.467475860612467e-05 0
1731859319353 2.4643146389280446e-05 0
1731859335003 2.5445138817303814e-05 0
1731859350746 2.4733406462473795e-05 0
1731859366342 2.3925076675368473e-05 0
1731859382057 2.572936864453368e-05 0
1731859397680 2.4366507204831578e-05 0
1731859413937 2.3809983758837916e-05 0
1731859429565 2.578767089289613e-05 0
1731859445270 2.4403580027865246e-05 0
1731859460883 2.4508644855814055e-05 0
1731859476626 2.475382098054979e-05 0
1731859492263 2.4612409106339328e-05 0
1731859507989 2.5198844014084898e-05 0
1731859523616 2.4196335289161652e-05 0
1731859539331 2.4104356270981953e-05 0
1731859554957 2.5017996449605562e-05 0
1731859570683 2.4096363631542772e-05 0
1731859586299 2.299946572748013e-05 0
1731859602025 2.317916732863523e-05 0
1731859617650 2.433215377095621e-05 0
1731859633367 2.3597260224050842e-05 0
1731859649419 2.3900309315649793e-05 0
1731859665159 2.380010482738726e-05 0
1731859680781 2.298714389326051e-05 0
1731859696494 2.2999325665296055e-05 0
1731859712077 2.3979599063750356e-05 0
1731859727777 2.327567017346155e-05 0
1731859743400 2.325226887478493e-05 0
1731859759106 2.3836169930291362e-05 0
1731859774720 2.2960164642427117e-05 0
1731859790464 2.305176531081088e-05 0
1731859806089 2.2653553969576024e-05 0
1731859821792 2.1959920559311286e-05 0
1731859837412 2.1571036995737813e-05 0
1731859853130 2.2626139980275184e-05 0
1731859868771 2.3642045562155545e-05 0
