1731856312806 0.0006542938644997776 0
1731856332433 0.00013969821156933904 0
1731856351992 0.0001173667551483959 0
1731856371753 9.391780622536317e-05 0
1731856391470 8.538753900211304e-05 0
1731856411296 7.408849342027679e-05 0
1731856431146 7.900696073193103e-05 0
1731856451079 8.078329847194254e-05 0
1731856470959 7.864260987844318e-05 0
1731856490980 6.951928662601858e-05 0
1731856510939 7.96079111751169e-05 0
1731856530992 9.370863699587062e-05 0
1731856550979 7.699143316131085e-05 0
1731856571101 9.642114309826866e-05 0
1731856591106 9.744583076098934e-05 0
1731856608936 0.0001119722583098337 0
1731856626743 9.433506784262136e-05 0
1731856644567 9.264107211492956e-05 0
1731856662418 0.00012118459562771022 0
1731856680291 0.00011070059554185718 0
1731856698130 0.0001184741995530203 0
1731856716013 0.00010703130101319402 0
1731856733050 0.0001251651847269386 0
1731856749666 0.00010350941738579422 0
1731856766448 0.00014532911882270128 0
1731856783212 0.0001636698143556714 0
1731856799976 0.00014428666327148676 0
1731856816662 0.00013105648395139724 0
1731856833444 0.00013066000246908516 0
1731856850291 0.00016317515110131353 0
1731856866347 0.00018232868751510978 0
1731856882436 0.000151795320562087 0
1731856898482 0.0001705614267848432 0
1731856914547 0.00014900704263709486 0
1731856930655 0.0001588437589816749 0
1731856946721 0.00015437731053680182 0
1731856963052 0.00015251070726662874 0
1731856978723 0.0001924505631905049 0
1731856994380 0.00016374708502553403 0
1731857009971 0.00019364090985618532 0
1731857025652 0.00015634586452506483 0
1731857041230 0.00016063138900790364 0
1731857056910 0.00017737109737936407 0
1731857072518 0.00016628560842946172 0
1731857088610 0.0002194900589529425 0
1731857104202 0.00020298339950386435 0
1731857119912 0.00021769281011074781 0
1731857135498 0.00019837214495055377 0
1731857151176 0.00018629290570970625 0
1731857166776 0.00021172132983338088 0
1731857182486 0.00021247501717880368 0
1731857198094 0.0001972420432139188 0
1731857213784 0.00020274918642826378 0
1731857229404 0.00021601244225166738 0
1731857245114 0.00022469770919997245 0
1731857260726 0.00022907383390702307 0
1731857276450 0.0002104642044287175 0
1731857292037 0.00021089505753479898 0
1731857307754 0.0002336337638553232 0
1731857323715 0.00021858906256966293 0
1731857339449 0.00018334870401304215 0
1731857355058 0.00020619021961465478 0
1731857370787 0.00022788794012740254 0
1731857386388 0.00021373509662225842 0
1731857402121 0.00020282302284613252 0
1731857417729 0.00023512958432547748 0
1731857433452 0.0002611277159303427 0
1731857449054 0.00021888251649215817 0
1731857464811 0.0001993488403968513 0
1731857480415 0.0002293112629558891 0
1731857496172 0.00020686133939307183 0
1731857511789 0.00022475019795820117 0
1731857527524 0.00019592460012063384 0
1731857543187 0.0002339073398616165 0
1731857559282 0.00023931273608468473 0
1731857574922 0.00021590314281638712 0
1731857590653 0.0002544652670621872 0
1731857606311 0.00022819235164206475 0
1731857622040 0.00022513672593049705 0
1731857637657 0.0002194817498093471 0
1731857653408 0.0002030298055615276 0
1731857669019 0.00022449799871537834 0
1731857684762 0.00023618238628841937 0
1731857700405 0.0002397889766143635 0
1731857716176 0.00024627367383800447 0
1731857731801 0.00021356575598474592 0
1731857747549 0.0002464194258209318 0
1731857763203 0.00023637301637791097 0
1731857779297 0.00022812403040006757 0
1731857794905 0.0002607943897601217 0
1731857810628 0.0002085653686663136 0
1731857826269 0.00024077713896986097 0
1731857841974 0.00027529854560270905 0
1731857857630 0.00024501961888745427 0
1731857873389 0.00023693221737630665 0
1731857889055 0.0002313413133379072 0
1731857904790 0.00022701914713252336 0
1731857920432 0.000217243519728072 0
1731857936185 0.00024964261683635414 0
1731857951816 0.00022939099289942533 0
1731857967575 0.00027473137015476823 0
1731857983264 0.0002720829797908664 0
1731857999016 0.0002482983109075576 0
1731858014976 0.0002828863216564059 0
1731858030733 0.0002779019414447248 0
1731858046364 0.0003222377854399383 0
1731858062124 0.00022561920923180878 0
1731858077766 0.0002597940620034933 0
1731858093508 0.00023202295415103436 0
1731858109174 0.000246451236307621 0
1731858124934 0.0002447804727125913 0
1731858140596 0.00027915637474507093 0
1731858156366 0.0002679821045603603 0
1731858172001 0.00024800002574920654 0
1731858187770 0.00024639451294206083 0
1731858203417 0.00029996276134625077 0
1731858219163 0.0002998427371494472 0
1731858234802 0.0002755121677182615 0
1731858250907 0.00025357052800245583 0
1731858266554 0.00023954646894708276 0
1731858282297 0.0002427311846986413 0
1731858297926 0.00024706029216758907 0
1731858313719 0.0002885656140279025 0
1731858329345 0.00025569781428202987 0
1731858345107 0.0002704905054997653 0
1731858360782 0.00026670671650208533 0
1731858376531 0.0002506363089196384 0
1731858392200 0.00027031669742427766 0
1731858407953 0.0002931957133114338 0
1731858423617 0.00026987423188984394 0
1731858439340 0.00035188294714316726 0
1731858455014 0.0002831023884937167 0
1731858470769 0.0003185468667652458 0
1731858486767 0.0002633921103551984 0
1731858502532 0.00030256787431426346 0
1731858518189 0.0003094575949944556 0
1731858533909 0.00024131647660396993 0
1731858549549 0.00027505686739459634 0
1731858565302 0.0002729053085204214 0
1731858580961 0.0002902532578445971 0
1731858596726 0.00027896719984710217 0
1731858612398 0.00026546994922682643 0
1731858628160 0.000288798357360065 0
1731858643815 0.0002604986075311899 0
1731858659580 0.0002928861358668655 0
1731858675241 0.00030356933712027967 0
1731858690983 0.000283442554064095 0
1731858706655 0.0002788732817862183 0
1731858722775 0.0002905838773585856 0
1731858738428 0.0003371525672264397 0
1731858754175 0.00027847400633618236 0
1731858769806 0.0003108374949079007 0
1731858785579 0.00030502042500302196 0
1731858801202 0.00029326952062547207 0
1731858816944 0.00032373558497056365 0
1731858832584 0.0003242811362724751 0
1731858848340 0.00030972284730523825 0
1731858863950 0.00023542054987046868 0
1731858879696 0.0002814820618368685 0
1731858895313 0.0003282157995272428 0
1731858911034 0.0002807907003443688 0
1731858926664 0.00029142166022211313 0
1731858942791 0.00032745994394645095 0
1731858958415 0.00031916156876832247 0
1731858974171 0.00034113015863113105 0
1731858989790 0.00027689122362062335 0
1731859005520 0.00035962689435109496 0
1731859021155 0.0003176986938342452 0
1731859036904 0.00033226871164515615 0
1731859052547 0.00035831599961966276 0
1731859068266 0.0003066244535148144 0
1731859083878 0.0002982136211358011 0
1731859099595 0.00034674155176617205 0
1731859115216 0.00031871238024905324 0
1731859130941 0.00029088236624374986 0
1731859146542 0.0003019695286639035 0
1731859162275 0.00035412306897342205 0
1731859178243 0.0003241595986764878 0
1731859193972 0.00032117083901539445 0
1731859209606 0.00031148403650149703 0
1731859225331 0.0002981523284688592 0
1731859240952 0.0002631908864714205 0
1731859256702 0.00027611959376372397 0
1731859272340 0.0003015644906554371 0
1731859288053 0.0003915397101081908 0
1731859303650 0.0002951097849290818 0
1731859319353 0.0003089086967520416 0
1731859335003 0.0003417709667701274 0
1731859350746 0.0004150376480538398 0
1731859366342 0.00028586844564415514 0
1731859382057 0.00032471236772835255 0
1731859397680 0.00029658363200724125 0
1731859413937 0.00027279334608465433 0
1731859429565 0.00034334135125391185 0
1731859445270 0.00033658213214948773 0
1731859460883 0.00034455046989023685 0
1731859476626 0.00033634575083851814 0
1731859492263 0.0002956029784400016 0
1731859507989 0.0003368628094904125 0
1731859523616 0.0003545022045727819 0
1731859539331 0.0003472495009191334 0
1731859554957 0.0003544288920238614 0
1731859570683 0.00033246184466406703 0
1731859586299 0.00031910534016788006 0
1731859602025 0.00031947612296789885 0
1731859617650 0.0003647460835054517 0
1731859633367 0.0003202938532922417 0
1731859649419 0.00036228474345989525 0
1731859665159 0.00037257763324305415 0
1731859680781 0.00034707412123680115 0
1731859696494 0.0003767295856960118 0
1731859712077 0.0003621649229899049 0
1731859727777 0.0003112323465757072 0
1731859743400 0.0003949910751543939 0
1731859759106 0.000373367773136124 0
1731859774720 0.0003594480222091079 0
1731859790464 0.00035419792402535677 0
1731859806089 0.0003263115359004587 0
1731859821792 0.0003339966060593724 0
1731859837412 0.000314333155984059 0
1731859853130 0.0003801968414336443 0
1731859868771 0.00034122643410228193 0
