1731856312803 21.64482879638672 0
1731856332426 22.99506950378418 0
1731856351987 23.282730102539062 0
1731856371751 23.98683738708496 0
1731856391467 24.09967613220215 0
1731856411294 23.828943252563477 0
1731856431144 24.505176544189453 0
1731856451077 24.856332778930664 0
1731856470956 24.824424743652344 0
1731856490978 24.668169021606445 0
1731856510937 24.80756950378418 0
1731856530989 24.28028678894043 0
1731856550977 24.808879852294922 0
1731856571099 25.258007049560547 0
1731856591103 25.055721282958984 0
1731856608934 25.91181182861328 0
1731856626741 24.921905517578125 0
1731856644564 25.017995834350586 0
1731856662416 25.46941375732422 0
1731856680289 24.68827247619629 0
1731856698128 25.501222610473633 0
1731856716011 25.493000030517578 0
1731856733048 25.76919937133789 0
1731856749663 25.114965438842773 0
1731856766446 25.153278350830078 0
1731856783210 25.145790100097656 0
1731856799974 25.111095428466797 0
1731856816660 25.671703338623047 0
1731856833442 25.303611755371094 0
1731856850288 25.923513412475586 0
1731856866345 25.4148006439209 0
1731856882434 25.53150177001953 0
1731856898479 25.188268661499023 0
1731856914545 25.201162338256836 0
1731856930653 25.711200714111328 0
1731856946718 25.935884475708008 0
1731856963050 25.71250343322754 0
1731856978721 25.818668365478516 0
1731856994378 25.834333419799805 0
1731857009968 25.666885375976562 0
1731857025650 25.529455184936523 0
1731857041228 26.051984786987305 0
1731857056907 25.921934127807617 0
1731857072516 25.982242584228516 0
1731857088608 26.610414505004883 0
1731857104200 26.227989196777344 0
1731857119909 25.505292892456055 0
1731857135496 26.1796875 0
1731857151174 26.880199432373047 0
1731857166774 26.556102752685547 0
1731857182484 25.68686866760254 0
1731857198092 25.496000289916992 0
1731857213781 26.470003128051758 0
1731857229402 26.537830352783203 0
1731857245112 25.8985538482666 0
1731857260724 26.29996681213379 0
1731857276447 25.738800048828125 0
1731857292035 26.1246395111084 0
1731857307752 25.38380241394043 0
1731857323713 26.09935188293457 0
1731857339446 26.65994644165039 0
1731857355056 26.985565185546875 0
1731857370784 26.021747589111328 0
1731857386386 26.112361907958984 0
1731857402119 26.576974868774414 0
1731857417727 26.186233520507812 0
1731857433450 25.73336410522461 0
1731857449052 26.297819137573242 0
1731857464809 26.274404525756836 0
1731857480412 26.37009048461914 0
1731857496170 27.21824836730957 0
1731857511787 27.45350456237793 0
1731857527522 27.06479263305664 0
1731857543185 27.031408309936523 0
1731857559280 25.837196350097656 0
1731857574920 26.72909164428711 0
1731857590650 26.48322296142578 0
1731857606309 26.75271987915039 0
1731857622037 26.831256866455078 0
1731857637655 27.537668228149414 0
1731857653405 26.585468292236328 0
1731857669016 26.7252254486084 0
1731857684759 27.44055938720703 0
1731857700403 26.923669815063477 0
1731857716173 27.362497329711914 0
1731857731799 27.113414764404297 0
1731857747546 27.40973472595215 0
1731857763201 26.348751068115234 0
1731857779295 27.2132568359375 0
1731857794902 26.823802947998047 0
1731857810626 26.633831024169922 0
1731857826266 27.71092987060547 0
1731857841972 27.284589767456055 0
1731857857628 26.700027465820312 0
1731857873387 27.153778076171875 0
1731857889053 26.969318389892578 0
1731857904787 27.048295974731445 0
1731857920430 27.189167022705078 0
1731857936183 26.572376251220703 0
1731857951813 27.32439422607422 0
1731857967573 27.340312957763672 0
1731857983262 26.837032318115234 0
1731857999013 26.763437271118164 0
1731858014974 26.95384407043457 0
1731858030730 27.641677856445312 0
1731858046361 26.87814712524414 0
1731858062122 27.13252830505371 0
1731858077763 27.33958625793457 0
1731858093505 27.50782585144043 0
1731858109171 27.516340255737305 0
1731858124931 27.688631057739258 0
1731858140594 27.193145751953125 0
1731858156363 27.602275848388672 0
1731858171998 27.153549194335938 0
1731858187767 27.439802169799805 0
1731858203415 27.84310531616211 0
1731858219160 28.049161911010742 0
1731858234799 28.397756576538086 0
1731858250905 27.750516891479492 0
1731858266551 27.890798568725586 0
1731858282295 27.59500503540039 0
1731858297924 27.637405395507812 0
1731858313716 27.2666015625 0
1731858329343 27.916297912597656 0
1731858345104 28.108152389526367 0
1731858360779 27.9802188873291 0
1731858376528 27.73100471496582 0
1731858392198 28.0677547454834 0
1731858407950 28.467086791992188 0
1731858423614 27.672893524169922 0
1731858439337 28.004314422607422 0
1731858455011 27.953332901000977 0
1731858470767 27.798954010009766 0
1731858486765 28.26011085510254 0
1731858502530 27.41377830505371 0
1731858518187 27.448747634887695 0
1731858533906 27.827579498291016 0
1731858549547 27.688276290893555 0
1731858565299 27.662389755249023 0
1731858580958 28.55708122253418 0
1731858596724 28.090848922729492 0
1731858612396 28.12400245666504 0
1731858628157 27.9534854888916 0
1731858643813 27.843151092529297 0
1731858659578 27.5407657623291 0
1731858675239 28.272323608398438 0
1731858690981 28.175174713134766 0
1731858706653 27.356124877929688 0
1731858722773 28.27985191345215 0
1731858738425 28.270030975341797 0
1731858754173 28.273300170898438 0
1731858769803 28.058673858642578 0
1731858785576 27.772890090942383 0
1731858801199 28.127090454101562 0
1731858816942 27.374513626098633 0
1731858832582 28.034164428710938 0
1731858848337 27.59464454650879 0
1731858863948 28.5802059173584 0
1731858879694 28.72028160095215 0
1731858895311 28.19631004333496 0
1731858911030 27.753873825073242 0
1731858926662 27.86802864074707 0
1731858942789 28.063365936279297 0
1731858958413 28.307640075683594 0
1731858974168 28.558467864990234 0
1731858989788 28.375703811645508 0
1731859005517 28.371257781982422 0
1731859021152 28.80133056640625 0
1731859036902 27.954158782958984 0
1731859052544 28.48240852355957 0
1731859068264 28.201213836669922 0
1731859083876 27.83791160583496 0
1731859099592 28.39426612854004 0
1731859115214 28.494686126708984 0
1731859130939 28.177337646484375 0
1731859146539 28.911027908325195 0
1731859162273 28.368215560913086 0
1731859178241 28.454626083374023 0
1731859193970 28.910715103149414 0
1731859209604 28.38409423828125 0
1731859225329 28.56850242614746 0
1731859240950 28.69411849975586 0
1731859256700 28.967283248901367 0
1731859272338 28.78751564025879 0
1731859288051 28.348081588745117 0
1731859303648 28.46404457092285 0
1731859319350 28.980314254760742 0
1731859335001 28.10826301574707 0
1731859350743 28.382186889648438 0
1731859366340 28.338117599487305 0
1731859382055 28.69938087463379 0
1731859397678 27.982568740844727 0
1731859413935 28.937183380126953 0
1731859429563 28.966655731201172 0
1731859445268 29.006942749023438 0
1731859460881 28.81593132019043 0
1731859476624 28.377920150756836 0
1731859492261 29.052248001098633 0
1731859507987 28.189781188964844 0
1731859523614 28.240724563598633 0
1731859539329 29.1127872467041 0
1731859554955 28.771766662597656 0
1731859570681 28.346940994262695 0
1731859586297 28.859952926635742 0
1731859602022 29.46817970275879 0
1731859617647 28.555999755859375 0
1731859633365 28.76697540283203 0
1731859649416 28.688640594482422 0
1731859665157 29.599702835083008 0
1731859680779 28.67995834350586 0
1731859696492 28.799314498901367 0
1731859712075 28.191974639892578 0
1731859727775 28.419660568237305 0
1731859743397 29.117538452148438 0
1731859759104 28.93060874938965 0
1731859774718 28.833072662353516 0
1731859790462 28.846702575683594 0
1731859806086 29.027498245239258 0
1731859821790 29.261425018310547 0
1731859837410 29.293027877807617 0
1731859853127 29.287660598754883 0
1731859868769 29.35495376586914 0
