1731856312806 0.006847262382507324 0
1731856332433 0.005017564631998539 0
1731856351992 0.00469598826020956 0
1731856371753 0.003993154503405094 0
1731856391470 0.0038907404523342848 0
1731856411296 0.004141003824770451 0
1731856431146 0.00354390568099916 0
1731856451079 0.0032686362974345684 0
1731856470959 0.0032927400898188353 0
1731856490980 0.003413367085158825 0
1731856510939 0.003305543214082718 0
1731856530992 0.0037322542630136013 0
1731856550979 0.003304547630250454 0
1731856571101 0.0029798829928040504 0
1731856591106 0.0031219625379890203 0
1731856608936 0.00256341346539557 0
1731856626743 0.003219655714929104 0
1731856644567 0.0031492009293287992 0
1731856662418 0.0028383019380271435 0
1731856680291 0.003397603053599596 0
1731856698130 0.0028175893239676952 0
1731856716013 0.0028229295276105404 0
1731856733050 0.0026489885058254004 0
1731856749666 0.003079663962125778 0
1731856766448 0.003052615327760577 0
1731856783212 0.003057883121073246 0
1731856799976 0.0030824095010757446 0
1731856816662 0.002709127962589264 0
1731856833444 0.00294875493273139 0
1731856850291 0.002556515857577324 0
1731856866347 0.002874218625947833 0
1731856882436 0.0027980138547718525 0
1731856898482 0.0030281199142336845 0
1731856914547 0.0030191426631063223 0
1731856930655 0.002684600418433547 0
1731856946721 0.00254924432374537 0
1731856963052 0.0026837955228984356 0
1731856978723 0.0026189861819148064 0
1731856994380 0.0026095551438629627 0
1731857009971 0.0027121352031826973 0
1731857025652 0.0027993316762149334 0
1731857041230 0.0024819979444146156 0
1731857056910 0.0025574457831680775 0
1731857072518 0.002522177528589964 0
1731857088610 0.0021825218573212624 0
1731857104202 0.0023834218736737967 0
1731857119912 0.002814949955791235 0
1731857135498 0.0024100779555737972 0
1731857151176 0.0020510670728981495 0
1731857166776 0.0022099860943853855 0
1731857182486 0.002699685050174594 0
1731857198094 0.002820979803800583 0
1731857213784 0.0022542374208569527 0
1731857229404 0.0022193046752363443 0
1731857245114 0.002571250544860959 0
1731857260726 0.0023442464880645275 0
1731857276450 0.002667595399543643 0
1731857292037 0.002440820913761854 0
1731857307754 0.002894807606935501 0
1731857323715 0.002455074805766344 0
1731857339449 0.002157770562916994 0
1731857355058 0.002001904882490635 0
1731857370787 0.002499338472262025 0
1731857386388 0.0024477308616042137 0
1731857402121 0.002199390670284629 0
1731857417729 0.0024064485915005207 0
1731857433452 0.0026709362864494324 0
1731857449054 0.0023454059846699238 0
1731857464811 0.0023580859415233135 0
1731857480415 0.0023066983558237553 0
1731857496172 0.0018974710255861282 0
1731857511789 0.0017974190413951874 0
1731857527524 0.0019657150842249393 0
1731857543187 0.0019808842334896326 0
1731857559282 0.002607836853712797 0
1731857574922 0.0021236881148070097 0
1731857590653 0.0022473856806755066 0
1731857606311 0.0021121646277606487 0
1731857622040 0.0020743124186992645 0
1731857637657 0.0017629223875701427 0
1731857653408 0.002195094246417284 0
1731857669019 0.00212557939812541 0
1731857684762 0.0018027843907475471 0
1731857700405 0.002030639909207821 0
1731857716176 0.0018354824278503656 0
1731857731801 0.0019438304007053375 0
1731857747549 0.001815625699236989 0
1731857763203 0.0023180614225566387 0
1731857779297 0.0018996529979631305 0
1731857794905 0.002077875891700387 0
1731857810628 0.0021707850974053144 0
1731857826269 0.0016939745983108878 0
1731857841974 0.0018687056144699454 0
1731857857630 0.002137947827577591 0
1731857873389 0.0019258478423580527 0
1731857889055 0.0020094080828130245 0
1731857904790 0.0019731963984668255 0
1731857920432 0.0019102197838947177 0
1731857936185 0.0022017210721969604 0
1731857951816 0.001851656474173069 0
1731857967575 0.0018448814516887069 0
1731857983264 0.00207155616953969 0
1731857999016 0.0021069596987217665 0
1731858014976 0.0020165801979601383 0
1731858030733 0.0017212030943483114 0
1731858046364 0.002052037278190255 0
1731858062124 0.001935294596478343 0
1731858077766 0.0018451910000294447 0
1731858093508 0.0017750769620761275 0
1731858109174 0.0017716011498123407 0
1731858124934 0.001702694920822978 0
1731858140596 0.001908469945192337 0
1731858156366 0.0017368900589644909 0
1731858172001 0.0019259498221799731 0
1731858187770 0.0018030991777777672 0
1731858203417 0.0016431959811598063 0
1731858219163 0.0015670530265197158 0
1731858234802 0.0014461863320320845 0
1731858250907 0.001678604050539434 0
1731858266554 0.0016252495115622878 0
1731858282297 0.0017398003255948424 0
1731858297926 0.001722897170111537 0
1731858313719 0.0018764612032100558 0
1731858329345 0.0016157341888174415 0
1731858345107 0.0015459110727533698 0
1731858360782 0.0015921280719339848 0
1731858376531 0.0016861626645550132 0
1731858392200 0.001560358563438058 0
1731858407953 0.0014232832472771406 0
1731858423617 0.0017088756430894136 0
1731858439340 0.0015833190409466624 0
1731858455014 0.00160201545804739 0
1731858470769 0.0016599860973656178 0
1731858486767 0.0014927563024684787 0
1731858502532 0.0018139367457479239 0
1731858518189 0.0017993887886404991 0
1731858533909 0.0016490801936015487 0
1731858549549 0.0017028333386406302 0
1731858565302 0.0017130137421190739 0
1731858580961 0.0013940929202362895 0
1731858596726 0.0015520829474553466 0
1731858612398 0.0015402804128825665 0
1731858628160 0.001601958880200982 0
1731858643815 0.0016431784024462104 0
1731858659580 0.0017616653349250555 0
1731858675241 0.0014885638374835253 0
1731858690983 0.0015222374349832535 0
1731858706655 0.0018381774425506592 0
1731858722775 0.001485986402258277 0
1731858738428 0.001489349640905857 0
1731858754175 0.0014882299583405256 0
1731858769806 0.0015636244788765907 0
1731858785579 0.0016699781408533454 0
1731858801202 0.001539184944704175 0
1731858816944 0.0018304105615243316 0
1731858832584 0.0015724737895652652 0
1731858848340 0.001739945262670517 0
1731858863950 0.0013866897206753492 0
1731858879696 0.0013426775112748146 0
1731858895313 0.0015148473903536797 0
1731858911034 0.0016773068346083164 0
1731858926664 0.0016337931156158447 0
1731858942791 0.0015619363402947783 0
1731858958415 0.0014765079831704497 0
1731858974171 0.0013936482137069106 0
1731858989790 0.0014535482041537762 0
1731859005520 0.0014550372725352645 0
1731859021155 0.0013178526423871517 0
1731859036904 0.0016017104499042034 0
1731859052547 0.0014182701706886292 0
1731859068266 0.0015131378313526511 0
1731859083878 0.0016451621195301414 0
1731859099595 0.0014473492046818137 0
1731859115216 0.0014142666477710009 0
1731859130941 0.0015214800368994474 0
1731859146542 0.001284981844946742 0
1731859162275 0.0014560564886778593 0
1731859178243 0.0014273723354563117 0
1731859193972 0.00128507474437356 0
1731859209606 0.0014507434098049998 0
1731859225331 0.0013904317747801542 0
1731859240952 0.001350790960714221 0
1731859256702 0.0012684446992352605 0
1731859272340 0.0013220515102148056 0
1731859288053 0.0014628234785050154 0
1731859303650 0.0014242804609239101 0
1731859319353 0.0012646449031308293 0
1731859335003 0.001545872539281845 0
1731859350746 0.0014513800852000713 0
1731859366342 0.0014661827590316534 0
1731859382057 0.001349155092611909 0
1731859397680 0.0015912665985524654 0
1731859413937 0.0012772665359079838 0
1731859429565 0.001268628053367138 0
1731859445270 0.001256914110854268 0
1731859460883 0.001313429675064981 0
1731859476626 0.0014528066385537386 0
1731859492263 0.0012438701232895255 0
1731859507989 0.0015171266859397292 0
1731859523616 0.0014994338853284717 0
1731859539331 0.0012266513658687472 0
1731859554957 0.0013268543407320976 0
1731859570683 0.0014632069505751133 0
1731859586299 0.0013001838233321905 0
1731859602025 0.0011302694911137223 0
1731859617650 0.0013944407692179084 0
1731859633367 0.0013283187290653586 0
1731859649419 0.0013524957466870546 0
1731859665159 0.0010965531691908836 0
1731859680781 0.0013552026357501745 0
1731859696494 0.0013184647541493177 0
1731859712077 0.0015163605567067862 0
1731859727777 0.0014389104908332229 0
1731859743400 0.0012253100285306573 0
1731859759106 0.0012792020570486784 0
1731859774720 0.0013082560617476702 0
1731859790464 0.0013041560305282474 0
1731859806089 0.0012509791413322091 0
1731859821792 0.0011853794567286968 0
1731859837412 0.0011767849791795015 0
1731859853130 0.0011782401707023382 0
1731859868771 0.0011601242003962398 0
