1731968652262 0.031978458166122437 0
1731968681030 0.04067276790738106 0
1731968701390 0.03998929262161255 0
1731968721795 0.04860139638185501 0
1731968742064 0.048758745193481445 0
1731968762523 0.05080319195985794 0
1731968782880 0.05578657612204552 0
1731968803351 0.056028302758932114 0
1731968823637 0.0550943948328495 0
1731968844066 0.0544823594391346 0
1731968864414 0.055603500455617905 0
1731968884896 0.05577455461025238 0
1731968905249 0.056874874979257584 0
1731968925716 0.05535852536559105 0
1731968958545 0.06021660566329956 0
1731968976456 0.05495503544807434 0
1731968994292 0.05371427908539772 0
1731969012175 0.059408217668533325 0
1731969030037 0.058660004287958145 0
1731969047917 0.05622745305299759 0
1731969065803 0.06007956340909004 0
1731969083681 0.059565555304288864 0
1731969100621 0.05917360261082649 0
1731969117129 0.06187574192881584 0
1731969133750 0.05595148727297783 0
1731969150381 0.05742672085762024 0
1731969167007 0.05895771086215973 0
1731969183563 0.05749906599521637 0
1731969200181 0.059252504259347916 0
1731969216808 0.061188023537397385 0
1731969232631 0.05933224409818649 0
1731969248468 0.05948028713464737 0
1731969264322 0.057796742767095566 0
1731969280155 0.061307698488235474 0
1731969295978 0.05884094908833504 0
1731969311836 0.061627741903066635 0
1731969327670 0.06027967482805252 0
1731969343078 0.06146935746073723 0
1731969358459 0.06141712889075279 0
1731969373744 0.06121254339814186 0
1731969389132 0.06117510795593262 0
1731969404421 0.06257268041372299 0
1731969419805 0.06256945431232452 0
1731969435063 0.06296677142381668 0
1731969450753 0.061075374484062195 0
1731969466031 0.05985867977142334 0
1731969481405 0.06054198369383812 0
1731969496666 0.061404213309288025 0
1731969512056 0.0617407001554966 0
1731969527335 0.05958719924092293 0
1731969542737 0.06321007013320923 0
1731969558006 0.06421259790658951 0
1731969573404 0.06219189614057541 0
1731969588671 0.06520865857601166 0
1731969604098 0.06258562952280045 0
1731969619390 0.05985120311379433 0
1731969634766 0.06188494339585304 0
1731969650053 0.06272833049297333 0
1731969665462 0.057851456105709076 0
1731969681045 0.06235357001423836 0
1731969696461 0.0644543394446373 0
1731969711733 0.062441807240247726 0
1731969727136 0.06448305398225784 0
1731969742404 0.06311817467212677 0
1731969757816 0.06329453736543655 0
1731969773089 0.0595543198287487 0
1731969788515 0.06262334436178207 0
1731969803798 0.06390250474214554 0
1731969819202 0.0632869303226471 0
1731969834491 0.06292224675416946 0
1731969849880 0.064780093729496 0
1731969865158 0.06337223947048187 0
1731969880540 0.06008945778012276 0
1731969895831 0.06277921050786972 0
1731969911561 0.0611720010638237 0
1731969926837 0.062378738075494766 0
1731969942245 0.062109023332595825 0
1731969957538 0.06436534225940704 0
1731969972930 0.062317751348018646 0
1731969988213 0.06348166614770889 0
1731970003625 0.06259281933307648 0
1731970018912 0.06335172057151794 0
1731970034309 0.06238166242837906 0
1731970049596 0.06168491765856743 0
1731970065004 0.060137759894132614 0
1731970080273 0.060954343527555466 0
1731970095655 0.06014090031385422 0
1731970110934 0.06221122294664383 0
1731970126667 0.05997480824589729 0
1731970141944 0.06071164086461067 0
1731970157333 0.06068113073706627 0
1731970172637 0.06454996764659882 0
1731970188038 0.06165178120136261 0
1731970203327 0.06213504821062088 0
1731970218707 0.06194620579481125 0
1731970233991 0.06128622591495514 0
1731970249396 0.061706844717264175 0
1731970264682 0.06259401887655258 0
1731970280066 0.06206506863236427 0
1731970295327 0.06299255788326263 0
1731970310720 0.06445816159248352 0
1731970325980 0.062300268560647964 0
1731970341339 0.0622321292757988 0
1731970357150 0.06100456789135933 0
1731970372517 0.06210726872086525 0
1731970387763 0.06251507997512817 0
1731970403112 0.06305132061243057 0
1731970418387 0.06310707330703735 0
1731970433732 0.061335302889347076 0
1731970448989 0.06282541900873184 0
1731970464342 0.06233423948287964 0
1731970479591 0.06283076852560043 0
1731970494963 0.0631759911775589 0
1731970510221 0.06335406750440598 0
1731970525578 0.06314748525619507 0
1731970540852 0.06396888196468353 0
1731970556205 0.0631997212767601 0
1731970571455 0.06283975392580032 0
1731970587147 0.060861505568027496 0
1731970602393 0.06341753154993057 0
1731970617755 0.06382469832897186 0
1731970633031 0.06438661366701126 0
1731970648405 0.06349994242191315 0
1731970663652 0.06288878619670868 0
1731970679000 0.06256371736526489 0
1731970694254 0.06304017454385757 0
1731970709612 0.06260885298252106 0
1731970724876 0.06203209608793259 0
1731970740234 0.06280580908060074 0
1731970755493 0.06110115721821785 0
1731970770859 0.06213044747710228 0
1731970786101 0.06160949170589447 0
1731970801496 0.06232015788555145 0
1731970817116 0.0628741979598999 0
1731970832457 0.06293744593858719 0
1731970847682 0.06285493820905685 0
1731970863029 0.06250380724668503 0
1731970878267 0.06215726211667061 0
1731970893639 0.06270598620176315 0
1731970908900 0.062208663672208786 0
1731970924251 0.06226310133934021 0
1731970939498 0.06354232132434845 0
1731970954873 0.061677366495132446 0
1731970970108 0.06157783418893814 0
1731970985475 0.0620642825961113 0
1731971000695 0.0628884881734848 0
1731971016059 0.06247856095433235 0
1731971031295 0.06284099817276001 0
1731971046954 0.06249608099460602 0
1731971062189 0.06280618160963058 0
1731971077546 0.06270670890808105 0
1731971092785 0.0624593086540699 0
1731971108136 0.06259986013174057 0
1731971123364 0.06264453381299973 0
1731971138718 0.0615617111325264 0
1731971153949 0.06276009976863861 0
1731971169346 0.06270773708820343 0
1731971184571 0.06355120241641998 0
1731971199934 0.06304579973220825 0
1731971215167 0.06202777475118637 0
1731971230509 0.06151712313294411 0
1731971245730 0.06197667866945267 0
1731971261386 0.06241370737552643 0
1731971276619 0.06290815770626068 0
1731971291980 0.062381818890571594 0
1731971307191 0.06243443116545677 0
1731971322543 0.06286487728357315 0
1731971337762 0.06144434213638306 0
1731971353127 0.06272431463003159 0
1731971368342 0.06231771782040596 0
1731971383708 0.06235169246792793 0
1731971398921 0.06169523671269417 0
1731971414301 0.06321530044078827 0
1731971429542 0.0627070963382721 0
1731971444870 0.06315063685178757 0
1731971460102 0.06334937363862991 0
1731971475484 0.06203462556004524 0
1731971491018 0.06413671374320984 0
1731971506380 0.06345260143280029 0
1731971521598 0.06307248771190643 0
1731971536940 0.06330811232328415 0
1731971552193 0.06207631528377533 0
1731971567543 0.06155555322766304 0
1731971582782 0.06262463331222534 0
1731971598122 0.06234993785619736 0
1731971613380 0.06299862265586853 0
1731971628722 0.06293126940727234 0
1731971643929 0.0627116784453392 0
1731971659273 0.06268492341041565 0
1731971674499 0.06158153712749481 0
1731971689837 0.062051866203546524 0
1731971705067 0.06312093138694763 0
1731971720794 0.06295499950647354 0
1731971736028 0.06291969120502472 0
1731971751377 0.06334010511636734 0
1731971766623 0.06301578879356384 0
1731971781963 0.06275208294391632 0
1731971797182 0.06335523724555969 0
1731971812534 0.06295598298311234 0
1731971827729 0.06236828491091728 0
1731971843088 0.0629061833024025 0
1731971858329 0.06318195909261703 0
1731971873651 0.06283498555421829 0
1731971888876 0.06261424720287323 0
1731971904209 0.06296086311340332 0
1731971919458 0.06303471326828003 0
1731971934803 0.06355157494544983 0
1731971950404 0.06350285559892654 0
1731971965733 0.06280001252889633 0
1731971980999 0.06351853907108307 0
1731971996300 0.06288745254278183 0
1731972011552 0.06254502385854721 0
1731972026898 0.062372203916311264 0
1731972042136 0.062445852905511856 0
1731972057469 0.0628771260380745 0
1731972072706 0.06305693089962006 0
1731972088034 0.06279252469539642 0
1731972103292 0.06269880384206772 0
1731972118622 0.06272697448730469 0
1731972133863 0.06257355213165283 0
1731972149194 0.06323889642953873 0
1731972164424 0.0631178468465805 0
