1731968652262 0.015074029564857483 0
1731968681030 0.01492797676473856 0
1731968701390 0.01419201772660017 0
1731968721795 0.014093589037656784 0
1731968742064 0.014029189012944698 0
1731968762523 0.014305273070931435 0
1731968782880 0.01492394134402275 0
1731968803351 0.014651879668235779 0
1731968823637 0.01468800287693739 0
1731968844066 0.014718119986355305 0
1731968864414 0.014357773587107658 0
1731968884896 0.01390819251537323 0
1731968905249 0.014547650702297688 0
1731968925716 0.014283201657235622 0
1731968958545 0.014217198826372623 0
1731968976456 0.013956287875771523 0
1731968994292 0.014232946559786797 0
1731969012175 0.014626032672822475 0
1731969030037 0.014579287730157375 0
1731969047917 0.01419868040829897 0
1731969065803 0.014932801015675068 0
1731969083681 0.014626721851527691 0
1731969100621 0.01481563039124012 0
1731969117129 0.01512524951249361 0
1731969133750 0.014409482479095459 0
1731969150381 0.014755582436919212 0
1731969167007 0.014768055640161037 0
1731969183563 0.01483843568712473 0
1731969200181 0.014832012355327606 0
1731969216808 0.014805402606725693 0
1731969232631 0.015089699067175388 0
1731969248468 0.0148475905880332 0
1731969264322 0.015240146778523922 0
1731969280155 0.015093001537024975 0
1731969295978 0.015188980847597122 0
1731969311836 0.015199705958366394 0
1731969327670 0.015240789391100407 0
1731969343078 0.015263528563082218 0
1731969358459 0.014774675481021404 0
1731969373744 0.015545740723609924 0
1731969389132 0.015515529550611973 0
1731969404421 0.015272672288119793 0
1731969419805 0.015261949971318245 0
1731969435063 0.015352926217019558 0
1731969450753 0.015577235259115696 0
1731969466031 0.015829822048544884 0
1731969481405 0.015510845929384232 0
1731969496666 0.015211014077067375 0
1731969512056 0.015588273294270039 0
1731969527335 0.015099858865141869 0
1731969542737 0.015801889821887016 0
1731969558006 0.01571779139339924 0
1731969573404 0.015286152251064777 0
1731969588671 0.015629112720489502 0
1731969604098 0.015771131962537766 0
1731969619390 0.015613771043717861 0
1731969634766 0.015272745862603188 0
1731969650053 0.015215856954455376 0
1731969665462 0.01542207133024931 0
1731969681045 0.015705658122897148 0
1731969696461 0.015076634474098682 0
1731969711733 0.015321312472224236 0
1731969727136 0.015646953135728836 0
1731969742404 0.015266180038452148 0
1731969757816 0.015333754941821098 0
1731969773089 0.015461194328963757 0
1731969788515 0.015346107073128223 0
1731969803798 0.015560085885226727 0
1731969819202 0.015395321883261204 0
1731969834491 0.015496901236474514 0
1731969849880 0.015610848553478718 0
1731969865158 0.015188648365437984 0
1731969880540 0.015412876382470131 0
1731969895831 0.015569786541163921 0
1731969911561 0.015552878379821777 0
1731969926837 0.015394697897136211 0
1731969942245 0.01548775564879179 0
1731969957538 0.01547274086624384 0
1731969972930 0.015702571719884872 0
1731969988213 0.015623446553945541 0
1731970003625 0.015401565469801426 0
1731970018912 0.015464376658201218 0
1731970034309 0.015612463466823101 0
1731970049596 0.015507340431213379 0
1731970065004 0.015503928065299988 0
1731970080273 0.015852106735110283 0
1731970095655 0.015390564687550068 0
1731970110934 0.015618898905813694 0
1731970126667 0.015637140721082687 0
1731970141944 0.015442147850990295 0
1731970157333 0.015427262522280216 0
1731970172637 0.01559336669743061 0
1731970188038 0.015474336221814156 0
1731970203327 0.015462890267372131 0
1731970218707 0.015633411705493927 0
1731970233991 0.015546386130154133 0
1731970249396 0.015544378198683262 0
1731970264682 0.015302230603992939 0
1731970280066 0.015518205240368843 0
1731970295327 0.015568222850561142 0
1731970310720 0.015645496547222137 0
1731970325980 0.015398462302982807 0
1731970341339 0.015383748337626457 0
1731970357150 0.015671519562602043 0
1731970372517 0.015515499748289585 0
1731970387763 0.015373537316918373 0
1731970403112 0.015484989620745182 0
1731970418387 0.015527560375630856 0
1731970433732 0.015610716305673122 0
1731970448989 0.015645718201994896 0
1731970464342 0.015594241209328175 0
1731970479591 0.015277368947863579 0
1731970494963 0.015311638824641705 0
1731970510221 0.015345926396548748 0
1731970525578 0.015403341501951218 0
1731970540852 0.015413382090628147 0
1731970556205 0.015476229600608349 0
1731970571455 0.015548416413366795 0
1731970587147 0.015495961531996727 0
1731970602393 0.015484294854104519 0
1731970617755 0.015556763857603073 0
1731970633031 0.015546221286058426 0
1731970648405 0.015459301881492138 0
1731970663652 0.015459679998457432 0
1731970679000 0.015370868146419525 0
1731970694254 0.01538863405585289 0
1731970709612 0.015334603376686573 0
1731970724876 0.015294942073523998 0
1731970740234 0.01543922908604145 0
1731970755493 0.015327551402151585 0
1731970770859 0.015509522520005703 0
1731970786101 0.015468952246010303 0
1731970801496 0.015256095677614212 0
1731970817116 0.015604027546942234 0
1731970832457 0.015483511611819267 0
1731970847682 0.015472170896828175 0
1731970863029 0.015584113076329231 0
1731970878267 0.01544951181858778 0
1731970893639 0.015324895270168781 0
1731970908900 0.01541703287512064 0
1731970924251 0.015462977811694145 0
1731970939498 0.015569469891488552 0
1731970954873 0.015589599497616291 0
1731970970108 0.015505575574934483 0
1731970985475 0.015605226159095764 0
1731971000695 0.015480469912290573 0
1731971016059 0.015568950213491917 0
1731971031295 0.015525197610259056 0
1731971046954 0.015452663414180279 0
1731971062189 0.015492427162826061 0
1731971077546 0.015471858903765678 0
1731971092785 0.015451139770448208 0
1731971108136 0.01560846995562315 0
1731971123364 0.015534419566392899 0
1731971138718 0.015396191738545895 0
1731971153949 0.015735162422060966 0
1731971169346 0.015392422676086426 0
1731971184571 0.015588045120239258 0
1731971199934 0.01546692568808794 0
1731971215167 0.015534619800746441 0
1731971230509 0.015506145544350147 0
1731971245730 0.015451452694833279 0
1731971261386 0.015535765327513218 0
1731971276619 0.015443197451531887 0
1731971291980 0.015478459186851978 0
1731971307191 0.015451572835445404 0
1731971322543 0.015560254454612732 0
1731971337762 0.01545536145567894 0
1731971353127 0.015600452199578285 0
1731971368342 0.015457355417311192 0
1731971383708 0.015515009872615337 0
1731971398921 0.015390331856906414 0
1731971414301 0.01544984895735979 0
1731971429542 0.01538914442062378 0
1731971444870 0.01541116926819086 0
1731971460102 0.01542841549962759 0
1731971475484 0.015463149175047874 0
1731971491018 0.01548390369862318 0
1731971506380 0.01540388073772192 0
1731971521598 0.015613843686878681 0
1731971536940 0.015480822883546352 0
1731971552193 0.015511123463511467 0
1731971567543 0.015576052479445934 0
1731971582782 0.015499508008360863 0
1731971598122 0.01552931871265173 0
1731971613380 0.01560303196310997 0
1731971628722 0.015563013032078743 0
1731971643929 0.015380825847387314 0
1731971659273 0.015396511182188988 0
1731971674499 0.015522211790084839 0
1731971689837 0.015439589507877827 0
1731971705067 0.015537063591182232 0
1731971720794 0.015501976013183594 0
1731971736028 0.015489205718040466 0
1731971751377 0.015475394204258919 0
1731971766623 0.015581459738314152 0
1731971781963 0.015522398985922337 0
1731971797182 0.015505335293710232 0
1731971812534 0.015476287342607975 0
1731971827729 0.015467989258468151 0
1731971843088 0.01557238306850195 0
1731971858329 0.0154579421505332 0
1731971873651 0.015619845129549503 0
1731971888876 0.01538759283721447 0
1731971904209 0.015553892590105534 0
1731971919458 0.015559499152004719 0
1731971934803 0.015453463420271873 0
1731971950404 0.015471000224351883 0
1731971965733 0.015427076257765293 0
1731971980999 0.015449895523488522 0
1731971996300 0.015445007011294365 0
1731972011552 0.015444440767168999 0
1731972026898 0.01545763947069645 0
1731972042136 0.015477840788662434 0
1731972057469 0.015375952236354351 0
1731972072706 0.015382549725472927 0
1731972088034 0.015444581396877766 0
1731972103292 0.015425877645611763 0
1731972118622 0.015495752915740013 0
1731972133863 0.015480098314583302 0
1731972149194 0.015505656599998474 0
1731972164424 0.015472173690795898 0
