1731968652262 0.2707856297492981 0
1731968681030 0.18305851519107819 0
1731968701390 0.10796470940113068 0
1731968721795 0.09217239916324615 0
1731968742064 0.07891976833343506 0
1731968762523 0.06937412172555923 0
1731968782880 0.06769143044948578 0
1731968803351 0.060550507158041 0
1731968823637 0.06027841195464134 0
1731968844066 0.05841342359781265 0
1731968864414 0.05712273716926575 0
1731968884896 0.05610872060060501 0
1731968905249 0.05438505485653877 0
1731968925716 0.052973851561546326 0
1731968958545 0.05130577087402344 0
1731968976456 0.050550900399684906 0
1731968994292 0.05098137632012367 0
1731969012175 0.04871901124715805 0
1731969030037 0.04773864150047302 0
1731969047917 0.04649866744875908 0
1731969065803 0.04642222821712494 0
1731969083681 0.04643838852643967 0
1731969100621 0.04439611732959747 0
1731969117129 0.04558632895350456 0
1731969133750 0.04470644146203995 0
1731969150381 0.042682766914367676 0
1731969167007 0.04411547631025314 0
1731969183563 0.04443755000829697 0
1731969200181 0.0427628718316555 0
1731969216808 0.04165945202112198 0
1731969232631 0.04208267480134964 0
1731969248468 0.041717104613780975 0
1731969264322 0.042504485696554184 0
1731969280155 0.04166385531425476 0
1731969295978 0.038942184299230576 0
1731969311836 0.0415908582508564 0
1731969327670 0.039196789264678955 0
1731969343078 0.03945505619049072 0
1731969358459 0.03906441479921341 0
1731969373744 0.039009034633636475 0
1731969389132 0.039135657250881195 0
1731969404421 0.037882812321186066 0
1731969419805 0.03683151304721832 0
1731969435063 0.03604554384946823 0
1731969450753 0.03729309141635895 0
1731969466031 0.03688368201255798 0
1731969481405 0.03726229816675186 0
1731969496666 0.036567650735378265 0
1731969512056 0.03452935069799423 0
1731969527335 0.035734400153160095 0
1731969542737 0.03637022525072098 0
1731969558006 0.036394257098436356 0
1731969573404 0.035088591277599335 0
1731969588671 0.03355703502893448 0
1731969604098 0.033816881477832794 0
1731969619390 0.03421600162982941 0
1731969634766 0.03538108617067337 0
1731969650053 0.03453982248902321 0
1731969665462 0.03453010693192482 0
1731969681045 0.03242006152868271 0
1731969696461 0.033672183752059937 0
1731969711733 0.03434000164270401 0
1731969727136 0.03329262137413025 0
1731969742404 0.033644821494817734 0
1731969757816 0.033807046711444855 0
1731969773089 0.03260872885584831 0
1731969788515 0.033436406403779984 0
1731969803798 0.03387019783258438 0
1731969819202 0.03218373656272888 0
1731969834491 0.03286579251289368 0
1731969849880 0.033629924058914185 0
1731969865158 0.03354651480913162 0
1731969880540 0.03164652734994888 0
1731969895831 0.03201809525489807 0
1731969911561 0.03202133625745773 0
1731969926837 0.032162539660930634 0
1731969942245 0.03159186989068985 0
1731969957538 0.030848760157823563 0
1731969972930 0.03233399987220764 0
1731969988213 0.031294263899326324 0
1731970003625 0.03064253367483616 0
1731970018912 0.03174806013703346 0
1731970034309 0.03128063678741455 0
1731970049596 0.03222893550992012 0
1731970065004 0.030090194195508957 0
1731970080273 0.031145215034484863 0
1731970095655 0.030218137428164482 0
1731970110934 0.03018561750650406 0
1731970126667 0.031018823385238647 0
1731970141944 0.030559498816728592 0
1731970157333 0.03063177689909935 0
1731970172637 0.029604438692331314 0
1731970188038 0.02981853485107422 0
1731970203327 0.029075346887111664 0
1731970218707 0.030901342630386353 0
1731970233991 0.029530158266425133 0
1731970249396 0.029037607833743095 0
1731970264682 0.029429182410240173 0
1731970280066 0.030548833310604095 0
1731970295327 0.029886726289987564 0
1731970310720 0.028559375554323196 0
1731970325980 0.030998285859823227 0
1731970341339 0.028790723532438278 0
1731970357150 0.02953236736357212 0
1731970372517 0.02969619259238243 0
1731970387763 0.02862664870917797 0
1731970403112 0.0280439592897892 0
1731970418387 0.029095642268657684 0
1731970433732 0.0284563060849905 0
1731970448989 0.02760336361825466 0
1731970464342 0.028869271278381348 0
1731970479591 0.028208665549755096 0
1731970494963 0.027964945882558823 0
1731970510221 0.02833016961812973 0
1731970525578 0.027606172487139702 0
1731970540852 0.0279090516269207 0
1731970556205 0.027326151728630066 0
1731970571455 0.0286649689078331 0
1731970587147 0.02669885940849781 0
1731970602393 0.028762053698301315 0
1731970617755 0.026686448603868484 0
1731970633031 0.027052687481045723 0
1731970648405 0.028020842000842094 0
1731970663652 0.02604670822620392 0
1731970679000 0.027287278324365616 0
1731970694254 0.02668858878314495 0
1731970709612 0.027279704809188843 0
1731970724876 0.026707233861088753 0
1731970740234 0.025513742119073868 0
1731970755493 0.025829683989286423 0
1731970770859 0.027650075033307076 0
1731970786101 0.02693203091621399 0
1731970801496 0.026440463960170746 0
1731970817116 0.02664019539952278 0
1731970832457 0.026858730241656303 0
1731970847682 0.02596348524093628 0
1731970863029 0.02490846812725067 0
1731970878267 0.025681741535663605 0
1731970893639 0.0246925950050354 0
1731970908900 0.0259413942694664 0
1731970924251 0.025810830295085907 0
1731970939498 0.025710610672831535 0
1731970954873 0.026221863925457 0
1731970970108 0.025276709347963333 0
1731970985475 0.026451047509908676 0
1731971000695 0.025590643286705017 0
1731971016059 0.025931740179657936 0
1731971031295 0.024463612586259842 0
1731971046954 0.025942128151655197 0
1731971062189 0.02562003955245018 0
1731971077546 0.025493424385786057 0
1731971092785 0.02479761652648449 0
1731971108136 0.025294452905654907 0
1731971123364 0.02477213181555271 0
1731971138718 0.024523643776774406 0
1731971153949 0.02359573170542717 0
1731971169346 0.025072624906897545 0
1731971184571 0.0248920489102602 0
1731971199934 0.022838275879621506 0
1731971215167 0.024586660787463188 0
1731971230509 0.024249546229839325 0
1731971245730 0.02431664802134037 0
1731971261386 0.023845694959163666 0
1731971276619 0.023918792605400085 0
1731971291980 0.0239713154733181 0
1731971307191 0.024611521512269974 0
1731971322543 0.023530440405011177 0
1731971337762 0.02342161163687706 0
1731971353127 0.024683233350515366 0
1731971368342 0.023952066898345947 0
1731971383708 0.023082207888364792 0
1731971398921 0.02381649613380432 0
1731971414301 0.02386186644434929 0
1731971429542 0.02342396229505539 0
1731971444870 0.023085875436663628 0
1731971460102 0.024106496945023537 0
1731971475484 0.024435296654701233 0
1731971491018 0.024054326117038727 0
1731971506380 0.023735253140330315 0
1731971521598 0.023588119074702263 0
1731971536940 0.02317947708070278 0
1731971552193 0.02215009182691574 0
1731971567543 0.023103993386030197 0
1731971582782 0.023829622194170952 0
1731971598122 0.023291174322366714 0
1731971613380 0.022867605090141296 0
1731971628722 0.02373502217233181 0
1731971643929 0.022962871938943863 0
1731971659273 0.023296551778912544 0
1731971674499 0.022370539605617523 0
1731971689837 0.02281864359974861 0
1731971705067 0.02242790348827839 0
1731971720794 0.022542402148246765 0
1731971736028 0.023757345974445343 0
1731971751377 0.023120645433664322 0
1731971766623 0.022833092138171196 0
1731971781963 0.022819265723228455 0
1731971797182 0.02291448600590229 0
1731971812534 0.023297850042581558 0
1731971827729 0.02265835739672184 0
1731971843088 0.022164715453982353 0
1731971858329 0.023741628974676132 0
1731971873651 0.024348881095647812 0
1731971888876 0.021964456886053085 0
1731971904209 0.022158782929182053 0
1731971919458 0.022386688739061356 0
1731971934803 0.022852454334497452 0
1731971950404 0.02285018377006054 0
1731971965733 0.02281833067536354 0
1731971980999 0.0224035382270813 0
1731971996300 0.021836040541529655 0
1731972011552 0.0221012681722641 0
1731972026898 0.02213284745812416 0
1731972042136 0.021824650466442108 0
1731972057469 0.022507760673761368 0
1731972072706 0.023104503750801086 0
1731972088034 0.02289707027375698 0
1731972103292 0.022197946906089783 0
1731972118622 0.021913472563028336 0
1731972133863 0.022190604358911514 0
1731972149194 0.02177996002137661 0
1731972164424 0.021559525281190872 0
