1731968660385 0.00931391678750515 0
1731968681033 0.008735191076993942 0
1731968701393 0.008391725830733776 0
1731968721798 0.008032755926251411 0
1731968742066 0.0064692068845033646 0
1731968762526 0.007739010266959667 0
1731968782882 0.00646771676838398 0
1731968803353 0.006385875400155783 0
1731968823639 0.005293427035212517 0
1731968844069 0.005409291945397854 0
1731968864417 0.005817200988531113 0
1731968884898 0.005854458548128605 0
1731968905251 0.004846302792429924 0
1731968925719 0.005078409798443317 0
1731968958547 0.005550074391067028 0
1731968976459 0.005555532872676849 0
1731968994295 0.0052224560640752316 0
1731969012178 0.005121202673763037 0
1731969030039 0.005828477442264557 0
1731969047919 0.006370715796947479 0
1731969065806 0.004768654704093933 0
1731969083683 0.005292860325425863 0
1731969100624 0.005396741442382336 0
1731969117131 0.004934967495501041 0
1731969133753 0.005583257880061865 0
1731969150383 0.004821309819817543 0
1731969167010 0.0058607435785233974 0
1731969183566 0.005002125166356564 0
1731969200184 0.005060568451881409 0
1731969216810 0.004069251008331776 0
1731969232633 0.004988307133316994 0
1731969248471 0.00512063130736351 0
1731969264324 0.004804668016731739 0
1731969280158 0.005032313987612724 0
1731969295980 0.004472494591027498 0
1731969311838 0.004702746868133545 0
1731969327673 0.0044995746575295925 0
1731969343081 0.004361906088888645 0
1731969358461 0.004140486475080252 0
1731969373746 0.004369731526821852 0
1731969389134 0.004216959699988365 0
1731969404423 0.004709010943770409 0
1731969419807 0.00413262564688921 0
1731969435065 0.004090094938874245 0
1731969450755 0.004405603278428316 0
1731969466033 0.004334133118391037 0
1731969481407 0.003612910397350788 0
1731969496668 0.004225442185997963 0
1731969512059 0.003940899856388569 0
1731969527338 0.004672549199312925 0
1731969542739 0.004218580666929483 0
1731969558008 0.004487807862460613 0
1731969573406 0.004105089232325554 0
1731969588674 0.004053850192576647 0
1731969604100 0.004141121171414852 0
1731969619392 0.003793615847826004 0
1731969634769 0.003423558548092842 0
1731969650056 0.003953792620450258 0
1731969665464 0.004000314977020025 0
1731969681047 0.0041085416451096535 0
1731969696464 0.0037182033993303776 0
1731969711736 0.0036909026093780994 0
1731969727138 0.004745216108858585 0
1731969742406 0.0035660224966704845 0
1731969757818 0.004050717689096928 0
1731969773092 0.0037483524065464735 0
1731969788517 0.003851204179227352 0
1731969803801 0.003470407798886299 0
1731969819204 0.002942627063021064 0
1731969834494 0.003459601430222392 0
1731969849882 0.0037333816289901733 0
1731969865160 0.0036564746405929327 0
1731969880542 0.0032388828694820404 0
1731969895834 0.0032390300184488297 0
1731969911564 0.0034201336093246937 0
1731969926840 0.003613276407122612 0
1731969942248 0.0034087325911968946 0
1731969957540 0.0030952130910009146 0
1731969972933 0.0033891331404447556 0
1731969988215 0.003197785234078765 0
1731970003627 0.0038933518808335066 0
1731970018915 0.0035193199291825294 0
1731970034314 0.003761645406484604 0
1731970049599 0.0029060407541692257 0
1731970065006 0.002769938437268138 0
1731970080276 0.0029895268380641937 0
1731970095657 0.0027502658776938915 0
1731970110936 0.0034748995676636696 0
1731970126670 0.0030045851599425077 0
1731970141947 0.003174095880240202 0
1731970157336 0.0031573218293488026 0
1731970172640 0.0030580051243305206 0
1731970188040 0.002871571807190776 0
1731970203329 0.003458373248577118 0
1731970218709 0.003296744544059038 0
1731970233993 0.0033213074784725904 0
1731970249398 0.0028519988991320133 0
1731970264684 0.002862927969545126 0
1731970280069 0.0029617128893733025 0
1731970295330 0.0036771027371287346 0
1731970310722 0.0029432945884764194 0
1731970325983 0.0037553347647190094 0
1731970341342 0.0034192006569355726 0
1731970357152 0.0031264512799680233 0
1731970372519 0.0030125565826892853 0
1731970387766 0.003011669497936964 0
1731970403115 0.0030134848784655333 0
1731970418390 0.0029906737618148327 0
1731970433734 0.0026867608539760113 0
1731970448993 0.0029633301310241222 0
1731970464345 0.002950370777398348 0
1731970479594 0.002946550492197275 0
1731970494966 0.003344322554767132 0
1731970510224 0.0031226377468556166 0
1731970525581 0.0034248484298586845 0
1731970540855 0.0031067407689988613 0
1731970556207 0.0032971627078950405 0
1731970571457 0.003008387517184019 0
1731970587150 0.002934602554887533 0
1731970602396 0.002584806177765131 0
1731970617758 0.0029663187451660633 0
1731970633033 0.0032962667755782604 0
1731970648407 0.0025876748841255903 0
1731970663655 0.0027268375270068645 0
1731970679002 0.003053606254979968 0
1731970694256 0.002823879010975361 0
1731970709614 0.0028968392871320248 0
1731970724878 0.0028952769935131073 0
1731970740236 0.002479366259649396 0
1731970755495 0.002356234472244978 0
1731970770862 0.0030267497058957815 0
1731970786103 0.0028172458987683058 0
1731970801498 0.0028672385960817337 0
1731970817118 0.002671810332685709 0
1731970832459 0.0032586015295237303 0
1731970847684 0.002624870976433158 0
1731970863032 0.002912464551627636 0
1731970878269 0.0029395297169685364 0
1731970893641 0.002500029280781746 0
1731970908902 0.0029891326557844877 0
1731970924253 0.002763650380074978 0
1731970939500 0.0028971254359930754 0
1731970954876 0.00270661199465394 0
1731970970110 0.0031078464817255735 0
1731970985478 0.0022403013426810503 0
1731971000697 0.0025456745643168688 0
1731971016061 0.002201827708631754 0
1731971031298 0.002536374842748046 0
1731971046957 0.0027159503661096096 0
1731971062192 0.0027557965368032455 0
1731971077549 0.0031441606115549803 0
1731971092788 0.0030369635205715895 0
1731971108139 0.002613002434372902 0
1731971123366 0.0027104318141937256 0
1731971138722 0.0027911353390663862 0
1731971153951 0.002635917393490672 0
1731971169348 0.002438871655613184 0
1731971184574 0.0023726685903966427 0
1731971199937 0.002188635990023613 0
1731971215170 0.0025930101983249187 0
1731971230511 0.002672322792932391 0
1731971245732 0.0026619532145559788 0
1731971261388 0.0025176904164254665 0
1731971276622 0.00266574090346694 0
1731971291982 0.0028702355921268463 0
1731971307193 0.00224301521666348 0
1731971322546 0.002312669064849615 0
1731971337765 0.002376326359808445 0
1731971353130 0.0027610897086560726 0
1731971368344 0.002359246602281928 0
1731971383710 0.0025730179622769356 0
1731971398924 0.0026078633964061737 0
1731971414304 0.0022168983705341816 0
1731971429544 0.0025284187868237495 0
1731971444873 0.0022745607420802116 0
1731971460105 0.0026168217882514 0
1731971475487 0.002208749996498227 0
1731971491021 0.0025203325785696507 0
1731971506382 0.002069384790956974 0
1731971521600 0.0024113566614687443 0
1731971536943 0.002387625863775611 0
1731971552195 0.002441966440528631 0
1731971567545 0.0022502075880765915 0
1731971582785 0.0023756574373692274 0
1731971598124 0.0023260386660695076 0
1731971613382 0.0026600933633744717 0
1731971628725 0.002232274739071727 0
1731971643932 0.002070222981274128 0
1731971659275 0.002257758751511574 0
1731971674501 0.0022232269402593374 0
1731971689840 0.001969496952369809 0
1731971705069 0.002419416792690754 0
1731971720796 0.0022438715677708387 0
1731971736031 0.002255346393212676 0
1731971751379 0.0019565883558243513 0
1731971766626 0.001990986056625843 0
1731971781966 0.002292237477377057 0
1731971797184 0.0017455462366342545 0
1731971812536 0.0020810372661799192 0
1731971827731 0.0023003634996712208 0
1731971843090 0.002169970190152526 0
1731971858332 0.002094290917739272 0
1731971873654 0.00211283378303051 0
1731971888879 0.0018272300949320197 0
1731971904211 0.0021444172598421574 0
1731971919460 0.0024186125956475735 0
1731971934806 0.0022463477216660976 0
1731971950407 0.0019275516970083117 0
1731971965735 0.002059862483292818 0
1731971981002 0.0019832560792565346 0
1731971996303 0.0020856917835772038 0
1731972011554 0.0022146832197904587 0
1731972026901 0.00189737300388515 0
1731972042138 0.0017911354079842567 0
1731972057471 0.00221092626452446 0
1731972072708 0.0023297378793358803 0
1731972088037 0.002140809316188097 0
1731972103295 0.002473499160259962 0
1731972118624 0.00215852539986372 0
1731972133866 0.002190080936998129 0
1731972149196 0.0021109424997121096 0
1731972164426 0.00222953874617815 0
