1731968660385 0.0006544621428474784 0
1731968681033 0.0005263723433017731 0
1731968701393 0.0005449571181088686 0
1731968721798 0.0004368213121779263 0
1731968742066 0.0003534382558427751 0
1731968762526 0.0003110344987362623 0
1731968782882 0.00036677057505585253 0
1731968803353 0.00032883856329135597 0
1731968823639 0.00031060155015438795 0
1731968844069 0.0003161292406730354 0
1731968864417 0.00034356876858510077 0
1731968884898 0.00033172135590575635 0
1731968905251 0.0002812173333950341 0
1731968925719 0.0003395963285584003 0
1731968958547 0.00044788545346818864 0
1731968976459 0.00039779843064025044 0
1731968994295 0.0003725584829226136 0
1731969012178 0.0003863323654513806 0
1731969030039 0.0005210188683122396 0
1731969047919 0.00041998716187663376 0
1731969065806 0.0003066982317250222 0
1731969083683 0.00031192461028695107 0
1731969100624 0.0002595069818198681 0
1731969117131 0.0004752263193950057 0
1731969133753 0.0003180537314619869 0
1731969150383 0.0002918330719694495 0
1731969167010 0.00033102763700298965 0
1731969183566 0.0003219874924980104 0
1731969200184 0.0003803828149102628 0
1731969216810 0.0003144390066154301 0
1731969232633 0.0003481701132841408 0
1731969248471 0.0003579208569135517 0
1731969264324 0.0002863003173843026 0
1731969280158 0.00040235978667624295 0
1731969295980 0.00033479323610663414 0
1731969311838 0.0003539928002282977 0
1731969327673 0.0003062665928155184 0
1731969343081 0.00031871427199803293 0
1731969358461 0.00031391927041113377 0
1731969373746 0.0003758792590815574 0
1731969389134 0.0002790854487102479 0
1731969404423 0.0002655062125995755 0
1731969419807 0.00035150733310729265 0
1731969435065 0.00029676497797481716 0
1731969450755 0.0002730504493229091 0
1731969466033 0.0002735903253778815 0
1731969481407 0.00028282467974349856 0
1731969496668 0.00029306451324373484 0
1731969512059 0.000300964224152267 0
1731969527338 0.0003256434283684939 0
1731969542739 0.0002551567740738392 0
1731969558008 0.0003138692118227482 0
1731969573406 0.0002600126026663929 0
1731969588674 0.0003262949758209288 0
1731969604100 0.00026122844428755343 0
1731969619392 0.0002792637678794563 0
1731969634769 0.0002506052260287106 0
1731969650056 0.00025210255989804864 0
1731969665464 0.0003006818296853453 0
1731969681047 0.00031471162219531834 0
1731969696464 0.0002679653116501868 0
1731969711736 0.00028275829390622675 0
1731969727138 0.0002792050363495946 0
1731969742406 0.0002353526360820979 0
1731969757818 0.0002586533082649112 0
1731969773092 0.0002674917341209948 0
1731969788517 0.00028206012211740017 0
1731969803801 0.00024507043417543173 0
1731969819204 0.00028912530979141593 0
1731969834494 0.00024311020388267934 0
1731969849882 0.0002822266542352736 0
1731969865160 0.0002527351607568562 0
1731969880542 0.0002355683100176975 0
1731969895834 0.0002833968901541084 0
1731969911564 0.0002745300007518381 0
1731969926840 0.00025581783847883344 0
1731969942248 0.00022428357624448836 0
1731969957540 0.00029316943255253136 0
1731969972933 0.00024632882559672 0
1731969988215 0.0002596958074718714 0
1731970003627 0.0002504505682736635 0
1731970018915 0.00022666246513836086 0
1731970034314 0.0002812757156789303 0
1731970049599 0.00021890760399401188 0
1731970065006 0.00024271149595733732 0
1731970080276 0.0002688652602955699 0
1731970095657 0.00023974603391252458 0
1731970110936 0.0002192826068494469 0
1731970126670 0.0002338572812732309 0
1731970141947 0.0002536106912884861 0
1731970157336 0.0002715549198910594 0
1731970172640 0.00022793281823396683 0
1731970188040 0.0004433110007084906 0
1731970203329 0.00024054691311903298 0
1731970218709 0.00023829085694160312 0
1731970233993 0.0002740685304161161 0
1731970249398 0.00022114088642410934 0
1731970264684 0.00022588475258089602 0
1731970280069 0.00020905477867927402 0
1731970295330 0.0002404866536380723 0
1731970310722 0.0002466544392518699 0
1731970325983 0.00020678628061432391 0
1731970341342 0.00024104787735268474 0
1731970357152 0.0002238855231553316 0
1731970372519 0.0002585510956123471 0
1731970387766 0.00024987885262817144 0
1731970403115 0.0002192063839174807 0
1731970418390 0.00031066295923665166 0
1731970433734 0.00022622404503636062 0
1731970448993 0.00025723676662892103 0
1731970464345 0.0002081130223814398 0
1731970479594 0.00024341385869774967 0
1731970494966 0.0002466432051733136 0
1731970510224 0.000208217155886814 0
1731970525581 0.0004026602837257087 0
1731970540855 0.0002078744291793555 0
1731970556207 0.00021102698519825935 0
1731970571457 0.00020904166740365326 0
1731970587150 0.0002183791366405785 0
1731970602396 0.00022157156490720809 0
1731970617758 0.00028185988776385784 0
1731970633033 0.00023149917251430452 0
1731970648407 0.00023124953440856189 0
1731970663655 0.00025681371334940195 0
1731970679002 0.00020026718266308308 0
1731970694256 0.0001982810499612242 0
1731970709614 0.00019371361122466624 0
1731970724878 0.00020823863451369107 0
1731970740236 0.0002004321722779423 0
1731970755495 0.00024474645033478737 0
1731970770862 0.00020294575369916856 0
1731970786103 0.00022220134269446135 0
1731970801498 0.00023596675600856543 0
1731970817118 0.00018865810125134885 0
1731970832459 0.00021640295744873583 0
1731970847684 0.0002359681238885969 0
1731970863032 0.00021149651729501784 0
1731970878269 0.00020557187963277102 0
1731970893641 0.00020175569807179272 0
1731970908902 0.00022337118571158499 0
1731970924253 0.00023934320779517293 0
1731970939500 0.0002617694262880832 0
1731970954876 0.0002503101131878793 0
1731970970110 0.00021409810869954526 0
1731970985478 0.0001862270582932979 0
1731971000697 0.00022693599748890847 0
1731971016061 0.00022132186859380454 0
1731971031298 0.0002066780289169401 0
1731971046957 0.00021169678075239062 0
1731971062192 0.0002231367107015103 0
1731971077549 0.00019416998839005828 0
1731971092788 0.0001952810271177441 0
1731971108139 0.00019846214854624122 0
1731971123366 0.00022459152387455106 0
1731971138722 0.0002206306962762028 0
1731971153951 0.0002037855883827433 0
1731971169348 0.00019705590966623276 0
1731971184574 0.00019392967806197703 0
1731971199937 0.00018019355775322765 0
1731971215170 0.00020563462749123573 0
1731971230511 0.00020996746025048196 0
1731971245732 0.00021407117310445756 0
1731971261388 0.00019243592396378517 0
1731971276622 0.00022602383978664875 0
1731971291982 0.00020812393631786108 0
1731971307193 0.0002244443167001009 0
1731971322546 0.00020341256458777934 0
1731971337765 0.00021833764913026243 0
1731971353130 0.00021058526181150228 0
1731971368344 0.00021578134328592569 0
1731971383710 0.00019971697474829853 0
1731971398924 0.00020158235565759242 0
1731971414304 0.0002180701121687889 0
1731971429544 0.00018994133279193193 0
1731971444873 0.00016533736197743565 0
1731971460105 0.0001967104326467961 0
1731971475487 0.00020458715152926743 0
1731971491021 0.00020266447972971946 0
1731971506382 0.0002048906753771007 0
1731971521600 0.0002016704820562154 0
1731971536943 0.00033326505217701197 0
1731971552195 0.00020025094272568822 0
1731971567545 0.00025491410633549094 0
1731971582785 0.00017843855312094092 0
1731971598124 0.00019079307094216347 0
1731971613382 0.00021290589938871562 0
1731971628725 0.00019105641695205122 0
1731971643932 0.00018041508155874908 0
1731971659275 0.00023058995429892093 0
1731971674501 0.00020901017705909908 0
1731971689840 0.00018951273523271084 0
1731971705069 0.0001734517572913319 0
1731971720796 0.00021039473358541727 0
1731971736031 0.00019746823818422854 0
1731971751379 0.0001852974237408489 0
1731971766626 0.0001941391674336046 0
1731971781966 0.00019856650033034384 0
1731971797184 0.00020829080312978476 0
1731971812536 0.00019873821293003857 0
1731971827731 0.00018361321417614818 0
1731971843090 0.00018781237304210663 0
1731971858332 0.0002069969632430002 0
1731971873654 0.00018462588195689023 0
1731971888879 0.00017158887931145728 0
1731971904211 0.0001912834559334442 0
1731971919460 0.00021777809888590127 0
1731971934806 0.00017462183313909918 0
1731971950407 0.00019561441149562597 0
1731971965735 0.00018099058070220053 0
1731971981002 0.0001919440255733207 0
1731971996303 0.00018586174701340497 0
1731972011554 0.00021190659026615322 0
1731972026901 0.00020432425662875175 0
1731972042138 0.00017588745686225593 0
1731972057471 0.0001971730962395668 0
1731972072708 0.00021580082830041647 0
1731972088037 0.00022918525792192668 0
1731972103295 0.00018733149045147002 0
1731972118624 0.0001670326164457947 0
1731972133866 0.00018395460210740566 0
1731972149196 0.00019353926472831517 0
1731972164426 0.00018409237964078784 0
