1731968570462 0.03146973252296448 0
1731968590129 0.036072149872779846 0
1731968609680 0.0365014411509037 0
1731968629278 0.03851347416639328 0
1731968648780 0.04238656163215637 0
1731968668348 0.044292181730270386 0
1731968687839 0.046578921377658844 0
1731968707430 0.047379020601511 0
1731968726934 0.04880938306450844 0
1731968746531 0.0479702390730381 0
1731968766019 0.05144970118999481 0
1731968785605 0.05090322718024254 0
1731968805094 0.05080319568514824 0
1731968824687 0.05118423327803612 0
1731968844095 0.05293315649032593 0
1731968861356 0.053068213164806366 0
1731968878627 0.05492931604385376 0
1731968895919 0.05415400117635727 0
1731968913195 0.05243371054530144 0
1731968930470 0.05394110828638077 0
1731968947750 0.052845824509859085 0
1731968965022 0.05338847637176514 0
1731968981507 0.05488503724336624 0
1731968997581 0.054450538009405136 0
1731969013760 0.054351285099983215 0
1731969029955 0.05401104688644409 0
1731969046142 0.053034283220767975 0
1731969062231 0.05440894141793251 0
1731969078430 0.054039474576711655 0
1731969094682 0.05554521083831787 0
1731969110168 0.05432369187474251 0
1731969125639 0.055570535361766815 0
1731969141132 0.055115558207035065 0
1731969156638 0.055227022618055344 0
1731969172128 0.05581217259168625 0
1731969187618 0.05465415492653847 0
1731969203115 0.05518506094813347 0
1731969218236 0.05658546835184097 0
1731969233333 0.055526770651340485 0
1731969248354 0.05542013794183731 0
1731969263463 0.05577097833156586 0
1731969278454 0.056472327560186386 0
1731969293547 0.056641243398189545 0
1731969308571 0.05666507035493851 0
1731969324011 0.0573887974023819 0
1731969339033 0.056090567260980606 0
1731969354148 0.055775586515665054 0
1731969369162 0.05650408938527107 0
1731969384281 0.05788504704833031 0
1731969399318 0.05749942734837532 0
1731969414444 0.057325754314661026 0
1731969429469 0.05672597512602806 0
1731969444604 0.05573932081460953 0
1731969459648 0.05502494424581528 0
1731969474789 0.05626187473535538 0
1731969489818 0.05800635740160942 0
1731969504934 0.055521756410598755 0
1731969519969 0.055852483958005905 0
1731969535108 0.056227900087833405 0
1731969550509 0.05565381050109863 0
1731969565643 0.057582225650548935 0
1731969580661 0.05729537084698677 0
1731969595799 0.05687408521771431 0
1731969610839 0.056780409067869186 0
1731969625981 0.05689139664173126 0
1731969641018 0.055997300893068314 0
1731969656178 0.05785089731216431 0
1731969671220 0.05759457126259804 0
1731969686358 0.05757153406739235 0
1731969701372 0.05636316165328026 0
1731969716486 0.0569525808095932 0
1731969731509 0.0576135516166687 0
1731969746594 0.05760151520371437 0
1731969761598 0.05790218338370323 0
1731969777039 0.05747317150235176 0
1731969792069 0.05715152621269226 0
1731969807169 0.05742323026061058 0
1731969822180 0.05764798820018768 0
1731969837261 0.05747026205062866 0
1731969852244 0.05834504961967468 0
1731969867337 0.058289892971515656 0
1731969882336 0.05751143395900726 0
1731969897431 0.05817239731550217 0
1731969912435 0.057986289262771606 0
1731969927538 0.05765090882778168 0
1731969942562 0.05830301716923714 0
1731969957649 0.05698290467262268 0
1731969972650 0.058061763644218445 0
1731969988071 0.05771942809224129 0
1731970003076 0.057489603757858276 0
1731970018181 0.05773954465985298 0
1731970033192 0.05822965130209923 0
1731970048280 0.05841727554798126 0
1731970063290 0.05889849737286568 0
1731970078400 0.057764481753110886 0
1731970093400 0.058142006397247314 0
1731970108522 0.05756545811891556 0
1731970123547 0.0579412505030632 0
1731970138632 0.05784914270043373 0
1731970153622 0.05925421044230461 0
1731970168717 0.05782000720500946 0
1731970183726 0.0584060437977314 0
1731970198842 0.058224402368068695 0
1731970214165 0.05777416750788689 0
1731970229268 0.05754053220152855 0
1731970244260 0.05766920745372772 0
1731970259348 0.057852618396282196 0
1731970274326 0.057924918830394745 0
1731970289402 0.05862537771463394 0
1731970304419 0.05811699479818344 0
1731970319484 0.058314140886068344 0
1731970334470 0.057367876172065735 0
1731970349552 0.057635292410850525 0
1731970364521 0.058197688311338425 0
1731970379590 0.058303698897361755 0
1731970394590 0.05854638293385506 0
1731970409662 0.058713626116514206 0
1731970424662 0.05816520005464554 0
1731970440116 0.05832308903336525 0
1731970455101 0.058587606996297836 0
1731970470176 0.058996908366680145 0
1731970485153 0.05773264169692993 0
1731970500242 0.05820808187127113 0
1731970515238 0.05824245139956474 0
1731970530377 0.05753302574157715 0
1731970545418 0.057463523000478745 0
1731970560538 0.05802692845463753 0
1731970575534 0.05797991529107094 0
1731970590598 0.05812591686844826 0
1731970605594 0.05798590928316116 0
1731970620692 0.05884835496544838 0
1731970635666 0.05890302360057831 0
1731970650780 0.058526042848825455 0
1731970666078 0.05863494053483009 0
1731970681163 0.0585687980055809 0
1731970696150 0.0579557828605175 0
1731970711231 0.058228496462106705 0
1731970726226 0.058365438133478165 0
1731970741308 0.05949129909276962 0
1731970756293 0.058090079575777054 0
1731970771381 0.058584704995155334 0
1731970786384 0.0579792782664299 0
1731970801457 0.0586119219660759 0
1731970816455 0.05757923051714897 0
1731970831555 0.05755050480365753 0
1731970846541 0.05809992179274559 0
1731970861611 0.05835489556193352 0
1731970876612 0.05842525139451027 0
1731970892041 0.05779226869344711 0
1731970907024 0.0587119534611702 0
1731970922090 0.05837128311395645 0
1731970937068 0.058372121304273605 0
1731970952184 0.05824056267738342 0
1731970967174 0.058497101068496704 0
1731970982245 0.05838799849152565 0
1731970997259 0.05873316153883934 0
1731971012349 0.05828988552093506 0
1731971027326 0.05890759080648422 0
1731971042402 0.05829926207661629 0
1731971057400 0.05841223523020744 0
1731971072489 0.058845896273851395 0
1731971087451 0.05888785794377327 0
1731971103198 0.058711741119623184 0
1731971118168 0.05906856432557106 0
1731971133236 0.05901911109685898 0
1731971148251 0.05880450829863548 0
1731971163341 0.058092210441827774 0
1731971178320 0.05826546996831894 0
1731971193399 0.0587732307612896 0
1731971208379 0.058387089520692825 0
1731971223437 0.05802356079220772 0
1731971238416 0.058308519423007965 0
1731971253494 0.05886557698249817 0
1731971268498 0.058636490255594254 0
1731971283593 0.05884239077568054 0
1731971298573 0.05859063193202019 0
1731971313644 0.058422766625881195 0
1731971328982 0.058418843895196915 0
1731971344084 0.05897531658411026 0
1731971359053 0.058556199073791504 0
1731971374129 0.05804230272769928 0
1731971389101 0.05868874862790108 0
1731971404174 0.058529432862997055 0
1731971419146 0.058627527207136154 0
1731971434221 0.058900926262140274 0
1731971449191 0.05883057788014412 0
1731971464248 0.058610498905181885 0
1731971479227 0.0586245134472847 0
1731971494320 0.05897939205169678 0
1731971509291 0.05853110924363136 0
1731971524381 0.05852663144469261 0
1731971539353 0.058480266481637955 0
1731971554765 0.05870876833796501 0
1731971569737 0.05874933302402496 0
1731971584803 0.05880624055862427 0
1731971599759 0.058653585612773895 0
1731971614833 0.05854429304599762 0
1731971629832 0.05835219845175743 0
1731971644908 0.0585654117166996 0
1731971659898 0.058251213282346725 0
1731971674975 0.05829953774809837 0
1731971689968 0.0582280233502388 0
1731971705056 0.058830082416534424 0
1731971720017 0.05862398073077202 0
1731971735088 0.05866444110870361 0
1731971750079 0.05832746997475624 0
1731971765159 0.05841311439871788 0
1731971780463 0.05854564532637596 0
1731971795526 0.058715254068374634 0
1731971810502 0.05841151624917984 0
1731971825584 0.05857086181640625 0
1731971840552 0.05878239870071411 0
1731971855613 0.05847499892115593 0
1731971870581 0.058581456542015076 0
1731971885661 0.05884822830557823 0
1731971900634 0.058709047734737396 0
1731971915709 0.05866227671504021 0
1731971930684 0.058934520930051804 0
1731971945772 0.05860350281000137 0
1731971960723 0.05862324312329292 0
1731971975812 0.05857091769576073 0
1731971990780 0.05868440121412277 0
