1731968570462 0.46399354934692383 0
1731968590129 0.46303194761276245 0
1731968609680 0.464223176240921 0
1731968629278 0.4842212200164795 0
1731968648780 0.47730186581611633 0
1731968668348 0.48585081100463867 0
1731968687839 0.4885479807853699 0
1731968707430 0.5066927671432495 0
1731968726934 0.5112638473510742 0
1731968746531 0.49912816286087036 0
1731968766019 0.4993422329425812 0
1731968785605 0.5060788989067078 0
1731968805094 0.5085036754608154 0
1731968824687 0.49105337262153625 0
1731968844095 0.5122717618942261 0
1731968861356 0.4949793517589569 0
1731968878627 0.5139747262001038 0
1731968895919 0.5123001337051392 0
1731968913195 0.515049159526825 0
1731968930470 0.5050008296966553 0
1731968947750 0.5085607171058655 0
1731968965022 0.5097320079803467 0
1731968981507 0.49525779485702515 0
1731968997581 0.520099937915802 0
1731969013760 0.5182021260261536 0
1731969029955 0.5252636075019836 0
1731969046142 0.5025033354759216 0
1731969062231 0.5106856226921082 0
1731969078430 0.5062754154205322 0
1731969094682 0.5080355405807495 0
1731969110168 0.5106421709060669 0
1731969125639 0.508821964263916 0
1731969141132 0.5188268423080444 0
1731969156638 0.5038116574287415 0
1731969172128 0.5165196657180786 0
1731969187618 0.5178439617156982 0
1731969203115 0.5137907862663269 0
1731969218236 0.5254672169685364 0
1731969233333 0.5175544023513794 0
1731969248354 0.522186815738678 0
1731969263463 0.5133358836174011 0
1731969278454 0.5163252353668213 0
1731969293547 0.5094513893127441 0
1731969308571 0.5241958498954773 0
1731969324011 0.5095247030258179 0
1731969339033 0.515008270740509 0
1731969354148 0.5238641500473022 0
1731969369162 0.5086787343025208 0
1731969384281 0.5143884420394897 0
1731969399318 0.5206884741783142 0
1731969414444 0.5241755843162537 0
1731969429469 0.5155887007713318 0
1731969444604 0.5236591100692749 0
1731969459648 0.5228339433670044 0
1731969474789 0.5171406269073486 0
1731969489818 0.5190048217773438 0
1731969504934 0.5144911408424377 0
1731969519969 0.5194464921951294 0
1731969535108 0.5209311246871948 0
1731969550509 0.5187134146690369 0
1731969565643 0.5212663412094116 0
1731969580661 0.522331953048706 0
1731969595799 0.5241477489471436 0
1731969610839 0.5108361840248108 0
1731969625981 0.5206945538520813 0
1731969641018 0.5120173096656799 0
1731969656178 0.5129472017288208 0
1731969671220 0.5107100605964661 0
1731969686358 0.5191616415977478 0
1731969701372 0.5135233998298645 0
1731969716486 0.5285454988479614 0
1731969731509 0.5198990702629089 0
1731969746594 0.5251477360725403 0
1731969761598 0.5201461911201477 0
1731969777039 0.5326884388923645 0
1731969792069 0.5238879323005676 0
1731969807169 0.5290456414222717 0
1731969822180 0.5208994150161743 0
1731969837261 0.5139409899711609 0
1731969852244 0.5238752365112305 0
1731969867337 0.5168803334236145 0
1731969882336 0.5221941471099854 0
1731969897431 0.5262935757637024 0
1731969912435 0.5292601585388184 0
1731969927538 0.5209023952484131 0
1731969942562 0.5190834403038025 0
1731969957649 0.519920289516449 0
1731969972650 0.5244730114936829 0
1731969988071 0.522719144821167 0
1731970003076 0.527339518070221 0
1731970018181 0.523206353187561 0
1731970033192 0.5265443921089172 0
1731970048280 0.5231395363807678 0
1731970063290 0.5192036628723145 0
1731970078400 0.52265465259552 0
1731970093400 0.5227897763252258 0
1731970108522 0.5245896577835083 0
1731970123547 0.5287639498710632 0
1731970138632 0.5219487547874451 0
1731970153622 0.5276374220848083 0
1731970168717 0.5262449383735657 0
1731970183726 0.52631676197052 0
1731970198842 0.526516854763031 0
1731970214165 0.5191481113433838 0
1731970229268 0.520395815372467 0
1731970244260 0.5299387574195862 0
1731970259348 0.5189692974090576 0
1731970274326 0.528678297996521 0
1731970289402 0.5211687684059143 0
1731970304419 0.5179934501647949 0
1731970319484 0.5258170366287231 0
1731970334470 0.5236489772796631 0
1731970349552 0.5272535681724548 0
1731970364521 0.5240072011947632 0
1731970379590 0.5190562605857849 0
1731970394590 0.5243391990661621 0
1731970409662 0.5271924138069153 0
1731970424662 0.5201666951179504 0
1731970440116 0.526305079460144 0
1731970455101 0.5239823460578918 0
1731970470176 0.5211774110794067 0
1731970485153 0.5257135629653931 0
1731970500242 0.5278419852256775 0
1731970515238 0.5223068594932556 0
1731970530377 0.5248516798019409 0
1731970545418 0.5220948457717896 0
1731970560538 0.5267854332923889 0
1731970575534 0.5262247920036316 0
1731970590598 0.5225958824157715 0
1731970605594 0.5237938761711121 0
1731970620692 0.5250124931335449 0
1731970635666 0.5233912467956543 0
1731970650780 0.5233891606330872 0
1731970666078 0.5280758738517761 0
1731970681163 0.5252508521080017 0
1731970696150 0.5224823951721191 0
1731970711231 0.5215941071510315 0
1731970726226 0.5244694948196411 0
1731970741308 0.523575484752655 0
1731970756293 0.5332746505737305 0
1731970771381 0.5258428454399109 0
1731970786384 0.5294162034988403 0
1731970801457 0.5286003351211548 0
1731970816455 0.5291374325752258 0
1731970831555 0.5338402986526489 0
1731970846541 0.5262431502342224 0
1731970861611 0.5262287259101868 0
1731970876612 0.5284454822540283 0
1731970892041 0.5262557864189148 0
1731970907024 0.5271540880203247 0
1731970922090 0.5232517719268799 0
1731970937068 0.5240033268928528 0
1731970952184 0.5248515605926514 0
1731970967174 0.5255588293075562 0
1731970982245 0.5211577415466309 0
1731970997259 0.5312454700469971 0
1731971012349 0.5300041437149048 0
1731971027326 0.5273220539093018 0
1731971042402 0.5275253057479858 0
1731971057400 0.5259203910827637 0
1731971072489 0.5272560715675354 0
1731971087451 0.5288771986961365 0
1731971103198 0.5243163704872131 0
1731971118168 0.5270418524742126 0
1731971133236 0.5271251201629639 0
1731971148251 0.5226592421531677 0
1731971163341 0.5281042456626892 0
1731971178320 0.525317370891571 0
1731971193399 0.5271017551422119 0
1731971208379 0.5298365354537964 0
1731971223437 0.5268476009368896 0
1731971238416 0.523448646068573 0
1731971253494 0.525210976600647 0
1731971268498 0.5288209915161133 0
1731971283593 0.5257146954536438 0
1731971298573 0.5251325964927673 0
1731971313644 0.5283458232879639 0
1731971328982 0.5275115966796875 0
1731971344084 0.5263968706130981 0
1731971359053 0.5300558805465698 0
1731971374129 0.5261374711990356 0
1731971389101 0.5267655253410339 0
1731971404174 0.5300000905990601 0
1731971419146 0.5341426730155945 0
1731971434221 0.528915524482727 0
1731971449191 0.5274432301521301 0
1731971464248 0.5285583734512329 0
1731971479227 0.5275430083274841 0
1731971494320 0.5297505259513855 0
1731971509291 0.5272330045700073 0
1731971524381 0.5270009636878967 0
1731971539353 0.5255257487297058 0
1731971554765 0.5248203277587891 0
1731971569737 0.52557373046875 0
1731971584803 0.5288177728652954 0
1731971599759 0.5275952219963074 0
1731971614833 0.5246009230613708 0
1731971629832 0.5267606973648071 0
1731971644908 0.5280640721321106 0
1731971659898 0.5296573042869568 0
1731971674975 0.5294130444526672 0
1731971689968 0.5310823917388916 0
1731971705056 0.5277544856071472 0
1731971720017 0.5297388434410095 0
1731971735088 0.5254536271095276 0
1731971750079 0.5283442139625549 0
1731971765159 0.5272298455238342 0
1731971780463 0.5315255522727966 0
1731971795526 0.5297672748565674 0
1731971810502 0.5300794839859009 0
1731971825584 0.5270661115646362 0
1731971840552 0.5310025215148926 0
1731971855613 0.5277159810066223 0
1731971870581 0.5252525210380554 0
1731971885661 0.5280911922454834 0
1731971900634 0.5289428234100342 0
1731971915709 0.5266981720924377 0
1731971930684 0.5268152356147766 0
1731971945772 0.5292449593544006 0
1731971960723 0.5277205109596252 0
1731971975812 0.528475821018219 0
1731971990780 0.5313044786453247 0
