1731968570462 0.26847442984580994 0
1731968590129 0.21332542598247528 0
1731968609680 0.18437406420707703 0
1731968629278 0.15877661108970642 0
1731968648780 0.14720472693443298 0
1731968668348 0.13567471504211426 0
1731968687839 0.1356395184993744 0
1731968707430 0.1310766488313675 0
1731968726934 0.12058122456073761 0
1731968746531 0.12180423736572266 0
1731968766019 0.11991171538829803 0
1731968785605 0.1192697286605835 0
1731968805094 0.11586100608110428 0
1731968824687 0.11440432071685791 0
1731968844095 0.11118212342262268 0
1731968861356 0.10865732282400131 0
1731968878627 0.10498736798763275 0
1731968895919 0.10340511053800583 0
1731968913195 0.10304819792509079 0
1731968930470 0.10242433845996857 0
1731968947750 0.09762676805257797 0
1731968965022 0.09556849300861359 0
1731968981507 0.09554718434810638 0
1731968997581 0.09393226355314255 0
1731969013760 0.08908632397651672 0
1731969029955 0.09102286398410797 0
1731969046142 0.08987876772880554 0
1731969062231 0.08768349885940552 0
1731969078430 0.08320224285125732 0
1731969094682 0.08203747868537903 0
1731969110168 0.08243227005004883 0
1731969125639 0.08251668512821198 0
1731969141132 0.07904916256666183 0
1731969156638 0.07894395291805267 0
1731969172128 0.07709160447120667 0
1731969187618 0.07707720994949341 0
1731969203115 0.07512890547513962 0
1731969218236 0.07642261683940887 0
1731969233333 0.07215043902397156 0
1731969248354 0.07327044755220413 0
1731969263463 0.07176803797483444 0
1731969278454 0.0733896940946579 0
1731969293547 0.07048377394676208 0
1731969308571 0.06935396045446396 0
1731969324011 0.07017790526151657 0
1731969339033 0.0684218779206276 0
1731969354148 0.0702960342168808 0
1731969369162 0.0676167830824852 0
1731969384281 0.06772857159376144 0
1731969399318 0.06566580384969711 0
1731969414444 0.06476674228906631 0
1731969429469 0.06440229713916779 0
1731969444604 0.06490223109722137 0
1731969459648 0.06547072529792786 0
1731969474789 0.061478421092033386 0
1731969489818 0.06393108516931534 0
1731969504934 0.0624690018594265 0
1731969519969 0.06166042387485504 0
1731969535108 0.0586124025285244 0
1731969550509 0.059338510036468506 0
1731969565643 0.05970640853047371 0
1731969580661 0.056358661502599716 0
1731969595799 0.05973300337791443 0
1731969610839 0.058985836803913116 0
1731969625981 0.0574774444103241 0
1731969641018 0.05758562684059143 0
1731969656178 0.0564163438975811 0
1731969671220 0.057909708470106125 0
1731969686358 0.05504707992076874 0
1731969701372 0.054595254361629486 0
1731969716486 0.05457720533013344 0
1731969731509 0.05619782209396362 0
1731969746594 0.053165800869464874 0
1731969761598 0.0546579509973526 0
1731969777039 0.054788313806056976 0
1731969792069 0.05326768755912781 0
1731969807169 0.053829535841941833 0
1731969822180 0.05444437265396118 0
1731969837261 0.05184989422559738 0
1731969852244 0.05201151221990585 0
1731969867337 0.05082432180643082 0
1731969882336 0.05372103303670883 0
1731969897431 0.05164463445544243 0
1731969912435 0.04982651025056839 0
1731969927538 0.05144520103931427 0
1731969942562 0.05020595341920853 0
1731969957649 0.05042753368616104 0
1731969972650 0.050555311143398285 0
1731969988071 0.050410524010658264 0
1731970003076 0.04787730053067207 0
1731970018181 0.04926137626171112 0
1731970033192 0.04956541955471039 0
1731970048280 0.05001905560493469 0
1731970063290 0.049768343567848206 0
1731970078400 0.047178883105516434 0
1731970093400 0.04904314875602722 0
1731970108522 0.047512564808130264 0
1731970123547 0.04660526290535927 0
1731970138632 0.04608013108372688 0
1731970153622 0.046107217669487 0
1731970168717 0.04619576409459114 0
1731970183726 0.0473930761218071 0
1731970198842 0.04500836879014969 0
1731970214165 0.046777255833148956 0
1731970229268 0.045085277408361435 0
1731970244260 0.04556209221482277 0
1731970259348 0.0455462783575058 0
1731970274326 0.04347807914018631 0
1731970289402 0.04505785182118416 0
1731970304419 0.04439377039670944 0
1731970319484 0.04465277120471001 0
1731970334470 0.04321908578276634 0
1731970349552 0.04423074424266815 0
1731970364521 0.04465964064002037 0
1731970379590 0.04275462031364441 0
1731970394590 0.04303724318742752 0
1731970409662 0.0434793122112751 0
1731970424662 0.044141702353954315 0
1731970440116 0.04341091215610504 0
1731970455101 0.04388076812028885 0
1731970470176 0.04189666360616684 0
1731970485153 0.042374130338430405 0
1731970500242 0.041992612183094025 0
1731970515238 0.04142635688185692 0
1731970530377 0.04259584844112396 0
1731970545418 0.04211178421974182 0
1731970560538 0.04109169542789459 0
1731970575534 0.04207552596926689 0
1731970590598 0.04088737815618515 0
1731970605594 0.04072088003158569 0
1731970620692 0.04051060974597931 0
1731970635666 0.038659073412418365 0
1731970650780 0.042738765478134155 0
1731970666078 0.04040917381644249 0
1731970681163 0.04103504493832588 0
1731970696150 0.04055675119161606 0
1731970711231 0.042225390672683716 0
1731970726226 0.04043126851320267 0
1731970741308 0.04003103822469711 0
1731970756293 0.04001256823539734 0
1731970771381 0.03980104625225067 0
1731970786384 0.039525486528873444 0
1731970801457 0.039701007306575775 0
1731970816455 0.039760373532772064 0
1731970831555 0.04065240919589996 0
1731970846541 0.03879598528146744 0
1731970861611 0.03863532096147537 0
1731970876612 0.03985850512981415 0
1731970892041 0.039080530405044556 0
1731970907024 0.038869887590408325 0
1731970922090 0.03747023642063141 0
1731970937068 0.03801055625081062 0
1731970952184 0.03926416113972664 0
1731970967174 0.03795063495635986 0
1731970982245 0.03818879276514053 0
1731970997259 0.037536174058914185 0
1731971012349 0.03748008608818054 0
1731971027326 0.03699784353375435 0
1731971042402 0.03722138702869415 0
1731971057400 0.036515578627586365 0
1731971072489 0.038017161190509796 0
1731971087451 0.037624746561050415 0
1731971103198 0.03689465671777725 0
1731971118168 0.03688885271549225 0
1731971133236 0.03679956495761871 0
1731971148251 0.03731562942266464 0
1731971163341 0.03655148670077324 0
1731971178320 0.036524076014757156 0
1731971193399 0.0373978391289711 0
1731971208379 0.0376446396112442 0
1731971223437 0.038351431488990784 0
1731971238416 0.03662693500518799 0
1731971253494 0.03613049536943436 0
1731971268498 0.036324433982372284 0
1731971283593 0.03680776059627533 0
1731971298573 0.036871448159217834 0
1731971313644 0.035685885697603226 0
1731971328982 0.03585798665881157 0
1731971344084 0.037708621472120285 0
1731971359053 0.03614114224910736 0
1731971374129 0.03543844074010849 0
1731971389101 0.03511347994208336 0
1731971404174 0.03684622794389725 0
1731971419146 0.03614778444170952 0
1731971434221 0.03650238737463951 0
1731971449191 0.03643055260181427 0
1731971464248 0.034537263214588165 0
1731971479227 0.035738587379455566 0
1731971494320 0.035999007523059845 0
1731971509291 0.035154685378074646 0
1731971524381 0.03528137505054474 0
1731971539353 0.03431866317987442 0
1731971554765 0.03455342352390289 0
1731971569737 0.035181425511837006 0
1731971584803 0.035790931433439255 0
1731971599759 0.035457707941532135 0
1731971614833 0.035411544144153595 0
1731971629832 0.03418286517262459 0
1731971644908 0.03421572595834732 0
1731971659898 0.03576883301138878 0
1731971674975 0.03421342000365257 0
1731971689968 0.03540772944688797 0
1731971705056 0.034118250012397766 0
1731971720017 0.03413579612970352 0
1731971735088 0.034155815839767456 0
1731971750079 0.034422867000103 0
1731971765159 0.032632388174533844 0
1731971780463 0.03515740483999252 0
1731971795526 0.03588548302650452 0
1731971810502 0.03251883387565613 0
1731971825584 0.03408170863986015 0
1731971840552 0.03251736983656883 0
1731971855613 0.0348212793469429 0
1731971870581 0.034475378692150116 0
1731971885661 0.03250535577535629 0
1731971900634 0.03364936262369156 0
1731971915709 0.03379962593317032 0
1731971930684 0.034452326595783234 0
1731971945772 0.03397795930504799 0
1731971960723 0.033270955085754395 0
1731971975812 0.03262694180011749 0
1731971990780 0.03442061319947243 0
