1731849858902 0.7018387317657471 0
1731849880977 0.5868700742721558 0
1731849903150 0.5458688735961914 0
1731849925662 0.5159697532653809 0
1731849948091 0.5037940740585327 0
1731849970708 0.4922713339328766 0
1731849993226 0.49076417088508606 0
1731850015822 0.4918785095214844 0
1731850038359 0.4823089838027954 0
1731850061089 0.47386136651039124 0
1731850083704 0.4739695191383362 0
1731850106424 0.4769701063632965 0
1731850129050 0.46854156255722046 0
1731850151825 0.46161478757858276 0
1731850174407 0.4576822519302368 0
1731850194457 0.44745659828186035 0
1731850214521 0.4472733736038208 0
1731850234608 0.4432619512081146 0
1731850254648 0.44206637144088745 0
1731850274755 0.43975552916526794 0
1731850294850 0.4367400109767914 0
1731850314954 0.43968480825424194 0
1731850334115 0.42903316020965576 0
1731850352790 0.43221306800842285 0
1731850371572 0.42837998270988464 0
1731850390395 0.42683959007263184 0
1731850409197 0.42405959963798523 0
1731850427845 0.42263296246528625 0
1731850446650 0.4266531467437744 0
1731850465432 0.42479562759399414 0
1731850483406 0.4233960211277008 0
1731850501365 0.4257349669933319 0
1731850519318 0.41689327359199524 0
1731850537265 0.41466331481933594 0
1731850555215 0.41429752111434937 0
1731850573207 0.4161315858364105 0
1731850591186 0.40752917528152466 0
1731850608647 0.4083681106567383 0
1731850626370 0.40892183780670166 0
1731850643726 0.4228536784648895 0
1731850661210 0.42229217290878296 0
1731850678598 0.4077207148075104 0
1731850696082 0.40608856081962585 0
1731850713426 0.4017951786518097 0
1731850731274 0.41299891471862793 0
1731850748638 0.4078533947467804 0
1731850766136 0.4099796414375305 0
1731850783518 0.40439948439598083 0
1731850801015 0.40516752004623413 0
1731850818402 0.4057101607322693 0
1731850835887 0.41134753823280334 0
1731850853241 0.40210840106010437 0
1731850870765 0.39304909110069275 0
1731850888134 0.4011925160884857 0
1731850905608 0.3883688449859619 0
1731850922972 0.39817675948143005 0
1731850940476 0.3971436321735382 0
1731850957833 0.4071500301361084 0
1731850975328 0.40175485610961914 0
1731850993047 0.40684401988983154 0
1731851010525 0.39841321110725403 0
1731851027897 0.3969285190105438 0
1731851045368 0.3999520242214203 0
1731851062727 0.3886137902736664 0
1731851080220 0.39855706691741943 0
1731851097580 0.39303579926490784 0
1731851115074 0.3911266624927521 0
1731851132427 0.3957381844520569 0
1731851149916 0.39755260944366455 0
1731851167286 0.3961876630783081 0
1731851184763 0.39383384585380554 0
1731851202144 0.3939015567302704 0
1731851219618 0.3913971781730652 0
1731851236958 0.3964485228061676 0
1731851254819 0.391237735748291 0
1731851272197 0.3915433883666992 0
1731851289712 0.39068707823753357 0
1731851307102 0.39045050740242004 0
1731851324566 0.39269039034843445 0
1731851341910 0.39033058285713196 0
1731851359406 0.3925468325614929 0
1731851376784 0.39040714502334595 0
1731851394280 0.3897598683834076 0
1731851411652 0.3894391655921936 0
1731851429170 0.3890434205532074 0
1731851446534 0.3853672742843628 0
1731851464031 0.3907952308654785 0
1731851481418 0.3831978440284729 0
1731851499262 0.38682249188423157 0
1731851516627 0.384060263633728 0
1731851534141 0.3874641954898834 0
1731851551532 0.389889657497406 0
1731851569033 0.3897416591644287 0
1731851586436 0.3884187638759613 0
1731851603949 0.39047524333000183 0
1731851621330 0.38585537672042847 0
1731851638848 0.3889993727207184 0
1731851656207 0.38610365986824036 0
1731851673718 0.387607216835022 0
1731851691080 0.38780808448791504 0
1731851708587 0.38631153106689453 0
1731851725957 0.38693997263908386 0
1731851743456 0.38572654128074646 0
1731851761176 0.3868826925754547 0
1731851778673 0.38656941056251526 0
1731851796053 0.3845592737197876 0
1731851813536 0.39097484946250916 0
1731851830938 0.3850368559360504 0
1731851848441 0.385753870010376 0
1731851865869 0.3865373134613037 0
1731851883367 0.3863185942173004 0
1731851900751 0.3894684612751007 0
1731851918226 0.3862311840057373 0
1731851935601 0.3838827610015869 0
1731851953116 0.38634470105171204 0
1731851970539 0.38507816195487976 0
1731851988038 0.38245537877082825 0
1731852005421 0.3843686282634735 0
1731852023223 0.3879954516887665 0
1731852040579 0.3840886354446411 0
1731852058080 0.38571763038635254 0
1731852075461 0.37988391518592834 0
1731852092958 0.38405323028564453 0
1731852110344 0.38575562834739685 0
1731852127859 0.38632190227508545 0
1731852145234 0.3844989538192749 0
1731852162735 0.3842609226703644 0
1731852180132 0.3870183527469635 0
1731852197628 0.38599351048469543 0
1731852215013 0.3892027735710144 0
1731852232490 0.3836975693702698 0
1731852249834 0.38608279824256897 0
1731852267314 0.3841441571712494 0
1731852285091 0.38496118783950806 0
1731852302582 0.38242456316947937 0
1731852319948 0.38225388526916504 0
1731852337441 0.3796027898788452 0
1731852354817 0.38285964727401733 0
1731852372295 0.3812749981880188 0
1731852389657 0.3843342661857605 0
1731852407172 0.3810317814350128 0
1731852424523 0.3820992410182953 0
1731852441993 0.38286828994750977 0
1731852459365 0.38230279088020325 0
1731852476843 0.38023191690444946 0
1731852494224 0.38376331329345703 0
1731852511726 0.38154760003089905 0
1731852529111 0.3810904026031494 0
1731852546986 0.3813857138156891 0
1731852564364 0.38182276487350464 0
1731852581848 0.3815956115722656 0
1731852599214 0.3887101411819458 0
1731852616704 0.38078710436820984 0
1731852634083 0.38086068630218506 0
1731852651579 0.3809475004673004 0
1731852668978 0.38311734795570374 0
1731852686463 0.38348519802093506 0
1731852703837 0.3819311857223511 0
1731852721351 0.38095372915267944 0
1731852738734 0.3805597424507141 0
1731852756207 0.38545918464660645 0
1731852773613 0.3827178478240967 0
1731852791469 0.38276389241218567 0
1731852808860 0.3836328685283661 0
1731852826369 0.3854432702064514 0
1731852843740 0.38099467754364014 0
1731852861225 0.37889763712882996 0
1731852878598 0.37945979833602905 0
1731852896114 0.38324597477912903 0
1731852913535 0.3813166618347168 0
1731852931041 0.382611483335495 0
1731852948421 0.3825261890888214 0
1731852965934 0.38283681869506836 0
1731852983330 0.38370558619499207 0
1731853000852 0.3815457820892334 0
1731853018203 0.3837969899177551 0
1731853035696 0.38422247767448425 0
1731853053427 0.3828597664833069 0
1731853070923 0.38167673349380493 0
1731853088294 0.38063982129096985 0
1731853105782 0.38212862610816956 0
1731853123186 0.38096940517425537 0
1731853140695 0.3837037980556488 0
1731853158084 0.3820599615573883 0
1731853175583 0.38078293204307556 0
1731853192974 0.3819224536418915 0
1731853210497 0.38167649507522583 0
1731853227876 0.381836861371994 0
1731853245384 0.3808710277080536 0
1731853262761 0.3788849413394928 0
1731853280272 0.38030144572257996 0
1731853297670 0.37896230816841125 0
1731853315548 0.3829285204410553 0
1731853332962 0.3799484968185425 0
1731853350458 0.3787882924079895 0
1731853367860 0.38026508688926697 0
1731853385366 0.37976694107055664 0
1731853402758 0.3796350657939911 0
1731853420275 0.3804021179676056 0
1731853437662 0.38197898864746094 0
1731853455194 0.38081833720207214 0
1731853472571 0.3833565413951874 0
1731853490084 0.3830680847167969 0
1731853507460 0.38345709443092346 0
1731853524948 0.3808622658252716 0
1731853542311 0.38274064660072327 0
1731853559806 0.3799658715724945 0
1731853577591 0.38203468918800354 0
1731853595131 0.37973690032958984 0
1731853612501 0.38211411237716675 0
1731853630015 0.38207122683525085 0
1731853647408 0.38256537914276123 0
1731853664899 0.3803853392601013 0
1731853682277 0.38124799728393555 0
1731853699787 0.38051170110702515 0
1731853717197 0.37972989678382874 0
1731853734707 0.3801552355289459 0
1731853752074 0.37980324029922485 0
1731853769594 0.37987715005874634 0
1731853786975 0.38020622730255127 0
1731853804474 0.3824883699417114 0
1731853821856 0.37922415137290955 0
