1731849858902 0.026822561398148537 0
1731849880977 0.03187485411763191 0
1731849903150 0.033848006278276443 0
1731849925662 0.028900740668177605 0
1731849948091 0.03036293014883995 0
1731849970708 0.031963106244802475 0
1731849993226 0.030229557305574417 0
1731850015822 0.0338623970746994 0
1731850038359 0.029368931427598 0
1731850061089 0.0338854119181633 0
1731850083704 0.03092721849679947 0
1731850106424 0.032895758748054504 0
1731850129050 0.02782994881272316 0
1731850151825 0.0272822342813015 0
1731850174407 0.0262051522731781 0
1731850194457 0.02224062569439411 0
1731850214521 0.023577578365802765 0
1731850234608 0.021199969574809074 0
1731850254648 0.019873522222042084 0
1731850274755 0.022441092878580093 0
1731850294850 0.021000565961003304 0
1731850314954 0.020678427070379257 0
1731850334115 0.020128516480326653 0
1731850352790 0.019684934988617897 0
1731850371572 0.019830167293548584 0
1731850390395 0.022467749193310738 0
1731850409197 0.02123185433447361 0
1731850427845 0.02075345069169998 0
1731850446650 0.019685104489326477 0
1731850465432 0.020076610147953033 0
1731850483406 0.022376110777258873 0
1731850501365 0.022172721102833748 0
1731850519318 0.02227257378399372 0
1731850537265 0.020614854991436005 0
1731850555215 0.021782899275422096 0
1731850573207 0.020680584013462067 0
1731850591186 0.02081873081624508 0
1731850608647 0.020467791706323624 0
1731850626370 0.01972298137843609 0
1731850643726 0.020967582240700722 0
1731850661210 0.02144761011004448 0
1731850678598 0.02131306566298008 0
1731850696082 0.021189801394939423 0
1731850713426 0.022461624816060066 0
1731850731274 0.020945172756910324 0
1731850748638 0.02225574292242527 0
1731850766136 0.021701013669371605 0
1731850783518 0.022021831944584846 0
1731850801015 0.02218053489923477 0
1731850818402 0.022328708320856094 0
1731850835887 0.020612547174096107 0
1731850853241 0.02282542921602726 0
1731850870765 0.021371493116021156 0
1731850888134 0.022086529061198235 0
1731850905608 0.020691905170679092 0
1731850922972 0.02507820539176464 0
1731850940476 0.02079484798014164 0
1731850957833 0.020249584689736366 0
1731850975328 0.02216796763241291 0
1731850993047 0.02050221525132656 0
1731851010525 0.02111007645726204 0
1731851027897 0.02197934128344059 0
1731851045368 0.020175257697701454 0
1731851062727 0.019663874059915543 0
1731851080220 0.022469813004136086 0
1731851097580 0.02058316394686699 0
1731851115074 0.021376701071858406 0
1731851132427 0.021821308881044388 0
1731851149916 0.02198791317641735 0
1731851167286 0.021929848939180374 0
1731851184763 0.022479811683297157 0
1731851202144 0.02144927904009819 0
1731851219618 0.020638559013605118 0
1731851236958 0.02203281782567501 0
1731851254819 0.02188059315085411 0
1731851272197 0.021268004551529884 0
1731851289712 0.024474089965224266 0
1731851307102 0.020934810861945152 0
1731851324566 0.02122858352959156 0
1731851341910 0.020625634118914604 0
1731851359406 0.019723637029528618 0
1731851376784 0.021805614233016968 0
1731851394280 0.02117026224732399 0
1731851411652 0.019147442653775215 0
1731851429170 0.02094566449522972 0
1731851446534 0.02028186246752739 0
1731851464031 0.02051232010126114 0
1731851481418 0.02127053774893284 0
1731851499262 0.0210600346326828 0
1731851516627 0.01976727321743965 0
1731851534141 0.01986457034945488 0
1731851551532 0.020478814840316772 0
1731851569033 0.020104700699448586 0
1731851586436 0.020118823274970055 0
1731851603949 0.019439587369561195 0
1731851621330 0.02155948057770729 0
1731851638848 0.021407771855592728 0
1731851656207 0.02052512764930725 0
1731851673718 0.021618075668811798 0
1731851691080 0.021207483485341072 0
1731851708587 0.02151287905871868 0
1731851725957 0.020296135917305946 0
1731851743456 0.020345201715826988 0
1731851761176 0.02100086770951748 0
1731851778673 0.02030617743730545 0
1731851796053 0.020732756704092026 0
1731851813536 0.020768415182828903 0
1731851830938 0.021142464131116867 0
1731851848441 0.020180972293019295 0
1731851865869 0.020099684596061707 0
1731851883367 0.02136993780732155 0
1731851900751 0.021054230630397797 0
1731851918226 0.020710641518235207 0
1731851935601 0.019567711278796196 0
1731851953116 0.020294981077313423 0
1731851970539 0.020564543083310127 0
1731851988038 0.019966010004281998 0
1731852005421 0.019628742709755898 0
1731852023223 0.0200827494263649 0
1731852040579 0.020865634083747864 0
1731852058080 0.020284729078412056 0
1731852075461 0.020172806456685066 0
1731852092958 0.019666358828544617 0
1731852110344 0.021045347675681114 0
1731852127859 0.0204114131629467 0
1731852145234 0.01884145475924015 0
1731852162735 0.020013030618429184 0
1731852180132 0.019789166748523712 0
1731852197628 0.019141821190714836 0
1731852215013 0.020335961133241653 0
1731852232490 0.020512115210294724 0
1731852249834 0.020530063658952713 0
1731852267314 0.020239079371094704 0
1731852285091 0.02013290300965309 0
1731852302582 0.02195826917886734 0
1731852319948 0.020780088379979134 0
1731852337441 0.020677652209997177 0
1731852354817 0.02019132860004902 0
1731852372295 0.02078123204410076 0
1731852389657 0.019765084609389305 0
1731852407172 0.022386088967323303 0
1731852424523 0.019544992595911026 0
1731852441993 0.019175704568624496 0
1731852459365 0.01996534690260887 0
1731852476843 0.018931794911623 0
1731852494224 0.01961786113679409 0
1731852511726 0.02031812071800232 0
1731852529111 0.019838232547044754 0
1731852546986 0.02116543985903263 0
1731852564364 0.019646862521767616 0
1731852581848 0.018931148573756218 0
1731852599214 0.019842995330691338 0
1731852616704 0.01959545724093914 0
1731852634083 0.019990937784314156 0
1731852651579 0.019456710666418076 0
1731852668978 0.019461801275610924 0
1731852686463 0.019043853506445885 0
1731852703837 0.019724279642105103 0
1731852721351 0.01972648873925209 0
1731852738734 0.019372431561350822 0
1731852756207 0.019416766241192818 0
1731852773613 0.019175177440047264 0
1731852791469 0.019414156675338745 0
1731852808860 0.019983962178230286 0
1731852826369 0.020864222198724747 0
1731852843740 0.020468508824706078 0
1731852861225 0.020126856863498688 0
1731852878598 0.01966780051589012 0
1731852896114 0.019829174503684044 0
1731852913535 0.019907832145690918 0
1731852931041 0.02021632343530655 0
1731852948421 0.01949773170053959 0
1731852965934 0.01966608688235283 0
1731852983330 0.019490022212266922 0
1731853000852 0.019651340320706367 0
1731853018203 0.019601808860898018 0
1731853035696 0.019109079614281654 0
1731853053427 0.01978200301527977 0
1731853070923 0.019975759088993073 0
1731853088294 0.018878893926739693 0
1731853105782 0.019169235602021217 0
1731853123186 0.01913180761039257 0
1731853140695 0.019251113757491112 0
1731853158084 0.01972183771431446 0
1731853175583 0.0201235543936491 0
1731853192974 0.020162440836429596 0
1731853210497 0.01989288069307804 0
1731853227876 0.020591340959072113 0
1731853245384 0.020110612735152245 0
1731853262761 0.02020430751144886 0
1731853280272 0.020116912201046944 0
1731853297670 0.020078394562005997 0
1731853315548 0.02015554904937744 0
1731853332962 0.019605116918683052 0
1731853350458 0.0196877159178257 0
1731853367860 0.019102158024907112 0
1731853385366 0.019167859107255936 0
1731853402758 0.01867929846048355 0
1731853420275 0.019511481747031212 0
1731853437662 0.0194131787866354 0
1731853455194 0.019435474649071693 0
1731853472571 0.019425813108682632 0
1731853490084 0.01938726007938385 0
1731853507460 0.0198802649974823 0
1731853524948 0.01927131600677967 0
1731853542311 0.019127557054162025 0
1731853559806 0.018762296065688133 0
1731853577591 0.018945403397083282 0
1731853595131 0.019308792427182198 0
1731853612501 0.019587866961956024 0
1731853630015 0.019789520651102066 0
1731853647408 0.019409116357564926 0
1731853664899 0.019765274599194527 0
1731853682277 0.019446682184934616 0
1731853699787 0.01949058286845684 0
1731853717197 0.01974736526608467 0
1731853734707 0.01967489905655384 0
1731853752074 0.019125794991850853 0
1731853769594 0.019249508157372475 0
1731853786975 0.019164903089404106 0
1731853804474 0.01961277239024639 0
1731853821856 0.01983652450144291 0
