1731849858902 0.2036215215921402 0
1731849880977 0.18368807435035706 0
1731849903150 0.1660163402557373 0
1731849925662 0.15502293407917023 0
1731849948091 0.1498897820711136 0
1731849970708 0.14378830790519714 0
1731849993226 0.1397114247083664 0
1731850015822 0.13221575319766998 0
1731850038359 0.12825420498847961 0
1731850061089 0.12603405117988586 0
1731850083704 0.12331093847751617 0
1731850106424 0.11803071945905685 0
1731850129050 0.11337023973464966 0
1731850151825 0.10989247262477875 0
1731850174407 0.10705721378326416 0
1731850194457 0.10499659180641174 0
1731850214521 0.10027234256267548 0
1731850234608 0.10267356783151627 0
1731850254648 0.10019876062870026 0
1731850274755 0.09890527278184891 0
1731850294850 0.09555602818727493 0
1731850314954 0.09600184857845306 0
1731850334115 0.09081205725669861 0
1731850352790 0.09134690463542938 0
1731850371572 0.09211255609989166 0
1731850390395 0.0878782719373703 0
1731850409197 0.08749078214168549 0
1731850427845 0.08670635521411896 0
1731850446650 0.0844590812921524 0
1731850465432 0.08342979848384857 0
1731850483406 0.08414310216903687 0
1731850501365 0.08308348059654236 0
1731850519318 0.08261890709400177 0
1731850537265 0.08141131699085236 0
1731850555215 0.078976571559906 0
1731850573207 0.07767567038536072 0
1731850591186 0.08048734068870544 0
1731850608647 0.0794602632522583 0
1731850626370 0.07693752646446228 0
1731850643726 0.07739174365997314 0
1731850661210 0.07591164112091064 0
1731850678598 0.07753585278987885 0
1731850696082 0.07448608428239822 0
1731850713426 0.07504165172576904 0
1731850731274 0.07307574898004532 0
1731850748638 0.07283362001180649 0
1731850766136 0.07150870561599731 0
1731850783518 0.07100017368793488 0
1731850801015 0.07056453824043274 0
1731850818402 0.0678006187081337 0
1731850835887 0.07030189782381058 0
1731850853241 0.06894950568675995 0
1731850870765 0.06762668490409851 0
1731850888134 0.0691387727856636 0
1731850905608 0.06844097375869751 0
1731850922972 0.06515242159366608 0
1731850940476 0.06502801179885864 0
1731850957833 0.06642719358205795 0
1731850975328 0.06550627201795578 0
1731850993047 0.06377625465393066 0
1731851010525 0.0638229250907898 0
1731851027897 0.06478533893823624 0
1731851045368 0.06305990368127823 0
1731851062727 0.0615517795085907 0
1731851080220 0.059966836124658585 0
1731851097580 0.06021057441830635 0
1731851115074 0.06071552634239197 0
1731851132427 0.05911749601364136 0
1731851149916 0.05924598500132561 0
1731851167286 0.05900321528315544 0
1731851184763 0.058251798152923584 0
1731851202144 0.05803176388144493 0
1731851219618 0.05758872628211975 0
1731851236958 0.057816941291093826 0
1731851254819 0.05671924352645874 0
1731851272197 0.055552177131175995 0
1731851289712 0.05810679867863655 0
1731851307102 0.054069824516773224 0
1731851324566 0.05401664972305298 0
1731851341910 0.05417117103934288 0
1731851359406 0.05511040985584259 0
1731851376784 0.0535840205848217 0
1731851394280 0.051767874509096146 0
1731851411652 0.05123976618051529 0
1731851429170 0.052585698664188385 0
1731851446534 0.05281087011098862 0
1731851464031 0.052665941417217255 0
1731851481418 0.05157547444105148 0
1731851499262 0.05024208500981331 0
1731851516627 0.050639428198337555 0
1731851534141 0.052433840930461884 0
1731851551532 0.050804659724235535 0
1731851569033 0.05129522085189819 0
1731851586436 0.05051718279719353 0
1731851603949 0.04960561543703079 0
1731851621330 0.04811431095004082 0
1731851638848 0.048454649746418 0
1731851656207 0.0494208037853241 0
1731851673718 0.05010894685983658 0
1731851691080 0.04573381692171097 0
1731851708587 0.04773591458797455 0
1731851725957 0.04751206189393997 0
1731851743456 0.04715490713715553 0
1731851761176 0.04672509431838989 0
1731851778673 0.046309925615787506 0
1731851796053 0.04527399688959122 0
1731851813536 0.045119475573301315 0
1731851830938 0.046764761209487915 0
1731851848441 0.04467533528804779 0
1731851865869 0.045524679124355316 0
1731851883367 0.044537439942359924 0
1731851900751 0.047698576003313065 0
1731851918226 0.04399360716342926 0
1731851935601 0.043913185596466064 0
1731851953116 0.045008331537246704 0
1731851970539 0.044354602694511414 0
1731851988038 0.043070562183856964 0
1731852005421 0.04420480132102966 0
1731852023223 0.04435548186302185 0
1731852040579 0.04091748595237732 0
1731852058080 0.041370198130607605 0
1731852075461 0.042831093072891235 0
1731852092958 0.04086105152964592 0
1731852110344 0.04176141321659088 0
1731852127859 0.04184822738170624 0
1731852145234 0.041713789105415344 0
1731852162735 0.04111636430025101 0
1731852180132 0.040522124618291855 0
1731852197628 0.04141337424516678 0
1731852215013 0.04046482592821121 0
1731852232490 0.04091404005885124 0
1731852249834 0.038253024220466614 0
1731852267314 0.04087036848068237 0
1731852285091 0.03824219852685928 0
1731852302582 0.040075235068798065 0
1731852319948 0.039999403059482574 0
1731852337441 0.03901801258325577 0
1731852354817 0.03800378739833832 0
1731852372295 0.03906895965337753 0
1731852389657 0.03980536758899689 0
1731852407172 0.04049578681588173 0
1731852424523 0.039894163608551025 0
1731852441993 0.03688023239374161 0
1731852459365 0.03671763092279434 0
1731852476843 0.03846314549446106 0
1731852494224 0.03739719092845917 0
1731852511726 0.03933550789952278 0
1731852529111 0.03873057663440704 0
1731852546986 0.03694777190685272 0
1731852564364 0.038965821266174316 0
1731852581848 0.03851759433746338 0
1731852599214 0.03799932450056076 0
1731852616704 0.03884071484208107 0
1731852634083 0.03813615441322327 0
1731852651579 0.03525347262620926 0
1731852668978 0.036395467817783356 0
1731852686463 0.0372370146214962 0
1731852703837 0.037457190454006195 0
1731852721351 0.03705914318561554 0
1731852738734 0.03655583783984184 0
1731852756207 0.03593544289469719 0
1731852773613 0.03520778566598892 0
1731852791469 0.0399494394659996 0
1731852808860 0.03801458328962326 0
1731852826369 0.03734837472438812 0
1731852843740 0.03617392107844353 0
1731852861225 0.037809960544109344 0
1731852878598 0.03595323488116264 0
1731852896114 0.035408150404691696 0
1731852913535 0.03597792983055115 0
1731852931041 0.034604914486408234 0
1731852948421 0.036029864102602005 0
1731852965934 0.03574881702661514 0
1731852983330 0.033881399780511856 0
1731853000852 0.03451583907008171 0
1731853018203 0.03667619079351425 0
1731853035696 0.03528887778520584 0
1731853053427 0.034289855509996414 0
1731853070923 0.0354284830391407 0
1731853088294 0.035119637846946716 0
1731853105782 0.03519667685031891 0
1731853123186 0.03409140557050705 0
1731853140695 0.03375653550028801 0
1731853158084 0.033773764967918396 0
1731853175583 0.03538404032588005 0
1731853192974 0.03494485467672348 0
1731853210497 0.03322412818670273 0
1731853227876 0.0353037528693676 0
1731853245384 0.03409963846206665 0
1731853262761 0.03424660861492157 0
1731853280272 0.0346207395195961 0
1731853297670 0.03436218202114105 0
1731853315548 0.03349558264017105 0
1731853332962 0.034666866064071655 0
1731853350458 0.03421276807785034 0
1731853367860 0.03252873569726944 0
1731853385366 0.03234843909740448 0
1731853402758 0.03241875022649765 0
1731853420275 0.032590724527835846 0
1731853437662 0.03502979502081871 0
1731853455194 0.03388296067714691 0
1731853472571 0.033801645040512085 0
1731853490084 0.03260062634944916 0
1731853507460 0.03422641381621361 0
1731853524948 0.031203558668494225 0
1731853542311 0.03378302603960037 0
1731853559806 0.03387933969497681 0
1731853577591 0.03289417922496796 0
1731853595131 0.032626923173666 0
1731853612501 0.033676959574222565 0
1731853630015 0.033904027193784714 0
1731853647408 0.03265954181551933 0
1731853664899 0.031137678772211075 0
1731853682277 0.033816512674093246 0
1731853699787 0.03276844322681427 0
1731853717197 0.03243299201130867 0
1731853734707 0.03254309296607971 0
1731853752074 0.03145065903663635 0
1731853769594 0.03445517271757126 0
1731853786975 0.032191693782806396 0
1731853804474 0.03211509436368942 0
1731853821856 0.03278671205043793 0
