1731963684277 1.0272345542907715 0
1731963707592 1.119003415107727 0
1731963729929 0.9845415353775024 0
1731963752331 0.9469961524009705 0
1731963774592 0.996254026889801 0
1731963796942 1.0784528255462646 0
1731963819176 1.0124413967132568 0
1731963841514 0.9857128858566284 0
1731963863799 1.0007915496826172 0
1731963886168 1.0286518335342407 0
1731963908442 1.0710786581039429 0
1731963930852 0.951787531375885 0
1731963953182 0.9884361028671265 0
1731963975618 1.0779277086257935 0
1731963997849 1.0331525802612305 0
1731964017636 1.0216447114944458 0
1731964037415 1.006318211555481 0
1731964057221 1.0921618938446045 0
1731964077036 0.9971020221710205 0
1731964096848 0.9727234840393066 0
1731964116663 1.0593152046203613 0
1731964136519 0.992409348487854 0
1731964155418 1.0279513597488403 0
1731964173874 1.0164984464645386 0
1731964192432 1.0082284212112427 0
1731964211005 1.0130090713500977 0
1731964229545 0.9827210307121277 0
1731964248027 0.9682441353797913 0
1731964266655 1.0363705158233643 0
1731964285262 1.0823017358779907 0
1731964303082 0.9927920699119568 0
1731964320874 1.0254218578338623 0
1731964338662 1.029622197151184 0
1731964356455 0.985063374042511 0
1731964374248 0.9809166193008423 0
1731964392085 0.9716759920120239 0
1731964409898 1.015175223350525 0
1731964427250 1.0463413000106812 0
1731964444600 1.0267927646636963 0
1731964461848 1.034416913986206 0
1731964479206 1.0154705047607422 0
1731964496436 1.031874179840088 0
1731964513781 0.9870638847351074 0
1731964531021 1.0065600872039795 0
1731964548679 1.0411070585250854 0
1731964565905 0.9954525232315063 0
1731964583256 1.054032564163208 0
1731964600512 0.9976325035095215 0
1731964617886 1.039699673652649 0
1731964635151 1.033821702003479 0
1731964652532 1.0551048517227173 0
1731964669791 1.0035505294799805 0
1731964687181 0.9896712899208069 0
1731964704450 0.997487485408783 0
1731964721841 0.9916172623634338 0
1731964739100 1.0073676109313965 0
1731964756515 1.0073373317718506 0
1731964773773 1.0090246200561523 0
1731964791157 1.0074679851531982 0
1731964808789 0.9935461282730103 0
1731964826198 1.003549575805664 0
1731964843484 0.9955933690071106 0
1731964860890 0.9975016713142395 0
1731964878152 1.0162686109542847 0
1731964895557 0.9772352576255798 0
1731964912831 1.0281342267990112 0
1731964930244 1.0107918977737427 0
1731964947528 1.019173502922058 0
1731964964944 1.0232093334197998 0
1731964982250 1.0479987859725952 0
1731964999644 1.008566975593567 0
1731965016936 1.0002362728118896 0
1731965034331 1.0500417947769165 0
1731965051618 1.012482762336731 0
1731965069322 1.0074437856674194 0
1731965086583 1.032603144645691 0
1731965103971 1.0245418548583984 0
1731965121262 1.025719165802002 0
1731965138648 1.0180333852767944 0
1731965155933 1.0422389507293701 0
1731965173330 1.0479540824890137 0
1731965190602 1.0083930492401123 0
1731965207996 1.015395998954773 0
1731965225275 1.004907488822937 0
1731965242677 1.0141627788543701 0
1731965259956 1.033232569694519 0
1731965277348 1.0175889730453491 0
1731965294633 1.0477147102355957 0
1731965312365 1.0157333612442017 0
1731965329660 1.0198948383331299 0
1731965347058 1.0381369590759277 0
1731965364355 1.0192196369171143 0
1731965381761 1.032654047012329 0
1731965399029 0.9951431155204773 0
1731965416488 0.9993282556533813 0
1731965433792 1.0258080959320068 0
1731965451174 1.0112454891204834 0
1731965468469 1.0036050081253052 0
1731965485880 1.01242196559906 0
1731965503173 1.0628231763839722 0
1731965520560 1.04054856300354 0
1731965537849 1.0107486248016357 0
1731965555277 1.0581220388412476 0
1731965572880 1.0247403383255005 0
1731965590275 1.0403287410736084 0
1731965607526 1.0275834798812866 0
1731965624954 1.054135799407959 0
1731965642230 1.024306058883667 0
1731965659638 1.0182628631591797 0
1731965676933 1.035880446434021 0
1731965694337 1.0149961709976196 0
1731965711616 1.0520902872085571 0
1731965729008 1.0272599458694458 0
1731965746296 1.017425775527954 0
1731965763744 1.0211305618286133 0
1731965781028 1.0389820337295532 0
1731965798426 1.0144802331924438 0
1731965815718 1.0300663709640503 0
1731965833435 1.013025164604187 0
1731965850735 1.0071139335632324 0
1731965868120 0.9947318434715271 0
1731965885422 1.0180312395095825 0
1731965902818 1.0220434665679932 0
1731965920128 1.0525444746017456 0
1731965937517 1.0076769590377808 0
1731965954817 1.017548680305481 0
1731965972206 1.0338064432144165 0
1731965989501 1.0188016891479492 0
1731966006924 1.0019534826278687 0
1731966024214 1.0185978412628174 0
1731966041612 1.0135737657546997 0
1731966058888 1.0119006633758545 0
1731966076295 1.007699966430664 0
1731966093936 1.0141785144805908 0
1731966111339 1.0136183500289917 0
1731966128651 1.001296043395996 0
1731966146043 1.0324333906173706 0
1731966163350 1.0234594345092773 0
1731966180763 1.0196887254714966 0
1731966198074 1.0322226285934448 0
1731966215484 1.0284258127212524 0
1731966232779 1.013360619544983 0
1731966250177 1.0280770063400269 0
1731966267485 1.052817463874817 0
1731966284920 1.0169425010681152 0
1731966302222 1.0192742347717285 0
1731966319635 1.0232274532318115 0
1731966336966 1.0258710384368896 0
1731966354712 1.041750431060791 0
1731966372031 1.0205233097076416 0
1731966389436 1.0155421495437622 0
1731966406724 0.9969898462295532 0
1731966424155 1.0200263261795044 0
1731966441482 1.0021100044250488 0
1731966458905 1.0279552936553955 0
1731966476205 1.0146328210830688 0
1731966493624 1.0051780939102173 0
1731966510927 1.0267952680587769 0
1731966528359 1.0053119659423828 0
1731966545662 1.0051672458648682 0
1731966563076 1.0198365449905396 0
1731966580411 1.043683648109436 0
1731966598134 1.0129798650741577 0
1731966615435 1.0212376117706299 0
1731966632858 1.026742935180664 0
1731966650173 1.015244722366333 0
1731966667596 1.0031851530075073 0
1731966684893 1.0263962745666504 0
1731966702312 1.0307283401489258 0
1731966719636 1.0131996870040894 0
1731966737087 1.0147559642791748 0
1731966754400 1.0300483703613281 0
1731966771835 1.0445811748504639 0
1731966789157 1.0374417304992676 0
1731966806591 1.0400575399398804 0
1731966823918 0.9971559047698975 0
1731966841332 1.0249428749084473 0
1731966858969 1.0179095268249512 0
1731966876425 1.0245240926742554 0
1731966893740 1.0192461013793945 0
1731966911197 1.0187373161315918 0
1731966928538 1.0127702951431274 0
1731966946013 1.0206576585769653 0
1731966963328 1.025841474533081 0
1731966980781 1.000059723854065 0
1731966998115 1.0229674577713013 0
1731967015561 1.0242990255355835 0
1731967032914 1.009522557258606 0
1731967050358 1.0038601160049438 0
1731967067685 1.022976279258728 0
1731967085109 1.0053164958953857 0
1731967102423 1.0279345512390137 0
1731967120236 1.0121937990188599 0
1731967137566 1.0298341512680054 0
1731967155014 1.0139105319976807 0
1731967172355 1.0299721956253052 0
1731967189807 1.0299869775772095 0
1731967207152 1.015715479850769 0
1731967224639 1.033433198928833 0
1731967241974 1.0269033908843994 0
1731967259419 1.0381864309310913 0
1731967276752 1.0198112726211548 0
1731967294194 1.0125747919082642 0
1731967311525 1.0266605615615845 0
1731967328979 1.033868432044983 0
1731967346317 1.0254682302474976 0
1731967363768 1.0163207054138184 0
1731967381431 1.029438853263855 0
1731967398877 1.0302138328552246 0
1731967416240 1.031421422958374 0
1731967433687 1.0156043767929077 0
1731967451022 1.0258721113204956 0
1731967468501 1.0167922973632812 0
1731967485872 1.0256727933883667 0
1731967503332 1.0318081378936768 0
1731967520658 1.0225379467010498 0
1731967538112 1.0181472301483154 0
1731967555459 1.0313048362731934 0
1731967572920 1.0203182697296143 0
1731967590254 1.024778962135315 0
1731967607726 1.0207915306091309 0
1731967625075 1.0164997577667236 0
