1731963684277 0.6034309267997742 0
1731963707592 0.6241528987884521 0
1731963729929 0.6396361589431763 0
1731963752331 0.6227608919143677 0
1731963774592 0.6248440742492676 0
1731963796942 0.641708493232727 0
1731963819176 0.643696129322052 0
1731963841514 0.6316031217575073 0
1731963863799 0.6329135894775391 0
1731963886168 0.646791398525238 0
1731963908442 0.6436394453048706 0
1731963930852 0.6457036137580872 0
1731963953182 0.6322774887084961 0
1731963975618 0.6542881727218628 0
1731963997849 0.643142819404602 0
1731964017636 0.6492511630058289 0
1731964037415 0.6385431289672852 0
1731964057221 0.6462746262550354 0
1731964077036 0.6458455920219421 0
1731964096848 0.6589224934577942 0
1731964116663 0.6441466808319092 0
1731964136519 0.6413689851760864 0
1731964155418 0.6606232523918152 0
1731964173874 0.6430465579032898 0
1731964192432 0.6469002366065979 0
1731964211005 0.6481927633285522 0
1731964229545 0.6560606956481934 0
1731964248027 0.6357565522193909 0
1731964266655 0.6400365233421326 0
1731964285262 0.6492165327072144 0
1731964303082 0.6380152702331543 0
1731964320874 0.6522594094276428 0
1731964338662 0.6331545114517212 0
1731964356455 0.638201892375946 0
1731964374248 0.6327094435691833 0
1731964392085 0.6488084197044373 0
1731964409898 0.643276035785675 0
1731964427250 0.6431742906570435 0
1731964444600 0.6481015086174011 0
1731964461848 0.6479397416114807 0
1731964479206 0.644625186920166 0
1731964496436 0.6507406234741211 0
1731964513781 0.6427953243255615 0
1731964531021 0.6537467837333679 0
1731964548679 0.6493531465530396 0
1731964565905 0.6628462672233582 0
1731964583256 0.6477568745613098 0
1731964600512 0.6497225165367126 0
1731964617886 0.6451769471168518 0
1731964635151 0.6539735794067383 0
1731964652532 0.6493265628814697 0
1731964669791 0.6470291614532471 0
1731964687181 0.6332604885101318 0
1731964704450 0.6494539976119995 0
1731964721841 0.6407634615898132 0
1731964739100 0.6472917199134827 0
1731964756515 0.6574690937995911 0
1731964773773 0.6555347442626953 0
1731964791157 0.6446659564971924 0
1731964808789 0.642829179763794 0
1731964826198 0.6497503519058228 0
1731964843484 0.6344317197799683 0
1731964860890 0.654293954372406 0
1731964878152 0.6488476395606995 0
1731964895557 0.6388309597969055 0
1731964912831 0.6443440318107605 0
1731964930244 0.6488850116729736 0
1731964947528 0.6522974371910095 0
1731964964944 0.6499074697494507 0
1731964982250 0.6549296379089355 0
1731964999644 0.6440922617912292 0
1731965016936 0.6462200284004211 0
1731965034331 0.6491159200668335 0
1731965051618 0.6552428007125854 0
1731965069322 0.6499062180519104 0
1731965086583 0.6498469710350037 0
1731965103971 0.6416001915931702 0
1731965121262 0.6498991250991821 0
1731965138648 0.6450756788253784 0
1731965155933 0.645264744758606 0
1731965173330 0.6474480032920837 0
1731965190602 0.6394003033638 0
1731965207996 0.6525289416313171 0
1731965225275 0.6465807557106018 0
1731965242677 0.6475591063499451 0
1731965259956 0.6511688232421875 0
1731965277348 0.6488878130912781 0
1731965294633 0.6523780822753906 0
1731965312365 0.6472781300544739 0
1731965329660 0.6587607860565186 0
1731965347058 0.6477414965629578 0
1731965364355 0.650848925113678 0
1731965381761 0.6494810581207275 0
1731965399029 0.6545052528381348 0
1731965416488 0.6467147469520569 0
1731965433792 0.6494642496109009 0
1731965451174 0.6494746804237366 0
1731965468469 0.6450016498565674 0
1731965485880 0.6490077376365662 0
1731965503173 0.6466199159622192 0
1731965520560 0.6500232815742493 0
1731965537849 0.6476277709007263 0
1731965555277 0.656036913394928 0
1731965572880 0.6564684510231018 0
1731965590275 0.6491532921791077 0
1731965607526 0.6478666067123413 0
1731965624954 0.6524295210838318 0
1731965642230 0.653174638748169 0
1731965659638 0.6509373188018799 0
1731965676933 0.652110755443573 0
1731965694337 0.649250328540802 0
1731965711616 0.6526873707771301 0
1731965729008 0.6489672660827637 0
1731965746296 0.6482170820236206 0
1731965763744 0.6515359878540039 0
1731965781028 0.649581253528595 0
1731965798426 0.6507288813591003 0
1731965815718 0.6530120372772217 0
1731965833435 0.6508143544197083 0
1731965850735 0.6446428894996643 0
1731965868120 0.6411547064781189 0
1731965885422 0.6503267288208008 0
1731965902818 0.6508718729019165 0
1731965920128 0.6539303660392761 0
1731965937517 0.6551698446273804 0
1731965954817 0.6501300930976868 0
1731965972206 0.6520602107048035 0
1731965989501 0.6524364352226257 0
1731966006924 0.6531907320022583 0
1731966024214 0.6517196297645569 0
1731966041612 0.6471170783042908 0
1731966058888 0.6461598873138428 0
1731966076295 0.6439095735549927 0
1731966093936 0.6487240791320801 0
1731966111339 0.6444607973098755 0
1731966128651 0.6540359258651733 0
1731966146043 0.6492547988891602 0
1731966163350 0.6517532467842102 0
1731966180763 0.65301114320755 0
1731966198074 0.6496908664703369 0
1731966215484 0.6537476778030396 0
1731966232779 0.649677038192749 0
1731966250177 0.6534463763237 0
1731966267485 0.6550981998443604 0
1731966284920 0.6496739983558655 0
1731966302222 0.6485874652862549 0
1731966319635 0.6488609910011292 0
1731966336966 0.6536546945571899 0
1731966354712 0.6547519564628601 0
1731966372031 0.6478458046913147 0
1731966389436 0.6471008658409119 0
1731966406724 0.649387538433075 0
1731966424155 0.6514338850975037 0
1731966441482 0.6469793915748596 0
1731966458905 0.6528604030609131 0
1731966476205 0.6532061696052551 0
1731966493624 0.650932252407074 0
1731966510927 0.6464992165565491 0
1731966528359 0.6469482183456421 0
1731966545662 0.6491360664367676 0
1731966563076 0.6522167921066284 0
1731966580411 0.6495853066444397 0
1731966598134 0.645840048789978 0
1731966615435 0.6518018245697021 0
1731966632858 0.6520254015922546 0
1731966650173 0.6462277173995972 0
1731966667596 0.6511427164077759 0
1731966684893 0.6510026454925537 0
1731966702312 0.6528470516204834 0
1731966719636 0.6519309878349304 0
1731966737087 0.652398407459259 0
1731966754400 0.6531310677528381 0
1731966771835 0.6530832052230835 0
1731966789157 0.6549522876739502 0
1731966806591 0.6472123265266418 0
1731966823918 0.6499579548835754 0
1731966841332 0.6480200290679932 0
1731966858969 0.6450170278549194 0
1731966876425 0.6481712460517883 0
1731966893740 0.648838222026825 0
1731966911197 0.6483597755432129 0
1731966928538 0.6522615551948547 0
1731966946013 0.6502052545547485 0
1731966963328 0.6561711430549622 0
1731966980781 0.6514276266098022 0
1731966998115 0.6510583162307739 0
1731967015561 0.6486205458641052 0
1731967032914 0.6499815583229065 0
1731967050358 0.6488550901412964 0
1731967067685 0.6513707041740417 0
1731967085109 0.6526115536689758 0
1731967102423 0.6513059139251709 0
1731967120236 0.6512100100517273 0
1731967137566 0.6487849354743958 0
1731967155014 0.6513858437538147 0
1731967172355 0.6511242985725403 0
1731967189807 0.6530197262763977 0
1731967207152 0.6484891176223755 0
1731967224639 0.6552124619483948 0
1731967241974 0.65177321434021 0
1731967259419 0.6508091688156128 0
1731967276752 0.6493837237358093 0
1731967294194 0.6501387357711792 0
1731967311525 0.6525159478187561 0
1731967328979 0.6560034155845642 0
1731967346317 0.6490284204483032 0
1731967363768 0.6496544480323792 0
1731967381431 0.6496497988700867 0
1731967398877 0.6542462110519409 0
1731967416240 0.6498429775238037 0
1731967433687 0.6509748697280884 0
1731967451022 0.6487523913383484 0
1731967468501 0.6518233418464661 0
1731967485872 0.6525002121925354 0
1731967503332 0.6554009914398193 0
1731967520658 0.6517753005027771 0
1731967538112 0.65428626537323 0
1731967555459 0.6534615159034729 0
1731967572920 0.6526200175285339 0
1731967590254 0.6499459743499756 0
1731967607726 0.6542308330535889 0
1731967625075 0.6526491641998291 0
