1731963684277 0.03429753705859184 0
1731963707592 0.035947445780038834 0
1731963729929 0.035492174327373505 0
1731963752331 0.03576162829995155 0
1731963774592 0.03522559255361557 0
1731963796942 0.03543361276388168 0
1731963819176 0.0347084179520607 0
1731963841514 0.035138729959726334 0
1731963863799 0.03530432656407356 0
1731963886168 0.03542954847216606 0
1731963908442 0.03522073104977608 0
1731963930852 0.034657131880521774 0
1731963953182 0.03594747558236122 0
1731963975618 0.03511771559715271 0
1731963997849 0.03528612107038498 0
1731964017636 0.0345580168068409 0
1731964037415 0.035523541271686554 0
1731964057221 0.03570997714996338 0
1731964077036 0.035665713250637054 0
1731964096848 0.03546769544482231 0
1731964116663 0.03524176776409149 0
1731964136519 0.03533955290913582 0
1731964155418 0.03534597530961037 0
1731964173874 0.03534184768795967 0
1731964192432 0.035655777901411057 0
1731964211005 0.03530634194612503 0
1731964229545 0.03568429499864578 0
1731964248027 0.034897297620773315 0
1731964266655 0.03537529334425926 0
1731964285262 0.035803571343421936 0
1731964303082 0.03531167656183243 0
1731964320874 0.03591207414865494 0
1731964338662 0.03571581840515137 0
1731964356455 0.03502598777413368 0
1731964374248 0.03551657870411873 0
1731964392085 0.035066161304712296 0
1731964409898 0.03560524061322212 0
1731964427250 0.035616569221019745 0
1731964444600 0.03535968437790871 0
1731964461848 0.03511233255267143 0
1731964479206 0.035683684051036835 0
1731964496436 0.03566772863268852 0
1731964513781 0.03491370007395744 0
1731964531021 0.035278208553791046 0
1731964548679 0.03562585636973381 0
1731964565905 0.03494284674525261 0
1731964583256 0.03546331822872162 0
1731964600512 0.035792820155620575 0
1731964617886 0.03587530925869942 0
1731964635151 0.035028766840696335 0
1731964652532 0.03471987321972847 0
1731964669791 0.034736767411231995 0
1731964687181 0.035319048911333084 0
1731964704450 0.035295210778713226 0
1731964721841 0.03545190021395683 0
1731964739100 0.03503517806529999 0
1731964756515 0.03582625463604927 0
1731964773773 0.0356132872402668 0
1731964791157 0.03527943044900894 0
1731964808789 0.0351443812251091 0
1731964826198 0.035383325070142746 0
1731964843484 0.03550291433930397 0
1731964860890 0.035500526428222656 0
1731964878152 0.035173069685697556 0
1731964895557 0.035610076040029526 0
1731964912831 0.035351090133190155 0
1731964930244 0.03527351841330528 0
1731964947528 0.035671576857566833 0
1731964964944 0.03521988168358803 0
1731964982250 0.03598131611943245 0
1731964999644 0.03568954020738602 0
1731965016936 0.03525460511445999 0
1731965034331 0.03544064611196518 0
1731965051618 0.03542951121926308 0
1731965069322 0.03546523675322533 0
1731965086583 0.035553742200136185 0
1731965103971 0.035455167293548584 0
1731965121262 0.03526119142770767 0
1731965138648 0.03602076321840286 0
1731965155933 0.03569077327847481 0
1731965173330 0.03551271930336952 0
1731965190602 0.03517000749707222 0
1731965207996 0.03623880818486214 0
1731965225275 0.035248272120952606 0
1731965242677 0.03580791503190994 0
1731965259956 0.035519346594810486 0
1731965277348 0.03547919914126396 0
1731965294633 0.03544652834534645 0
1731965312365 0.03531640022993088 0
1731965329660 0.03573346883058548 0
1731965347058 0.03536063805222511 0
1731965364355 0.03492075949907303 0
1731965381761 0.03520909324288368 0
1731965399029 0.0357942208647728 0
1731965416488 0.03495790436863899 0
1731965433792 0.03521113097667694 0
1731965451174 0.03522539138793945 0
1731965468469 0.03540142998099327 0
1731965485880 0.0352725125849247 0
1731965503173 0.035501040518283844 0
1731965520560 0.03550472483038902 0
1731965537849 0.03535784035921097 0
1731965555277 0.03512474149465561 0
1731965572880 0.03562743216753006 0
1731965590275 0.03509659320116043 0
1731965607526 0.03544660657644272 0
1731965624954 0.03555009886622429 0
1731965642230 0.03564905747771263 0
1731965659638 0.03515094518661499 0
1731965676933 0.03563050553202629 0
1731965694337 0.03554878756403923 0
1731965711616 0.035508833825588226 0
1731965729008 0.0349879115819931 0
1731965746296 0.03521084785461426 0
1731965763744 0.035276468843221664 0
1731965781028 0.035404007881879807 0
1731965798426 0.035234224051237106 0
1731965815718 0.035303015261888504 0
1731965833435 0.034876029938459396 0
1731965850735 0.03544255718588829 0
1731965868120 0.03546087443828583 0
1731965885422 0.03554552048444748 0
1731965902818 0.03506297245621681 0
1731965920128 0.0354587659239769 0
1731965937517 0.035368189215660095 0
1731965954817 0.035531315952539444 0
1731965972206 0.0353439562022686 0
1731965989501 0.035354673862457275 0
1731966006924 0.03552507236599922 0
1731966024214 0.03540787473320961 0
1731966041612 0.03563079237937927 0
1731966058888 0.035549502819776535 0
1731966076295 0.03524584323167801 0
1731966093936 0.03530139476060867 0
1731966111339 0.03535829111933708 0
1731966128651 0.035036541521549225 0
1731966146043 0.03541472181677818 0
1731966163350 0.03507652133703232 0
1731966180763 0.03514480218291283 0
1731966198074 0.03550397977232933 0
1731966215484 0.035321176052093506 0
1731966232779 0.03532754257321358 0
1731966250177 0.035466019064188004 0
1731966267485 0.03559907525777817 0
1731966284920 0.035403549671173096 0
1731966302222 0.03518620505928993 0
1731966319635 0.03531932085752487 0
1731966336966 0.03557082638144493 0
1731966354712 0.035453446209430695 0
1731966372031 0.03577539324760437 0
1731966389436 0.035279907286167145 0
1731966406724 0.03585178777575493 0
1731966424155 0.035230811685323715 0
1731966441482 0.035510554909706116 0
1731966458905 0.035177189856767654 0
1731966476205 0.03512393310666084 0
1731966493624 0.03527382016181946 0
1731966510927 0.035673148930072784 0
1731966528359 0.03538990020751953 0
1731966545662 0.03532174229621887 0
1731966563076 0.03540031984448433 0
1731966580411 0.03552572801709175 0
1731966598134 0.035256218165159225 0
1731966615435 0.03538864850997925 0
1731966632858 0.035542093217372894 0
1731966650173 0.035287871956825256 0
1731966667596 0.0355788879096508 0
1731966684893 0.035428617149591446 0
1731966702312 0.035404372960329056 0
1731966719636 0.03543294966220856 0
1731966737087 0.03563380241394043 0
1731966754400 0.03561994433403015 0
1731966771835 0.035377874970436096 0
1731966789157 0.035470150411129 0
1731966806591 0.035041287541389465 0
1731966823918 0.035333458334207535 0
1731966841332 0.035420771688222885 0
1731966858969 0.0353616327047348 0
1731966876425 0.03546493500471115 0
1731966893740 0.035472650080919266 0
1731966911197 0.03532924875617027 0
1731966928538 0.03541028872132301 0
1731966946013 0.03505354002118111 0
1731966963328 0.035518284887075424 0
1731966980781 0.03569091483950615 0
1731966998115 0.03512892499566078 0
1731967015561 0.03534931316971779 0
1731967032914 0.035449158400297165 0
1731967050358 0.035288259387016296 0
1731967067685 0.03539453446865082 0
1731967085109 0.03547702357172966 0
1731967102423 0.03513616696000099 0
1731967120236 0.035459328442811966 0
1731967137566 0.03561914712190628 0
1731967155014 0.035435743629932404 0
1731967172355 0.0353798046708107 0
1731967189807 0.03535756841301918 0
1731967207152 0.035379499197006226 0
1731967224639 0.03570229560136795 0
1731967241974 0.03538598120212555 0
1731967259419 0.03527471795678139 0
1731967276752 0.03550036996603012 0
1731967294194 0.035413507372140884 0
1731967311525 0.03541425243020058 0
1731967328979 0.0352480486035347 0
1731967346317 0.035323698073625565 0
1731967363768 0.03531571850180626 0
1731967381431 0.0354398638010025 0
1731967398877 0.03544676676392555 0
1731967416240 0.0354793407022953 0
1731967433687 0.035511698573827744 0
1731967451022 0.0354481115937233 0
1731967468501 0.03548189625144005 0
1731967485872 0.03530000522732735 0
1731967503332 0.03546464443206787 0
1731967520658 0.03548833727836609 0
1731967538112 0.03543812781572342 0
1731967555459 0.03538615629076958 0
1731967572920 0.03542450815439224 0
1731967590254 0.0353609174489975 0
1731967607726 0.03531287983059883 0
1731967625075 0.0353931188583374 0
