1731963684277 0.010427746921777725 0
1731963707592 0.010800204239785671 0
1731963729929 0.010715884156525135 0
1731963752331 0.010759330354630947 0
1731963774592 0.010617312975227833 0
1731963796942 0.010681583546102047 0
1731963819176 0.010553142987191677 0
1731963841514 0.010658254846930504 0
1731963863799 0.010678360238671303 0
1731963886168 0.010846627876162529 0
1731963908442 0.010441486723721027 0
1731963930852 0.010514688678085804 0
1731963953182 0.010792998597025871 0
1731963975618 0.010621459223330021 0
1731963997849 0.01065794937312603 0
1731964017636 0.010580467991530895 0
1731964037415 0.010738915763795376 0
1731964057221 0.010721178725361824 0
1731964077036 0.010803403332829475 0
1731964096848 0.010653899982571602 0
1731964116663 0.010783308185636997 0
1731964136519 0.010569429025053978 0
1731964155418 0.010829980485141277 0
1731964173874 0.010742497630417347 0
1731964192432 0.010650835931301117 0
1731964211005 0.01057913713157177 0
1731964229545 0.010791686363518238 0
1731964248027 0.01053822971880436 0
1731964266655 0.010613429360091686 0
1731964285262 0.010681381449103355 0
1731964303082 0.010635853745043278 0
1731964320874 0.010515358299016953 0
1731964338662 0.010666471906006336 0
1731964356455 0.010537995025515556 0
1731964374248 0.010623173788189888 0
1731964392085 0.010557961650192738 0
1731964409898 0.010648667812347412 0
1731964427250 0.010606505908071995 0
1731964444600 0.010626282542943954 0
1731964461848 0.01069928053766489 0
1731964479206 0.01053917407989502 0
1731964496436 0.010637723840773106 0
1731964513781 0.010697409510612488 0
1731964531021 0.010680981911718845 0
1731964548679 0.010715358890593052 0
1731964565905 0.010723843239247799 0
1731964583256 0.010694742202758789 0
1731964600512 0.010611963458359241 0
1731964617886 0.010725166648626328 0
1731964635151 0.010671816766262054 0
1731964652532 0.010574206709861755 0
1731964669791 0.010662627406418324 0
1731964687181 0.01053705159574747 0
1731964704450 0.010625082068145275 0
1731964721841 0.01057756133377552 0
1731964739100 0.010579105466604233 0
1731964756515 0.01056228019297123 0
1731964773773 0.010733346454799175 0
1731964791157 0.010581931099295616 0
1731964808789 0.010743215680122375 0
1731964826198 0.010656158439815044 0
1731964843484 0.01054847426712513 0
1731964860890 0.010624393820762634 0
1731964878152 0.010603578761219978 0
1731964895557 0.010635687969624996 0
1731964912831 0.010605799965560436 0
1731964930244 0.01057350356131792 0
1731964947528 0.010604309849441051 0
1731964964944 0.010607069358229637 0
1731964982250 0.010573533363640308 0
1731964999644 0.010650381445884705 0
1731965016936 0.010650566779077053 0
1731965034331 0.010632004588842392 0
1731965051618 0.010646960698068142 0
1731965069322 0.01067290734499693 0
1731965086583 0.01062180008739233 0
1731965103971 0.010581765323877335 0
1731965121262 0.010605618357658386 0
1731965138648 0.010680501349270344 0
1731965155933 0.010599708184599876 0
1731965173330 0.010580279864370823 0
1731965190602 0.010560216382145882 0
1731965207996 0.010654711164534092 0
1731965225275 0.010551819577813148 0
1731965242677 0.01063105184584856 0
1731965259956 0.010538910515606403 0
1731965277348 0.010569438338279724 0
1731965294633 0.01064816489815712 0
1731965312365 0.010641483590006828 0
1731965329660 0.010588964447379112 0
1731965347058 0.010595855303108692 0
1731965364355 0.010582172311842442 0
1731965381761 0.010560765862464905 0
1731965399029 0.010581454262137413 0
1731965416488 0.010633938945829868 0
1731965433792 0.010655864141881466 0
1731965451174 0.010575368069112301 0
1731965468469 0.01063067652285099 0
1731965485880 0.010654829442501068 0
1731965503173 0.010686926543712616 0
1731965520560 0.010630778968334198 0
1731965537849 0.010664014145731926 0
1731965555277 0.010563483461737633 0
1731965572880 0.010589336976408958 0
1731965590275 0.010541645810008049 0
1731965607526 0.010552114807069302 0
1731965624954 0.010641660541296005 0
1731965642230 0.010637165047228336 0
1731965659638 0.010604080744087696 0
1731965676933 0.010649461299180984 0
1731965694337 0.010673672892153263 0
1731965711616 0.01060796994715929 0
1731965729008 0.010649144649505615 0
1731965746296 0.010571199469268322 0
1731965763744 0.010542619973421097 0
1731965781028 0.010561174713075161 0
1731965798426 0.01058542262762785 0
1731965815718 0.010572783648967743 0
1731965833435 0.010574979707598686 0
1731965850735 0.010638007894158363 0
1731965868120 0.01069232914596796 0
1731965885422 0.010606327094137669 0
1731965902818 0.010624263435602188 0
1731965920128 0.010628420859575272 0
1731965937517 0.01060037687420845 0
1731965954817 0.010582787916064262 0
1731965972206 0.010603802278637886 0
1731965989501 0.010573231615126133 0
1731966006924 0.010623004287481308 0
1731966024214 0.010612747631967068 0
1731966041612 0.010603240691125393 0
1731966058888 0.010592075064778328 0
1731966076295 0.010634132660925388 0
1731966093936 0.010606925003230572 0
1731966111339 0.010623378679156303 0
1731966128651 0.010587023571133614 0
1731966146043 0.010574374347925186 0
1731966163350 0.010591189377009869 0
1731966180763 0.010614583268761635 0
1731966198074 0.010596140287816525 0
1731966215484 0.010610202327370644 0
1731966232779 0.01062051486223936 0
1731966250177 0.010645296424627304 0
1731966267485 0.010616647079586983 0
1731966284920 0.010641166940331459 0
1731966302222 0.01064844150096178 0
1731966319635 0.010639697313308716 0
1731966336966 0.010559060610830784 0
1731966354712 0.01059717033058405 0
1731966372031 0.010611934587359428 0
1731966389436 0.010568356141448021 0
1731966406724 0.010609885677695274 0
1731966424155 0.010554241947829723 0
1731966441482 0.010628046467900276 0
1731966458905 0.010646743699908257 0
1731966476205 0.010592368431389332 0
1731966493624 0.010562128387391567 0
1731966510927 0.010603380389511585 0
1731966528359 0.010559589602053165 0
1731966545662 0.010551750659942627 0
1731966563076 0.010598289780318737 0
1731966580411 0.010637395083904266 0
1731966598134 0.010562796145677567 0
1731966615435 0.010548124089837074 0
1731966632858 0.010565648786723614 0
1731966650173 0.010604355484247208 0
1731966667596 0.010642976500093937 0
1731966684893 0.010623221285641193 0
1731966702312 0.010612692683935165 0
1731966719636 0.010592958889901638 0
1731966737087 0.010598599910736084 0
1731966754400 0.010591952130198479 0
1731966771835 0.010607829317450523 0
1731966789157 0.010570034384727478 0
1731966806591 0.010582609102129936 0
1731966823918 0.010611326433718204 0
1731966841332 0.010605978779494762 0
1731966858969 0.01056099496781826 0
1731966876425 0.010563540272414684 0
1731966893740 0.010626783594489098 0
1731966911197 0.010594313032925129 0
1731966928538 0.01061574649065733 0
1731966946013 0.01056140661239624 0
1731966963328 0.01058313250541687 0
1731966980781 0.01060904748737812 0
1731966998115 0.010575796477496624 0
1731967015561 0.010612592101097107 0
1731967032914 0.010597200132906437 0
1731967050358 0.0105963796377182 0
1731967067685 0.010596994310617447 0
1731967085109 0.01060327049344778 0
1731967102423 0.010603019967675209 0
1731967120236 0.010581216774880886 0
1731967137566 0.010619357228279114 0
1731967155014 0.010574674233794212 0
1731967172355 0.01057213731110096 0
1731967189807 0.01060499157756567 0
1731967207152 0.010611824691295624 0
1731967224639 0.01059466227889061 0
1731967241974 0.010544775053858757 0
1731967259419 0.010619282722473145 0
1731967276752 0.010604786686599255 0
1731967294194 0.010564008727669716 0
1731967311525 0.010580475442111492 0
1731967328979 0.010574384592473507 0
1731967346317 0.01061250176280737 0
1731967363768 0.010602650232613087 0
1731967381431 0.010588942095637321 0
1731967398877 0.010592243634164333 0
1731967416240 0.010555676184594631 0
1731967433687 0.010592062026262283 0
1731967451022 0.010597392916679382 0
1731967468501 0.010570144280791283 0
1731967485872 0.010584435425698757 0
1731967503332 0.0105803357437253 0
1731967520658 0.010598354041576385 0
1731967538112 0.010579760186374187 0
1731967555459 0.010617387481033802 0
1731967572920 0.010602986440062523 0
1731967590254 0.010594791732728481 0
1731967607726 0.01059475913643837 0
1731967625075 0.010602585971355438 0
