1731963685195 0.00038960870006121695 0
1731963707597 0.00031904884963296354 0
1731963729932 0.0002768448612187058 0
1731963752334 0.00024714626488275826 0
1731963774595 0.00023045383568387479 0
1731963796944 0.00022384477779269218 0
1731963819179 0.000210237005376257 0
1731963841516 0.00019565988623071462 0
1731963863802 0.00018860776617657393 0
1731963886171 0.00018332505715079606 0
1731963908445 0.00017976234084926546 0
1731963930855 0.0001722761953715235 0
1731963953184 0.00016390728706028312 0
1731963975620 0.0001594487257534638 0
1731963997851 0.0001557085633976385 0
1731964017638 0.00016007813974283636 0
1731964037417 0.0001583098783157766 0
1731964057223 0.0001481605286244303 0
1731964077039 0.00014809580170549452 0
1731964096850 0.00015099164738785475 0
1731964116665 0.0001430924894521013 0
1731964136521 0.00014336446474771947 0
1731964155421 0.00013969212886877358 0
1731964173876 0.00013731054787058383 0
1731964192435 0.00013470512931235135 0
1731964211007 0.00013113328895997256 0
1731964229548 0.0001328456710325554 0
1731964248033 0.000133540466777049 0
1731964266657 0.00012736003554891795 0
1731964285264 0.0001319760485785082 0
1731964303085 0.00013440764450933784 0
1731964320876 0.00012879415589850396 0
1731964338664 0.00012706850247923285 0
1731964356458 0.0001259081473108381 0
1731964374250 0.00012212649744469672 0
1731964392087 0.00012063042231602594 0
1731964409901 0.00011798356717918068 0
1731964427253 0.0001243220322066918 0
1731964444602 0.00011713954154402018 0
1731964461850 0.00011614670074777678 0
1731964479208 0.00011362142686266452 0
1731964496438 0.00010982550884364173 0
1731964513783 0.00011078501847805455 0
1731964531023 0.00011832576274173334 0
1731964548681 0.00011360098869772628 0
1731964565908 0.00010965043475152925 0
1731964583259 0.0001074534811777994 0
1731964600514 0.00011161488509969786 0
1731964617888 0.00011153619561810046 0
1731964635153 0.00011256790457991883 0
1731964652534 0.0001025901801767759 0
1731964669793 0.00011376849579392001 0
1731964687184 0.0001036931062117219 0
1731964704452 0.00010879086039494723 0
1731964721843 0.00010490453860256821 0
1731964739103 0.00010741790902102366 0
1731964756517 0.00010177570948144421 0
1731964773775 9.969787060981616e-05 0
1731964791159 0.00010232061322312802 0
1731964808792 0.00010206403385382146 0
1731964826200 0.00010363748151576146 0
1731964843486 9.962452168110758e-05 0
1731964860893 0.00010078756895381957 0
1731964878154 9.956694702850655e-05 0
1731964895559 0.00010109338472830132 0
1731964912833 9.25282874959521e-05 0
1731964930246 9.273909381590784e-05 0
1731964947530 9.420915739610791e-05 0
1731964964947 9.555373253533617e-05 0
1731964982252 0.00010203602141700685 0
1731964999646 9.636599133955315e-05 0
1731965016938 9.511434473097324e-05 0
1731965034333 9.79589021881111e-05 0
1731965051620 9.266676352126524e-05 0
1731965069324 9.456647239858285e-05 0
1731965086586 9.085491910809651e-05 0
1731965103973 9.04436528799124e-05 0
1731965121265 9.195674647344276e-05 0
1731965138650 9.287798457080498e-05 0
1731965155935 8.7394131696783e-05 0
1731965173333 9.047180355992168e-05 0
1731965190605 8.954774239100516e-05 0
1731965207998 8.649273513583466e-05 0
1731965225278 8.765577513258904e-05 0
1731965242680 8.966184395831078e-05 0
1731965259958 8.794509631115943e-05 0
1731965277350 8.79100407473743e-05 0
1731965294636 8.618176070740446e-05 0
1731965312367 8.591540972702205e-05 0
1731965329662 8.788643026491627e-05 0
1731965347061 7.980386726558208e-05 0
1731965364357 8.692873961990699e-05 0
1731965381763 8.46583498059772e-05 0
1731965399031 8.531937055522576e-05 0
1731965416490 8.902240369934589e-05 0
1731965433794 8.456853538518772e-05 0
1731965451176 8.401207742281258e-05 0
1731965468471 8.234316192101687e-05 0
1731965485882 8.187467028619722e-05 0
1731965503175 8.556781540391967e-05 0
1731965520562 8.352755685336888e-05 0
1731965537851 8.011928730411455e-05 0
1731965555280 7.91369893704541e-05 0
1731965572882 8.201634045690298e-05 0
1731965590277 8.13626975286752e-05 0
1731965607528 8.033105405047536e-05 0
1731965624956 8.348325354745612e-05 0
1731965642233 7.901894423412159e-05 0
1731965659641 7.800749153830111e-05 0
1731965676936 7.686099706916139e-05 0
1731965694339 7.645063305972144e-05 0
1731965711618 7.803861808497459e-05 0
1731965729010 7.790665404172614e-05 0
1731965746299 7.806342182448134e-05 0
1731965763747 7.596350042149425e-05 0
1731965781031 7.528071728302166e-05 0
1731965798429 7.737313717370853e-05 0
1731965815721 7.936081237858161e-05 0
1731965833437 7.686064054723829e-05 0
1731965850738 7.741873560007662e-05 0
1731965868122 7.386128709185869e-05 0
1731965885424 7.503149390686303e-05 0
1731965902820 7.372476829914376e-05 0
1731965920130 7.013278809608892e-05 0
1731965937519 7.384774653473869e-05 0
1731965954819 7.315284892683849e-05 0
1731965972208 7.426134834531695e-05 0
1731965989503 6.976858276175335e-05 0
1731966006927 7.01784374541603e-05 0
1731966024216 6.982705963309854e-05 0
1731966041615 7.061124051688239e-05 0
1731966058890 7.319715950870886e-05 0
1731966076297 7.09426894900389e-05 0
1731966093938 7.471679418813437e-05 0
1731966111341 6.895263504702598e-05 0
1731966128653 7.215743971755728e-05 0
1731966146046 7.123275281628594e-05 0
1731966163352 7.046380051178858e-05 0
1731966180765 6.912746175657958e-05 0
1731966198076 6.90603192197159e-05 0
1731966215486 7.007064414210618e-05 0
1731966232781 7.017463212832808e-05 0
1731966250180 6.718964868923649e-05 0
1731966267487 6.882794696139172e-05 0
1731966284922 6.933911208761856e-05 0
1731966302224 6.920949090272188e-05 0
1731966319637 6.631416181335226e-05 0
1731966336968 6.597948231501505e-05 0
1731966354714 6.533117993967608e-05 0
1731966372033 6.739843229297549e-05 0
1731966389439 6.772155029466376e-05 0
1731966406726 6.759399548172951e-05 0
1731966424157 6.811019557062536e-05 0
1731966441484 6.782947457395494e-05 0
1731966458907 6.696682976325974e-05 0
1731966476207 6.646179826930165e-05 0
1731966493626 6.612805009353906e-05 0
1731966510929 6.219848000910133e-05 0
1731966528361 6.459077121689916e-05 0
1731966545664 6.559863686561584e-05 0
1731966563078 6.572808342752978e-05 0
1731966580412 6.517156725749373e-05 0
1731966598136 6.479612784460187e-05 0
1731966615436 6.775617657694966e-05 0
1731966632860 6.416672113118693e-05 0
1731966650175 6.220599607331678e-05 0
1731966667598 6.416961696231738e-05 0
1731966684895 6.117210432421416e-05 0
1731966702314 6.260727241169661e-05 0
1731966719638 6.573690188815817e-05 0
1731966737090 6.317158113233745e-05 0
1731966754402 6.215920438989997e-05 0
1731966771837 6.273311737459153e-05 0
1731966789160 6.282142567215487e-05 0
1731966806593 6.56925913062878e-05 0
1731966823920 6.347814633045346e-05 0
1731966841335 6.060100349714048e-05 0
1731966858971 6.323667912511155e-05 0
1731966876427 6.214592576725408e-05 0
1731966893743 6.320673855952919e-05 0
1731966911199 6.246823613764718e-05 0
1731966928540 5.8664605603553355e-05 0
1731966946015 6.35088435956277e-05 0
1731966963330 6.321612454485148e-05 0
1731966980783 5.900635733269155e-05 0
1731966998117 6.230665894690901e-05 0
1731967015563 5.967867036815733e-05 0
1731967032916 5.971706923446618e-05 0
1731967050360 6.24937893007882e-05 0
1731967067687 6.102368570282124e-05 0
1731967085111 6.147036765469238e-05 0
1731967102425 5.7679306337377056e-05 0
1731967120238 5.986988981021568e-05 0
1731967137568 5.826812412124127e-05 0
1731967155016 5.837661592522636e-05 0
1731967172357 5.856778807356022e-05 0
1731967189810 5.937901369179599e-05 0
1731967207154 5.512787902262062e-05 0
1731967224642 5.7641504099592566e-05 0
1731967241976 5.8136949519393966e-05 0
1731967259421 5.9338704886613414e-05 0
1731967276754 5.700625843019225e-05 0
1731967294197 5.72819662920665e-05 0
1731967311527 5.689192403224297e-05 0
1731967328982 5.616779162664898e-05 0
1731967346319 5.648193109664135e-05 0
1731967363770 5.738950494560413e-05 0
1731967381434 5.648524529533461e-05 0
1731967398879 5.992505975882523e-05 0
1731967416242 5.445498391054571e-05 0
1731967433689 5.723140202462673e-05 0
1731967451024 5.445143688120879e-05 0
1731967468503 5.546895044972189e-05 0
1731967485874 5.52871533727739e-05 0
1731967503334 5.751991557190195e-05 0
1731967520660 5.6542550737503916e-05 0
1731967538114 5.590090586338192e-05 0
1731967555461 5.688769670086913e-05 0
1731967572922 5.705634976038709e-05 0
1731967590256 5.360561772249639e-05 0
1731967607727 5.342021177057177e-05 0
1731967625078 5.5075408454285935e-05 0
