1731963685195 0.001603201380930841 0
1731963707597 0.0014585425378754735 0
1731963729932 0.0015610975679010153 0
1731963752334 0.0015375702641904354 0
1731963774595 0.001510509755462408 0
1731963796944 0.0014843393582850695 0
1731963819179 0.001452260185033083 0
1731963841516 0.0014152913354337215 0
1731963863802 0.0012850388884544373 0
1731963886171 0.0012986932415515184 0
1731963908445 0.0013076264876872301 0
1731963930855 0.0013197658117860556 0
1731963953184 0.0012564694043248892 0
1731963975620 0.0012988433009013534 0
1731963997851 0.0012921614106744528 0
1731964017638 0.0013133181491866708 0
1731964037417 0.0013298655394464731 0
1731964057223 0.001354939304292202 0
1731964077039 0.0013220662949606776 0
1731964096850 0.0013432393316179514 0
1731964116665 0.0013851502444595098 0
1731964136521 0.0013145876582711935 0
1731964155421 0.0013324629981070757 0
1731964173876 0.0013503169175237417 0
1731964192435 0.0014297547750175 0
1731964211007 0.001401347341015935 0
1731964229548 0.0013418798334896564 0
1731964248033 0.0013158806832507253 0
1731964266657 0.0013955810572952032 0
1731964285264 0.001355588436126709 0
1731964303085 0.0014412319287657738 0
1731964320876 0.0014045886928215623 0
1731964338664 0.001422437489964068 0
1731964356458 0.0014349652919918299 0
1731964374250 0.001451866701245308 0
1731964392087 0.0014248391380533576 0
1731964409901 0.0014134818920865655 0
1731964427253 0.0014767985558137298 0
1731964444602 0.0014595966786146164 0
1731964461850 0.001403419068083167 0
1731964479208 0.0014466398861259222 0
1731964496438 0.0014913909835740924 0
1731964513783 0.0014269007369875908 0
1731964531023 0.0014324471121653914 0
1731964548681 0.001391890924423933 0
1731964565908 0.001441245898604393 0
1731964583259 0.0015096376882866025 0
1731964600514 0.001470453105866909 0
1731964617888 0.0015095197595655918 0
1731964635153 0.0013798931613564491 0
1731964652534 0.0014278512680903077 0
1731964669793 0.001510815229266882 0
1731964687184 0.001491862814873457 0
1731964704452 0.0014407598646357656 0
1731964721843 0.0014834998873993754 0
1731964739103 0.00146506167948246 0
1731964756517 0.001436237245798111 0
1731964773775 0.0015611054841428995 0
1731964791159 0.0014697832521051168 0
1731964808792 0.0014473837800323963 0
1731964826200 0.001485171727836132 0
1731964843486 0.001541066449135542 0
1731964860893 0.0014530790504068136 0
1731964878154 0.0015131467953324318 0
1731964895559 0.001525236526504159 0
1731964912833 0.0015031760558485985 0
1731964930246 0.001435530954040587 0
1731964947530 0.001543857273645699 0
1731964964947 0.0014689264353364706 0
1731964982252 0.0015311730094254017 0
1731964999646 0.0015130153624340892 0
1731965016938 0.001480893581174314 0
1731965034333 0.001534110284410417 0
1731965051620 0.001560552860610187 0
1731965069324 0.0015809263568371534 0
1731965086586 0.001567135564982891 0
1731965103973 0.001529886038042605 0
1731965121265 0.0015380142722278833 0
1731965138650 0.0015955811832100153 0
1731965155935 0.0014892376493662596 0
1731965173333 0.0014861763920634985 0
1731965190605 0.001508968649432063 0
1731965207998 0.001430776552297175 0
1731965225278 0.001550057204440236 0
1731965242680 0.001535801449790597 0
1731965259958 0.0015760555397719145 0
1731965277350 0.0015224559465423226 0
1731965294636 0.0015557159204035997 0
1731965312367 0.001462519634515047 0
1731965329662 0.00149046559818089 0
1731965347061 0.0015771302860230207 0
1731965364357 0.00149195222184062 0
1731965381763 0.001583619974553585 0
1731965399031 0.0015288679860532284 0
1731965416490 0.0015892789233475924 0
1731965433794 0.0014425353147089481 0
1731965451176 0.00155870639719069 0
1731965468471 0.0014878292568027973 0
1731965485882 0.0015726136043667793 0
1731965503175 0.001605631085112691 0
1731965520562 0.0016183156985789537 0
1731965537851 0.0016032509738579392 0
1731965555280 0.001541221048682928 0
1731965572882 0.0016308921622112393 0
1731965590277 0.0015804165741428733 0
1731965607528 0.0016237569507211447 0
1731965624956 0.0015579794999212027 0
1731965642233 0.0015841230051591992 0
1731965659641 0.0015281100058928132 0
1731965676936 0.0015835078665986657 0
1731965694339 0.0015797545202076435 0
1731965711618 0.0015559869352728128 0
1731965729010 0.0015373494243249297 0
1731965746299 0.0015715749468654394 0
1731965763747 0.0016983465757220984 0
1731965781031 0.0016071058344095945 0
1731965798429 0.001548932516016066 0
1731965815721 0.0015375656075775623 0
1731965833437 0.0015562537591904402 0
1731965850738 0.00163625821005553 0
1731965868122 0.0014827614650130272 0
1731965885424 0.0016800746088847518 0
1731965902820 0.001594538101926446 0
1731965920130 0.0016464279033243656 0
1731965937519 0.001583895063959062 0
1731965954819 0.0015777824446558952 0
1731965972208 0.0015981292817741632 0
1731965989503 0.0015963497571647167 0
1731966006927 0.0016415907302871346 0
1731966024216 0.0015871301293373108 0
1731966041615 0.001596307149156928 0
1731966058890 0.0015861415304243565 0
1731966076297 0.001603469019755721 0
1731966093938 0.0016135757323354483 0
1731966111341 0.0015943655744194984 0
1731966128653 0.0015748478472232819 0
1731966146046 0.0016281395219266415 0
1731966163352 0.001670172205194831 0
1731966180765 0.001584068057127297 0
1731966198076 0.0015617592725902796 0
1731966215486 0.0016192698385566473 0
1731966232781 0.001620518509298563 0
1731966250180 0.001561529003083706 0
1731966267487 0.0015979585004970431 0
1731966284922 0.0016580007504671812 0
1731966302224 0.0016255497466772795 0
1731966319637 0.0015634248265996575 0
1731966336968 0.0016085385577753186 0
1731966354714 0.0016480518970638514 0
1731966372033 0.0015818079700693488 0
1731966389439 0.0016409188974648714 0
1731966406726 0.0016485085943713784 0
1731966424157 0.001611592248082161 0
1731966441484 0.0016147568821907043 0
1731966458907 0.0016660763649269938 0
1731966476207 0.0016164169646799564 0
1731966493626 0.0015840870328247547 0
1731966510929 0.0016089821001514792 0
1731966528361 0.0015946290222927928 0
1731966545664 0.0016579830553382635 0
1731966563078 0.0015476754633709788 0
1731966580412 0.0017621545121073723 0
1731966598136 0.0017362136859446764 0
1731966615436 0.0017025909619405866 0
1731966632860 0.0015716026537120342 0
1731966650175 0.0015800807159394026 0
1731966667598 0.0016195534262806177 0
1731966684895 0.0016193995252251625 0
1731966702314 0.0016629168530926108 0
1731966719638 0.0016626925207674503 0
1731966737090 0.0017255130223929882 0
1731966754402 0.0016157538630068302 0
1731966771837 0.001601844560354948 0
1731966789160 0.001636955887079239 0
1731966806593 0.0016691487981006503 0
1731966823920 0.0015967423096299171 0
1731966841335 0.0017422994133085012 0
1731966858971 0.0016240947879850864 0
1731966876427 0.0015993684064596891 0
1731966893743 0.0015981956385076046 0
1731966911199 0.001675524516031146 0
1731966928540 0.0016088862903416157 0
1731966946015 0.0016129579162225127 0
1731966963330 0.0016847568331286311 0
1731966980783 0.0016532506560906768 0
1731966998117 0.0016163173131644726 0
1731967015563 0.0015850835479795933 0
1731967032916 0.0016692244680598378 0
1731967050360 0.0017017641803249717 0
1731967067687 0.0016057894099503756 0
1731967085111 0.0015700382646173239 0
1731967102425 0.0016061571659520268 0
1731967120238 0.0016353732207790017 0
1731967137568 0.0017028513830155134 0
1731967155016 0.0016620643436908722 0
1731967172357 0.0016437056474387646 0
1731967189810 0.001695140264928341 0
1731967207154 0.001647191820666194 0
1731967224642 0.001660987501963973 0
1731967241976 0.0016175637720152736 0
1731967259421 0.0015152895357459784 0
1731967276754 0.0017507243901491165 0
1731967294197 0.0016660763649269938 0
1731967311527 0.0016540184151381254 0
1731967328982 0.0016307280166074634 0
1731967346319 0.0015929241199046373 0
1731967363770 0.001641561510041356 0
1731967381434 0.0015964333433657885 0
1731967398879 0.0016149173025041819 0
1731967416242 0.001640724833123386 0
1731967433689 0.0015865047462284565 0
1731967451024 0.0017071987967938185 0
1731967468503 0.0017868024297058582 0
1731967485874 0.00161886983551085 0
1731967503334 0.0016730825882405043 0
1731967520660 0.0015942370519042015 0
1731967538114 0.0017010689480230212 0
1731967555461 0.0017086627194657922 0
1731967572922 0.0016595165943726897 0
1731967590256 0.001711358199827373 0
1731967607727 0.0016579515067860484 0
1731967625078 0.0016149464063346386 0
