1731963685195 0.000580742722377181 0
1731963707597 0.0003449481155257672 0
1731963729932 0.0003369759360793978 0
1731963752334 0.0002841297537088394 0
1731963774595 0.0002943906874861568 0
1731963796944 0.0002757062902674079 0
1731963819179 0.0002866882714442909 0
1731963841516 0.0002603552129585296 0
1731963863802 0.0002582090673968196 0
1731963886171 0.00028800201835110784 0
1731963908445 0.00030181510373950005 0
1731963930855 0.00034505233634263277 0
1731963953184 0.00026495481142774224 0
1731963975620 0.0002587420749478042 0
1731963997851 0.00025773397646844387 0
1731964017638 0.00022795454424340278 0
1731964037417 0.0002403600374236703 0
1731964057223 0.00022800442820880562 0
1731964077039 0.00024677510373294353 0
1731964096850 0.00024418445536866784 0
1731964116665 0.000307972397422418 0
1731964136521 0.0002127832849510014 0
1731964155421 0.00037686870200559497 0
1731964173876 0.00021080294391140342 0
1731964192435 0.0002281337947351858 0
1731964211007 0.0002325998793821782 0
1731964229548 0.00021251461294014007 0
1731964248033 0.00022213594638742507 0
1731964266657 0.00024372650659643114 0
1731964285264 0.00021828425815328956 0
1731964303085 0.0002715319278649986 0
1731964320876 0.0002130338834831491 0
1731964338664 0.00020297605078667402 0
1731964356458 0.00022939834161661565 0
1731964374250 0.0002063606516458094 0
1731964392087 0.00023475874331779778 0
1731964409901 0.00020580568525474519 0
1731964427253 0.00020727296941913664 0
1731964444602 0.0002110306522808969 0
1731964461850 0.00019489173428155482 0
1731964479208 0.00021279556676745415 0
1731964496438 0.00021044956520199776 0
1731964513783 0.00019960408098995686 0
1731964531023 0.0002296731690876186 0
1731964548681 0.00018212315626442432 0
1731964565908 0.00019667326705530286 0
1731964583259 0.00020117642998229712 0
1731964600514 0.00021037599071860313 0
1731964617888 0.00021022744476795197 0
1731964635153 0.0002031194162555039 0
1731964652534 0.00021130414097569883 0
1731964669793 0.0001955290645128116 0
1731964687184 0.00018668235861696303 0
1731964704452 0.00020305943326093256 0
1731964721843 0.00020146513998042792 0
1731964739103 0.00018732916214503348 0
1731964756517 0.00018566478684078902 0
1731964773775 0.00021194692817516625 0
1731964791159 0.00018741609528660774 0
1731964808792 0.00019931378483306617 0
1731964826200 0.00021737284259870648 0
1731964843486 0.00019563987734727561 0
1731964860893 0.00020007556304335594 0
1731964878154 0.00019508037075866014 0
1731964895559 0.000195420827367343 0
1731964912833 0.0001930774888023734 0
1731964930246 0.000174611690454185 0
1731964947530 0.0001940287183970213 0
1731964964947 0.00018295359041076154 0
1731964982252 0.0001931723381858319 0
1731964999646 0.0002043361309915781 0
1731965016938 0.0001956140622496605 0
1731965034333 0.00020015289192087948 0
1731965051620 0.00017896233475767076 0
1731965069324 0.00018887940677814186 0
1731965086586 0.00019481242634356022 0
1731965103973 0.00019416560826357454 0
1731965121265 0.00018864913727156818 0
1731965138650 0.000181439274456352 0
1731965155935 0.0001927861012518406 0
1731965173333 0.00017934446805156767 0
1731965190605 0.00022019565221853554 0
1731965207998 0.00019533440354280174 0
1731965225278 0.0001835125731304288 0
1731965242680 0.00018675197497941554 0
1731965259958 0.00018139314488507807 0
1731965277350 0.0001980416855076328 0
1731965294636 0.00019500483176670969 0
1731965312367 0.0002080739795928821 0
1731965329662 0.00018125708447769284 0
1731965347061 0.00017872883472591639 0
1731965364357 0.00018686729890760034 0
1731965381763 0.0001929158461280167 0
1731965399031 0.0001804953790269792 0
1731965416490 0.00019343782332725823 0
1731965433794 0.00018791735055856407 0
1731965451176 0.00018719807849265635 0
1731965468471 0.0001940774091053754 0
1731965485882 0.00018881805590353906 0
1731965503175 0.0001770142698660493 0
1731965520562 0.00019154525944031775 0
1731965537851 0.00021010663476772606 0
1731965555280 0.00019249087199568748 0
1731965572882 0.0001944309042301029 0
1731965590277 0.00018975327839143574 0
1731965607528 0.0001712385710561648 0
1731965624956 0.0001802132755983621 0
1731965642233 0.00018098588043358177 0
1731965659641 0.00019746669568121433 0
1731965676936 0.00017637544078752398 0
1731965694339 0.00018113668193109334 0
1731965711618 0.00016729079652577639 0
1731965729010 0.00019678662647493184 0
1731965746299 0.00019797412096522748 0
1731965763747 0.00019820262969005853 0
1731965781031 0.00018689203716348857 0
1731965798429 0.00020190962823107839 0
1731965815721 0.00019570294534787536 0
1731965833437 0.00017200547154061496 0
1731965850738 0.00017272606783080846 0
1731965868122 0.00019041038467548788 0
1731965885424 0.00016804604092612863 0
1731965902820 0.00018336990615352988 0
1731965920130 0.00019065022934228182 0
1731965937519 0.00019208475714549422 0
1731965954819 0.0001812447444535792 0
1731965972208 0.00018921121954917908 0
1731965989503 0.00017351037240587175 0
1731966006927 0.00019493649597279727 0
1731966024216 0.00017596544057596475 0
1731966041615 0.00018035309039987624 0
1731966058890 0.0001826892839744687 0
1731966076297 0.0001775300333974883 0
1731966093938 0.0001851909328252077 0
1731966111341 0.00019044073997065425 0
1731966128653 0.00019501737551763654 0
1731966146046 0.00017381150973960757 0
1731966163352 0.00018924567848443985 0
1731966180765 0.00018777971854433417 0
1731966198076 0.0001753049873514101 0
1731966215486 0.00018758929218165576 0
1731966232781 0.00017933620256371796 0
1731966250180 0.00018874896341003478 0
1731966267487 0.00018854519294109195 0
1731966284922 0.00017333781579509377 0
1731966302224 0.00019540725043043494 0
1731966319637 0.00018975199782289565 0
1731966336968 0.00016680799308232963 0
1731966354714 0.00017091285553760827 0
1731966372033 0.00018287394777871668 0
1731966389439 0.00019005336798727512 0
1731966406726 0.00016934488667175174 0
1731966424157 0.00017927050066646188 0
1731966441484 0.0001682029542280361 0
1731966458907 0.00018801071564666927 0
1731966476207 0.00018620055925566703 0
1731966493626 0.00017415598267689347 0
1731966510929 0.00017379414930474013 0
1731966528361 0.00018187472596764565 0
1731966545664 0.00016927809338085353 0
1731966563078 0.0001691374200163409 0
1731966580412 0.00016953496378846467 0
1731966598136 0.00017160621064249426 0
1731966615436 0.00018313995678909123 0
1731966632860 0.00018414226360619068 0
1731966650175 0.00017368538829032332 0
1731966667598 0.00018556215218268335 0
1731966684895 0.0001734130783006549 0
1731966702314 0.00017941565602086484 0
1731966719638 0.00017944522551260889 0
1731966737090 0.0001688656338956207 0
1731966754402 0.00018963539332617074 0
1731966771837 0.0001633848005440086 0
1731966789160 0.0001698929991107434 0
1731966806593 0.00017199249123223126 0
1731966823920 0.00018311635358259082 0
1731966841335 0.00017559104890096933 0
1731966858971 0.00016208592569455504 0
1731966876427 0.0001757082063704729 0
1731966893743 0.00017985494923777878 0
1731966911199 0.00018173636635765433 0
1731966928540 0.00017818552441895008 0
1731966946015 0.00018261789227835834 0
1731966963330 0.00017883675172924995 0
1731966980783 0.0001522983657196164 0
1731966998117 0.0001722991291899234 0
1731967015563 0.0001574302150402218 0
1731967032916 0.00016630654863547534 0
1731967050360 0.000163784105097875 0
1731967067687 0.0001760609302436933 0
1731967085111 0.00018726324196904898 0
1731967102425 0.00015201048518065363 0
1731967120238 0.0001756867131916806 0
1731967137568 0.00016732545918785036 0
1731967155016 0.00017007990390993655 0
1731967172357 0.00015730423911008984 0
1731967189810 0.00015915694530121982 0
1731967207154 0.00018408072355668992 0
1731967224642 0.00017045346612576395 0
1731967241976 0.00017801043577492237 0
1731967259421 0.00016807741485536098 0
1731967276754 0.0001695666869636625 0
1731967294197 0.00016641351976431906 0
1731967311527 0.00017284404020756483 0
1731967328982 0.0001662830327404663 0
1731967346319 0.00016235641669481993 0
1731967363770 0.00016252521891146898 0
1731967381434 0.0001822686317609623 0
1731967398879 0.000188769496162422 0
1731967416242 0.00017008287250064313 0
1731967433689 0.00018436007667332888 0
1731967451024 0.00016685298760421574 0
1731967468503 0.00017602488514967263 0
1731967485874 0.000172656582435593 0
1731967503334 0.00016460978076793253 0
1731967520660 0.000156131834955886 0
1731967538114 0.00017591426149010658 0
1731967555461 0.00016319111455231905 0
1731967572922 0.00016165051783900708 0
1731967590256 0.00016524945385754108 0
1731967607727 0.0001546684798086062 0
1731967625078 0.00018037596601061523 0
