1731879794301 0.017781317234039307 0
1731879816480 0.02042541839182377 0
1731879838617 0.019871816039085388 0
1731879860799 0.019876720383763313 0
1731879882791 0.01881423220038414 0
1731879904764 0.0189930722117424 0
1731879926601 0.019783979281783104 0
1731879948534 0.019802019000053406 0
1731879970396 0.019596241414546967 0
1731879992417 0.020359689369797707 0
1731880014316 0.019411226734519005 0
1731880036366 0.019210901111364365 0
1731880058311 0.020185671746730804 0
1731880080421 0.019502801820635796 0
1731880102250 0.018811456859111786 0
1731880121652 0.018855798989534378 0
1731880141072 0.019778989255428314 0
1731880160434 0.019889701157808304 0
1731880179880 0.018184373155236244 0
1731880199384 0.019379522651433945 0
1731880218853 0.019012345001101494 0
1731880238311 0.018480895087122917 0
1731880256840 0.020183777436614037 0
1731880274880 0.018409740179777145 0
1731880293041 0.01776205189526081 0
1731880311217 0.01954628713428974 0
1731880329350 0.01883304864168167 0
1731880347422 0.019245527684688568 0
1731880365656 0.01813039369881153 0
1731880383848 0.018682299181818962 0
1731880401196 0.018078956753015518 0
1731880418542 0.018930183723568916 0
1731880435912 0.019659854471683502 0
1731880453281 0.0189510490745306 0
1731880470664 0.018219489604234695 0
1731880488046 0.01866457238793373 0
1731880505417 0.018816133961081505 0
1731880522331 0.019598715007305145 0
1731880539247 0.019182249903678894 0
1731880556066 0.01948809251189232 0
1731880572972 0.018895234912633896 0
1731880589778 0.019406482577323914 0
1731880606688 0.01851046457886696 0
1731880623521 0.018918637186288834 0
1731880640784 0.019291318953037262 0
1731880657598 0.019197089597582817 0
1731880674548 0.0199358519166708 0
1731880691365 0.017422771081328392 0
1731880708297 0.018355943262577057 0
1731880725145 0.01905655488371849 0
1731880742103 0.017775431275367737 0
1731880758950 0.017856134101748466 0
1731880775906 0.01920420303940773 0
1731880792742 0.017827996984124184 0
1731880809707 0.018927833065390587 0
1731880826521 0.01828686147928238 0
1731880843500 0.018799062818288803 0
1731880860336 0.018490906804800034 0
1731880877329 0.018574455752968788 0
1731880894526 0.01868797279894352 0
1731880911500 0.019104767590761185 0
1731880928370 0.01880125142633915 0
1731880945340 0.019057856872677803 0
1731880962200 0.01921302266418934 0
1731880979182 0.018498968333005905 0
1731880996059 0.01926201395690441 0
1731881013048 0.018758945167064667 0
1731881029906 0.01860257238149643 0
1731881046887 0.01894381083548069 0
1731881063729 0.018571659922599792 0
1731881080725 0.018475882709026337 0
1731881097612 0.01831388846039772 0
1731881114607 0.01837092638015747 0
1731881131506 0.018281420692801476 0
1731881148820 0.019134094938635826 0
1731881165670 0.019126301631331444 0
1731881182646 0.018297521397471428 0
1731881199543 0.018551254644989967 0
1731881216535 0.018751244992017746 0
1731881233433 0.018879061564803123 0
1731881250432 0.019369350746273994 0
1731881267344 0.019909117370843887 0
1731881284339 0.018595846369862556 0
1731881301230 0.01895122043788433 0
1731881318215 0.01859784871339798 0
1731881335066 0.01872273162007332 0
1731881352067 0.018497979268431664 0
1731881368959 0.019104724749922752 0
1731881386261 0.0190372783690691 0
1731881403145 0.018852051347494125 0
1731881420167 0.019299643114209175 0
1731881437058 0.018910665065050125 0
1731881454071 0.01858312077820301 0
1731881470955 0.01890769600868225 0
1731881487981 0.019509708508849144 0
1731881504874 0.018749888986349106 0
1731881521907 0.01901429332792759 0
1731881538785 0.018832383677363396 0
1731881555813 0.01814267970621586 0
1731881572712 0.019033154472708702 0
1731881589709 0.018867027014493942 0
1731881606601 0.019120940938591957 0
1731881623617 0.018520018085837364 0
1731881640857 0.018868407234549522 0
1731881657918 0.018410764634609222 0
1731881674830 0.01856309175491333 0
1731881691850 0.018521703779697418 0
1731881708768 0.018750883638858795 0
1731881725971 0.018854588270187378 0
1731881742839 0.01851433888077736 0
1731881759857 0.019013473764061928 0
1731881776791 0.018079085275530815 0
1731881793814 0.018853701651096344 0
1731881810757 0.018906446173787117 0
1731881827757 0.0187094546854496 0
1731881844659 0.019049150869250298 0
1731881861669 0.01832938753068447 0
1731881878582 0.01867513172328472 0
1731881895949 0.01844492182135582 0
1731881912873 0.018712973222136497 0
1731881929905 0.018837150186300278 0
1731881946842 0.01915007270872593 0
1731881963861 0.019062455743551254 0
1731881980764 0.019276093691587448 0
1731881997796 0.018691927194595337 0
1731882014744 0.018741758540272713 0
1731882031804 0.018289096653461456 0
1731882048732 0.01871812343597412 0
1731882065755 0.018785130232572556 0
1731882082689 0.018252313137054443 0
1731882099713 0.019019469618797302 0
1731882116623 0.018470745533704758 0
1731882133649 0.018632596358656883 0
1731882150859 0.01857648231089115 0
1731882167884 0.018979202955961227 0
1731882184750 0.018610794097185135 0
1731882201776 0.018803132697939873 0
1731882218683 0.018660910427570343 0
1731882235673 0.019111432135105133 0
1731882252569 0.019022632390260696 0
1731882269573 0.018544550985097885 0
1731882286433 0.01865161582827568 0
1731882303434 0.018490230664610863 0
1731882320315 0.01898939348757267 0
1731882337329 0.018819576129317284 0
1731882354231 0.01883840374648571 0
1731882371274 0.018777474761009216 0
1731882388155 0.019115542992949486 0
1731882405531 0.018887396901845932 0
1731882422416 0.018820244818925858 0
1731882439413 0.018775034695863724 0
1731882456298 0.018971702083945274 0
1731882473319 0.018707385286688805 0
1731882490231 0.01838962361216545 0
1731882507224 0.018883652985095978 0
1731882524127 0.01846170425415039 0
1731882541164 0.018526874482631683 0
1731882558062 0.018928851932287216 0
1731882575104 0.019029051065444946 0
1731882591990 0.018543485552072525 0
1731882608983 0.01839647814631462 0
1731882625909 0.019060613587498665 0
1731882643283 0.01852457784116268 0
1731882660199 0.018811363726854324 0
1731882677187 0.01889358088374138 0
1731882694078 0.01884627901017666 0
1731882711079 0.018624231219291687 0
1731882727952 0.018636146560311317 0
1731882744915 0.018570667132735252 0
1731882761776 0.018805423751473427 0
1731882778802 0.01873936876654625 0
1731882795711 0.018858473747968674 0
1731882812715 0.01887563243508339 0
1731882829631 0.018842412158846855 0
1731882846640 0.018856516107916832 0
1731882863541 0.018721697852015495 0
1731882880564 0.019000953063368797 0
1731882897771 0.018828336149454117 0
1731882914814 0.018789248540997505 0
1731882931724 0.018679240718483925 0
1731882948708 0.018771545961499214 0
1731882965598 0.018656762316823006 0
1731882982573 0.01884964294731617 0
1731882999464 0.01891733705997467 0
1731883016438 0.01887669786810875 0
1731883033324 0.01865004189312458 0
1731883050317 0.01896965317428112 0
1731883067186 0.01873333938419819 0
1731883084183 0.018730152398347855 0
1731883101037 0.018941732123494148 0
1731883118038 0.018946649506688118 0
1731883134921 0.018864590674638748 0
1731883152282 0.018787704408168793 0
1731883169135 0.018862929195165634 0
1731883186338 0.018650205805897713 0
1731883203213 0.01889641396701336 0
1731883220223 0.018830716609954834 0
1731883237095 0.018802890554070473 0
1731883254057 0.01871609129011631 0
1731883270943 0.018689515069127083 0
1731883287967 0.018972378224134445 0
1731883304828 0.018868960440158844 0
1731883321819 0.018829410895705223 0
1731883338715 0.01891210302710533 0
1731883355716 0.018977247178554535 0
1731883372592 0.01915242150425911 0
1731883389574 0.018750496208667755 0
1731883406748 0.018878044560551643 0
1731883423751 0.01868981309235096 0
1731883440631 0.01872687228024006 0
1731883457613 0.018873000517487526 0
1731883474502 0.01908903941512108 0
1731883491478 0.01872597634792328 0
1731883508360 0.01878943294286728 0
1731883525344 0.01868341490626335 0
1731883542238 0.018961722031235695 0
1731883559235 0.018790055066347122 0
1731883576112 0.018750986084342003 0
1731883593135 0.018895266577601433 0
1731883610037 0.01888507604598999 0
1731883627051 0.018848087638616562 0
1731883643991 0.018674973398447037 0
