1731879794301 0.009196066297590733 0
1731879816480 0.009300828911364079 0
1731879838617 0.009245147928595543 0
1731879860799 0.009278196841478348 0
1731879882791 0.0091222133487463 0
1731879904764 0.00925274658948183 0
1731879926601 0.009183553047478199 0
1731879948534 0.009247688576579094 0
1731879970396 0.00936172902584076 0
1731879992417 0.009465213865041733 0
1731880014316 0.009307696484029293 0
1731880036366 0.009281948208808899 0
1731880058311 0.009158353321254253 0
1731880080421 0.009299596771597862 0
1731880102250 0.009248523972928524 0
1731880121652 0.00918222963809967 0
1731880141072 0.009248060174286366 0
1731880160434 0.009385237470269203 0
1731880179880 0.009159540757536888 0
1731880199384 0.009352151304483414 0
1731880218853 0.008973161689937115 0
1731880238311 0.009314078837633133 0
1731880256840 0.009144220501184464 0
1731880274880 0.009168506599962711 0
1731880293041 0.00907084159553051 0
1731880311217 0.009269247762858868 0
1731880329350 0.009287601336836815 0
1731880347422 0.009212955832481384 0
1731880365656 0.009124533273279667 0
1731880383848 0.009051845408976078 0
1731880401196 0.009229397401213646 0
1731880418542 0.009114973247051239 0
1731880435912 0.00908413901925087 0
1731880453281 0.00913061574101448 0
1731880470664 0.009228263981640339 0
1731880488046 0.009267271496355534 0
1731880505417 0.009224052540957928 0
1731880522331 0.009007476270198822 0
1731880539247 0.009210229851305485 0
1731880556066 0.00922960415482521 0
1731880572972 0.00915861688554287 0
1731880589778 0.009297256357967854 0
1731880606688 0.009323871694505215 0
1731880623521 0.009114470332860947 0
1731880640784 0.009239892475306988 0
1731880657598 0.00916957389563322 0
1731880674548 0.009260178543627262 0
1731880691365 0.009062517434358597 0
1731880708297 0.009145987220108509 0
1731880725145 0.009198596701025963 0
1731880742103 0.009124397300183773 0
1731880758950 0.009183940477669239 0
1731880775906 0.009127739816904068 0
1731880792742 0.009113073348999023 0
1731880809707 0.009126353077590466 0
1731880826521 0.009084463119506836 0
1731880843500 0.009165296331048012 0
1731880860336 0.00913382600992918 0
1731880877329 0.009189227595925331 0
1731880894526 0.009169220924377441 0
1731880911500 0.009237227961421013 0
1731880928370 0.009082612581551075 0
1731880945340 0.009191806428134441 0
1731880962200 0.009110058657824993 0
1731880979182 0.009166755713522434 0
1731880996059 0.009238622151315212 0
1731881013048 0.009313587099313736 0
1731881029906 0.009125074371695518 0
1731881046887 0.00916136335581541 0
1731881063729 0.009181431494653225 0
1731881080725 0.009153367951512337 0
1731881097612 0.009079943411052227 0
1731881114607 0.009046295657753944 0
1731881131506 0.009152236394584179 0
1731881148820 0.009098228067159653 0
1731881165670 0.009231231175363064 0
1731881182646 0.009091597981750965 0
1731881199543 0.009136630222201347 0
1731881216535 0.009076721966266632 0
1731881233433 0.009197183884680271 0
1731881250432 0.009224619716405869 0
1731881267344 0.00915443990379572 0
1731881284339 0.00911779422312975 0
1731881301230 0.009130132384598255 0
1731881318215 0.009214901365339756 0
1731881335066 0.009100548923015594 0
1731881352067 0.009156526066362858 0
1731881368959 0.009010693989694118 0
1731881386261 0.009064772166311741 0
1731881403145 0.009180986322462559 0
1731881420167 0.009198357351124287 0
1731881437058 0.009171712212264538 0
1731881454071 0.009152309969067574 0
1731881470955 0.009126090444624424 0
1731881487981 0.00914304330945015 0
1731881504874 0.009137749671936035 0
1731881521907 0.009171544574201107 0
1731881538785 0.009070559404790401 0
1731881555813 0.009129571728408337 0
1731881572712 0.009172279387712479 0
1731881589709 0.009168681688606739 0
1731881606601 0.00908569898456335 0
1731881623617 0.009053079411387444 0
1731881640857 0.009157455526292324 0
1731881657918 0.009146574884653091 0
1731881674830 0.009127834811806679 0
1731881691850 0.009103245101869106 0
1731881708768 0.009236322715878487 0
1731881725971 0.009129964746534824 0
1731881742839 0.009146591648459435 0
1731881759857 0.009263760410249233 0
1731881776791 0.009148105047643185 0
1731881793814 0.009172613732516766 0
1731881810757 0.009120242670178413 0
1731881827757 0.009192219004034996 0
1731881844659 0.009113513864576817 0
1731881861669 0.009063167497515678 0
1731881878582 0.009085088036954403 0
1731881895949 0.009107733145356178 0
1731881912873 0.009135536849498749 0
1731881929905 0.009132483042776585 0
1731881946842 0.009126488119363785 0
1731881963861 0.009186570532619953 0
1731881980764 0.009137270040810108 0
1731881997796 0.009113827720284462 0
1731882014744 0.009141349233686924 0
1731882031804 0.009165209718048573 0
1731882048732 0.009129168465733528 0
1731882065755 0.009108375757932663 0
1731882082689 0.009106951765716076 0
1731882099713 0.009169980883598328 0
1731882116623 0.009133558720350266 0
1731882133649 0.009194876998662949 0
1731882150859 0.009053139947354794 0
1731882167884 0.009183310903608799 0
1731882184750 0.009152304381132126 0
1731882201776 0.009128729812800884 0
1731882218683 0.009221878834068775 0
1731882235673 0.009192360565066338 0
1731882252569 0.009052538312971592 0
1731882269573 0.00914339255541563 0
1731882286433 0.00914693996310234 0
1731882303434 0.009157320484519005 0
1731882320315 0.009150411002337933 0
1731882337329 0.009140252135694027 0
1731882354231 0.009241819381713867 0
1731882371274 0.009103233925998211 0
1731882388155 0.009172651916742325 0
1731882405531 0.009149312041699886 0
1731882422416 0.009125485084950924 0
1731882439413 0.009146660566329956 0
1731882456298 0.009145836345851421 0
1731882473319 0.009157270193099976 0
1731882490231 0.009127605706453323 0
1731882507224 0.009082636795938015 0
1731882524127 0.00909130647778511 0
1731882541164 0.00911769364029169 0
1731882558062 0.00910681951791048 0
1731882575104 0.00916243065148592 0
1731882591990 0.009146730415523052 0
1731882608983 0.009160259738564491 0
1731882625909 0.00915618147701025 0
1731882643283 0.00915979128330946 0
1731882660199 0.009156303480267525 0
1731882677187 0.009167330339550972 0
1731882694078 0.00916620995849371 0
1731882711079 0.009095953777432442 0
1731882727952 0.009129928424954414 0
1731882744915 0.009260889142751694 0
1731882761776 0.009151277132332325 0
1731882778802 0.009107169695198536 0
1731882795711 0.009129146113991737 0
1731882812715 0.009147313423454762 0
1731882829631 0.009200749918818474 0
1731882846640 0.009144230745732784 0
1731882863541 0.009163917973637581 0
1731882880564 0.009114328771829605 0
1731882897771 0.009170410223305225 0
1731882914814 0.009153270162642002 0
1731882931724 0.009173141792416573 0
1731882948708 0.009176766499876976 0
1731882965598 0.009185316041111946 0
1731882982573 0.009170624427497387 0
1731882999464 0.009122133255004883 0
1731883016438 0.009156265296041965 0
1731883033324 0.009167377837002277 0
1731883050317 0.009148512035608292 0
1731883067186 0.009144450537860394 0
1731883084183 0.009221515618264675 0
1731883101037 0.009138031862676144 0
1731883118038 0.009206157177686691 0
1731883134921 0.0091463103890419 0
1731883152282 0.009189549833536148 0
1731883169135 0.009156354703009129 0
1731883186338 0.009163659997284412 0
1731883203213 0.00916322786360979 0
1731883220223 0.00913164857774973 0
1731883237095 0.009190206415951252 0
1731883254057 0.00919392704963684 0
1731883270943 0.009137867949903011 0
1731883287967 0.009168379940092564 0
1731883304828 0.009130004793405533 0
1731883321819 0.009136929176747799 0
1731883338715 0.009181156754493713 0
1731883355716 0.009142439812421799 0
1731883372592 0.00912984274327755 0
1731883389574 0.009111708961427212 0
1731883406748 0.009095223620533943 0
1731883423751 0.009136723354458809 0
1731883440631 0.009148657321929932 0
1731883457613 0.009152655489742756 0
1731883474502 0.009140629321336746 0
1731883491478 0.009150063619017601 0
1731883508360 0.00919338408857584 0
1731883525344 0.009143286384642124 0
1731883542238 0.009145146235823631 0
1731883559235 0.009162657894194126 0
1731883576112 0.009153256192803383 0
1731883593135 0.009147738106548786 0
1731883610037 0.009145896881818771 0
1731883627051 0.009139709174633026 0
1731883643991 0.009146055206656456 0
