1731879794303 0.000391578912967816 0
1731879816490 0.000323327025398612 0
1731879838621 0.0002830455487128347 0
1731879860801 0.0002655979187693447 0
1731879882794 0.00024500946165062487 0
1731879904767 0.00023248470097314566 0
1731879926604 0.00022021878976374865 0
1731879948536 0.00020897071226499975 0
1731879970399 0.00020640844013541937 0
1731879992419 0.0002043188869720325 0
1731880014318 0.00019646497094072402 0
1731880036370 0.0001875485322671011 0
1731880058313 0.00018460882711224258 0
1731880080424 0.00018550192180555314 0
1731880102252 0.0001732321543386206 0
1731880121654 0.00017178723646793514 0
1731880141074 0.00016693426005076617 0
1731880160436 0.00016464348300360143 0
1731880179883 0.00016390076780226082 0
1731880199386 0.00016172694449778646 0
1731880218856 0.00016149804287124425 0
1731880238314 0.00015777957742102444 0
1731880256843 0.0001562242250656709 0
1731880274882 0.0001488224952481687 0
1731880293043 0.00014679503510706127 0
1731880311219 0.00014354338054545224 0
1731880329352 0.00014430143346544355 0
1731880347424 0.00014374962483998388 0
1731880365658 0.00013963603123556823 0
1731880383850 0.0001352543185930699 0
1731880401199 0.00013407078222371638 0
1731880418544 0.0001329403748968616 0
1731880435914 0.0001315626286668703 0
1731880453284 0.0001257127441931516 0
1731880470667 0.00012576144945342094 0
1731880488048 0.00012603879440575838 0
1731880505420 0.0001252442307304591 0
1731880522334 0.00012202010111650452 0
1731880539250 0.00012296295608393848 0
1731880556068 0.00012343324488028884 0
1731880572975 0.00011994754459010437 0
1731880589780 0.00011598012497415766 0
1731880606690 0.00011643397010629997 0
1731880623524 0.0001153847188106738 0
1731880640787 0.00011194484250154346 0
1731880657600 0.0001118651416618377 0
1731880674550 0.00011066455044783652 0
1731880691367 0.0001067397024598904 0
1731880708299 0.00010737247066572309 0
1731880725147 0.00010680601553758606 0
1731880742105 0.0001055416651070118 0
1731880758952 0.00010564240074018016 0
1731880775908 0.00010431693954160437 0
1731880792745 0.000103239573945757 0
1731880809709 0.00010221272532362491 0
1731880826523 9.918159776134416e-05 0
1731880843502 9.690299339126796e-05 0
1731880860338 0.00010161818499909714 0
1731880877331 9.675105684436858e-05 0
1731880894528 9.487725765211508e-05 0
1731880911503 9.936920105246827e-05 0
1731880928373 9.461611625738442e-05 0
1731880945342 9.371982741868123e-05 0
1731880962202 9.13981712074019e-05 0
1731880979184 9.338894597021863e-05 0
1731880996061 9.473647514823824e-05 0
1731881013050 9.242396481567994e-05 0
1731881029908 9.121163748204708e-05 0
1731881046889 8.794615132501349e-05 0
1731881063731 8.866164716891944e-05 0
1731881080728 8.702379273017868e-05 0
1731881097614 8.883861301001161e-05 0
1731881114609 8.82822714629583e-05 0
1731881131508 9.065707126865163e-05 0
1731881148822 8.425857231486589e-05 0
1731881165672 8.555925160180777e-05 0
1731881182649 8.11177960713394e-05 0
1731881199545 8.532690117135644e-05 0
1731881216537 8.411931048613042e-05 0
1731881233436 8.069434989010915e-05 0
1731881250435 8.131756476359442e-05 0
1731881267346 8.11596546554938e-05 0
1731881284341 7.804754568496719e-05 0
1731881301232 7.932621520012617e-05 0
1731881318217 7.652482599951327e-05 0
1731881335068 7.557564094895497e-05 0
1731881352070 7.97701723058708e-05 0
1731881368961 7.831144466763362e-05 0
1731881386263 7.908887346275151e-05 0
1731881403147 7.796448335284367e-05 0
1731881420169 8.054183854255825e-05 0
1731881437060 7.573002949357033e-05 0
1731881454073 7.646069570910186e-05 0
1731881470957 7.505689427489415e-05 0
1731881487983 7.632776396349072e-05 0
1731881504876 7.512606680393219e-05 0
1731881521910 7.253903459059075e-05 0
1731881538788 7.185427966760471e-05 0
1731881555815 7.186156290117651e-05 0
1731881572714 7.49696628190577e-05 0
1731881589711 7.31407490093261e-05 0
1731881606603 7.140861998777837e-05 0
1731881623619 7.141473179217428e-05 0
1731881640860 7.063277735142037e-05 0
1731881657920 6.971213588258252e-05 0
1731881674832 6.994826253503561e-05 0
1731881691853 6.893427053000778e-05 0
1731881708950 6.973956624278799e-05 0
1731881725973 6.935514829820022e-05 0
1731881742842 6.891744124004617e-05 0
1731881759859 6.682276580249891e-05 0
1731881776793 6.695456977467984e-05 0
1731881793816 6.696898344671354e-05 0
1731881810760 6.7376226070337e-05 0
1731881827760 6.663105159532279e-05 0
1731881844661 6.673912866972387e-05 0
1731881861671 6.362055864883587e-05 0
1731881878584 6.565480725839734e-05 0
1731881895951 6.922226020833477e-05 0
1731881912875 6.164498336147517e-05 0
1731881929907 6.321404362097383e-05 0
1731881946844 6.374352233251557e-05 0
1731881963863 6.475402187788859e-05 0
1731881980766 6.403221050277352e-05 0
1731881997798 6.11386785749346e-05 0
1731882014746 6.025076436344534e-05 0
1731882031806 6.121140904724598e-05 0
1731882048734 5.913603672524914e-05 0
1731882065757 6.0080212278990075e-05 0
1731882082692 6.293530896073207e-05 0
1731882099715 6.115454016253352e-05 0
1731882116625 5.837721619172953e-05 0
1731882133652 5.672472980222665e-05 0
1731882150861 5.731291457777843e-05 0
1731882167886 5.772251824964769e-05 0
1731882184752 5.991826037643477e-05 0
1731882201778 5.826515916851349e-05 0
1731882218685 5.749292176915333e-05 0
1731882235676 5.470882751978934e-05 0
1731882252571 5.7670556998346e-05 0
1731882269575 5.6618067901581526e-05 0
1731882286435 5.3364026825875044e-05 0
1731882303436 5.6197426602011546e-05 0
1731882320317 5.728207906940952e-05 0
1731882337331 5.760679778177291e-05 0
1731882354234 5.463116031023674e-05 0
1731882371276 5.3484061936615035e-05 0
1731882388157 5.546891043195501e-05 0
1731882405534 5.5440792493755e-05 0
1731882422419 5.3926243708701804e-05 0
1731882439415 5.2605177188524976e-05 0
1731882456300 5.3964518883731216e-05 0
1731882473322 5.4268388339551166e-05 0
1731882490233 5.3742962336400524e-05 0
1731882507226 5.4306816309690475e-05 0
1731882524129 5.2392762881936505e-05 0
1731882541167 5.130000499775633e-05 0
1731882558064 5.144872920936905e-05 0
1731882575107 5.306880484567955e-05 0
1731882591992 5.0805356295313686e-05 0
1731882608985 5.026038343203254e-05 0
1731882625911 5.278327444102615e-05 0
1731882643285 4.9972783017437905e-05 0
1731882660201 5.104512820253149e-05 0
1731882677190 4.898523911833763e-05 0
1731882694080 5.121047797729261e-05 0
1731882711081 4.922809239360504e-05 0
1731882727955 4.8286656237905845e-05 0
1731882744917 4.864529182668775e-05 0
1731882761778 4.7443059884244576e-05 0
1731882778805 4.725645703729242e-05 0
1731882795713 4.917137630400248e-05 0
1731882812717 4.966789128957316e-05 0
1731882829633 4.9275655328528956e-05 0
1731882846642 4.8731650167610496e-05 0
1731882863543 4.834709761780687e-05 0
1731882880566 4.774402259499766e-05 0
1731882897773 4.7215911763487384e-05 0
1731882914816 4.7556957724737003e-05 0
1731882931726 4.758593058795668e-05 0
1731882948710 4.6996377932373434e-05 0
1731882965601 4.6037974243517965e-05 0
1731882982575 4.7593595809303224e-05 0
1731882999466 4.638620521291159e-05 0
1731883016440 4.733901732834056e-05 0
1731883033326 4.723083839053288e-05 0
1731883050319 4.7870042180875316e-05 0
1731883067188 4.7249057388398796e-05 0
1731883084186 4.722468656837009e-05 0
1731883101039 4.497616828302853e-05 0
1731883118040 4.48239479737822e-05 0
1731883134923 4.6361143176909536e-05 0
1731883152284 4.651957715395838e-05 0
1731883169138 4.4343585614115e-05 0
1731883186340 4.5772496378049254e-05 0
1731883203215 4.5517375838244334e-05 0
1731883220225 4.470306885195896e-05 0
1731883237097 4.391563925310038e-05 0
1731883254059 4.3910007661907e-05 0
1731883270945 4.421979247126728e-05 0
1731883287969 4.3180229113204405e-05 0
1731883304830 4.3088799429824576e-05 0
1731883321821 4.2611831304384395e-05 0
1731883338717 4.50390980404336e-05 0
1731883355718 4.3461594032123685e-05 0
1731883372595 4.349579103291035e-05 0
1731883389576 4.423758582561277e-05 0
1731883406750 4.413663918967359e-05 0
1731883423753 4.45447803940624e-05 0
1731883440633 4.137830910622142e-05 0
1731883457615 4.2957606638083234e-05 0
1731883474504 4.2285322706447914e-05 0
1731883491480 4.374146010377444e-05 0
1731883508362 4.322364475228824e-05 0
1731883525346 4.197695307084359e-05 0
1731883542240 4.25752587034367e-05 0
1731883559237 4.239056943333708e-05 0
1731883576115 4.0393835661234334e-05 0
1731883593137 4.152252950007096e-05 0
1731883610039 4.1618153773015365e-05 0
1731883627053 4.1262035665567964e-05 0
1731883643993 4.071588773513213e-05 0
