1731879794303 0.0007355587440542877 0
1731879816490 0.0005078780231997371 0
1731879838621 0.0004558464279398322 0
1731879860801 0.00041793857235461473 0
1731879882794 0.00036663052742369473 0
1731879904767 0.0003320761607028544 0
1731879926604 0.0003391279315110296 0
1731879948536 0.0003349028411321342 0
1731879970399 0.0003515909775160253 0
1731879992419 0.00033041636925190687 0
1731880014318 0.0003370802733115852 0
1731880036370 0.00031485696672461927 0
1731880058313 0.000318918377161026 0
1731880080424 0.00029937044018879533 0
1731880102252 0.00031837759888730943 0
1731880121654 0.0003493014955893159 0
1731880141074 0.00034515908919274807 0
1731880160436 0.0003413034719415009 0
1731880179883 0.00035783936618827283 0
1731880199386 0.000357968732714653 0
1731880218856 0.0003673380706459284 0
1731880238314 0.00036346644628793 0
1731880256843 0.00036762154195457697 0
1731880274882 0.000356811418896541 0
1731880293043 0.00037504048668779433 0
1731880311219 0.0003921376192010939 0
1731880329352 0.00038956053322181106 0
1731880347424 0.0003812809009104967 0
1731880365658 0.0003923942567780614 0
1731880383850 0.00040203187381848693 0
1731880401199 0.00040249183075502515 0
1731880418544 0.00044225805322639644 0
1731880435914 0.0004207075689919293 0
1731880453284 0.00044176040682941675 0
1731880470667 0.0004761145683005452 0
1731880488048 0.00046721522812731564 0
1731880505420 0.00045671832049265504 0
1731880522334 0.0004561099340207875 0
1731880539250 0.00048437307123094797 0
1731880556068 0.00045804475666955113 0
1731880572975 0.0004652037168852985 0
1731880589780 0.000474531581858173 0
1731880606690 0.0004457953036762774 0
1731880623524 0.0004796433204319328 0
1731880640787 0.0005076904781162739 0
1731880657600 0.000491616316139698 0
1731880674550 0.0005351872532628477 0
1731880691367 0.0005093667423352599 0
1731880708299 0.0005173749523237348 0
1731880725147 0.0005264879437163472 0
1731880742105 0.000527300697285682 0
1731880758952 0.0005805056425742805 0
1731880775908 0.0005400765221565962 0
1731880792745 0.0005676050204783678 0
1731880809709 0.000539781351108104 0
1731880826523 0.0005557819386012852 0
1731880843502 0.0005730156553909183 0
1731880860338 0.0005469856550917029 0
1731880877331 0.0005782005027867854 0
1731880894528 0.0005709354300051928 0
1731880911503 0.000550306576769799 0
1731880928373 0.0005815521581098437 0
1731880945342 0.0005109002231620252 0
1731880962202 0.0006048514042049646 0
1731880979184 0.0005542087601497769 0
1731880996061 0.0006142299389466643 0
1731881013050 0.0006245248368941247 0
1731881029908 0.0005932468920946121 0
1731881046889 0.0006364843575283885 0
1731881063731 0.0005632730899378657 0
1731881080728 0.0005608897190541029 0
1731881097614 0.000604794011451304 0
1731881114609 0.0006192530272528529 0
1731881131508 0.0005384291289374232 0
1731881148822 0.0005874162307009101 0
1731881165672 0.00060988066252321 0
1731881182649 0.000614959979429841 0
1731881199545 0.000579038867726922 0
1731881216537 0.0006436272524297237 0
1731881233436 0.0006635969039052725 0
1731881250435 0.000701580778695643 0
1731881267346 0.0006298819789662957 0
1731881284341 0.0006400342681445181 0
1731881301232 0.0006330337491817772 0
1731881318217 0.0006250526057556272 0
1731881335068 0.0006610129494220018 0
1731881352070 0.0006517770234495401 0
1731881368961 0.0006254663458094001 0
1731881386263 0.00062393001280725 0
1731881403147 0.0006234346074052155 0
1731881420169 0.0006519489688798785 0
1731881437060 0.0006548500386998057 0
1731881454073 0.0006472468376159668 0
1731881470957 0.0006775562651455402 0
1731881487983 0.0006499423761852086 0
1731881504876 0.0006808140315115452 0
1731881521910 0.0006195848691277206 0
1731881538788 0.0007554986514151096 0
1731881555815 0.0006289114826358855 0
1731881572714 0.0006826318567618728 0
1731881589711 0.000701080251019448 0
1731881606603 0.0006742137484252453 0
1731881623619 0.0006901627639308572 0
1731881640860 0.0007328030769713223 0
1731881657920 0.0006875478429719806 0
1731881674832 0.0006693016039207578 0
1731881691853 0.0007376748835667968 0
1731881708950 0.0007185949943959713 0
1731881725973 0.0007145045674405992 0
1731881742842 0.0007341263699345291 0
1731881759859 0.0007156762294471264 0
1731881776793 0.0007066172547638416 0
1731881793816 0.0007085187826305628 0
1731881810760 0.0007044192170724273 0
1731881827760 0.000676710857078433 0
1731881844661 0.0006931099342182279 0
1731881861671 0.000678105978295207 0
1731881878584 0.0007494828896597028 0
1731881895951 0.0007085887482389808 0
1731881912875 0.0007356639835052192 0
1731881929907 0.0007173203048296273 0
1731881946844 0.0007594373892061412 0
1731881963863 0.0007333482499234378 0
1731881980766 0.0008317622705362737 0
1731881997798 0.0007333038956858218 0
1731882014746 0.0007694479427300394 0
1731882031806 0.0007168931188061833 0
1731882048734 0.0007601631223224103 0
1731882065757 0.0007500658975914121 0
1731882082692 0.000809241842944175 0
1731882099715 0.000756563269533217 0
1731882116625 0.0007914449088275433 0
1731882133652 0.0007574571063742042 0
1731882150861 0.0008359324419870973 0
1731882167886 0.0007823661435395479 0
1731882184752 0.0008276797598227859 0
1731882201778 0.0007555262418463826 0
1731882218685 0.0008267875527963042 0
1731882235676 0.0008107161847874522 0
1731882252571 0.0008548538899049163 0
1731882269575 0.0008260642061941326 0
1731882286435 0.0008107039029709995 0
1731882303436 0.0007977602072060108 0
1731882320317 0.0008455325150862336 0
1731882337331 0.0008081705309450626 0
1731882354234 0.0008329807315021753 0
1731882371276 0.00081016612239182 0
1731882388157 0.0008193739922717214 0
1731882405534 0.0007773092365823686 0
1731882422419 0.0008431377355009317 0
1731882439415 0.0008227687212638557 0
1731882456300 0.0008777033071964979 0
1731882473322 0.0008262937772087753 0
1731882490233 0.0008721760823391378 0
1731882507226 0.000850338430609554 0
1731882524129 0.0007794584962539375 0
1731882541167 0.0008732911664992571 0
1731882558064 0.0008102754363790154 0
1731882575107 0.0009056529961526394 0
1731882591992 0.0008383392123505473 0
1731882608985 0.0008438358781859279 0
1731882625911 0.0008861982496455312 0
1731882643285 0.0008453265181742609 0
1731882660201 0.0008531506173312664 0
1731882677190 0.0008346271351911128 0
1731882694080 0.0008726200903765857 0
1731882711081 0.000873544136993587 0
1731882727955 0.0008182622259482741 0
1731882744917 0.0009054923430085182 0
1731882761778 0.0008330387063324451 0
1731882778805 0.0008742020581848919 0
1731882795713 0.0009254550095647573 0
1731882812717 0.0008336836472153664 0
1731882829633 0.0008968788897618651 0
1731882846642 0.0009220504434779286 0
1731882863543 0.000983536010608077 0
1731882880566 0.0008517545647919178 0
1731882897773 0.0008882205002009869 0
1731882914816 0.0009094735723920166 0
1731882931726 0.0009277083445340395 0
1731882948710 0.0008755790186114609 0
1731882965601 0.0008962667779996991 0
1731882982575 0.000879860483109951 0
1731882999466 0.0009082156466320157 0
1731883016440 0.0009580160258337855 0
1731883033326 0.0008396754274144769 0
1731883050319 0.0009528814116492867 0
1731883067188 0.0008979980484582484 0
1731883084186 0.0009479783475399017 0
1731883101039 0.0009292173199355602 0
1731883118040 0.000839406275190413 0
1731883134923 0.0008704075589776039 0
1731883152284 0.0009264795808121562 0
1731883169138 0.0009261430823244154 0
1731883186340 0.0009060403681360185 0
1731883203215 0.0009484286420047283 0
1731883220225 0.0009298258228227496 0
1731883237097 0.0009413296938873827 0
1731883254059 0.0009159416076727211 0
1731883270945 0.000952762202359736 0
1731883287969 0.0009589994442649186 0
1731883304830 0.0009103835327550769 0
1731883321821 0.0009089689119718969 0
1731883338717 0.0009765144204720855 0
1731883355718 0.0009208072442561388 0
1731883372595 0.0008797419723123312 0
1731883389576 0.0009199172491207719 0
1731883406750 0.000953532406128943 0
1731883423753 0.0009310662862844765 0
1731883440633 0.0009181977366097271 0
1731883457615 0.0009467108175158501 0
1731883474504 0.0009390738559886813 0
1731883491480 0.0009545645443722606 0
1731883508362 0.0009646270191296935 0
1731883525346 0.0009215428144671023 0
1731883542240 0.0010072789154946804 0
1731883559237 0.0009648448321968317 0
1731883576115 0.0009423879673704505 0
1731883593137 0.0009474838152527809 0
1731883610039 0.000977551331743598 0
1731883627053 0.001008170424029231 0
1731883643993 0.0009281567181460559 0
