1731879794301 22.43215560913086 0
1731879816480 24.644737243652344 0
1731879838617 25.30462646484375 0
1731879860799 25.373329162597656 0
1731879882791 25.8808536529541 0
1731879904764 25.20172119140625 0
1731879926601 26.8521728515625 0
1731879948534 26.42231559753418 0
1731879970396 26.306509017944336 0
1731879992417 26.689617156982422 0
1731880014316 27.019275665283203 0
1731880036366 27.155014038085938 0
1731880058311 27.43973731994629 0
1731880080421 26.977615356445312 0
1731880102250 27.608572006225586 0
1731880121652 27.46076202392578 0
1731880141072 28.236278533935547 0
1731880160434 26.922250747680664 0
1731880179880 27.276752471923828 0
1731880199384 26.910213470458984 0
1731880218853 27.525522232055664 0
1731880238311 27.823013305664062 0
1731880256840 27.47361946105957 0
1731880274880 27.596038818359375 0
1731880293041 28.658849716186523 0
1731880311217 28.566505432128906 0
1731880329350 27.986661911010742 0
1731880347422 28.401803970336914 0
1731880365656 28.068403244018555 0
1731880383848 28.24968147277832 0
1731880401196 28.575475692749023 0
1731880418542 28.41093635559082 0
1731880435912 28.52092170715332 0
1731880453281 28.659683227539062 0
1731880470664 28.90709114074707 0
1731880488046 28.695589065551758 0
1731880505417 28.8046817779541 0
1731880522331 29.11803436279297 0
1731880539247 28.205598831176758 0
1731880556066 28.370532989501953 0
1731880572972 29.06551742553711 0
1731880589778 28.935670852661133 0
1731880606688 29.01158332824707 0
1731880623521 28.871089935302734 0
1731880640784 29.29386329650879 0
1731880657598 29.364274978637695 0
1731880674548 28.15984344482422 0
1731880691365 28.909626007080078 0
1731880708297 29.594661712646484 0
1731880725145 29.55443000793457 0
1731880742103 29.808740615844727 0
1731880758950 29.355859756469727 0
1731880775906 28.373981475830078 0
1731880792742 28.741329193115234 0
1731880809707 29.399930953979492 0
1731880826521 29.24625587463379 0
1731880843500 28.5360107421875 0
1731880860336 28.511184692382812 0
1731880877329 29.195709228515625 0
1731880894526 29.01458168029785 0
1731880911500 29.41925811767578 0
1731880928370 29.923120498657227 0
1731880945340 29.123577117919922 0
1731880962200 30.072721481323242 0
1731880979182 29.305137634277344 0
1731880996059 29.643787384033203 0
1731881013048 28.521862030029297 0
1731881029906 30.013383865356445 0
1731881046887 29.71324920654297 0
1731881063729 29.572450637817383 0
1731881080725 30.31148338317871 0
1731881097612 30.21612548828125 0
1731881114607 29.405637741088867 0
1731881131506 29.278432846069336 0
1731881148820 29.783605575561523 0
1731881165670 30.28845977783203 0
1731881182646 30.012367248535156 0
1731881199543 29.65816879272461 0
1731881216535 30.0854434967041 0
1731881233433 30.222890853881836 0
1731881250432 30.542831420898438 0
1731881267344 30.114686965942383 0
1731881284339 30.614337921142578 0
1731881301230 29.87919044494629 0
1731881318215 30.554832458496094 0
1731881335066 31.16652488708496 0
1731881352067 29.63857650756836 0
1731881368959 31.37580108642578 0
1731881386261 29.943572998046875 0
1731881403145 30.835254669189453 0
1731881420167 30.37896156311035 0
1731881437058 30.753948211669922 0
1731881454071 30.547670364379883 0
1731881470955 30.53417205810547 0
1731881487981 29.84390640258789 0
1731881504874 30.62569236755371 0
1731881521907 31.335906982421875 0
1731881538785 30.946672439575195 0
1731881555813 31.1988468170166 0
1731881572712 30.66942024230957 0
1731881589709 30.929410934448242 0
1731881606601 30.968412399291992 0
1731881623617 30.704713821411133 0
1731881640857 30.820951461791992 0
1731881657918 29.853036880493164 0
1731881674830 30.648670196533203 0
1731881691850 30.630998611450195 0
1731881708768 30.397340774536133 0
1731881725971 30.43935203552246 0
1731881742839 31.91609764099121 0
1731881759857 30.990190505981445 0
1731881776791 30.558975219726562 0
1731881793814 31.760255813598633 0
1731881810757 31.369436264038086 0
1731881827757 31.818981170654297 0
1731881844659 31.124948501586914 0
1731881861669 31.562061309814453 0
1731881878582 31.448448181152344 0
1731881895949 31.199153900146484 0
1731881912873 31.071443557739258 0
1731881929905 31.820280075073242 0
1731881946842 31.283403396606445 0
1731881963861 31.2867431640625 0
1731881980764 32.00454330444336 0
1731881997796 31.86140251159668 0
1731882014744 31.810651779174805 0
1731882031804 31.01435089111328 0
1731882048732 31.724611282348633 0
1731882065755 31.547821044921875 0
1731882082689 31.833105087280273 0
1731882099713 32.709205627441406 0
1731882116623 31.989633560180664 0
1731882133649 32.17028045654297 0
1731882150859 32.39301681518555 0
1731882167884 32.488502502441406 0
1731882184750 32.35088348388672 0
1731882201776 31.663944244384766 0
1731882218683 32.704750061035156 0
1731882235673 31.805723190307617 0
1731882252569 32.23038864135742 0
1731882269573 31.330760955810547 0
1731882286433 32.120845794677734 0
1731882303434 32.465023040771484 0
1731882320315 32.73884582519531 0
1731882337329 32.14986801147461 0
1731882354231 31.773967742919922 0
1731882371274 32.85321044921875 0
1731882388155 32.34303665161133 0
1731882405531 32.5340461730957 0
1731882422416 32.82135772705078 0
1731882439413 32.54613494873047 0
1731882456298 32.057403564453125 0
1731882473319 32.02827453613281 0
1731882490231 32.33031463623047 0
1731882507224 32.26213073730469 0
1731882524127 32.47270584106445 0
1731882541164 32.95436477661133 0
1731882558062 32.273529052734375 0
1731882575104 32.24660110473633 0
1731882591990 32.956787109375 0
1731882608983 32.690460205078125 0
1731882625909 32.60101318359375 0
1731882643283 32.877384185791016 0
1731882660199 32.66675567626953 0
1731882677187 32.58713150024414 0
1731882694078 32.0951042175293 0
1731882711079 33.12605667114258 0
1731882727952 32.04814529418945 0
1731882744915 33.10236358642578 0
1731882761776 31.839797973632812 0
1731882778802 32.6620979309082 0
1731882795711 32.98677062988281 0
1731882812715 33.15270233154297 0
1731882829631 32.125579833984375 0
1731882846640 32.590721130371094 0
1731882863541 32.68033218383789 0
1731882880564 33.498416900634766 0
1731882897771 33.182220458984375 0
1731882914814 33.96622085571289 0
1731882931724 33.11707305908203 0
1731882948708 33.10223388671875 0
1731882965598 32.7336311340332 0
1731882982573 33.01496124267578 0
1731882999464 33.315635681152344 0
1731883016438 33.184051513671875 0
1731883033324 33.28476333618164 0
1731883050317 31.971338272094727 0
1731883067186 33.114559173583984 0
1731883084183 33.31125259399414 0
1731883101037 33.57476043701172 0
1731883118038 33.90263748168945 0
1731883134921 33.30974578857422 0
1731883152282 33.8038215637207 0
1731883169135 33.41362762451172 0
1731883186338 33.89662170410156 0
1731883203213 33.160560607910156 0
1731883220223 33.92873001098633 0
1731883237095 32.90462112426758 0
1731883254057 33.33065414428711 0
1731883270943 33.60903549194336 0
1731883287967 33.584590911865234 0
1731883304828 34.00474166870117 0
1731883321819 33.91272735595703 0
1731883338715 33.589149475097656 0
1731883355716 34.05437469482422 0
1731883372592 33.658447265625 0
1731883389574 33.947105407714844 0
1731883406748 34.16707229614258 0
1731883423751 34.104087829589844 0
1731883440631 33.5169563293457 0
1731883457613 34.03458786010742 0
1731883474502 34.22547149658203 0
1731883491478 34.03087615966797 0
1731883508360 33.834442138671875 0
1731883525344 34.52166748046875 0
1731883542238 33.644771575927734 0
1731883559235 33.666099548339844 0
1731883576112 34.339298248291016 0
1731883593135 34.73942947387695 0
1731883610037 33.43212127685547 0
1731883627051 32.997215270996094 0
1731883643991 34.73878479003906 0
