1731879794303 0.005711948499083519 0
1731879816490 0.003431833814829588 0
1731879838621 0.002948066918179393 0
1731879860801 0.0029017957858741283 0
1731879882794 0.0025817519053816795 0
1731879904767 0.0030187545344233513 0
1731879926604 0.0020643468014895916 0
1731879948536 0.0022791256196796894 0
1731879970399 0.002340717939659953 0
1731879992419 0.002143078949302435 0
1731880014318 0.001986426068469882 0
1731880036370 0.0019253003410995007 0
1731880058313 0.0018031259533017874 0
1731880080424 0.002005572896450758 0
1731880102252 0.0017343738581985235 0
1731880121654 0.0017944183200597763 0
1731880141074 0.0015009704511612654 0
1731880160436 0.002031303010880947 0
1731880179883 0.0018720810767263174 0
1731880199386 0.002036941470578313 0
1731880218856 0.0017678587464615703 0
1731880238314 0.0016508152475580573 0
1731880256843 0.0017891135066747665 0
1731880274882 0.001739385537803173 0
1731880293043 0.001361805247142911 0
1731880311219 0.001391071593388915 0
1731880329352 0.0015897679841145873 0
1731880347424 0.0014448389410972595 0
1731880365658 0.0015601261984556913 0
1731880383850 0.001496345503255725 0
1731880401199 0.0013882012572139502 0
1731880418544 0.0014418044593185186 0
1731880435914 0.0014057483058422804 0
1731880453284 0.0013615433126688004 0
1731880470667 0.0012861473951488733 0
1731880488048 0.0013503336813300848 0
1731880505420 0.001316836103796959 0
1731880522334 0.0012251702137291431 0
1731880539250 0.0015116108115762472 0
1731880556068 0.0014552798820659518 0
1731880572975 0.001240075216628611 0
1731880589780 0.0012777111260220408 0
1731880606690 0.0012555718421936035 0
1731880623524 0.0012968536466360092 0
1731880640787 0.0011765585513785481 0
1731880657600 0.0011576369870454073 0
1731880674550 0.001527620479464531 0
1731880691367 0.001285396981984377 0
1731880708299 0.0010978266363963485 0
1731880725147 0.0011080439435318112 0
1731880742105 0.001045022625476122 0
1731880758952 0.0011598824057728052 0
1731880775908 0.0014541251584887505 0
1731880792745 0.001336186076514423 0
1731880809709 0.0011481714900583029 0
1731880826523 0.0011895271018147469 0
1731880843502 0.0014008728321641684 0
1731880860338 0.0014089036267250776 0
1731880877331 0.0012034521205350757 0
1731880894528 0.0012547050137072802 0
1731880911503 0.0011430730810388923 0
1731880928373 0.0010178597876802087 0
1731880945342 0.0012236078036949039 0
1731880962202 0.0009833942167460918 0
1731880979184 0.0011735082371160388 0
1731880996061 0.0010854783467948437 0
1731881013050 0.001405443879775703 0
1731881029908 0.0009969228412956 0
1731881046889 0.0010682549327611923 0
1731881063731 0.0011034555500373244 0
1731881080728 0.0009307895670644939 0
1731881097614 0.0009514526464045048 0
1731881114609 0.0011466637952253222 0
1731881131508 0.0011807464761659503 0
1731881148822 0.0010510887950658798 0
1731881165672 0.0009357373928651214 0
1731881182649 0.000997156254015863 0
1731881199545 0.001081889495253563 0
1731881216537 0.0009805177105590701 0
1731881233436 0.0009499715524725616 0
1731881250435 0.0008825041586533189 0
1731881267346 0.0009739378001540899 0
1731881284341 0.0008680927567183971 0
1731881301232 0.0010282074799761176 0
1731881318217 0.0008800689829513431 0
1731881335068 0.0007644472643733025 0
1731881352070 0.0010867814999073744 0
1731881368961 0.0007284834864549339 0
1731881386263 0.0010130772134289145 0
1731881403147 0.0008250391110777855 0
1731881420169 0.000916439457796514 0
1731881437060 0.0008406303240917623 0
1731881454073 0.0008815214969217777 0
1731881470957 0.0008842655806802213 0
1731881487983 0.00103659532032907 0
1731881504876 0.0008658261504024267 0
1731881521910 0.0007352062384597957 0
1731881538788 0.0008041420951485634 0
1731881555815 0.0007587787695229053 0
1731881572714 0.0008571517537347972 0
1731881589711 0.0008073444478213787 0
1731881606603 0.0008001265814527869 0
1731881623619 0.0008502145064994693 0
1731881640860 0.0008277606102637947 0
1731881657920 0.0010344181209802628 0
1731881674832 0.0008612570236437023 0
1731881691853 0.0008647687500342727 0
1731881708950 0.0009125692304223776 0
1731881725973 0.0009037840063683689 0
1731881742842 0.0006432654918171465 0
1731881759859 0.0007961240480653942 0
1731881776793 0.0008792299777269363 0
1731881793816 0.0006667673587799072 0
1731881810760 0.0007295517716556787 0
1731881827760 0.0006578119355253875 0
1731881844661 0.0007718004053458571 0
1731881861671 0.0006979007157497108 0
1731881878584 0.0007163993432186544 0
1731881895951 0.000758725160267204 0
1731881912875 0.000781367882154882 0
1731881929907 0.0006576153682544827 0
1731881946844 0.0007441485649906099 0
1731881963863 0.0007435764418914914 0
1731881980766 0.0006302976980805397 0
1731881997798 0.0006514177657663822 0
1731882014746 0.0006590748089365661 0
1731882031806 0.0007917077164165676 0
1731882048734 0.0006722623365931213 0
1731882065757 0.0007001931080594659 0
1731882082692 0.0006556762382388115 0
1731882099715 0.0005358945345506072 0
1731882116625 0.0006324648857116699 0
1731882133652 0.0006066970527172089 0
1731882150861 0.0005763656226918101 0
1731882167886 0.0005638316506519914 0
1731882184752 0.0005819848738610744 0
1731882201778 0.0006817191606387496 0
1731882218685 0.0005364444805309176 0
1731882235676 0.0006598231266252697 0
1731882252571 0.0005983581067994237 0
1731882269575 0.0007360777817666531 0
1731882286435 0.000613642274402082 0
1731882303436 0.0005668886005878448 0
1731882320317 0.0005322496290318668 0
1731882337331 0.0006095551652833819 0
1731882354234 0.0006646653055213392 0
1731882371276 0.0005184165202081203 0
1731882388157 0.0005830371519550681 0
1731882405534 0.0005579499411396682 0
1731882422419 0.0005222329637035728 0
1731882439415 0.0005563989980146289 0
1731882456300 0.0006226723780855536 0
1731882473322 0.0006268625147640705 0
1731882490233 0.0005847472930327058 0
1731882507226 0.0005940002156421542 0
1731882524129 0.0005658866139128804 0
1731882541167 0.0005064813303761184 0
1731882558064 0.0005924435681663454 0
1731882575107 0.0005961281713098288 0
1731882591992 0.0005061991978436708 0
1731882608985 0.0005382125964388251 0
1731882625911 0.0005494125070981681 0
1731882643285 0.0005155389080755413 0
1731882660201 0.0005411581369116902 0
1731882677190 0.0005511714261956513 0
1731882694080 0.000617290148511529 0
1731882711081 0.0004868489922955632 0
1731882727955 0.0006240010843612254 0
1731882744917 0.0004895123420283198 0
1731882761778 0.0006546663935296237 0
1731882778805 0.0005417387001216412 0
1731882795713 0.0005027159349992871 0
1731882812717 0.00048387094284407794 0
1731882829633 0.0006129737012088299 0
1731882846642 0.0005507163004949689 0
1731882863543 0.0005394689505919814 0
1731882880566 0.0004468464758247137 0
1731882897773 0.0004805934149771929 0
1731882914816 0.0004012153949588537 0
1731882931726 0.0004878572071902454 0
1731882948710 0.0004895268939435482 0
1731882965601 0.0005328891566023231 0
1731882982575 0.0004994632326997817 0
1731882999466 0.0004660541599150747 0
1731883016440 0.000480390852317214 0
1731883033326 0.00046937898150645196 0
1731883050319 0.0006351351039484143 0
1731883067188 0.0004881394561380148 0
1731883084186 0.0004665247106458992 0
1731883101039 0.00043905986240133643 0
1731883118040 0.0004071327275596559 0
1731883134923 0.00046668664435856044 0
1731883152284 0.0004165025893598795 0
1731883169138 0.00045565603068098426 0
1731883186340 0.0004076971672475338 0
1731883203215 0.0004829963145311922 0
1731883220225 0.00040469420491717756 0
1731883237097 0.0005123158334754407 0
1731883254059 0.00046444518375210464 0
1731883270945 0.00043560852645896375 0
1731883287969 0.00043806730536744 0
1731883304830 0.0003976727311965078 0
1731883321821 0.0004061877843923867 0
1731883338717 0.0004376078140921891 0
1731883355718 0.00039315392496064305 0
1731883372595 0.00043068043305538595 0
1731883389576 0.0004029855481348932 0
1731883406750 0.000383082777261734 0
1731883423753 0.00038867886178195477 0
1731883440633 0.00044494285248219967 0
1731883457615 0.0003949489910155535 0
1731883474504 0.00037796597462147474 0
1731883491480 0.00039528668276034296 0
1731883508362 0.00041357631562277675 0
1731883525346 0.0003530474496074021 0
1731883542240 0.00043203867971897125 0
1731883559237 0.0004299222491681576 0
1731883576115 0.00036818822263740003 0
1731883593137 0.00033578177681192756 0
1731883610039 0.0004537198692560196 0
1731883627053 0.0005015083588659763 0
1731883643993 0.0003358316025696695 0
