1732098556059 0.46956199407577515 0
1732098583726 0.4320601224899292 0
1732098610730 0.4026409387588501 0
1732098637593 0.38359153270721436 0
1732098664182 0.36461302638053894 0
1732098690733 0.3328685462474823 0
1732098716971 0.32884249091148376 0
1732098743202 0.3017587959766388 0
1732098769317 0.2987701892852783 0
1732098795583 0.29536575078964233 0
1732098821833 0.28566285967826843 0
1732098848129 0.28697314858436584 0
1732098874375 0.27008914947509766 0
1732098900760 0.27011239528656006 0
1732098926698 0.2670627236366272 0
1732098949814 0.2622264325618744 0
1732098972866 0.25179412961006165 0
1732098995949 0.2590821385383606 0
1732099019036 0.2548140585422516 0
1732099042163 0.2549924850463867 0
1732099065253 0.2506556212902069 0
1732099088365 0.2528074085712433 0
1732099110323 0.24929262697696686 0
1732099131722 0.2439267933368683 0
1732099153269 0.2412569671869278 0
1732099174855 0.24366311728954315 0
1732099196382 0.23681588470935822 0
1732099217841 0.23924557864665985 0
1732099239417 0.23781655728816986 0
1732099260855 0.23830026388168335 0
1732099281356 0.2366478145122528 0
1732099301901 0.2351810336112976 0
1732099322419 0.2346077859401703 0
1732099342966 0.2339012622833252 0
1732099363457 0.2293986976146698 0
1732099383915 0.23182229697704315 0
1732099404420 0.23433804512023926 0
1732099424380 0.23658506572246552 0
1732099444348 0.2302035391330719 0
1732099464160 0.23515014350414276 0
1732099484098 0.22703993320465088 0
1732099503905 0.23009037971496582 0
1732099523822 0.2336598038673401 0
1732099543627 0.23364758491516113 0
1732099563842 0.23335978388786316 0
1732099583634 0.22481080889701843 0
1732099603587 0.22085236012935638 0
1732099623428 0.2272861897945404 0
1732099643358 0.2311328649520874 0
1732099663126 0.22273246943950653 0
1732099683104 0.23116064071655273 0
1732099702901 0.2261912226676941 0
1732099722877 0.22131668031215668 0
1732099742643 0.2259443998336792 0
1732099762565 0.2265118658542633 0
1732099782332 0.222976416349411 0
1732099802308 0.22561298310756683 0
1732099822096 0.22187404334545135 0
1732099842019 0.22383113205432892 0
1732099862124 0.22678889334201813 0
1732099882040 0.2245648205280304 0
1732099901791 0.2224551886320114 0
1732099921737 0.2199108600616455 0
1732099941517 0.22533008456230164 0
1732099961433 0.2206985354423523 0
1732099981204 0.2154645174741745 0
1732100001102 0.21886210143566132 0
1732100020866 0.21725240349769592 0
1732100040778 0.21785397827625275 0
1732100060553 0.22126254439353943 0
1732100080447 0.22669567167758942 0
1732100100131 0.2184443324804306 0
1732100119999 0.22526898980140686 0
1732100139789 0.21988603472709656 0
1732100160055 0.21931862831115723 0
1732100179788 0.22078415751457214 0
1732100199704 0.21417254209518433 0
1732100219514 0.21830534934997559 0
1732100239435 0.2177751213312149 0
1732100259189 0.21648140251636505 0
1732100279094 0.21858644485473633 0
1732100298856 0.21383553743362427 0
1732100318755 0.21643556654453278 0
1732100338519 0.21508359909057617 0
1732100358466 0.2194039672613144 0
1732100378223 0.21794892847537994 0
1732100398123 0.2129659801721573 0
1732100417875 0.2162802666425705 0
1732100438172 0.21880154311656952 0
1732100457865 0.21490460634231567 0
1732100477788 0.2161092758178711 0
1732100497577 0.21455073356628418 0
1732100517489 0.21668291091918945 0
1732100537253 0.2142511010169983 0
1732100557116 0.21838553249835968 0
1732100576861 0.21732065081596375 0
1732100596739 0.21433228254318237 0
1732100616491 0.2136794626712799 0
1732100636414 0.2156226634979248 0
1732100656236 0.2144079953432083 0
1732100676189 0.2142704725265503 0
1732100695977 0.2145334929227829 0
1732100715856 0.21253037452697754 0
1732100735966 0.21290452778339386 0
1732100755874 0.21591345965862274 0
1732100775633 0.2076936811208725 0
1732100795541 0.21442392468452454 0
1732100815270 0.2151385098695755 0
1732100835179 0.21230190992355347 0
1732100854946 0.21331049501895905 0
1732100874774 0.2136610597372055 0
1732100894530 0.2111022025346756 0
1732100914415 0.21490246057510376 0
1732100934179 0.21046246588230133 0
1732100954048 0.21078082919120789 0
1732100973852 0.21289189159870148 0
1732100993723 0.2131803184747696 0
1732101013519 0.21318508684635162 0
1732101033728 0.21080127358436584 0
1732101053515 0.21214599907398224 0
1732101073412 0.2130509614944458 0
1732101093185 0.21155579388141632 0
1732101113078 0.21529176831245422 0
1732101132806 0.2096935361623764 0
1732101152681 0.21069452166557312 0
1732101172416 0.21188530325889587 0
1732101192296 0.20882351696491241 0
1732101212053 0.20893245935440063 0
1732101231903 0.21268795430660248 0
1732101251648 0.2131396383047104 0
1732101271524 0.21061353385448456 0
1732101291233 0.21006274223327637 0
1732101311118 0.21507500112056732 0
1732101331199 0.20980459451675415 0
1732101351033 0.2147141844034195 0
1732101370765 0.2096373587846756 0
1732101390617 0.21004517376422882 0
1732101410310 0.21335464715957642 0
1732101430238 0.21103709936141968 0
1732101449934 0.21314911544322968 0
1732101469782 0.21053245663642883 0
1732101489525 0.20721395313739777 0
1732101509346 0.21135655045509338 0
1732101529084 0.20907564461231232 0
1732101548921 0.21217931807041168 0
1732101568681 0.20988304913043976 0
1732101588561 0.21176965534687042 0
1732101608289 0.21058820188045502 0
1732101628496 0.20809799432754517 0
1732101648272 0.20880289375782013 0
1732101668144 0.2086372673511505 0
1732101687830 0.21187381446361542 0
1732101707710 0.21205860376358032 0
1732101727484 0.21092617511749268 0
1732101747336 0.20887288451194763 0
1732101767079 0.21032720804214478 0
1732101786951 0.21209265291690826 0
1732101806697 0.2125851958990097 0
1732101826560 0.20898248255252838 0
1732101846293 0.2067411094903946 0
1732101866159 0.21013852953910828 0
1732101885869 0.2090444713830948 0
1732101906050 0.20893330872058868 0
1732101925778 0.21022365987300873 0
1732101945682 0.20922991633415222 0
1732101965390 0.2094898819923401 0
1732101985260 0.2080797702074051 0
1732102005026 0.2100134640932083 0
1732102024893 0.20843254029750824 0
1732102044623 0.21096578240394592 0
1732102064460 0.2097584307193756 0
1732102084224 0.2087671309709549 0
1732102104050 0.2094598263502121 0
1732102123751 0.2086114138364792 0
1732102143649 0.20894528925418854 0
1732102163346 0.2093305140733719 0
1732102183218 0.20812535285949707 0
1732102203209 0.21167434751987457 0
1732102223109 0.21063069999217987 0
1732102242858 0.20766861736774445 0
1732102262731 0.20849986374378204 0
1732102282457 0.20705586671829224 0
1732102302288 0.20910868048667908 0
1732102321987 0.20877094566822052 0
1732102341880 0.21204712986946106 0
1732102361660 0.20983543992042542 0
1732102381490 0.20848630368709564 0
1732102401217 0.206392303109169 0
1732102421062 0.21021459996700287 0
1732102440749 0.20863953232765198 0
1732102460640 0.20711643993854523 0
1732102480400 0.20736874639987946 0
1732102500567 0.2077697068452835 0
1732102520282 0.20751704275608063 0
1732102540170 0.20753155648708344 0
1732102559893 0.20880402624607086 0
1732102579754 0.20742613077163696 0
1732102599466 0.20842523872852325 0
1732102619332 0.20875811576843262 0
1732102639032 0.20726490020751953 0
1732102658898 0.20829559862613678 0
1732102678655 0.2072911411523819 0
1732102698533 0.20949572324752808 0
1732102718221 0.20663031935691833 0
1732102738092 0.2075461447238922 0
1732102757859 0.2079697996377945 0
1732102777687 0.2093959003686905 0
1732102797802 0.20575657486915588 0
1732102817681 0.20880639553070068 0
1732102837408 0.20832481980323792 0
1732102857237 0.20640021562576294 0
1732102876918 0.20798632502555847 0
1732102896754 0.20813943445682526 0
1732102916463 0.20834898948669434 0
1732102936298 0.20982879400253296 0
1732102955977 0.20729099214076996 0
1732102975881 0.20708122849464417 0
1732102995552 0.20796136558055878 0
1732103015425 0.20791244506835938 0
1732103035170 0.207643061876297 0
1732103055033 0.2074241042137146 0
1732103074728 0.2078007459640503 0
