1732098556059 0.02072368562221527 0
1732098583726 0.018899807706475258 0
1732098610730 0.019222578033804893 0
1732098637593 0.020002935081720352 0
1732098664182 0.018455926328897476 0
1732098690733 0.01954534649848938 0
1732098716971 0.018359098583459854 0
1732098743202 0.020063981413841248 0
1732098769317 0.018453586846590042 0
1732098795583 0.01691083051264286 0
1732098821833 0.017896415665745735 0
1732098848129 0.01756521686911583 0
1732098874375 0.01848447695374489 0
1732098900760 0.01654580980539322 0
1732098926698 0.018485167995095253 0
1732098949814 0.017270488664507866 0
1732098972866 0.015718284994363785 0
1732098995949 0.01673813723027706 0
1732099019036 0.015593179501593113 0
1732099042163 0.01625947095453739 0
1732099065253 0.017106089740991592 0
1732099088365 0.015852997079491615 0
1732099110323 0.01683325320482254 0
1732099131722 0.016478579491376877 0
1732099153269 0.016933072358369827 0
1732099174855 0.015729855746030807 0
1732099196382 0.016019554808735847 0
1732099217841 0.01669386960566044 0
1732099239417 0.017573749646544456 0
1732099260855 0.01589491218328476 0
1732099281356 0.018072878941893578 0
1732099301901 0.01657244749367237 0
1732099322419 0.017621926963329315 0
1732099342966 0.01637808419764042 0
1732099363457 0.016609279438853264 0
1732099383915 0.017360582947731018 0
1732099404420 0.01627975143492222 0
1732099424380 0.015937594696879387 0
1732099444348 0.017021890729665756 0
1732099464160 0.01573772169649601 0
1732099484098 0.015886425971984863 0
1732099503905 0.016306761652231216 0
1732099523822 0.015625188127160072 0
1732099543627 0.0159483440220356 0
1732099563842 0.015660956501960754 0
1732099583634 0.016458580270409584 0
1732099603587 0.016090335324406624 0
1732099623428 0.016218656674027443 0
1732099643358 0.015995724126696587 0
1732099663126 0.015867408365011215 0
1732099683104 0.016297297552227974 0
1732099702901 0.016081487759947777 0
1732099722877 0.017115596681833267 0
1732099742643 0.0164604801684618 0
1732099762565 0.016146939247846603 0
1732099782332 0.015481274574995041 0
1732099802308 0.016164885833859444 0
1732099822096 0.016017742455005646 0
1732099842019 0.015971984714269638 0
1732099862124 0.016358602792024612 0
1732099882040 0.015876449644565582 0
1732099901791 0.015327949076890945 0
1732099921737 0.01630564033985138 0
1732099941517 0.016398373991250992 0
1732099961433 0.015577897429466248 0
1732099981204 0.0162891186773777 0
1732100001102 0.016092387959361076 0
1732100020866 0.015256638638675213 0
1732100040778 0.01541203074157238 0
1732100060553 0.01634029671549797 0
1732100080447 0.01544120442122221 0
1732100100131 0.016277488321065903 0
1732100119999 0.01661674678325653 0
1732100139789 0.015829917043447495 0
1732100160055 0.016055161133408546 0
1732100179788 0.01589234545826912 0
1732100199704 0.016247861087322235 0
1732100219514 0.015192721970379353 0
1732100239435 0.016158070415258408 0
1732100259189 0.015354303643107414 0
1732100279094 0.015208938159048557 0
1732100298856 0.015504862181842327 0
1732100318755 0.015555161982774734 0
1732100338519 0.01571548543870449 0
1732100358466 0.01549743302166462 0
1732100378223 0.01614585891366005 0
1732100398123 0.015718571841716766 0
1732100417875 0.01595616340637207 0
1732100438172 0.01563313975930214 0
1732100457865 0.015778562054038048 0
1732100477788 0.014787072315812111 0
1732100497577 0.014928612858057022 0
1732100517489 0.015613124705851078 0
1732100537253 0.0156866367906332 0
1732100557116 0.015517990104854107 0
1732100576861 0.015634583309292793 0
1732100596739 0.01551912073045969 0
1732100616491 0.0163263026624918 0
1732100636414 0.016119269654154778 0
1732100656236 0.016139723360538483 0
1732100676189 0.01590641587972641 0
1732100695977 0.01572505198419094 0
1732100715856 0.015569253824651241 0
1732100735966 0.015788484364748 0
1732100755874 0.015606190077960491 0
1732100775633 0.015454551205039024 0
1732100795541 0.015430825762450695 0
1732100815270 0.01580192521214485 0
1732100835179 0.01533409021794796 0
1732100854946 0.01562012080103159 0
1732100874774 0.01568550430238247 0
1732100894530 0.015040171332657337 0
1732100914415 0.01573561318218708 0
1732100934179 0.015525911003351212 0
1732100954048 0.01535839308053255 0
1732100973852 0.01588415540754795 0
1732100993723 0.01539731677621603 0
1732101013519 0.015775149688124657 0
1732101033728 0.015632634982466698 0
1732101053515 0.015820780768990517 0
1732101073412 0.01575426198542118 0
1732101093185 0.014992083422839642 0
1732101113078 0.015915825963020325 0
1732101132806 0.01568630523979664 0
1732101152681 0.0155617855489254 0
1732101172416 0.01565818302333355 0
1732101192296 0.01526361983269453 0
1732101212053 0.015132397413253784 0
1732101231903 0.015441255643963814 0
1732101251648 0.01657227613031864 0
1732101271524 0.01647423580288887 0
1732101291233 0.015893777832388878 0
1732101311118 0.016140878200531006 0
1732101331199 0.01659436710178852 0
1732101351033 0.015444009564816952 0
1732101370765 0.016313372179865837 0
1732101390617 0.015287878923118114 0
1732101410310 0.01574179343879223 0
1732101430238 0.015896432101726532 0
1732101449934 0.015427161939442158 0
1732101469782 0.015492888167500496 0
1732101489525 0.015698116272687912 0
1732101509346 0.016786327585577965 0
1732101529084 0.016121095046401024 0
1732101548921 0.015697745606303215 0
1732101568681 0.01569725014269352 0
1732101588561 0.015037639066576958 0
1732101608289 0.015360496938228607 0
1732101628496 0.015872575342655182 0
1732101648272 0.014901289716362953 0
1732101668144 0.015134270302951336 0
1732101687830 0.015482263639569283 0
1732101707710 0.015746761113405228 0
1732101727484 0.015675993636250496 0
1732101747336 0.01530161127448082 0
1732101767079 0.015735100954771042 0
1732101786951 0.015574714168906212 0
1732101806697 0.016317063942551613 0
1732101826560 0.015877889469265938 0
1732101846293 0.015613945201039314 0
1732101866159 0.015644019469618797 0
1732101885869 0.016254989430308342 0
1732101906050 0.01531133707612753 0
1732101925778 0.015754681080579758 0
1732101945682 0.015626180917024612 0
1732101965390 0.015676023438572884 0
1732101985260 0.015070457942783833 0
1732102005026 0.015451754443347454 0
1732102024893 0.015533513389527798 0
1732102044623 0.015566975809633732 0
1732102064460 0.015578572638332844 0
1732102084224 0.015576159581542015 0
1732102104050 0.01521710678935051 0
1732102123751 0.015336908400058746 0
1732102143649 0.015535872429609299 0
1732102163346 0.015863021835684776 0
1732102183218 0.01505847554653883 0
1732102203209 0.016076447442173958 0
1732102223109 0.015130155719816685 0
1732102242858 0.015375008806586266 0
1732102262731 0.014956939965486526 0
1732102282457 0.015501530840992928 0
1732102302288 0.015400411561131477 0
1732102321987 0.015273862518370152 0
1732102341880 0.01571369171142578 0
1732102361660 0.016085874289274216 0
1732102381490 0.01531833317130804 0
1732102401217 0.015657199546694756 0
1732102421062 0.015384496189653873 0
1732102440749 0.01582108810544014 0
1732102460640 0.015849975869059563 0
1732102480400 0.015691151842474937 0
1732102500567 0.016000527888536453 0
1732102520282 0.015428640879690647 0
1732102540170 0.0154994186013937 0
1732102559893 0.015206415206193924 0
1732102579754 0.015313562005758286 0
1732102599466 0.015630632638931274 0
1732102619332 0.015362885780632496 0
1732102639032 0.015786275267601013 0
1732102658898 0.01604205183684826 0
1732102678655 0.01559098158031702 0
1732102698533 0.015554007142782211 0
1732102718221 0.015322631224989891 0
1732102738092 0.015316084958612919 0
1732102757859 0.01586032286286354 0
1732102777687 0.015308122150599957 0
1732102797802 0.015872640535235405 0
1732102817681 0.015440193004906178 0
1732102837408 0.015545099042356014 0
1732102857237 0.015272041782736778 0
1732102876918 0.01534179411828518 0
1732102896754 0.0154842808842659 0
1732102916463 0.015283254906535149 0
1732102936298 0.015167780220508575 0
1732102955977 0.015366427600383759 0
1732102975881 0.015798108652234077 0
1732102995552 0.015390646643936634 0
1732103015425 0.015498959459364414 0
1732103035170 0.015039090998470783 0
1732103055033 0.015368289314210415 0
1732103074728 0.015387365594506264 0
