1732098556063 0.0002906834124587476 0
1732098583730 0.00018518308934289962 0
1732098610735 0.0001635695225559175 0
1732098637596 0.00015406013699248433 0
1732098664185 0.0001482028019381687 0
1732098690735 0.0001381507026962936 0
1732098716974 0.00013437322922982275 0
1732098743204 0.00012925050396006554 0
1732098769320 0.00012823093857150525 0
1732098795585 0.00012187544052721933 0
1732098821835 0.0001194991054944694 0
1732098848132 0.0001187055604532361 0
1732098874378 0.00011268779780948535 0
1732098900763 0.0001087975106202066 0
1732098926700 0.00010762879537651315 0
1732098949816 0.00010736254625953734 0
1732098972869 0.000102885504020378 0
1732098995952 0.0001026747195282951 0
1732099019039 0.00010165004641748965 0
1732099042166 9.948990191332996e-05 0
1732099065255 9.301401587435976e-05 0
1732099088368 9.491720993537456e-05 0
1732099110326 8.90658629941754e-05 0
1732099131724 8.825816621538252e-05 0
1732099153272 8.723809150978923e-05 0
1732099174858 8.61240187077783e-05 0
1732099196385 8.13629012554884e-05 0
1732099217844 8.425163105130196e-05 0
1732099239419 8.043701382121071e-05 0
1732099260857 7.687401375733316e-05 0
1732099281359 7.646554877283052e-05 0
1732099301903 7.863544306019321e-05 0
1732099322421 7.651741179870442e-05 0
1732099342969 7.549353176727891e-05 0
1732099363459 7.494740566471592e-05 0
1732099383918 7.105428085196763e-05 0
1732099404422 7.376154098892584e-05 0
1732099424383 7.32439657440409e-05 0
1732099444351 7.162941619753838e-05 0
1732099464162 7.088715210556984e-05 0
1732099484101 7.279286364791915e-05 0
1732099503907 7.07713479641825e-05 0
1732099523825 6.927797221578658e-05 0
1732099543630 6.482003664132208e-05 0
1732099563845 6.786075391573831e-05 0
1732099583636 6.597149331355467e-05 0
1732099603590 6.44912724965252e-05 0
1732099623430 6.498643779195845e-05 0
1732099643361 6.633748125750571e-05 0
1732099663129 6.644886889262125e-05 0
1732099683106 6.626076356042176e-05 0
1732099702903 6.390488124452531e-05 0
1732099722879 6.192034197738394e-05 0
1732099742646 6.172731082187966e-05 0
1732099762568 6.305000715656206e-05 0
1732099782334 6.280445086304098e-05 0
1732099802311 6.3133797084447e-05 0
1732099822098 5.85412562941201e-05 0
1732099842022 6.328479503281415e-05 0
1732099862126 5.9665577282430604e-05 0
1732099882042 5.8239460486220196e-05 0
1732099901794 5.629509541904554e-05 0
1732099921740 5.7799770729616284e-05 0
1732099941519 5.7711742556421086e-05 0
1732099961435 5.7942634157370776e-05 0
1732099981207 5.698764289263636e-05 0
1732100001104 5.5439595598727465e-05 0
1732100020868 5.375763066695072e-05 0
1732100040780 5.3470826969714835e-05 0
1732100060555 5.4164964240044355e-05 0
1732100080450 5.365149991121143e-05 0
1732100100134 5.568137930822559e-05 0
1732100120002 5.6132430472644046e-05 0
1732100139791 5.4342228395398706e-05 0
1732100160058 5.4774904128862545e-05 0
1732100179790 5.3722560551250353e-05 0
1732100199707 5.307984974933788e-05 0
1732100219516 5.263576895231381e-05 0
1732100239438 5.438836888060905e-05 0
1732100259191 5.1643910410348326e-05 0
1732100279097 5.3281430155038834e-05 0
1732100298859 4.957592682330869e-05 0
1732100318757 5.2193532610544935e-05 0
1732100338522 5.259059616946615e-05 0
1732100358468 5.0108643335988745e-05 0
1732100378225 5.169346331967972e-05 0
1732100398125 5.201757812756114e-05 0
1732100417881 4.947317574988119e-05 0
1732100438175 4.934716343996115e-05 0
1732100457867 4.9744219722924754e-05 0
1732100477790 4.695807729149237e-05 0
1732100497579 4.749674553750083e-05 0
1732100517491 4.8836038331501186e-05 0
1732100537255 4.835359868593514e-05 0
1732100557119 4.7811299737077206e-05 0
1732100576863 4.843630813411437e-05 0
1732100596741 4.822407936444506e-05 0
1732100616493 4.6777218813076615e-05 0
1732100636417 4.835051731788553e-05 0
1732100656238 5.0543345423648134e-05 0
1732100676192 4.759834337164648e-05 0
1732100695979 4.9166414100909606e-05 0
1732100715859 4.684086889028549e-05 0
1732100735968 4.7853220166871324e-05 0
1732100755876 4.8271744162775576e-05 0
1732100775636 4.709955464932136e-05 0
1732100795543 4.4595784856937826e-05 0
1732100815273 4.4795193389290944e-05 0
1732100835182 4.576804712996818e-05 0
1732100854949 4.6557510358979926e-05 0
1732100874776 4.554580300464295e-05 0
1732100894533 4.5200456952443346e-05 0
1732100914417 4.333747347118333e-05 0
1732100934182 4.593713310896419e-05 0
1732100954051 4.420140612637624e-05 0
1732100973854 4.576058199745603e-05 0
1732100993725 4.4139043893665075e-05 0
1732101013521 4.408752283779904e-05 0
1732101033730 4.515891851042397e-05 0
1732101053518 4.292673111194745e-05 0
1732101073414 4.3768162868218496e-05 0
1732101093187 4.397004158818163e-05 0
1732101113081 4.427474777912721e-05 0
1732101132808 4.3322743294993415e-05 0
1732101152683 4.4236014218768105e-05 0
1732101172418 4.28721759817563e-05 0
1732101192298 4.1050017898669466e-05 0
1732101212055 4.3430471123429015e-05 0
1732101231905 4.116852505831048e-05 0
1732101251650 4.157911826041527e-05 0
1732101271526 4.147927029407583e-05 0
1732101291236 3.98906267946586e-05 0
1732101311120 4.1718463762663305e-05 0
1732101331201 4.2398514779051766e-05 0
1732101351035 4.482679651118815e-05 0
1732101370767 4.071811054018326e-05 0
1732101390619 4.3134081352036446e-05 0
1732101410312 4.173863271716982e-05 0
1732101430240 4.192689812043682e-05 0
1732101449936 4.3281037505948916e-05 0
1732101469784 4.084821921424009e-05 0
1732101489527 4.140411692787893e-05 0
1732101509348 4.268010889063589e-05 0
1732101529086 4.20689866587054e-05 0
1732101548923 4.13777343055699e-05 0
1732101568683 4.070263457833789e-05 0
1732101588563 3.895773988915607e-05 0
1732101608291 3.906277925125323e-05 0
1732101628499 4.014538717456162e-05 0
1732101648274 3.9700204069959e-05 0
1732101668146 4.048644404974766e-05 0
1732101687832 4.1285064071416855e-05 0
1732101707712 4.1932093154173344e-05 0
1732101727486 4.078144775121473e-05 0
1732101747338 4.0924704080680385e-05 0
1732101767081 4.002756759291515e-05 0
1732101786953 4.1906736441887915e-05 0
1732101806699 3.941501199733466e-05 0
1732101826562 4.027147588203661e-05 0
1732101846295 3.87990839954e-05 0
1732101866161 3.9081365684978664e-05 0
1732101885871 3.9769198338035494e-05 0
1732101906052 4.002254718216136e-05 0
1732101925780 3.9593571273144335e-05 0
1732101945684 3.8112368201836944e-05 0
1732101965392 3.9278180338442326e-05 0
1732101985263 4.082326631760225e-05 0
1732102005028 3.743431807379238e-05 0
1732102024895 3.7555015296675265e-05 0
1732102044625 3.853229645756073e-05 0
1732102064462 3.860595461446792e-05 0
1732102084226 3.880327130900696e-05 0
1732102104052 3.850099892588332e-05 0
1732102123753 4.006769086117856e-05 0
1732102143651 3.6866920709144324e-05 0
1732102163348 3.737541919690557e-05 0
1732102183220 3.88290973205585e-05 0
1732102203212 3.954903513658792e-05 0
1732102223111 3.8058951759012416e-05 0
1732102242860 3.891293818014674e-05 0
1732102262733 3.679685323731974e-05 0
1732102282459 3.8746784412069246e-05 0
1732102302290 3.766668669413775e-05 0
1732102321989 3.5999568353872746e-05 0
1732102341882 3.578867472242564e-05 0
1732102361663 3.697158899740316e-05 0
1732102381492 3.841165380435996e-05 0
1732102401219 3.7461020838236436e-05 0
1732102421064 3.5886376281268895e-05 0
1732102440751 3.5874090826837346e-05 0
1732102460642 3.658708374132402e-05 0
1732102480403 3.6760106013389304e-05 0
1732102500569 3.759613900911063e-05 0
1732102520284 3.6812791222473606e-05 0
1732102540172 3.728430965566076e-05 0
1732102559895 3.8935821066843346e-05 0
1732102579756 3.644918979262002e-05 0
1732102599468 3.729804666363634e-05 0
1732102619334 3.645739343483001e-05 0
1732102639034 3.5480708902468905e-05 0
1732102658900 3.82997932319995e-05 0
1732102678657 3.612455475376919e-05 0
1732102698535 3.752721750061028e-05 0
1732102718223 3.652221130323596e-05 0
1732102738095 3.718413790920749e-05 0
1732102757862 3.5586370358942077e-05 0
1732102777689 3.410477438592352e-05 0
1732102797804 3.464799374341965e-05 0
1732102817683 3.537705561029725e-05 0
1732102837410 3.6234901926945895e-05 0
1732102857239 3.831930007436313e-05 0
1732102876921 3.584167643566616e-05 0
1732102896756 3.496164208627306e-05 0
1732102916465 3.654166721389629e-05 0
1732102936300 3.5326360375620425e-05 0
1732102955979 3.58148172381334e-05 0
1732102975883 3.5637596738524735e-05 0
1732102995554 3.50483060174156e-05 0
1732103015427 3.6058776458958164e-05 0
1732103035172 3.538649616530165e-05 0
1732103055036 3.576690869522281e-05 0
1732103074730 3.559685865184292e-05 0
