1732098556063 0.002734036650508642 0
1732098583730 0.0002392854366917163 0
1732098610735 0.0002405160485068336 0
1732098637596 0.00024787132861092687 0
1732098664185 0.0002004437119467184 0
1732098690735 0.0002791281440295279 0
1732098716974 0.00027733034221455455 0
1732098743204 0.00022967954282648861 0
1732098769320 0.0003490206436254084 0
1732098795585 0.00023859937209635973 0
1732098821835 0.0003042464377358556 0
1732098848132 0.00023287086514756083 0
1732098874378 0.0003174657467752695 0
1732098900763 0.00027657876489683986 0
1732098926700 0.0002677627489902079 0
1732098949816 0.0003189716662745923 0
1732098972869 0.00030497496481984854 0
1732098995952 0.0003743590204976499 0
1732099019039 0.0003921921015717089 0
1732099042166 0.0003879299038089812 0
1732099065255 0.00035341287730261683 0
1732099088368 0.0002973112277686596 0
1732099110326 0.00033707753755152225 0
1732099131724 0.00032832170836627483 0
1732099153272 0.00029424321837723255 0
1732099174858 0.000358656863681972 0
1732099196385 0.00031007343204692006 0
1732099217844 0.00035062446841038764 0
1732099239419 0.00031635380582883954 0
1732099260857 0.00035181548446416855 0
1732099281359 0.0003805346495937556 0
1732099301903 0.0004205853911116719 0
1732099322421 0.0003747083246707916 0
1732099342969 0.0003448952338658273 0
1732099363459 0.00033395737409591675 0
1732099383918 0.00037856557173654437 0
1732099404422 0.00035571533953770995 0
1732099424383 0.0003723377885762602 0
1732099444351 0.000342045706929639 0
1732099464162 0.0004231309867464006 0
1732099484101 0.00035557401133701205 0
1732099503907 0.00042651552939787507 0
1732099523825 0.0003710284363478422 0
1732099543630 0.00038058075006119907 0
1732099563845 0.0003448052448220551 0
1732099583636 0.0003973979037255049 0
1732099603590 0.0003577751340344548 0
1732099623430 0.00035265524638816714 0
1732099643361 0.0004387411754578352 0
1732099663129 0.0004104506806470454 0
1732099683106 0.0003878317365888506 0
1732099702903 0.0004247327451594174 0
1732099722879 0.0003370344056747854 0
1732099742646 0.00039810044108889997 0
1732099762568 0.00037462415639311075 0
1732099782334 0.000394361384678632 0
1732099802311 0.00041328190127387643 0
1732099822098 0.00038727070204913616 0
1732099842022 0.0004013432771898806 0
1732099862126 0.00041831331327557564 0
1732099882042 0.00044886081013828516 0
1732099901794 0.00036011417978443205 0
1732099921740 0.0003706107963807881 0
1732099941519 0.00039651626138947904 0
1732099961435 0.00039887242019176483 0
1732099981207 0.00037193787284195423 0
1732100001104 0.0003842684964183718 0
1732100020868 0.00037741707637906075 0
1732100040780 0.000396197458030656 0
1732100060555 0.000369805668015033 0
1732100080450 0.00041714918916113675 0
1732100100134 0.000361875252565369 0
1732100120002 0.0003076927096117288 0
1732100139791 0.00041269490611739457 0
1732100160058 0.0003818508703261614 0
1732100179790 0.00037366891046985984 0
1732100199707 0.00037872997927479446 0
1732100219516 0.00038129216409288347 0
1732100239438 0.00037425121990963817 0
1732100259191 0.0003976238367613405 0
1732100279097 0.0003891427768394351 0
1732100298859 0.00044196791714057326 0
1732100318757 0.00036281856591813266 0
1732100338522 0.00039736091275699437 0
1732100358468 0.0003881559241563082 0
1732100378225 0.00035507313441485167 0
1732100398125 0.00041290774242952466 0
1732100417881 0.0004622961569111794 0
1732100438175 0.0004322465683799237 0
1732100457867 0.0003689909935928881 0
1732100477790 0.0003478453145362437 0
1732100497579 0.00037412825622595847 0
1732100517491 0.0003793510841205716 0
1732100537255 0.0003864461905322969 0
1732100557119 0.0003780496190302074 0
1732100576863 0.00036342928069643676 0
1732100596741 0.00044147507287561893 0
1732100616493 0.0003553856222424656 0
1732100636417 0.0003609547857195139 0
1732100656238 0.00040172255830839276 0
1732100676192 0.0003495682030916214 0
1732100695979 0.0004120546218473464 0
1732100715859 0.00035506708081811666 0
1732100735968 0.0004174543428234756 0
1732100755876 0.0004454465233720839 0
1732100775636 0.0004403019556775689 0
1732100795543 0.00040411463123746216 0
1732100815273 0.0003760047839023173 0
1732100835182 0.00038913567550480366 0
1732100854949 0.0003841982688754797 0
1732100874776 0.00040471606189385056 0
1732100894533 0.000374673109035939 0
1732100914417 0.00042177809518761933 0
1732100934182 0.0003932485997211188 0
1732100954051 0.00037994945887476206 0
1732100973854 0.00043045339407399297 0
1732100993725 0.0003821743302978575 0
1732101013521 0.000389793305657804 0
1732101033730 0.00039227475645020604 0
1732101053518 0.00042905923328362405 0
1732101073414 0.00038934178883209825 0
1732101093187 0.000371408968931064 0
1732101113081 0.00042247562669217587 0
1732101132808 0.000384392449632287 0
1732101152683 0.00036417375667952 0
1732101172418 0.0004341129388194531 0
1732101192298 0.00038566088187508285 0
1732101212055 0.0004126862913835794 0
1732101231905 0.000383929000236094 0
1732101251650 0.0004286264884285629 0
1732101271526 0.00043295533396303654 0
1732101291236 0.0004232167557347566 0
1732101311120 0.0003752871125470847 0
1732101331201 0.00040068436646834016 0
1732101351035 0.00039760791696608067 0
1732101370767 0.000374286319129169 0
1732101390619 0.0004305819747969508 0
1732101410312 0.0004172839689999819 0
1732101430240 0.00043768895557150245 0
1732101449936 0.0003818658587988466 0
1732101469784 0.0004021915956400335 0
1732101489527 0.00039383707917295396 0
1732101509348 0.00038848654367029667 0
1732101529086 0.0003890366351697594 0
1732101548923 0.00044642924331128597 0
1732101568683 0.00038902158848941326 0
1732101588563 0.0003842526348307729 0
1732101608291 0.00041561934631317854 0
1732101628499 0.0004344835178926587 0
1732101648274 0.0004225590964779258 0
1732101668146 0.0004106104897800833 0
1732101687832 0.0004567895084619522 0
1732101707712 0.0003963776398450136 0
1732101727486 0.0004354420816525817 0
1732101747338 0.00042762502562254667 0
1732101767081 0.0004398408345878124 0
1732101786953 0.00038597133243456483 0
1732101806699 0.00038532871985808015 0
1732101826562 0.000412562774727121 0
1732101846295 0.00040215422632172704 0
1732101866161 0.00044192912173457444 0
1732101885871 0.0004294469254091382 0
1732101906052 0.00038977363146841526 0
1732101925780 0.00044269548379816115 0
1732101945684 0.00038461684016510844 0
1732101965392 0.00037847881321795285 0
1732101985263 0.0003995764418505132 0
1732102005028 0.0003893498796969652 0
1732102024895 0.00040250347228720784 0
1732102044625 0.00045455567305907607 0
1732102064462 0.0004055806202813983 0
1732102084226 0.00044182903366163373 0
1732102104052 0.000424631085479632 0
1732102123753 0.0004109095607418567 0
1732102143651 0.0003691475430969149 0
1732102163348 0.00040400191210210323 0
1732102183220 0.0003895171103067696 0
1732102203212 0.00041597511153668165 0
1732102223111 0.00038756977301090956 0
1732102242860 0.000363714003469795 0
1732102262733 0.000413236441090703 0
1732102282459 0.000401319470256567 0
1732102302290 0.0004001990018878132 0
1732102321989 0.0004127022111788392 0
1732102341882 0.0004459082265384495 0
1732102361663 0.00040893221739679575 0
1732102381492 0.0004439943877514452 0
1732102401219 0.0003914709377568215 0
1732102421064 0.0004124601255171001 0
1732102440751 0.0004289920616429299 0
1732102460642 0.00039327944978140295 0
1732102480403 0.00042749347630888224 0
1732102500569 0.0004064602544531226 0
1732102520284 0.00044081121450290084 0
1732102540172 0.0004128966829739511 0
1732102559895 0.0004766038036905229 0
1732102579756 0.00042396431672386825 0
1732102599468 0.00038266528281383216 0
1732102619334 0.0003918383445125073 0
1732102639034 0.0004316679260227829 0
1732102658900 0.00041683512972667813 0
1732102678657 0.00038641030550934374 0
1732102698535 0.000421214266680181 0
1732102718223 0.00039660511538386345 0
1732102738095 0.0003964489442296326 0
1732102757862 0.0004129335284233093 0
1732102777689 0.00039023105637170374 0
1732102797804 0.00038859914639033377 0
1732102817683 0.0003858329146169126 0
1732102837410 0.00042830509482882917 0
1732102857239 0.00042865893919952214 0
1732102876921 0.0004087440320290625 0
1732102896756 0.00040470837848261 0
1732102916465 0.000395756505895406 0
1732102936300 0.0003792201168835163 0
1732102955979 0.00043054239358752966 0
1732102975883 0.00042563650640659034 0
1732102995554 0.00038778167800046504 0
1732103015427 0.0003627752885222435 0
1732103035172 0.00038074603071436286 0
1732103055036 0.00043641822412610054 0
1732103074730 0.00041546556167304516 0
