1732098556063 0.0007050549029372633 0
1732098583730 0.000351658440195024 0
1732098610735 0.0002814686740748584 0
1732098637596 0.0003208902489859611 0
1732098664185 0.0004127005231566727 0
1732098690735 0.0002855858765542507 0
1732098716974 0.00015811601770110428 0
1732098743204 0.00017495942302048206 0
1732098769320 0.00022174524201545864 0
1732098795585 0.0002061868435703218 0
1732098821835 0.00020683891489170492 0
1732098848132 0.0002824427792802453 0
1732098874378 0.00017741075134836137 0
1732098900763 0.0001379218592774123 0
1732098926700 0.0001249050401384011 0
1732098949816 0.00047747534699738026 0
1732098972869 0.0001591583713889122 0
1732098995952 0.00015841596177779138 0
1732099019039 0.00020216172561049461 0
1732099042166 0.00034590839641168714 0
1732099065255 0.00018463452579453588 0
1732099088368 0.00015892708324827254 0
1732099110326 0.0003560771874617785 0
1732099131724 0.00030020641861483455 0
1732099153272 0.00015650450950488448 0
1732099174858 0.00022419830202125013 0
1732099196385 0.00016514339949935675 0
1732099217844 0.0001220480990014039 0
1732099239419 0.0001440997002646327 0
1732099260857 0.00017706032667774707 0
1732099281359 0.00016672289348207414 0
1732099301903 0.0001748856739141047 0
1732099322421 9.875941032078117e-05 0
1732099342969 0.0003375114465598017 0
1732099363459 0.0001272906520171091 0
1732099383918 0.00013467585085891187 0
1732099404422 0.00011060725955758244 0
1732099424383 0.00012489256914705038 0
1732099444351 0.00012231589062139392 0
1732099464162 0.00012902119487989694 0
1732099484101 0.00014373149315360934 0
1732099503907 0.0001482428633607924 0
1732099523825 0.0001368444791296497 0
1732099543630 0.00013912373105995357 0
1732099563845 0.00011383961827959865 0
1732099583636 0.00011884256673511118 0
1732099603590 9.956065332517028e-05 0
1732099623430 0.00013601407408714294 0
1732099643361 0.00010788725921884179 0
1732099663129 0.0001137553554144688 0
1732099683106 7.478761835955083e-05 0
1732099702903 0.00011727337550837547 0
1732099722879 0.00012529728701338172 0
1732099742646 0.00012843094009440392 0
1732099762568 8.133157825795934e-05 0
1732099782334 0.0001172944757854566 0
1732099802311 8.918567618820816e-05 0
1732099822098 0.00013813523401040584 0
1732099842022 8.807941776467487e-05 0
1732099862126 0.00010991827002726495 0
1732099882042 9.783868154045194e-05 0
1732099901794 0.00013321556616574526 0
1732099921740 9.356359805678949e-05 0
1732099941519 0.0001014145600493066 0
1732099961435 9.095264249481261e-05 0
1732099981207 8.234002598328516e-05 0
1732100001104 0.00011338890180923045 0
1732100020868 0.00010351517994422466 0
1732100040780 8.412953320657834e-05 0
1732100060555 0.00011945130245294422 0
1732100080450 0.00011085679579991847 0
1732100100134 9.064690675586462e-05 0
1732100120002 8.848673314787447e-05 0
1732100139791 0.00010434977593831718 0
1732100160058 0.00011574373638723046 0
1732100179790 7.821190229151398e-05 0
1732100199707 9.023267193697393e-05 0
1732100219516 0.00012141341721871868 0
1732100239438 8.64303219714202e-05 0
1732100259191 7.585209823446348e-05 0
1732100279097 9.599483746569604e-05 0
1732100298859 0.00012169410183560103 0
1732100318757 0.0001013230939861387 0
1732100338522 8.012856415007263e-05 0
1732100358468 7.384255877695978e-05 0
1732100378225 8.661950414534658e-05 0
1732100398125 0.00010482357902219519 0
1732100417881 8.984594023786485e-05 0
1732100438175 9.293902257923037e-05 0
1732100457867 9.668598795542493e-05 0
1732100477790 6.773052155040205e-05 0
1732100497579 6.396436947397888e-05 0
1732100517491 8.416515629505739e-05 0
1732100537255 7.684623415116221e-05 0
1732100557119 9.612429130356759e-05 0
1732100576863 8.810358121991158e-05 0
1732100596741 7.700784772168845e-05 0
1732100616493 9.073105320567265e-05 0
1732100636417 6.636884063482285e-05 0
1732100656238 0.0001074048486771062 0
1732100676192 0.0001023143922793679 0
1732100695979 7.842759805498645e-05 0
1732100715859 6.618646148126572e-05 0
1732100735968 7.48295642551966e-05 0
1732100755876 8.93199467100203e-05 0
1732100775636 8.937723760027438e-05 0
1732100795543 6.0520367696881294e-05 0
1732100815273 9.180010238196701e-05 0
1732100835182 9.572085400577635e-05 0
1732100854949 8.050332689890638e-05 0
1732100874776 9.534066339256242e-05 0
1732100894533 8.957277168519795e-05 0
1732100914417 7.504600216634572e-05 0
1732100934182 6.174112058943138e-05 0
1732100954051 8.489203173667192e-05 0
1732100973854 8.698027522768825e-05 0
1732100993725 6.205483805388212e-05 0
1732101013521 6.103665509726852e-05 0
1732101033730 6.348912575049326e-05 0
1732101053518 7.339758303714916e-05 0
1732101073414 0.00010226910671917722 0
1732101093187 7.870152330724522e-05 0
1732101113081 6.559045141329989e-05 0
1732101132808 7.39769238862209e-05 0
1732101152683 8.170637738658115e-05 0
1732101172418 6.67134445393458e-05 0
1732101192298 9.0526751591824e-05 0
1732101212055 5.319749834598042e-05 0
1732101231905 6.1007704061921686e-05 0
1732101251650 7.03314071870409e-05 0
1732101271526 0.00012420472921803594 0
1732101291236 5.731629062211141e-05 0
1732101311120 8.311684359796345e-05 0
1732101331201 7.82873248681426e-05 0
1732101351035 7.255021773744375e-05 0
1732101370767 6.384963489836082e-05 0
1732101390619 8.728772809263319e-05 0
1732101410312 7.329820073209703e-05 0
1732101430240 5.060488183517009e-05 0
1732101449936 7.683674630243331e-05 0
1732101469784 7.114215986803174e-05 0
1732101489527 6.245281838346273e-05 0
1732101509348 7.084282697178423e-05 0
1732101529086 5.308485197019763e-05 0
1732101548923 6.764275894965976e-05 0
1732101568683 7.08050501998514e-05 0
1732101588563 7.925003592390567e-05 0
1732101608291 6.843033770564944e-05 0
1732101628499 6.862460577394813e-05 0
1732101648274 7.831483526388183e-05 0
1732101668146 7.05345519236289e-05 0
1732101687832 6.676982593489811e-05 0
1732101707712 7.50677936594002e-05 0
1732101727486 6.074726115912199e-05 0
1732101747338 7.544914842583239e-05 0
1732101767081 7.264819578267634e-05 0
1732101786953 6.068892980692908e-05 0
1732101806699 7.18066148692742e-05 0
1732101826562 6.812719948356971e-05 0
1732101846295 6.570066761923954e-05 0
1732101866161 6.507420766865835e-05 0
1732101885871 4.9296671932097524e-05 0
1732101906052 7.244152220664546e-05 0
1732101925780 6.72419264446944e-05 0
1732101945684 7.091833685990423e-05 0
1732101965392 7.958836067700759e-05 0
1732101985263 5.0225902668898925e-05 0
1732102005028 7.481910870410502e-05 0
1732102024895 6.999097240623087e-05 0
1732102044625 6.833196675870568e-05 0
1732102064462 5.2277369832154363e-05 0
1732102084226 8.069637988228351e-05 0
1732102104052 6.567469972651452e-05 0
1732102123753 7.16976574040018e-05 0
1732102143651 5.8177287428407e-05 0
1732102163348 4.8951136704999954e-05 0
1732102183220 7.23071934771724e-05 0
1732102203212 7.227850437629968e-05 0
1732102223111 4.636417725123465e-05 0
1732102242860 5.6648190366104245e-05 0
1732102262733 5.388266436057165e-05 0
1732102282459 5.586242696153931e-05 0
1732102302290 6.070757081033662e-05 0
1732102321989 5.654170672642067e-05 0
1732102341882 5.456562212202698e-05 0
1732102361663 4.871235432801768e-05 0
1732102381492 7.082906813593581e-05 0
1732102401219 5.5245895055122674e-05 0
1732102421064 6.258167559280992e-05 0
1732102440751 5.157119448995218e-05 0
1732102460642 4.796517896465957e-05 0
1732102480403 5.783895539934747e-05 0
1732102500569 4.7597910452168435e-05 0
1732102520284 5.7847704738378525e-05 0
1732102540172 7.236760575324297e-05 0
1732102559895 5.9957936173304915e-05 0
1732102579756 5.8454079407965764e-05 0
1732102599468 7.808778900653124e-05 0
1732102619334 4.5837266952730715e-05 0
1732102639034 5.481756670633331e-05 0
1732102658900 5.9136946219950914e-05 0
1732102678657 5.101207352709025e-05 0
1732102698535 7.062315125949681e-05 0
1732102718223 5.8527119108475745e-05 0
1732102738095 5.4174146498553455e-05 0
1732102757862 5.4961739806458354e-05 0
1732102777689 5.8962519688066095e-05 0
1732102797804 6.461617886088789e-05 0
1732102817683 6.742042023688555e-05 0
1732102837410 4.431862907949835e-05 0
1732102857239 5.881502875126898e-05 0
1732102876921 4.7837082092883065e-05 0
1732102896756 5.888289160793647e-05 0
1732102916465 4.5944692828925326e-05 0
1732102936300 5.2374387450981885e-05 0
1732102955979 5.614385736407712e-05 0
1732102975883 5.818376666866243e-05 0
1732102995554 5.5693941249046475e-05 0
1732103015427 5.5618686019442976e-05 0
1732103035172 6.090387614676729e-05 0
1732103055036 5.2837807743344456e-05 0
1732103074730 5.307328683556989e-05 0
