1731954692206 0.9696903228759766 0
1731954718722 0.8064385652542114 0
1731954745210 0.8052535057067871 0
1731954771609 0.9168660640716553 0
1731954797608 0.9939490556716919 0
1731954823590 1.0234307050704956 0
1731954849381 1.039121389389038 0
1731954875219 1.117293119430542 0
1731954900864 1.1490494012832642 0
1731954926637 1.1322038173675537 0
1731954952379 1.1413267850875854 0
1731954978227 1.1791987419128418 0
1731955003848 1.2343288660049438 0
1731955029731 1.1768524646759033 0
1731955055318 1.227784514427185 0
1731955077935 1.3133444786071777 0
1731955100525 1.3025925159454346 0
1731955123098 1.2864830493927002 0
1731955145719 1.2800372838974 0
1731955168303 1.2555367946624756 0
1731955190951 1.2929601669311523 0
1731955213626 1.2485570907592773 0
1731955235095 1.2817745208740234 0
1731955256020 1.2455124855041504 0
1731955277114 1.286326289176941 0
1731955298212 1.1917788982391357 0
1731955319291 1.1986228227615356 0
1731955340223 1.261073350906372 0
1731955361334 1.2516015768051147 0
1731955382325 1.2634320259094238 0
1731955402383 1.2847470045089722 0
1731955422463 1.188407063484192 0
1731955442547 1.2717952728271484 0
1731955462657 1.2475820779800415 0
1731955482738 1.2860206365585327 0
1731955502814 1.2595282793045044 0
1731955522882 1.301481008529663 0
1731955542340 1.3100591897964478 0
1731955561808 1.2671130895614624 0
1731955581174 1.2364344596862793 0
1731955600686 1.3154048919677734 0
1731955620065 1.3006519079208374 0
1731955639560 1.333825707435608 0
1731955658907 1.3325543403625488 0
1731955678721 1.3263729810714722 0
1731955698107 1.3657413721084595 0
1731955717613 1.3171216249465942 0
1731955737006 1.3425476551055908 0
1731955756529 1.3470462560653687 0
1731955775897 1.304267168045044 0
1731955795380 1.3197654485702515 0
1731955814825 1.3522300720214844 0
1731955834337 1.335389256477356 0
1731955853720 1.3040236234664917 0
1731955873242 1.329803228378296 0
1731955892539 1.3059409856796265 0
1731955912082 1.2740591764450073 0
1731955931433 1.2563596963882446 0
1731955950931 1.2673038244247437 0
1731955970690 1.248868465423584 0
1731955990195 1.2814139127731323 0
1731956009501 1.2791783809661865 0
1731956028993 1.2662090063095093 0
1731956048326 1.2663986682891846 0
1731956067826 1.2834595441818237 0
1731956087179 1.3335622549057007 0
1731956106648 1.2763656377792358 0
1731956125963 1.320639967918396 0
1731956145397 1.2822904586791992 0
1731956164742 1.3211748600006104 0
1731956184260 1.3098814487457275 0
1731956203632 1.3162453174591064 0
1731956223141 1.307687520980835 0
1731956242470 1.3200657367706299 0
1731956262242 1.2967702150344849 0
1731956281631 1.3508914709091187 0
1731956301098 1.272983193397522 0
1731956320452 1.296973705291748 0
1731956339900 1.3248066902160645 0
1731956359299 1.3073254823684692 0
1731956378777 1.3110127449035645 0
1731956398085 1.3269212245941162 0
1731956417559 1.2682483196258545 0
1731956436898 1.2961457967758179 0
1731956456422 1.263098120689392 0
1731956475764 1.3012402057647705 0
1731956495234 1.3314335346221924 0
1731956514587 1.321259617805481 0
1731956534426 1.2895519733428955 0
1731956553769 1.3236485719680786 0
1731956573263 1.3380671739578247 0
1731956592584 1.3481112718582153 0
1731956612091 1.3055963516235352 0
1731956631452 1.3431899547576904 0
1731956650944 1.3247095346450806 0
1731956670294 1.3349217176437378 0
1731956689804 1.3368321657180786 0
1731956709089 1.2734407186508179 0
1731956728566 1.303039789199829 0
1731956747909 1.2901877164840698 0
1731956767439 1.3219274282455444 0
1731956786771 1.2896839380264282 0
1731956806297 1.3110811710357666 0
1731956825985 1.278184413909912 0
1731956845461 1.294266939163208 0
1731956864817 1.2926362752914429 0
1731956884278 1.2553319931030273 0
1731956903600 1.2953464984893799 0
1731956923064 1.3025861978530884 0
1731956942424 1.269955039024353 0
1731956961856 1.2891030311584473 0
1731956981200 1.290977954864502 0
1731957000644 1.2495245933532715 0
1731957019988 1.2899818420410156 0
1731957039456 1.306909441947937 0
1731957058811 1.2573356628417969 0
1731957078290 1.2530966997146606 0
1731957097637 1.2603870630264282 0
1731957117489 1.2570712566375732 0
1731957136850 1.2470922470092773 0
1731957156307 1.234938144683838 0
1731957175659 1.2561296224594116 0
1731957195162 1.2537189722061157 0
1731957214531 1.2548342943191528 0
1731957233994 1.2678639888763428 0
1731957253324 1.2572054862976074 0
1731957272759 1.2513905763626099 0
1731957292112 1.2547168731689453 0
1731957311585 1.2816880941390991 0
1731957330975 1.2604990005493164 0
1731957350453 1.2623727321624756 0
1731957369826 1.277353286743164 0
1731957389311 1.274440884590149 0
1731957408982 1.2842541933059692 0
1731957428456 1.2838364839553833 0
1731957447758 1.262874722480774 0
1731957467196 1.2633373737335205 0
1731957486565 1.2522999048233032 0
1731957506050 1.2802343368530273 0
1731957525390 1.246880292892456 0
1731957544894 1.253692626953125 0
1731957564229 1.2853007316589355 0
1731957583705 1.2570592164993286 0
1731957603042 1.259634256362915 0
1731957622515 1.2724454402923584 0
1731957641873 1.2546411752700806 0
1731957661337 1.2573237419128418 0
1731957680663 1.263059139251709 0
1731957700476 1.2625435590744019 0
1731957719766 1.2587562799453735 0
1731957739256 1.2603503465652466 0
1731957758534 1.2641648054122925 0
1731957777961 1.2730112075805664 0
1731957797305 1.2705682516098022 0
1731957816816 1.256392002105713 0
1731957836141 1.2618428468704224 0
1731957855627 1.267848253250122 0
1731957874991 1.2501901388168335 0
1731957894497 1.2696032524108887 0
1731957913799 1.261070728302002 0
1731957933294 1.2666231393814087 0
1731957952682 1.2626317739486694 0
1731957972509 1.274412751197815 0
1731957991847 1.2617013454437256 0
1731958011328 1.2573922872543335 0
1731958030615 1.2680752277374268 0
1731958050012 1.2513331174850464 0
1731958069333 1.2422268390655518 0
1731958088833 1.2562251091003418 0
1731958108199 1.2497212886810303 0
1731958127718 1.2645859718322754 0
1731958147096 1.2482554912567139 0
1731958166601 1.2521979808807373 0
1731958185997 1.2605189085006714 0
1731958205522 1.2498031854629517 0
1731958224882 1.2646517753601074 0
1731958244277 1.2515960931777954 0
1731958264151 1.269666075706482 0
1731958283609 1.2491081953048706 0
1731958302933 1.2620075941085815 0
1731958322417 1.2514514923095703 0
1731958341720 1.2611273527145386 0
1731958361233 1.2571415901184082 0
1731958380558 1.259210228919983 0
1731958399990 1.2556761503219604 0
1731958419374 1.2628741264343262 0
1731958438829 1.2682172060012817 0
1731958458172 1.2508350610733032 0
1731958477619 1.2475526332855225 0
1731958496902 1.2638336420059204 0
1731958516409 1.2480049133300781 0
1731958535785 1.2405006885528564 0
1731958555603 1.2422077655792236 0
1731958574911 1.255630373954773 0
1731958594410 1.2470074892044067 0
1731958613706 1.2481536865234375 0
1731958633174 1.2652502059936523 0
1731958652519 1.255321741104126 0
1731958671986 1.2429548501968384 0
1731958691310 1.25128173828125 0
1731958710827 1.2546398639678955 0
1731958730130 1.2645679712295532 0
1731958749617 1.2555866241455078 0
1731958768986 1.2477468252182007 0
1731958788452 1.2469793558120728 0
1731958807785 1.2597451210021973 0
1731958827291 1.2718236446380615 0
1731958846909 1.2522807121276855 0
1731958866382 1.2613674402236938 0
1731958885652 1.2490804195404053 0
1731958905116 1.266288161277771 0
1731958924459 1.2558324337005615 0
1731958943914 1.259338140487671 0
1731958963278 1.2707040309906006 0
1731958982774 1.260703206062317 0
1731959002082 1.2641233205795288 0
1731959021565 1.2616523504257202 0
1731959040947 1.2583107948303223 0
1731959060422 1.2621440887451172 0
1731959079793 1.2568331956863403 0
1731959099238 1.2543165683746338 0
1731959118556 1.2466191053390503 0
