1731954692206 0.022366728633642197 0
1731954718722 0.018576467409729958 0
1731954745210 0.01803889498114586 0
1731954771609 0.01622038334608078 0
1731954797608 0.01522885449230671 0
1731954823590 0.0164469126611948 0
1731954849381 0.01645245961844921 0
1731954875219 0.016019467264413834 0
1731954900864 0.015857692807912827 0
1731954926637 0.015887614339590073 0
1731954952379 0.016944505274295807 0
1731954978227 0.016390739008784294 0
1731955003848 0.015403558500111103 0
1731955029731 0.016489261761307716 0
1731955055318 0.01702159270644188 0
1731955077935 0.016489651054143906 0
1731955100525 0.017353881150484085 0
1731955123098 0.017460333183407784 0
1731955145719 0.01670897752046585 0
1731955168303 0.017269214615225792 0
1731955190951 0.01679331623017788 0
1731955213626 0.017247594892978668 0
1731955235095 0.017047207802534103 0
1731955256020 0.017077529802918434 0
1731955277114 0.01669328846037388 0
1731955298212 0.01789901964366436 0
1731955319291 0.0169058907777071 0
1731955340223 0.016996128484606743 0
1731955361334 0.01817885972559452 0
1731955382325 0.01691409759223461 0
1731955402383 0.017433568835258484 0
1731955422463 0.017519734799861908 0
1731955442547 0.017413340508937836 0
1731955462657 0.017908556386828423 0
1731955482738 0.017172787338495255 0
1731955502814 0.01837690733373165 0
1731955522882 0.017462322488427162 0
1731955542340 0.017329303547739983 0
1731955561808 0.017557695508003235 0
1731955581174 0.01785648800432682 0
1731955600686 0.01760389283299446 0
1731955620065 0.018050137907266617 0
1731955639560 0.01782691292464733 0
1731955658907 0.0173964686691761 0
1731955678721 0.01809682324528694 0
1731955698107 0.018334629014134407 0
1731955717613 0.018196063116192818 0
1731955737006 0.018436061218380928 0
1731955756529 0.017574192956089973 0
1731955775897 0.01809864118695259 0
1731955795380 0.018556633964180946 0
1731955814825 0.017823003232479095 0
1731955834337 0.01749011129140854 0
1731955853720 0.017939040437340736 0
1731955873242 0.01699264533817768 0
1731955892539 0.017336620017886162 0
1731955912082 0.01801726408302784 0
1731955931433 0.017816195264458656 0
1731955950931 0.017247172072529793 0
1731955970690 0.017485274001955986 0
1731955990195 0.01759047619998455 0
1731956009501 0.017686085775494576 0
1731956028993 0.01788257248699665 0
1731956048326 0.01791679859161377 0
1731956067826 0.017879299819469452 0
1731956087179 0.017722874879837036 0
1731956106648 0.017767474055290222 0
1731956125963 0.017919996753335 0
1731956145397 0.017134331166744232 0
1731956164742 0.01730830781161785 0
1731956184260 0.01825607940554619 0
1731956203632 0.01790279895067215 0
1731956223141 0.01795460283756256 0
1731956242470 0.017762959003448486 0
1731956262242 0.018687475472688675 0
1731956281631 0.01754620485007763 0
1731956301098 0.017657410353422165 0
1731956320452 0.01724226027727127 0
1731956339900 0.017115125432610512 0
1731956359299 0.017726603895425797 0
1731956378777 0.01789446920156479 0
1731956398085 0.017757849767804146 0
1731956417559 0.017769744619727135 0
1731956436898 0.017432061955332756 0
1731956456422 0.018456444144248962 0
1731956475764 0.01769503392279148 0
1731956495234 0.017533447593450546 0
1731956514587 0.017847321927547455 0
1731956534426 0.018169503659009933 0
1731956553769 0.01738075166940689 0
1731956573263 0.01770961657166481 0
1731956592584 0.01789415441453457 0
1731956612091 0.018479645252227783 0
1731956631452 0.01779363863170147 0
1731956650944 0.01800243929028511 0
1731956670294 0.017682701349258423 0
1731956689804 0.01767619326710701 0
1731956709089 0.0182341281324625 0
1731956728566 0.01762489788234234 0
1731956747909 0.017725039273500443 0
1731956767439 0.017379073426127434 0
1731956786771 0.017634514719247818 0
1731956806297 0.017728786915540695 0
1731956825985 0.01757027767598629 0
1731956845461 0.017442183569073677 0
1731956864817 0.017491476610302925 0
1731956884278 0.017814461141824722 0
1731956903600 0.017470328137278557 0
1731956923064 0.01738227717578411 0
1731956942424 0.017888972535729408 0
1731956961856 0.017779547721147537 0
1731956981200 0.01762472279369831 0
1731957000644 0.018046505749225616 0
1731957019988 0.017480257898569107 0
1731957039456 0.017308969050645828 0
1731957058811 0.017586348578333855 0
1731957078290 0.01737253926694393 0
1731957097637 0.017613539472222328 0
1731957117489 0.01763012818992138 0
1731957136850 0.017333781346678734 0
1731957156307 0.017528025433421135 0
1731957175659 0.017392173409461975 0
1731957195162 0.01744052767753601 0
1731957214531 0.017608797177672386 0
1731957233994 0.017518090084195137 0
1731957253324 0.017084695398807526 0
1731957272759 0.017524030059576035 0
1731957292112 0.017480837181210518 0
1731957311585 0.01734836958348751 0
1731957330975 0.01761648803949356 0
1731957350453 0.01752878911793232 0
1731957369826 0.01761641725897789 0
1731957389311 0.017457282170653343 0
1731957408982 0.017199471592903137 0
1731957428456 0.01733500510454178 0
1731957447758 0.017686787992715836 0
1731957467196 0.017484474927186966 0
1731957486565 0.01743393950164318 0
1731957506050 0.017258144915103912 0
1731957525390 0.017705274745821953 0
1731957544894 0.017564572393894196 0
1731957564229 0.017327995970845222 0
1731957583705 0.017632197588682175 0
1731957603042 0.017365768551826477 0
1731957622515 0.01715054176747799 0
1731957641873 0.0174249354749918 0
1731957661337 0.017633724957704544 0
1731957680663 0.017477858811616898 0
1731957700476 0.017465267330408096 0
1731957719766 0.017480090260505676 0
1731957739256 0.017385702580213547 0
1731957758534 0.017402248457074165 0
1731957777961 0.01724768802523613 0
1731957797305 0.017252735793590546 0
1731957816816 0.017418190836906433 0
1731957836141 0.017591141164302826 0
1731957855627 0.017464833334088326 0
1731957874991 0.017725303769111633 0
1731957894497 0.017576012760400772 0
1731957913799 0.017788367345929146 0
1731957933294 0.017445329576730728 0
1731957952682 0.017343955114483833 0
1731957972509 0.017292942851781845 0
1731957991847 0.01750877872109413 0
1731958011328 0.017514217644929886 0
1731958030615 0.01736350730061531 0
1731958050012 0.017516251653432846 0
1731958069333 0.017563533037900925 0
1731958088833 0.017405634745955467 0
1731958108199 0.01740359328687191 0
1731958127718 0.017475061118602753 0
1731958147096 0.017224499955773354 0
1731958166601 0.01743469387292862 0
1731958185997 0.01747780665755272 0
1731958205522 0.017710214480757713 0
1731958224882 0.01739785633981228 0
1731958244277 0.01755145937204361 0
1731958264151 0.01733916439116001 0
1731958283609 0.017387041822075844 0
1731958302933 0.01740485057234764 0
1731958322417 0.017388030886650085 0
1731958341720 0.017209047451615334 0
1731958361233 0.01748643070459366 0
1731958380558 0.017501555383205414 0
1731958399990 0.017525508999824524 0
1731958419374 0.017529446631669998 0
1731958438829 0.01704287715256214 0
1731958458172 0.017559779807925224 0
1731958477619 0.01746341586112976 0
1731958496902 0.017163939774036407 0
1731958516409 0.017516937106847763 0
1731958535785 0.01765042170882225 0
1731958555603 0.017583802342414856 0
1731958574911 0.017495928332209587 0
1731958594410 0.01745237596333027 0
1731958613706 0.017417943105101585 0
1731958633174 0.017279207706451416 0
1731958652519 0.017473766580224037 0
1731958671986 0.01763787679374218 0
1731958691310 0.017367711290717125 0
1731958710827 0.017241721972823143 0
1731958730130 0.017361175268888474 0
1731958749617 0.017466671764850616 0
1731958768986 0.017725709825754166 0
1731958788452 0.0174357071518898 0
1731958807785 0.017561206594109535 0
1731958827291 0.01736735925078392 0
1731958846909 0.017400814220309258 0
1731958866382 0.01755388453602791 0
1731958885652 0.017580486834049225 0
1731958905116 0.017285501584410667 0
1731958924459 0.017607739195227623 0
1731958943914 0.017502272501587868 0
1731958963278 0.017561735585331917 0
1731958982774 0.01753719337284565 0
1731959002082 0.017409343272447586 0
1731959021565 0.017542369663715363 0
1731959040947 0.017521388828754425 0
1731959060422 0.017394253984093666 0
1731959079793 0.01753106154501438 0
1731959099238 0.017485149204730988 0
1731959118556 0.017434706911444664 0
