1731954692206 0.19415313005447388 0
1731954718722 0.11058762669563293 0
1731954745210 0.08905646950006485 0
1731954771609 0.08127370476722717 0
1731954797608 0.07454164326190948 0
1731954823590 0.07029184699058533 0
1731954849381 0.06801686435937881 0
1731954875219 0.06305178999900818 0
1731954900864 0.060763973742723465 0
1731954926637 0.05697748064994812 0
1731954952379 0.053732357919216156 0
1731954978227 0.05341338366270065 0
1731955003848 0.05162558704614639 0
1731955029731 0.04943740367889404 0
1731955055318 0.048951245844364166 0
1731955077935 0.0467703640460968 0
1731955100525 0.04655102640390396 0
1731955123098 0.04507235065102577 0
1731955145719 0.04355684667825699 0
1731955168303 0.042920809239149094 0
1731955190951 0.04198712483048439 0
1731955213626 0.040932171046733856 0
1731955235095 0.038824453949928284 0
1731955256020 0.03905327245593071 0
1731955277114 0.03775755316019058 0
1731955298212 0.03720971196889877 0
1731955319291 0.037226155400276184 0
1731955340223 0.03676086664199829 0
1731955361334 0.035856325179338455 0
1731955382325 0.0365607850253582 0
1731955402383 0.036356862634420395 0
1731955422463 0.03541816025972366 0
1731955442547 0.035718467086553574 0
1731955462657 0.034776147454977036 0
1731955482738 0.03462613746523857 0
1731955502814 0.03443022817373276 0
1731955522882 0.03341440483927727 0
1731955542340 0.03494405373930931 0
1731955561808 0.031408198177814484 0
1731955581174 0.03336116671562195 0
1731955600686 0.03162626922130585 0
1731955620065 0.03195560723543167 0
1731955639560 0.0325959287583828 0
1731955658907 0.03205372020602226 0
1731955678721 0.03208893537521362 0
1731955698107 0.031659770756959915 0
1731955717613 0.031151819974184036 0
1731955737006 0.030556758865714073 0
1731955756529 0.03120923787355423 0
1731955775897 0.02907451242208481 0
1731955795380 0.030775677412748337 0
1731955814825 0.02907564677298069 0
1731955834337 0.030045559629797935 0
1731955853720 0.028307927772402763 0
1731955873242 0.029871203005313873 0
1731955892539 0.028354462236166 0
1731955912082 0.029375256970524788 0
1731955931433 0.027669459581375122 0
1731955950931 0.028000136837363243 0
1731955970690 0.028056297451257706 0
1731955990195 0.02829209715127945 0
1731956009501 0.028065942227840424 0
1731956028993 0.02801421470940113 0
1731956048326 0.027504812926054 0
1731956067826 0.02725709229707718 0
1731956087179 0.02658679708838463 0
1731956106648 0.027209997177124023 0
1731956125963 0.026405541226267815 0
1731956145397 0.02559819445014 0
1731956164742 0.025609329342842102 0
1731956184260 0.02607075683772564 0
1731956203632 0.02649509906768799 0
1731956223141 0.026047397404909134 0
1731956242470 0.026634346693754196 0
1731956262242 0.025485901162028313 0
1731956281631 0.026906322687864304 0
1731956301098 0.025885436683893204 0
1731956320452 0.024574005976319313 0
1731956339900 0.025695502758026123 0
1731956359299 0.025066031143069267 0
1731956378777 0.025411630049347878 0
1731956398085 0.02595251239836216 0
1731956417559 0.024846382439136505 0
1731956436898 0.02407761663198471 0
1731956456422 0.025164535269141197 0
1731956475764 0.024344678968191147 0
1731956495234 0.02382679283618927 0
1731956514587 0.02282607927918434 0
1731956534426 0.024738963693380356 0
1731956553769 0.023580722510814667 0
1731956573263 0.02312992513179779 0
1731956592584 0.022972647100687027 0
1731956612091 0.022995630279183388 0
1731956631452 0.024055903777480125 0
1731956650944 0.024198535829782486 0
1731956670294 0.022893095389008522 0
1731956689804 0.022341255098581314 0
1731956709089 0.022662824019789696 0
1731956728566 0.02340584807097912 0
1731956747909 0.022909939289093018 0
1731956767439 0.022142920643091202 0
1731956786771 0.023054011166095734 0
1731956806297 0.022947829216718674 0
1731956825985 0.022398754954338074 0
1731956845461 0.02167285606265068 0
1731956864817 0.021556753665208817 0
1731956884278 0.022035565227270126 0
1731956903600 0.0215442031621933 0
1731956923064 0.02083810791373253 0
1731956942424 0.02224702388048172 0
1731956961856 0.021707411855459213 0
1731956981200 0.02128705568611622 0
1731957000644 0.021065646782517433 0
1731957019988 0.02103949524462223 0
1731957039456 0.0217273011803627 0
1731957058811 0.021324019879102707 0
1731957078290 0.020313050597906113 0
1731957097637 0.02021878957748413 0
1731957117489 0.02191883698105812 0
1731957136850 0.020696386694908142 0
1731957156307 0.021293621510267258 0
1731957175659 0.020751118659973145 0
1731957195162 0.019780896604061127 0
1731957214531 0.019830510020256042 0
1731957233994 0.020097099244594574 0
1731957253324 0.02066362276673317 0
1731957272759 0.02004341036081314 0
1731957292112 0.02109939604997635 0
1731957311585 0.02059825509786606 0
1731957330975 0.019974227994680405 0
1731957350453 0.020516205579042435 0
1731957369826 0.020105920732021332 0
1731957389311 0.020182769745588303 0
1731957408982 0.01909133978188038 0
1731957428456 0.019826123490929604 0
1731957447758 0.020765189081430435 0
1731957467196 0.019849535077810287 0
1731957486565 0.019492974504828453 0
1731957506050 0.02008173242211342 0
1731957525390 0.020172495394945145 0
1731957544894 0.01998615264892578 0
1731957564229 0.019746093079447746 0
1731957583705 0.01933574117720127 0
1731957603042 0.019135326147079468 0
1731957622515 0.01887073554098606 0
1731957641873 0.018511207774281502 0
1731957661337 0.019663751125335693 0
1731957680663 0.019167212769389153 0
1731957700476 0.019634319469332695 0
1731957719766 0.02027469500899315 0
1731957739256 0.018654175102710724 0
1731957758534 0.019089948385953903 0
1731957777961 0.019818682223558426 0
1731957797305 0.018703680485486984 0
1731957816816 0.019569654017686844 0
1731957836141 0.01990831270813942 0
1731957855627 0.01845754124224186 0
1731957874991 0.018946994096040726 0
1731957894497 0.01868978887796402 0
1731957913799 0.01888972520828247 0
1731957933294 0.018417634069919586 0
1731957952682 0.01919613778591156 0
1731957972509 0.018133603036403656 0
1731957991847 0.018975580111145973 0
1731958011328 0.018511073663830757 0
1731958030615 0.018088705837726593 0
1731958050012 0.018321603536605835 0
1731958069333 0.018277563154697418 0
1731958088833 0.018828490749001503 0
1731958108199 0.018309395760297775 0
1731958127718 0.018212825059890747 0
1731958147096 0.017857732251286507 0
1731958166601 0.0186474546790123 0
1731958185997 0.01863720640540123 0
1731958205522 0.019210513681173325 0
1731958224882 0.018261544406414032 0
1731958244277 0.017928199842572212 0
1731958264151 0.0184246227145195 0
1731958283609 0.017374087125062943 0
1731958302933 0.01779329776763916 0
1731958322417 0.018101327121257782 0
1731958341720 0.019260715693235397 0
1731958361233 0.017811616882681847 0
1731958380558 0.01781340129673481 0
1731958399990 0.01821080595254898 0
1731958419374 0.017745966091752052 0
1731958438829 0.017479456961154938 0
1731958458172 0.018365874886512756 0
1731958477619 0.017863526940345764 0
1731958496902 0.017054881900548935 0
1731958516409 0.017822468653321266 0
1731958535785 0.0173824280500412 0
1731958555603 0.01800536923110485 0
1731958574911 0.018927015364170074 0
1731958594410 0.018055424094200134 0
1731958613706 0.01698021963238716 0
1731958633174 0.017747491598129272 0
1731958652519 0.016975268721580505 0
1731958671986 0.017321337014436722 0
1731958691310 0.017389535903930664 0
1731958710827 0.01718028262257576 0
1731958730130 0.01733512058854103 0
1731958749617 0.017139216884970665 0
1731958768986 0.017912961542606354 0
1731958788452 0.017439644783735275 0
1731958807785 0.017363356426358223 0
1731958827291 0.018625309690833092 0
1731958846909 0.01715892367064953 0
1731958866382 0.017975738272070885 0
1731958885652 0.018044568598270416 0
1731958905116 0.018102629110217094 0
1731958924459 0.01807025447487831 0
1731958943914 0.016503307968378067 0
1731958963278 0.01685865968465805 0
1731958982774 0.017005756497383118 0
1731959002082 0.017378423362970352 0
1731959021565 0.016520991921424866 0
1731959040947 0.017259612679481506 0
1731959060422 0.01664353534579277 0
1731959079793 0.017484407871961594 0
1731959099238 0.01696866750717163 0
1731959118556 0.016675271093845367 0
