1731954692209 0.009018829092383385 0
1731954718728 0.005720953457057476 0
1731954745214 0.005175206810235977 0
1731954771611 0.0044358354061841965 0
1731954797611 0.004652104806154966 0
1731954823592 0.004321790300309658 0
1731954849384 0.0042107319459319115 0
1731954875221 0.0037320503033697605 0
1731954900867 0.003626955673098564 0
1731954926639 0.0038264915347099304 0
1731954952382 0.003505937522277236 0
1731954978229 0.003335063811391592 0
1731955003850 0.003240402555093169 0
1731955029733 0.003486913163214922 0
1731955055321 0.003401033114641905 0
1731955077937 0.0031126616522669792 0
1731955100527 0.003161440370604396 0
1731955123100 0.003254466224461794 0
1731955145722 0.0033664475195109844 0
1731955168306 0.003501074854284525 0
1731955190953 0.0028956779278814793 0
1731955213629 0.0029456268530339003 0
1731955235098 0.003378606168553233 0
1731955256023 0.0027062143199145794 0
1731955277116 0.0025453483685851097 0
1731955298214 0.0027969423681497574 0
1731955319293 0.0030568521469831467 0
1731955340225 0.0027645411901175976 0
1731955361336 0.0024796638172119856 0
1731955382327 0.002570691518485546 0
1731955402386 0.0028585854452103376 0
1731955422465 0.0025478648021817207 0
1731955442549 0.002315446501597762 0
1731955462659 0.0023968524765223265 0
1731955482740 0.002289332915097475 0
1731955502817 0.002510139951482415 0
1731955522884 0.002201756229624152 0
1731955542342 0.0024840696714818478 0
1731955561811 0.0023901534732431173 0
1731955581176 0.002458748873323202 0
1731955600688 0.0028806831687688828 0
1731955620067 0.0028613831382244825 0
1731955639562 0.002128510270267725 0
1731955658910 0.002586999675258994 0
1731955678724 0.0024011461064219475 0
1731955698109 0.0026123446878045797 0
1731955717615 0.002281476743519306 0
1731955737008 0.00228005088865757 0
1731955756532 0.002204981166869402 0
1731955775900 0.0021242843940854073 0
1731955795382 0.0023637092672288418 0
1731955814828 0.0020121154375374317 0
1731955834339 0.0021274033933877945 0
1731955853722 0.002284152200445533 0
1731955873245 0.0022722682915627956 0
1731955892541 0.0023107794113457203 0
1731955912084 0.002048017457127571 0
1731955931435 0.0025181560777127743 0
1731955950933 0.002189244609326124 0
1731955970693 0.0022945913951843977 0
1731955990197 0.00215459568426013 0
1731956009504 0.0022325431928038597 0
1731956028995 0.0018962923204526305 0
1731956048328 0.0019929150585085154 0
1731956067828 0.0022534443996846676 0
1731956087181 0.002067232271656394 0
1731956106650 0.0019082300132140517 0
1731956125965 0.0018284762045368552 0
1731956145399 0.002105728955939412 0
1731956164744 0.0019382820464670658 0
1731956184262 0.0019303601002320647 0
1731956203634 0.001954863779246807 0
1731956223143 0.0019708010368049145 0
1731956242472 0.0016900300979614258 0
1731956262244 0.0018702128436416388 0
1731956281633 0.0018412572098895907 0
1731956301100 0.0018447774928063154 0
1731956320454 0.0019109220011159778 0
1731956339902 0.0022046505473554134 0
1731956359301 0.001640481874346733 0
1731956378780 0.0015752778854221106 0
1731956398087 0.001900997362099588 0
1731956417561 0.001641033566556871 0
1731956436900 0.0016380806919187307 0
1731956456424 0.0018354183994233608 0
1731956475767 0.001743859495036304 0
1731956495236 0.0016229244647547603 0
1731956514589 0.0017902168910950422 0
1731956534429 0.0014385513495653868 0
1731956553771 0.001521989470347762 0
1731956573266 0.0015625886153429747 0
1731956592586 0.0017638815334066749 0
1731956612093 0.0016642295522615314 0
1731956631454 0.0015576801961287856 0
1731956650946 0.0017387643456459045 0
1731956670296 0.0017764968797564507 0
1731956689806 0.001784497406333685 0
1731956709091 0.001630433602258563 0
1731956728569 0.0015744123375043273 0
1731956747911 0.001463278429582715 0
1731956767441 0.001329308608546853 0
1731956786773 0.001621625735424459 0
1731956806299 0.0013934585731476545 0
1731956825987 0.0015795405488461256 0
1731956845463 0.001440466265194118 0
1731956864819 0.001612142426893115 0
1731956884280 0.0015974360285326838 0
1731956903602 0.0018014367669820786 0
1731956923067 0.001613826840184629 0
1731956942426 0.0015350771136581898 0
1731956961858 0.0014824860263615847 0
1731956981203 0.0015573864802718163 0
1731957000646 0.0013392301043495536 0
1731957019990 0.0018023662269115448 0
1731957039460 0.0017109981272369623 0
1731957058813 0.001359869260340929 0
1731957078293 0.0012915132101625204 0
1731957097639 0.0014758193865418434 0
1731957117491 0.0014529377222061157 0
1731957136852 0.0015271275769919157 0
1731957156309 0.0015490828081965446 0
1731957175662 0.0013074155431240797 0
1731957195164 0.0014536719536408782 0
1731957214533 0.0011723049683496356 0
1731957233996 0.001314717112109065 0
1731957253326 0.0012121556792408228 0
1731957272761 0.00129004567861557 0
1731957292114 0.0013828942319378257 0
1731957311587 0.0014026425778865814 0
1731957330977 0.0014857212081551552 0
1731957350455 0.00143416877835989 0
1731957369828 0.001274612732231617 0
1731957389313 0.0011504421709105372 0
1731957408984 0.0011660140007734299 0
1731957428459 0.0012994883581995964 0
1731957447760 0.0012872652150690556 0
1731957467198 0.0012808642350137234 0
1731957486568 0.001196115044876933 0
1731957506052 0.0013221797998994589 0
1731957525393 0.001336833811365068 0
1731957544896 0.001214129850268364 0
1731957564231 0.00123823550529778 0
1731957583707 0.001207457622513175 0
1731957603044 0.0011436734348535538 0
1731957622517 0.0011921569239348173 0
1731957641875 0.0011613881215453148 0
1731957661339 0.0010704341111704707 0
1731957680665 0.0011686744401231408 0
1731957700479 0.0011320621706545353 0
1731957719768 0.0012423619627952576 0
1731957739258 0.0010838356101885438 0
1731957758536 0.0011730900732800364 0
1731957777963 0.0010265260934829712 0
1731957797307 0.0010984176769852638 0
1731957816818 0.0010334211401641369 0
1731957836144 0.0013380002928897738 0
1731957855629 0.0010653091594576836 0
1731957874993 0.0011395238107070327 0
1731957894499 0.0010301672155037522 0
1731957913801 0.001071156351827085 0
1731957933296 0.0011895777424797416 0
1731957952684 0.0010190157918259501 0
1731957972511 0.0011933435453101993 0
1731957991849 0.0010481011122465134 0
1731958011330 0.0009317523217760026 0
1731958030617 0.0010530136059969664 0
1731958050014 0.00099361059255898 0
1731958069334 0.001019347459077835 0
1731958088835 0.0010797514114528894 0
1731958108201 0.0010320714209228754 0
1731958127720 0.0011283369967713952 0
1731958147098 0.0010662853019312024 0
1731958166603 0.0009569792891852558 0
1731958185999 0.0010683017317205667 0
1731958205524 0.0009797813836485147 0
1731958224884 0.00113016739487648 0
1731958244280 0.0009548510424792767 0
1731958264153 0.001058765221387148 0
1731958283611 0.0010569512378424406 0
1731958302935 0.000918059959076345 0
1731958322419 0.0010884064249694347 0
1731958341722 0.0009883145103231072 0
1731958361235 0.0009819517144933343 0
1731958380560 0.0010498827323317528 0
1731958399992 0.0009642931399866939 0
1731958419376 0.0010531314183026552 0
1731958438831 0.0009858605917543173 0
1731958458174 0.0009442709852010012 0
1731958477621 0.0009479173459112644 0
1731958496905 0.0011403474491089582 0
1731958516411 0.0009210443822667003 0
1731958535787 0.0009246249683201313 0
1731958555605 0.0009595027077011764 0
1731958574913 0.0009760937537066638 0
1731958594412 0.0009256408084183931 0
1731958613708 0.0009265995468012989 0
1731958633176 0.0009569592657499015 0
1731958652521 0.0008152369409799576 0
1731958671988 0.000989062711596489 0
1731958691312 0.0008949438342824578 0
1731958710829 0.000905146065633744 0
1731958730132 0.0008852859027683735 0
1731958749619 0.0009204120142385364 0
1731958768988 0.000991402892395854 0
1731958788454 0.0009934601839631796 0
1731958807787 0.0008941376581788063 0
1731958827293 0.0009855985408648849 0
1731958846911 0.0008903627167455852 0
1731958866384 0.0010053840233013034 0
1731958885654 0.0008943240973167121 0
1731958905119 0.0008490141481161118 0
1731958924461 0.0008532083011232316 0
1731958943916 0.0007849663379602134 0
1731958963280 0.0008103040745481849 0
1731958982776 0.0008076078956946731 0
1731959002084 0.0008613981190137565 0
1731959021567 0.0008404351538047194 0
1731959040950 0.000955023686401546 0
1731959060424 0.0009060184238478541 0
1731959079795 0.0007802610634826124 0
1731959099240 0.0007443176582455635 0
1731959118558 0.0007894352893345058 0
