1731954692209 0.0004505505203269422 0
1731954718728 0.00030723915551789105 0
1731954745214 0.00023567852622363716 0
1731954771611 0.00021423710859380662 0
1731954797611 0.00026623200392350554 0
1731954823592 0.0002599312283564359 0
1731954849384 0.00016004336066544056 0
1731954875221 0.00020658134599216282 0
1731954900867 0.00014795997412875295 0
1731954926639 0.00017487647710368037 0
1731954952382 0.0001861852069851011 0
1731954978229 0.00013876339653506875 0
1731955003850 0.00016845701611600816 0
1731955029733 0.000143551777000539 0
1731955055321 0.00010754789400380105 0
1731955077937 0.00014242916950024664 0
1731955100527 0.00016553184832446277 0
1731955123100 0.00015901132428552955 0
1731955145722 0.000174417975358665 0
1731955168306 0.0001576835784362629 0
1731955190953 0.00024110838421620429 0
1731955213629 0.00020533855422399938 0
1731955235098 0.00017260824097320437 0
1731955256023 0.00012903791503049433 0
1731955277116 0.00019688555039465427 0
1731955298214 9.850455535342917e-05 0
1731955319293 0.000167455364135094 0
1731955340225 0.00014491655747406185 0
1731955361336 0.00010998695506714284 0
1731955382327 0.00018118246225640178 0
1731955402386 0.00016424214118160307 0
1731955422465 0.00019275890372227877 0
1731955442549 0.0001578919473104179 0
1731955462659 0.00010721044964157045 0
1731955482740 9.356543887406588e-05 0
1731955502817 0.00012258146307431161 0
1731955522884 0.00010440975893288851 0
1731955542342 0.0001094475228455849 0
1731955561811 0.00010444159124745056 0
1731955581176 0.00012439023703336716 0
1731955600688 9.178851178148761e-05 0
1731955620067 0.00015105732018128037 0
1731955639562 9.601619240129367e-05 0
1731955658910 0.0001331452513113618 0
1731955678724 9.915433474816382e-05 0
1731955698109 0.00010160986857954413 0
1731955717615 9.980359754990786e-05 0
1731955737008 0.00011880801321240142 0
1731955756532 8.833174069877714e-05 0
1731955775900 9.961848263628781e-05 0
1731955795382 0.00010342030873289332 0
1731955814828 6.811066123191267e-05 0
1731955834339 8.455994247924536e-05 0
1731955853722 7.99941408331506e-05 0
1731955873245 0.0001090827863663435 0
1731955892541 8.95530465641059e-05 0
1731955912084 8.738606265978888e-05 0
1731955931435 0.00011496467050164938 0
1731955950933 9.157001477433369e-05 0
1731955970693 0.00010474774171598256 0
1731955990197 0.00010004074283642694 0
1731956009504 8.323878137161955e-05 0
1731956028995 9.859436977421865e-05 0
1731956048328 0.00012036464613629505 0
1731956067828 7.450510747730732e-05 0
1731956087181 9.116690489463508e-05 0
1731956106650 7.809262024238706e-05 0
1731956125965 7.429554534610361e-05 0
1731956145399 8.936085941968486e-05 0
1731956164744 6.631817086599767e-05 0
1731956184262 0.00010514409223105758 0
1731956203634 8.017152140382677e-05 0
1731956223143 0.00012264365795999765 0
1731956242472 9.303409024141729e-05 0
1731956262244 8.65795009303838e-05 0
1731956281633 7.681804709136486e-05 0
1731956301100 8.059154060902074e-05 0
1731956320454 7.721087604295462e-05 0
1731956339902 9.771048644324765e-05 0
1731956359301 0.00010113242024090141 0
1731956378780 7.872396963648498e-05 0
1731956398087 7.965238182805479e-05 0
1731956417561 0.00010294781532138586 0
1731956436900 6.632684380747378e-05 0
1731956456424 8.682726911501959e-05 0
1731956475767 8.044452988542616e-05 0
1731956495236 0.00010421432671137154 0
1731956514589 8.050331234699115e-05 0
1731956534429 6.081818719394505e-05 0
1731956553771 7.973108586156741e-05 0
1731956573266 7.35004068701528e-05 0
1731956592586 7.495871977880597e-05 0
1731956612093 6.335701618809253e-05 0
1731956631454 8.444929699180648e-05 0
1731956650946 7.815540448063985e-05 0
1731956670296 9.282936662202701e-05 0
1731956689806 8.861988317221403e-05 0
1731956709091 7.911698776297271e-05 0
1731956728569 7.410026591969654e-05 0
1731956747911 5.467229493660852e-05 0
1731956767441 6.211729487404227e-05 0
1731956786773 8.38245905470103e-05 0
1731956806299 0.00010132914030691609 0
1731956825987 6.22487859800458e-05 0
1731956845463 7.234961958602071e-05 0
1731956864819 8.837405766826123e-05 0
1731956884280 7.711774378549308e-05 0
1731956903602 7.493759039789438e-05 0
1731956923067 8.544103184249252e-05 0
1731956942426 6.0912512708455324e-05 0
1731956961858 8.262218761956319e-05 0
1731956981203 8.355696627404541e-05 0
1731957000646 6.251216836972162e-05 0
1731957019990 7.91436032159254e-05 0
1731957039460 7.478665065718815e-05 0
1731957058813 5.8087378420168534e-05 0
1731957078293 6.803125870646909e-05 0
1731957097639 8.619286381872371e-05 0
1731957117491 5.617566057480872e-05 0
1731957136852 7.120957889128476e-05 0
1731957156309 8.141341095324606e-05 0
1731957175662 8.371012518182397e-05 0
1731957195164 6.751749606337398e-05 0
1731957214533 5.106307071400806e-05 0
1731957233996 0.00010511503205634654 0
1731957253326 6.90451415721327e-05 0
1731957272761 6.072614633012563e-05 0
1731957292114 5.418464570539072e-05 0
1731957311587 5.55473416170571e-05 0
1731957330977 6.608904368476942e-05 0
1731957350455 6.899592699483037e-05 0
1731957369828 8.301589696202427e-05 0
1731957389313 6.285434938035905e-05 0
1731957408984 4.5811037125531584e-05 0
1731957428459 8.115527452901006e-05 0
1731957447760 6.69970249873586e-05 0
1731957467198 4.670083217206411e-05 0
1731957486568 5.586489714914933e-05 0
1731957506052 6.859179120510817e-05 0
1731957525393 7.504746463382617e-05 0
1731957544896 7.825624197721481e-05 0
1731957564231 5.778737977379933e-05 0
1731957583707 6.484823825303465e-05 0
1731957603044 6.0820446378784254e-05 0
1731957622517 5.4084321163827553e-05 0
1731957641875 6.786067388020456e-05 0
1731957661339 5.702862108591944e-05 0
1731957680665 5.055439396528527e-05 0
1731957700479 6.570252298843116e-05 0
1731957719768 6.339605170069262e-05 0
1731957739258 5.31506520928815e-05 0
1731957758536 6.381277489708737e-05 0
1731957777963 5.4880682000657544e-05 0
1731957797307 5.549257912207395e-05 0
1731957816818 7.007981912465766e-05 0
1731957836144 7.792500400682911e-05 0
1731957855629 9.38795565161854e-05 0
1731957874993 6.318482337519526e-05 0
1731957894499 6.269891309784725e-05 0
1731957913801 6.563465285580605e-05 0
1731957933296 5.537755350815132e-05 0
1731957952684 3.912638931069523e-05 0
1731957972511 6.15810276940465e-05 0
1731957991849 5.007429717807099e-05 0
1731958011330 3.9617727452423424e-05 0
1731958030617 5.9107926063006744e-05 0
1731958050014 4.8815323680173606e-05 0
1731958069334 7.18294468242675e-05 0
1731958088835 7.080194336595014e-05 0
1731958108201 7.465641101589426e-05 0
1731958127720 7.094944157870486e-05 0
1731958147098 4.2900854168692604e-05 0
1731958166603 6.574523285962641e-05 0
1731958185999 4.3983243813272566e-05 0
1731958205524 7.081068179104477e-05 0
1731958224884 5.585906910710037e-05 0
1731958244280 5.3707797633251175e-05 0
1731958264153 5.398513894760981e-05 0
1731958283611 6.402154394891113e-05 0
1731958302935 5.470725227496587e-05 0
1731958322419 4.62265161331743e-05 0
1731958341722 5.378299829317257e-05 0
1731958361235 7.064727833494544e-05 0
1731958380560 4.432723653735593e-05 0
1731958399992 5.4893440392334014e-05 0
1731958419376 5.243183113634586e-05 0
1731958438831 5.072552085039206e-05 0
1731958458174 5.57913190277759e-05 0
1731958477621 5.13533923367504e-05 0
1731958496905 5.764101297245361e-05 0
1731958516411 6.333553028525785e-05 0
1731958535787 6.722753460053355e-05 0
1731958555605 6.492232205346227e-05 0
1731958574913 5.179742947802879e-05 0
1731958594412 5.829193469253369e-05 0
1731958613708 5.106001844978891e-05 0
1731958633176 5.509681795956567e-05 0
1731958652521 3.963492781622335e-05 0
1731958671988 5.808191781397909e-05 0
1731958691312 5.164052709005773e-05 0
1731958710829 5.677923036273569e-05 0
1731958730132 5.93298245803453e-05 0
1731958749619 4.72595238534268e-05 0
1731958768988 5.15026695211418e-05 0
1731958788454 5.890635657124221e-05 0
1731958807787 4.075720426044427e-05 0
1731958827293 6.129743997007608e-05 0
1731958846911 4.417105083120987e-05 0
1731958866384 5.4296069720294327e-05 0
1731958885654 5.337895709089935e-05 0
1731958905119 5.115818930789828e-05 0
1731958924461 5.599176074611023e-05 0
1731958943916 4.189143510302529e-05 0
1731958963280 7.485898822778836e-05 0
1731958982776 5.0355607527308166e-05 0
1731959002084 6.228149140952155e-05 0
1731959021567 5.98428632656578e-05 0
1731959040950 4.749464278575033e-05 0
1731959060424 4.6169843699317425e-05 0
1731959079795 6.241477240109816e-05 0
1731959099240 5.010158201912418e-05 0
1731959118558 4.1795483411988243e-05 0
