1732098542957 0.04874272644519806 0
1732098564262 0.04608011990785599 0
1732098585678 0.04827270284295082 0
1732098607268 0.0484875924885273 0
1732098628723 0.04865402355790138 0
1732098650289 0.049964457750320435 0
1732098671762 0.05495043098926544 0
1732098693321 0.060755401849746704 0
1732098714807 0.06876890361309052 0
1732098736362 0.07393454015254974 0
1732098757834 0.07610472291707993 0
1732098779436 0.08125506341457367 0
1732098800901 0.0826232060790062 0
1732098822495 0.0899934321641922 0
1732098843775 0.09614317119121552 0
1732098862672 0.09722086787223816 0
1732098881589 0.09747004508972168 0
1732098900484 0.10462425649166107 0
1732098919406 0.106302909553051 0
1732098938298 0.10733696073293686 0
1732098957187 0.10916075110435486 0
1732098976052 0.10748237371444702 0
1732098994030 0.11278916895389557 0
1732099011533 0.11108740419149399 0
1732099029143 0.11149433255195618 0
1732099046779 0.11127601563930511 0
1732099064384 0.11153391748666763 0
1732099081894 0.11307340860366821 0
1732099099483 0.11065516620874405 0
1732099117100 0.11135679483413696 0
1732099133865 0.11184801161289215 0
1732099150654 0.11271549016237259 0
1732099167460 0.11253605037927628 0
1732099184261 0.11302696913480759 0
1732099201019 0.11226814240217209 0
1732099217840 0.11288916319608688 0
1732099234623 0.10796789824962616 0
1732099250972 0.11393693834543228 0
1732099267533 0.1146797314286232 0
1732099283729 0.11259714514017105 0
1732099300050 0.11501651257276535 0
1732099316270 0.11442819237709045 0
1732099332601 0.11528100818395615 0
1732099348817 0.1143975555896759 0
1732099365501 0.11494365334510803 0
1732099381742 0.11376836150884628 0
1732099398075 0.11552614718675613 0
1732099414279 0.11393923312425613 0
1732099430577 0.11302363127470016 0
1732099446797 0.11398445814847946 0
1732099463141 0.11429038643836975 0
1732099479360 0.11254272609949112 0
1732099495679 0.11157944053411484 0
1732099511880 0.1117769256234169 0
1732099528229 0.11446478962898254 0
1732099544445 0.11257798224687576 0
1732099560779 0.11319953203201294 0
1732099576988 0.11411292850971222 0
1732099593298 0.11383576691150665 0
1732099609883 0.11134003102779388 0
1732099626221 0.11360639333724976 0
1732099642434 0.11296892911195755 0
1732099658749 0.11353165656328201 0
1732099674948 0.11405882984399796 0
1732099691284 0.11290112882852554 0
1732099707513 0.11337113380432129 0
1732099723867 0.11320199817419052 0
1732099740077 0.11294928193092346 0
1732099756394 0.11236407607793808 0
1732099772628 0.11313623934984207 0
1732099788954 0.11290720105171204 0
1732099805141 0.11545530706644058 0
1732099821480 0.11527615785598755 0
1732099837668 0.11482121795415878 0
1732099854314 0.11512008309364319 0
1732099870523 0.11531023681163788 0
1732099886841 0.11431189626455307 0
1732099903062 0.11477691680192947 0
1732099919388 0.11491196602582932 0
1732099935608 0.11449119448661804 0
1732099951933 0.11416061222553253 0
1732099968142 0.11338640004396439 0
1732099984455 0.11451034992933273 0
1732100000662 0.11365048587322235 0
1732100017018 0.113434337079525 0
1732100033245 0.11352667212486267 0
1732100049564 0.1129906177520752 0
1732100065784 0.11386135220527649 0
1732100082447 0.11322123557329178 0
1732100098659 0.11364804208278656 0
1732100115010 0.1128154918551445 0
1732100131249 0.11399555206298828 0
1732100147566 0.11334371566772461 0
1732100163803 0.11304076761007309 0
1732100180154 0.1135178655385971 0
1732100196377 0.11291595548391342 0
1732100212735 0.11233383417129517 0
1732100228955 0.1127982810139656 0
1732100245306 0.1137215867638588 0
1732100261543 0.11225878447294235 0
1732100277900 0.11364180594682693 0
1732100294119 0.11269468814134598 0
1732100310448 0.11315730214118958 0
1732100327025 0.11357296258211136 0
1732100343414 0.11397654563188553 0
1732100359658 0.11308091878890991 0
1732100376009 0.11210441589355469 0
1732100392256 0.11356398463249207 0
1732100408610 0.11454661935567856 0
1732100424854 0.11471867561340332 0
1732100441223 0.11424332112073898 0
1732100457485 0.11274400353431702 0
1732100473891 0.11374763399362564 0
1732100490198 0.1139872819185257 0
1732100506638 0.11308108270168304 0
1732100522891 0.11401194334030151 0
1732100539243 0.11429614573717117 0
1732100555458 0.1132114827632904 0
1732100572130 0.11405619978904724 0
1732100588373 0.11328446120023727 0
1732100604700 0.11314717680215836 0
1732100620933 0.11299489438533783 0
1732100637304 0.11300721764564514 0
1732100653530 0.11371816694736481 0
1732100669885 0.1131521463394165 0
1732100686120 0.11332941800355911 0
1732100702480 0.11372332274913788 0
1732100718729 0.11364232003688812 0
1732100735051 0.11448361724615097 0
1732100751283 0.11425568163394928 0
1732100767624 0.11320708692073822 0
1732100783830 0.11453938484191895 0
1732100800192 0.11438650637865067 0
1732100816754 0.11381617188453674 0
1732100833114 0.11412277072668076 0
1732100849353 0.11286310851573944 0
1732100865715 0.1140529215335846 0
1732100881935 0.11403650790452957 0
1732100898275 0.1131841167807579 0
1732100914506 0.11382927745580673 0
1732100930834 0.11452732235193253 0
1732100947059 0.1133066937327385 0
1732100963429 0.1130615770816803 0
1732100979671 0.11327619105577469 0
1732100996048 0.11240310221910477 0
1732101012268 0.11316972970962524 0
1732101028606 0.1136079728603363 0
1732101044831 0.1130615845322609 0
1732101061503 0.1126604825258255 0
1732101077756 0.11347007006406784 0
1732101094098 0.11327613890171051 0
1732101110336 0.11368267983198166 0
1732101126681 0.11401879042387009 0
1732101142928 0.11360833793878555 0
1732101159290 0.11314280331134796 0
1732101175526 0.11414485424757004 0
1732101191861 0.1138489618897438 0
1732101208107 0.11239765584468842 0
1732101224450 0.1134161427617073 0
1732101240680 0.11290030181407928 0
1732101257046 0.11321990936994553 0
1732101273268 0.11280017346143723 0
1732101289943 0.1133904978632927 0
1732101306204 0.11278373003005981 0
1732101322561 0.11295303702354431 0
1732101338798 0.11257011443376541 0
1732101355148 0.11376381665468216 0
1732101371382 0.1135045737028122 0
1732101387734 0.11362233012914658 0
1732101403993 0.11389337480068207 0
1732101420338 0.11345822364091873 0
1732101436593 0.11313068866729736 0
1732101452961 0.11436121165752411 0
1732101469175 0.11386475712060928 0
1732101485516 0.11363297700881958 0
1732101501757 0.11287980526685715 0
1732101518104 0.11349579691886902 0
1732101534713 0.11379484832286835 0
1732101551076 0.11375625431537628 0
1732101567876 0.113787442445755 0
1732101584224 0.1140596866607666 0
1732101600473 0.11391284316778183 0
1732101616821 0.11400135606527328 0
1732101633028 0.113459512591362 0
1732101649387 0.11353173851966858 0
1732101665646 0.11354127526283264 0
1732101681980 0.11312033236026764 0
1732101698223 0.11340346187353134 0
1732101714555 0.11414908617734909 0
1732101730766 0.11488520354032516 0
1732101747090 0.11387141048908234 0
1732101763317 0.11365523934364319 0
1732101780113 0.11381953209638596 0
1732101796318 0.1142069548368454 0
1732101812644 0.11386348307132721 0
1732101828834 0.1136973574757576 0
1732101845148 0.11376732587814331 0
1732101861367 0.11394023150205612 0
1732101877647 0.11422264575958252 0
1732101893844 0.11390995979309082 0
1732101910155 0.11394727230072021 0
1732101926381 0.11340368539094925 0
1732101942705 0.11381210386753082 0
1732101958914 0.11327335238456726 0
1732101975212 0.11331063508987427 0
1732101991409 0.11345455050468445 0
1732102007704 0.1135135143995285 0
1732102024301 0.11352377384901047 0
1732102040628 0.11343517899513245 0
1732102056846 0.11331510543823242 0
1732102073138 0.11349808424711227 0
1732102089323 0.11382372677326202 0
1732102105622 0.11283254623413086 0
1732102121813 0.11360187083482742 0
1732102138121 0.11363131552934647 0
1732102154305 0.11356931924819946 0
1732102170605 0.11337660998106003 0
1732102186781 0.11315450072288513 0
1732102203094 0.11352216452360153 0
1732102219306 0.11339142918586731 0
1732102235586 0.1136908084154129 0
1732102251779 0.11399159580469131 0
