1732098542957 0.23440423607826233 0
1732098564262 0.2012694925069809 0
1732098585678 0.15115408599376678 0
1732098607268 0.12212875485420227 0
1732098628723 0.10363022983074188 0
1732098650289 0.09051664173603058 0
1732098671762 0.0805688202381134 0
1732098693321 0.07512360066175461 0
1732098714807 0.07181046903133392 0
1732098736362 0.06742306053638458 0
1732098757834 0.06562574952840805 0
1732098779436 0.0601365901529789 0
1732098800901 0.06095220148563385 0
1732098822495 0.06046304106712341 0
1732098843775 0.05866391956806183 0
1732098862672 0.055011339485645294 0
1732098881589 0.05431422218680382 0
1732098900484 0.053677208721637726 0
1732098919406 0.053612060844898224 0
1732098938298 0.05280715972185135 0
1732098957187 0.049284398555755615 0
1732098976052 0.051501017063856125 0
1732098994030 0.04977067559957504 0
1732099011533 0.04965607076883316 0
1732099029143 0.04778499901294708 0
1732099046779 0.04687659442424774 0
1732099064384 0.0454210564494133 0
1732099081894 0.044822752475738525 0
1732099099483 0.045001070946455 0
1732099117100 0.04492586851119995 0
1732099133865 0.04393953084945679 0
1732099150654 0.04242454469203949 0
1732099167460 0.043050408363342285 0
1732099184261 0.0424409955739975 0
1732099201019 0.04060095548629761 0
1732099217840 0.04083254560828209 0
1732099234623 0.040701355785131454 0
1732099250972 0.03906402736902237 0
1732099267533 0.03888074681162834 0
1732099283729 0.03820807486772537 0
1732099300050 0.038961250334978104 0
1732099316270 0.03757909685373306 0
1732099332601 0.03733346611261368 0
1732099348817 0.03653089702129364 0
1732099365501 0.03636566549539566 0
1732099381742 0.03509492427110672 0
1732099398075 0.0363684818148613 0
1732099414279 0.03431737422943115 0
1732099430577 0.03398203104734421 0
1732099446797 0.032454922795295715 0
1732099463141 0.03278225287795067 0
1732099479360 0.031889043748378754 0
1732099495679 0.03200027346611023 0
1732099511880 0.031691327691078186 0
1732099528229 0.030516553670167923 0
1732099544445 0.030228901654481888 0
1732099560779 0.03033582493662834 0
1732099576988 0.02934938669204712 0
1732099593298 0.029891997575759888 0
1732099609883 0.02900824323296547 0
1732099626221 0.028657421469688416 0
1732099642434 0.028437834233045578 0
1732099658749 0.027104079723358154 0
1732099674948 0.02723877504467964 0
1732099691284 0.02719689905643463 0
1732099707513 0.02605394460260868 0
1732099723867 0.025860656052827835 0
1732099740077 0.02586209401488304 0
1732099756394 0.024584190919995308 0
1732099772628 0.025223558768630028 0
1732099788954 0.025002416223287582 0
1732099805141 0.024436993524432182 0
1732099821480 0.024788178503513336 0
1732099837668 0.023913130164146423 0
1732099854314 0.023773320019245148 0
1732099870523 0.022914577275514603 0
1732099886841 0.023377947509288788 0
1732099903062 0.023010507225990295 0
1732099919388 0.02279377356171608 0
1732099935608 0.02242499403655529 0
1732099951933 0.02199730835855007 0
1732099968142 0.02208137884736061 0
1732099984455 0.0213286355137825 0
1732100000662 0.02167806774377823 0
1732100017018 0.02133382484316826 0
1732100033245 0.02097291685640812 0
1732100049564 0.020619243383407593 0
1732100065784 0.020496884360909462 0
1732100082447 0.02095688506960869 0
1732100098659 0.02096787467598915 0
1732100115010 0.019993921741843224 0
1732100131249 0.02049422077834606 0
1732100147566 0.019551390781998634 0
1732100163803 0.019536413252353668 0
1732100180154 0.020079167559742928 0
1732100196377 0.019239697605371475 0
1732100212735 0.01876033842563629 0
1732100228955 0.01904013380408287 0
1732100245306 0.018719054758548737 0
1732100261543 0.018102340400218964 0
1732100277900 0.01865198090672493 0
1732100294119 0.018819672986865044 0
1732100310448 0.017929594963788986 0
1732100327025 0.018351800739765167 0
1732100343414 0.017573321238160133 0
1732100359658 0.017623867839574814 0
1732100376009 0.01753416284918785 0
1732100392256 0.01742856204509735 0
1732100408610 0.01679002121090889 0
1732100424854 0.017383800819516182 0
1732100441223 0.01717889867722988 0
1732100457485 0.017415978014469147 0
1732100473891 0.016487913206219673 0
1732100490198 0.016083069145679474 0
1732100506638 0.016333013772964478 0
1732100522891 0.015892131254076958 0
1732100539243 0.016149425879120827 0
1732100555458 0.016249798238277435 0
1732100572130 0.01613994687795639 0
1732100588373 0.015999335795640945 0
1732100604700 0.015706326812505722 0
1732100620933 0.015702679753303528 0
1732100637304 0.01614154689013958 0
1732100653530 0.015393347479403019 0
1732100669885 0.015695013105869293 0
1732100686120 0.015035775490105152 0
1732100702480 0.01535742450505495 0
1732100718729 0.015136144123971462 0
1732100735051 0.014749943278729916 0
1732100751283 0.015422398224473 0
1732100767624 0.015175710432231426 0
1732100783830 0.014980379492044449 0
1732100800192 0.014726596884429455 0
1732100816754 0.014412995427846909 0
1732100833114 0.014496279880404472 0
1732100849353 0.014904444105923176 0
1732100865715 0.014433113858103752 0
1732100881935 0.014541484415531158 0
1732100898275 0.013971015810966492 0
1732100914506 0.014022222720086575 0
1732100930834 0.01408323086798191 0
1732100947059 0.014307473786175251 0
1732100963429 0.01387073379009962 0
1732100979671 0.014082413166761398 0
1732100996048 0.01410483755171299 0
1732101012268 0.013941020704805851 0
1732101028606 0.013520313426852226 0
1732101044831 0.014186800457537174 0
1732101061503 0.013624513521790504 0
1732101077756 0.014019837602972984 0
1732101094098 0.013460572808980942 0
1732101110336 0.013963999226689339 0
1732101126681 0.01339256763458252 0
1732101142928 0.013355625793337822 0
1732101159290 0.013087984174489975 0
1732101175526 0.01335043553262949 0
1732101191861 0.013634620234370232 0
1732101208107 0.013537907041609287 0
1732101224450 0.013733748346567154 0
1732101240680 0.013059614226222038 0
1732101257046 0.013752811588346958 0
1732101273268 0.01272832602262497 0
1732101289943 0.012936757877469063 0
1732101306204 0.013159207999706268 0
1732101322561 0.013189262710511684 0
1732101338798 0.012741776183247566 0
1732101355148 0.013116762042045593 0
1732101371382 0.012923581525683403 0
1732101387734 0.012994697317481041 0
1732101403993 0.012802571058273315 0
1732101420338 0.012401038780808449 0
1732101436593 0.013031350448727608 0
1732101452961 0.01276448369026184 0
1732101469175 0.01272082794457674 0
1732101485516 0.012909935787320137 0
1732101501757 0.012631607241928577 0
1732101518104 0.012845993973314762 0
1732101534713 0.01274100225418806 0
1732101551076 0.01282566785812378 0
1732101567876 0.012644320726394653 0
1732101584224 0.012358985841274261 0
1732101600473 0.01276992354542017 0
1732101616821 0.012870757840573788 0
1732101633028 0.012622916139662266 0
1732101649387 0.012213427573442459 0
1732101665646 0.011924518272280693 0
1732101681980 0.012488218024373055 0
1732101698223 0.012456102296710014 0
1732101714555 0.012477251701056957 0
1732101730766 0.012324215844273567 0
1732101747090 0.012063689529895782 0
1732101763317 0.011919520795345306 0
1732101780113 0.012547233141958714 0
1732101796318 0.012142270803451538 0
1732101812644 0.012089544907212257 0
1732101828834 0.011836778372526169 0
1732101845148 0.012050418183207512 0
1732101861367 0.012494122609496117 0
1732101877647 0.012210932560265064 0
1732101893844 0.012046790681779385 0
1732101910155 0.012144927866756916 0
1732101926381 0.012002192437648773 0
1732101942705 0.011957627721130848 0
1732101958914 0.012378649786114693 0
1732101975212 0.011894918978214264 0
1732101991409 0.011673876084387302 0
1732102007704 0.011985516175627708 0
1732102024301 0.011871956288814545 0
1732102040628 0.011741909198462963 0
1732102056846 0.011744940653443336 0
1732102073138 0.011581413447856903 0
1732102089323 0.011396022513508797 0
1732102105622 0.011770330369472504 0
1732102121813 0.011598484590649605 0
1732102138121 0.011649023741483688 0
1732102154305 0.011581888422369957 0
1732102170605 0.01163577102124691 0
1732102186781 0.011785255745053291 0
1732102203094 0.011443611234426498 0
1732102219306 0.011392205953598022 0
1732102235586 0.011811669915914536 0
1732102251779 0.011743778362870216 0
