1732098542962 0.010138191282749176 0
1732098564268 0.006319038569927216 0
1732098585682 0.0036295629106462 0
1732098607274 0.004168173298239708 0
1732098628726 0.003018620191141963 0
1732098650292 0.002920153085142374 0
1732098671764 0.0031544070225208998 0
1732098693323 0.002754795830696821 0
1732098714809 0.002543977927416563 0
1732098736364 0.003429135773330927 0
1732098757837 0.0028816198464483023 0
1732098779438 0.0023631725925952196 0
1732098800904 0.0024124684277921915 0
1732098822497 0.002339789178222418 0
1732098843777 0.0025363550521433353 0
1732098862675 0.002964093815535307 0
1732098881591 0.002709487918764353 0
1732098900486 0.0020818489138036966 0
1732098919409 0.0022105779498815536 0
1732098938300 0.0023767913226038218 0
1732098957190 0.0020396457985043526 0
1732098976054 0.0021113348193466663 0
1732098994032 0.002018099185079336 0
1732099011536 0.0023874579928815365 0
1732099029145 0.0021050169598311186 0
1732099046781 0.0024531674571335316 0
1732099064386 0.0020236410200595856 0
1732099081896 0.002137615578249097 0
1732099099485 0.002206109929829836 0
1732099117102 0.00207302113994956 0
1732099133867 0.002101265825331211 0
1732099150656 0.0017228893702849746 0
1732099167462 0.00187609251588583 0
1732099184263 0.0017829950666055083 0
1732099201021 0.001958073116838932 0
1732099217843 0.0020542459096759558 0
1732099234626 0.0018901614239439368 0
1732099250974 0.0021247202530503273 0
1732099267535 0.0019511000718921423 0
1732099283732 0.0018344944110140204 0
1732099300052 0.001695758430287242 0
1732099316273 0.0020756751764565706 0
1732099332603 0.0019873345736414194 0
1732099348819 0.0018049567006528378 0
1732099365503 0.0020109182223677635 0
1732099381745 0.0023104222491383553 0
1732099398077 0.001709820469841361 0
1732099414282 0.0017866420093923807 0
1732099430579 0.0020645339973270893 0
1732099446800 0.0014648085925728083 0
1732099463143 0.0018819435499608517 0
1732099479362 0.0017357984324917197 0
1732099495681 0.001616347930394113 0
1732099511882 0.0015194471925497055 0
1732099528231 0.0018238350749015808 0
1732099544448 0.0015541082248091698 0
1732099560782 0.00155096803791821 0
1732099576990 0.001516608870588243 0
1732099593300 0.001457864767871797 0
1732099609886 0.0016624861164018512 0
1732099626223 0.0016093443846330047 0
1732099642436 0.0014874734915792942 0
1732099658751 0.0014167730696499348 0
1732099674950 0.0012714923359453678 0
1732099691287 0.0013109305873513222 0
1732099707516 0.001474055228754878 0
1732099723870 0.0012018501292914152 0
1732099740079 0.0014909914461895823 0
1732099756396 0.0013628003653138876 0
1732099772630 0.0015395110240206122 0
1732099788956 0.0012529894011095166 0
1732099805144 0.0017855947371572256 0
1732099821483 0.001526077976450324 0
1732099837670 0.0016560261137783527 0
1732099854316 0.0013748365454375744 0
1732099870525 0.0012845182791352272 0
1732099886844 0.0013983439421281219 0
1732099903064 0.0011263088090345263 0
1732099919390 0.0013863574713468552 0
1732099935611 0.0014210942899808288 0
1732099951935 0.0010586970020085573 0
1732099968144 0.001288355328142643 0
1732099984457 0.0013951247092336416 0
1732100000665 0.0016005709767341614 0
1732100017020 0.001072301878593862 0
1732100033248 0.0013465866213664412 0
1732100049566 0.0012624049559235573 0
1732100065786 0.0010725836036726832 0
1732100082450 0.0012786240549758077 0
1732100098661 0.00145450490526855 0
1732100115012 0.0013718316331505775 0
1732100131252 0.0011530754854902625 0
1732100147569 0.0011608481872826815 0
1732100163805 0.001446746289730072 0
1732100180156 0.001260446268133819 0
1732100196379 0.0012473755050450563 0
1732100212737 0.0013996604830026627 0
1732100228957 0.0012213021982461214 0
1732100245309 0.0011636950075626373 0
1732100261545 0.0011460983660072088 0
1732100277902 0.0011371620930731297 0
1732100294121 0.0013849472161382437 0
1732100310450 0.0011800779029726982 0
1732100327027 0.0011527021415531635 0
1732100343417 0.0010817639995366335 0
1732100359660 0.0013731371145695448 0
1732100376011 0.0010948015842586756 0
1732100392258 0.0009442198788747191 0
1732100408613 0.0009666954865679145 0
1732100424860 0.0010914744343608618 0
1732100441226 0.001030824612826109 0
1732100457488 0.0012665532995015383 0
1732100473894 0.0009667701087892056 0
1732100490201 0.0007512475131079555 0
1732100506641 0.0009599798358976841 0
1732100522893 0.0009175866725854576 0
1732100539245 0.0008296197629533708 0
1732100555461 0.0009240933577530086 0
1732100572132 0.0009464994072914124 0
1732100588375 0.0010504848323762417 0
1732100604703 0.0009785043075680733 0
1732100620936 0.0011096863308921456 0
1732100637306 0.000977405346930027 0
1732100653532 0.0008017653599381447 0
1732100669887 0.0010480685159564018 0
1732100686122 0.0007796009304001927 0
1732100702482 0.0009697050554677844 0
1732100718731 0.0010905584786087275 0
1732100735054 0.0010232924250885844 0
1732100751285 0.0009835179662331939 0
1732100767626 0.0010598486987873912 0
1732100783832 0.0009002696024253964 0
1732100800194 0.0008311708807013929 0
1732100816756 0.0007515169563703239 0
1732100833116 0.0008387509733438492 0
1732100849356 0.0010456902673467994 0
1732100865717 0.0009164816583506763 0
1732100881938 0.0006961572798900306 0
1732100898278 0.0008223992772400379 0
1732100914508 0.0010732377413660288 0
1732100930836 0.0010729676578193903 0
1732100947062 0.0007658860413357615 0
1732100963431 0.0008895748178474605 0
1732100979673 0.0009295032359659672 0
1732100996050 0.0011182281887158751 0
1732101012270 0.0008078626124188304 0
1732101028608 0.0009369737235829234 0
1732101044834 0.0007696032407693565 0
1732101061506 0.0009351188782602549 0
1732101077758 0.0008634254336357117 0
1732101094100 0.0008901017718017101 0
1732101110338 0.0007909007836133242 0
1732101126683 0.000779030320700258 0
1732101142930 0.0007509111310355365 0
1732101159293 0.0007576669449917972 0
1732101175528 0.0006985757499933243 0
1732101191863 0.0007653700886294246 0
1732101208109 0.0008148882770910859 0
1732101224452 0.0008988979971036315 0
1732101240682 0.0008407353307120502 0
1732101257048 0.0009654625318944454 0
1732101273270 0.0006335147190839052 0
1732101289945 0.0007272562943398952 0
1732101306206 0.0008342469809576869 0
1732101322563 0.0007305237231776118 0
1732101338800 0.0007279963465407491 0
1732101355150 0.0007062184158712626 0
1732101371385 0.0007954277098178864 0
1732101387737 0.0007798282313160598 0
1732101403995 0.0008575762039981782 0
1732101420341 0.0007515681791119277 0
1732101436595 0.0006863472517579794 0
1732101452963 0.0007097941706888378 0
1732101469178 0.0007442954811267555 0
1732101485518 0.0008067681337706745 0
1732101501759 0.0007451738929376006 0
1732101518106 0.0006133318529464304 0
1732101534715 0.0007607921725139022 0
1732101551637 0.0009873767849057913 0
1732101567878 0.0007263002917170525 0
1732101584227 0.0006757020018994808 0
1732101600475 0.0007115183398127556 0
1732101616823 0.0006994388531893492 0
1732101633031 0.0007695357198826969 0
1732101649389 0.0006643686792813241 0
1732101665648 0.000608693459071219 0
1732101681982 0.0008645099587738514 0
1732101698226 0.0008710605907253921 0
1732101714557 0.0009048916399478912 0
1732101730768 0.0007263526204042137 0
1732101747092 0.0006757492083124816 0
1732101763320 0.0006990727852098644 0
1732101780115 0.0006457546260207891 0
1732101796321 0.0009553962736390531 0
1732101812646 0.000527288531884551 0
1732101828836 0.0006831003120169044 0
1732101845150 0.0006133053102530539 0
1732101861369 0.000680719967931509 0
1732101877649 0.0006287433207035065 0
1732101893847 0.0007661522249691188 0
1732101910157 0.0005277418531477451 0
1732101926383 0.0007222170243039727 0
1732101942707 0.000587586488109082 0
1732101958917 0.000591241754591465 0
1732101975214 0.0007073003216646612 0
1732101991411 0.0006047219503670931 0
1732102007707 0.0006091694813221693 0
1732102024303 0.0006401612772606313 0
1732102040630 0.0006422068690881133 0
1732102056848 0.0006161070778034627 0
1732102073140 0.0005926945596002042 0
1732102089325 0.0005501857958734035 0
1732102105624 0.0007574317860417068 0
1732102121815 0.0005724701331928372 0
1732102138123 0.0005982505972497165 0
1732102154307 0.0006181542994454503 0
1732102170608 0.0007124030380509794 0
1732102186783 0.000642613391391933 0
1732102203096 0.0005070391925983131 0
1732102219309 0.0006365543813444674 0
1732102235588 0.0005520088016055524 0
1732102251781 0.0005756574682891369 0
