1732098542962 0.0008565688040107489 0
1732098564268 0.0003898973227478564 0
1732098585682 0.00033767824061214924 0
1732098607274 0.0002643209882080555 0
1732098628726 0.00023368615075014532 0
1732098650292 0.0002814728068187833 0
1732098671764 0.00021580989414360374 0
1732098693323 0.00018176963203586638 0
1732098714809 0.00020656027481891215 0
1732098736364 0.00022025727957952768 0
1732098757837 0.00023677287390455604 0
1732098779438 0.0002083469880744815 0
1732098800904 0.00017708851373754442 0
1732098822497 0.0001820573233999312 0
1732098843777 0.00021472237131092697 0
1732098862675 0.00026180612621828914 0
1732098881591 0.00034822768066078424 0
1732098900486 0.000187180659850128 0
1732098919409 0.00017833354650065303 0
1732098938300 0.00014318614557851106 0
1732098957190 0.00023407043772749603 0
1732098976054 0.00019130825239699334 0
1732098994032 0.00016856155707500875 0
1732099011536 0.0001562612596899271 0
1732099029145 0.00014180815196596086 0
1732099046781 0.00017535945517010987 0
1732099064386 0.00013272478827275336 0
1732099081896 0.00020851042063441128 0
1732099099485 0.00015876165707595646 0
1732099117102 0.00013542162196245044 0
1732099133867 0.00014224194455891848 0
1732099150656 0.0001429108378943056 0
1732099167462 0.0002870781463570893 0
1732099184263 0.00026385433739051223 0
1732099201021 0.0001661780697759241 0
1732099217843 0.00032187814940698445 0
1732099234626 0.0001542661339044571 0
1732099250974 0.00019172512111254036 0
1732099267535 0.0001975438790395856 0
1732099283732 0.0001653294311836362 0
1732099300052 9.417298133485019e-05 0
1732099316273 0.0001438574108760804 0
1732099332603 0.00012409295595716685 0
1732099348819 0.00013817654689773917 0
1732099365503 0.00011273733252892271 0
1732099381745 0.00011836241174023598 0
1732099398077 0.00011880922829732299 0
1732099414282 0.00011963706492679194 0
1732099430579 0.0001282805751543492 0
1732099446800 0.0001345278724329546 0
1732099463143 0.00012390945630613714 0
1732099479362 0.0001306733174715191 0
1732099495681 9.994969150284305e-05 0
1732099511882 0.00012555596185848117 0
1732099528231 0.0001014112276607193 0
1732099544448 0.00010345557529944927 0
1732099560782 0.00012902838352601975 0
1732099576990 0.0001259755517821759 0
1732099593300 0.00011333558359183371 0
1732099609886 0.00012607310782186687 0
1732099626223 0.0001187030429719016 0
1732099642436 0.00011056147195631638 0
1732099658751 0.00011535857629496604 0
1732099674950 8.58435669215396e-05 0
1732099691287 0.0001137151411967352 0
1732099707516 0.0001023264485411346 0
1732099723870 9.657326154410839e-05 0
1732099740079 0.00011599342542467639 0
1732099756396 9.291622700402513e-05 0
1732099772630 0.000132690547616221 0
1732099788956 0.0001172270713141188 0
1732099805144 8.854627230903134e-05 0
1732099821483 0.00014739178004674613 0
1732099837670 0.00010443972860230133 0
1732099854316 0.00012619995686691254 0
1732099870525 0.00011253761476837099 0
1732099886844 0.00010747562191681936 0
1732099903064 0.0001036061075865291 0
1732099919390 0.00012777824304066598 0
1732099935611 8.781430369708687e-05 0
1732099951935 9.45600331760943e-05 0
1732099968144 0.0001042056392179802 0
1732099984457 9.566202061250806e-05 0
1732100000665 9.757130465004593e-05 0
1732100017020 9.281110396841541e-05 0
1732100033248 0.00012211507419124246 0
1732100049566 0.0001235790696227923 0
1732100065786 9.359473915537819e-05 0
1732100082450 9.93751164060086e-05 0
1732100098661 9.127362136496231e-05 0
1732100115012 0.00010491147259017453 0
1732100131252 0.0001229468616656959 0
1732100147569 0.00010922650835709646 0
1732100163805 9.105203207582235e-05 0
1732100180156 0.00012063944450346753 0
1732100196379 0.00010874573490582407 0
1732100212737 0.00013964285608381033 0
1732100228957 8.879255619831383e-05 0
1732100245309 8.899362001102418e-05 0
1732100261545 9.062325989361852e-05 0
1732100277902 0.00010213613859377801 0
1732100294121 0.00011290902330074459 0
1732100310450 0.00010405473585706204 0
1732100327027 8.865642303135246e-05 0
1732100343417 0.00011374350287951529 0
1732100359660 0.00012779305689036846 0
1732100376011 0.00011393452587071806 0
1732100392258 7.969892612891272e-05 0
1732100408613 9.217752085532993e-05 0
1732100424860 7.369743252638727e-05 0
1732100441226 9.486943599767983e-05 0
1732100457488 8.27739349915646e-05 0
1732100473894 0.0001288142811972648 0
1732100490201 8.929507748689502e-05 0
1732100506641 7.859738252591342e-05 0
1732100522893 6.952234980417415e-05 0
1732100539245 8.300443732878193e-05 0
1732100555461 0.00010602227121125907 0
1732100572132 9.53928247326985e-05 0
1732100588375 8.088880713330582e-05 0
1732100604703 9.092721302295104e-05 0
1732100620936 9.934842819347978e-05 0
1732100637306 0.00010689682676456869 0
1732100653532 8.686870569363236e-05 0
1732100669887 0.00011666075442917645 0
1732100686122 0.00010368801304139197 0
1732100702482 9.928338113240898e-05 0
1732100718731 8.330194395966828e-05 0
1732100735054 8.234108827309683e-05 0
1732100751285 7.998513319762424e-05 0
1732100767626 0.00010005652438849211 0
1732100783832 8.359081402886659e-05 0
1732100800194 9.354607027489692e-05 0
1732100816756 8.24798335088417e-05 0
1732100833116 7.302464655367658e-05 0
1732100849356 7.935156463645399e-05 0
1732100865717 0.00013647583546116948 0
1732100881938 0.00010001195187214762 0
1732100898278 8.852048631524667e-05 0
1732100914508 8.223444456234574e-05 0
1732100930836 0.0001084321120288223 0
1732100947062 7.506958354497328e-05 0
1732100963431 9.374528599437326e-05 0
1732100979673 8.575031097279862e-05 0
1732100996050 7.665017619729042e-05 0
1732101012270 8.552016515750438e-05 0
1732101028608 8.043648267630488e-05 0
1732101044834 8.215726120397449e-05 0
1732101061506 0.00010875304724322632 0
1732101077758 9.990434045903385e-05 0
1732101094100 6.232236046344042e-05 0
1732101110338 7.805410859873518e-05 0
1732101126683 6.594476872123778e-05 0
1732101142930 8.283711940748617e-05 0
1732101159293 9.657659393269569e-05 0
1732101175528 9.807763854041696e-05 0
1732101191863 7.011884008534253e-05 0
1732101208109 7.649122562725097e-05 0
1732101224452 8.476566290482879e-05 0
1732101240682 8.625442569609731e-05 0
1732101257048 7.828910020180047e-05 0
1732101273270 6.929223309271038e-05 0
1732101289945 6.167835090309381e-05 0
1732101306206 8.365737448912114e-05 0
1732101322563 8.292606071336195e-05 0
1732101338800 0.00010054388985736296 0
1732101355150 7.592316978843883e-05 0
1732101371385 7.950079452712089e-05 0
1732101387737 7.884228398324922e-05 0
1732101403995 8.281283226097003e-05 0
1732101420341 0.00011102730059064925 0
1732101436595 7.292003283509985e-05 0
1732101452963 7.878121687099338e-05 0
1732101469178 7.20003736205399e-05 0
1732101485518 7.381864998023957e-05 0
1732101501759 6.862239388283342e-05 0
1732101518106 6.767833838239312e-05 0
1732101534715 7.070212450344115e-05 0
1732101551637 7.71338673075661e-05 0
1732101567878 7.534335600212216e-05 0
1732101584227 7.471222488675267e-05 0
1732101600475 5.9912890719715506e-05 0
1732101616823 7.926771650090814e-05 0
1732101633031 6.698329525534064e-05 0
1732101649389 7.235979137476534e-05 0
1732101665648 7.123382238205522e-05 0
1732101681982 7.666902092751116e-05 0
1732101698226 7.758718129480258e-05 0
1732101714557 9.875662362901494e-05 0
1732101730768 8.553332008887082e-05 0
1732101747092 7.892549911048263e-05 0
1732101763320 7.900816854089499e-05 0
1732101780115 9.091712126974016e-05 0
1732101796321 8.970881754066795e-05 0
1732101812646 7.53927743062377e-05 0
1732101828836 7.460352207999676e-05 0
1732101845150 7.10790409357287e-05 0
1732101861369 8.02439171820879e-05 0
1732101877649 8.038253872655332e-05 0
1732101893847 5.874637281522155e-05 0
1732101910157 0.0001046571705956012 0
1732101926383 7.925756654003635e-05 0
1732101942707 7.046308019198477e-05 0
1732101958917 8.558201807318255e-05 0
1732101975214 9.658125782152638e-05 0
1732101991411 0.00010068148549180478 0
1732102007707 7.047205872368068e-05 0
1732102024303 7.864745566621423e-05 0
1732102040630 9.235382458427921e-05 0
1732102056848 5.7617238780949265e-05 0
1732102073140 8.337391773238778e-05 0
1732102089325 8.929020259529352e-05 0
1732102105624 9.846541070146486e-05 0
1732102121815 7.599350647069514e-05 0
1732102138123 6.84881815686822e-05 0
1732102154307 6.239097274374217e-05 0
1732102170608 8.265468932222575e-05 0
1732102186783 6.60174700897187e-05 0
1732102203096 8.31110228318721e-05 0
1732102219309 9.742016845848411e-05 0
1732102235588 5.89541086810641e-05 0
1732102251781 8.454661292489618e-05 0
