1731946067046 0.01759186200797558 0
1731946091419 0.016619505360722542 0
1731946115893 0.014933774247765541 0
1731946140440 0.014384412206709385 0
1731946164766 0.014903489500284195 0
1731946189140 0.01468346081674099 0
1731946213336 0.015247156843543053 0
1731946237572 0.016085125505924225 0
1731946261729 0.015017881989479065 0
1731946285927 0.015985988080501556 0
1731946310034 0.015290969982743263 0
1731946334228 0.016314981505274773 0
1731946358371 0.016933206468820572 0
1731946382607 0.01627768576145172 0
1731946406603 0.016323130577802658 0
1731946427805 0.016761818900704384 0
1731946449031 0.01743108220398426 0
1731946470225 0.01759875752031803 0
1731946491437 0.01722688227891922 0
1731946512694 0.017250269651412964 0
1731946533965 0.01715991273522377 0
1731946555173 0.017937663942575455 0
1731946575333 0.017489025369286537 0
1731946595000 0.01742575690150261 0
1731946614756 0.017170090228319168 0
1731946634556 0.018306581303477287 0
1731946654324 0.01734127290546894 0
1731946674000 0.017157690599560738 0
1731946693764 0.01736244186758995 0
1731946713520 0.017490487545728683 0
1731946732381 0.017265886068344116 0
1731946751271 0.01797875389456749 0
1731946770104 0.017926013097167015 0
1731946789000 0.01822865940630436 0
1731946807883 0.017761588096618652 0
1731946826734 0.018043460324406624 0
1731946845611 0.017752517014741898 0
1731946863939 0.017975132912397385 0
1731946882247 0.018196767196059227 0
1731946900420 0.017820648849010468 0
1731946918698 0.017919078469276428 0
1731946936863 0.01773735135793686 0
1731946955189 0.018146617338061333 0
1731946973347 0.0178833045065403 0
1731946992262 0.018135081976652145 0
1731947010420 0.018236247822642326 0
1731947028689 0.018187005072832108 0
1731947046862 0.01787550374865532 0
1731947065117 0.017744043841958046 0
1731947083282 0.018617969006299973 0
1731947101595 0.017739292234182358 0
1731947119757 0.018222561106085777 0
1731947138054 0.018026985228061676 0
1731947156172 0.017901673913002014 0
1731947174437 0.017768537625670433 0
1731947192604 0.017753006890416145 0
1731947210901 0.01797652058303356 0
1731947229077 0.017740825191140175 0
1731947247350 0.017922749742865562 0
1731947265825 0.017948856577277184 0
1731947284109 0.01800377666950226 0
1731947302290 0.018149033188819885 0
1731947320582 0.018239157274365425 0
1731947338721 0.018313592299818993 0
1731947356997 0.017888247966766357 0
1731947375119 0.018382012844085693 0
1731947393430 0.01802322268486023 0
1731947411584 0.01783602498471737 0
1731947429886 0.018035873770713806 0
1731947448044 0.01810392737388611 0
1731947466306 0.017857789993286133 0
1731947484433 0.0180291049182415 0
1731947502686 0.018327167257666588 0
1731947520822 0.017864257097244263 0
1731947539405 0.01830613799393177 0
1731947557530 0.018341241404414177 0
1731947575830 0.018193619325757027 0
1731947593964 0.018182964995503426 0
1731947612210 0.018040787428617477 0
1731947630344 0.0183300469070673 0
1731947648587 0.018037382513284683 0
1731947666707 0.017943810671567917 0
1731947684956 0.017984816804528236 0
1731947703061 0.018116813153028488 0
1731947721328 0.018454648554325104 0
1731947739464 0.018428491428494453 0
1731947757706 0.018147893249988556 0
1731947775844 0.01827884279191494 0
1731947794454 0.01814064010977745 0
1731947812569 0.018475661054253578 0
1731947830852 0.01824186183512211 0
1731947848982 0.01838182471692562 0
1731947867232 0.018271008506417274 0
1731947885336 0.017934294417500496 0
1731947903570 0.018549025058746338 0
1731947921686 0.018468940630555153 0
1731947939938 0.01793205551803112 0
1731947958075 0.01843632385134697 0
1731947976359 0.018366985023021698 0
1731947994481 0.018419310450553894 0
1731948012717 0.018145374953746796 0
1731948030851 0.017823603004217148 0
1731948049105 0.01851658523082733 0
1731948067531 0.018389036878943443 0
1731948085787 0.018271848559379578 0
1731948103921 0.018741047009825706 0
1731948122165 0.018386345356702805 0
1731948140277 0.01827925816178322 0
1731948158530 0.01847880706191063 0
1731948176644 0.018690474331378937 0
1731948194891 0.01841207966208458 0
1731948212993 0.018259061500430107 0
1731948231225 0.01812007650732994 0
1731948249309 0.018531914800405502 0
1731948267571 0.01815708540380001 0
1731948285690 0.018115293234586716 0
1731948303911 0.018527846783399582 0
1731948322017 0.018284859135746956 0
1731948340567 0.018148012459278107 0
1731948358676 0.018278693780303 0
1731948376915 0.01832675002515316 0
1731948395035 0.018043218180537224 0
1731948413260 0.01832515187561512 0
1731948431369 0.018492678180336952 0
1731948449620 0.018220573663711548 0
1731948467774 0.018045855686068535 0
1731948485996 0.01813061349093914 0
1731948504137 0.018391484394669533 0
1731948522367 0.018065085634589195 0
1731948540451 0.018328316509723663 0
1731948558700 0.0184618029743433 0
1731948576816 0.018376456573605537 0
1731948595013 0.018510552123188972 0
1731948613509 0.018438255414366722 0
1731948631751 0.018487922847270966 0
1731948649904 0.018353654071688652 0
1731948668149 0.01828225515782833 0
1731948686235 0.018345434218645096 0
1731948704499 0.018324362114071846 0
1731948722609 0.018343746662139893 0
1731948740822 0.01857971027493477 0
1731948758900 0.018195051699876785 0
1731948777107 0.018311278894543648 0
1731948795236 0.018291601911187172 0
1731948813475 0.018299005925655365 0
1731948831571 0.018337473273277283 0
1731948849819 0.01817481592297554 0
1731948867940 0.01826227270066738 0
1731948886572 0.01842457801103592 0
1731948904688 0.018464984372258186 0
1731948922939 0.018438640981912613 0
1731948941030 0.01839660480618477 0
1731948959258 0.018228039145469666 0
1731948977335 0.0185148473829031 0
1731948995563 0.01855350099503994 0
1731949013659 0.018501104786992073 0
1731949031897 0.018631640821695328 0
1731949049990 0.018489599227905273 0
1731949068226 0.018209241330623627 0
1731949086346 0.018534598872065544 0
1731949104599 0.018253318965435028 0
1731949122706 0.018325280398130417 0
1731949141345 0.018617302179336548 0
1731949159464 0.018325258046388626 0
1731949177702 0.018491055816411972 0
1731949195818 0.01831672526896 0
1731949214086 0.018329549580812454 0
1731949232200 0.018323099240660667 0
1731949250477 0.018500925973057747 0
1731949268616 0.018375517800450325 0
1731949286841 0.018386555835604668 0
1731949304984 0.018503326922655106 0
1731949323253 0.018423885107040405 0
1731949341424 0.018372416496276855 0
1731949359665 0.018379541113972664 0
1731949377803 0.018494687974452972 0
1731949396035 0.01860150694847107 0
1731949414511 0.018595922738313675 0
1731949432747 0.01828525774180889 0
1731949450839 0.01820366643369198 0
1731949469072 0.01831791177392006 0
1731949487201 0.01853744126856327 0
1731949505451 0.018442945554852486 0
1731949523551 0.018292231485247612 0
1731949541809 0.018521113321185112 0
1731949559913 0.018471937626600266 0
1731949578173 0.01855863817036152 0
1731949596297 0.01846999116241932 0
1731949614495 0.018496448174118996 0
1731949632608 0.01831076294183731 0
1731949650831 0.018451182171702385 0
1731949668917 0.018340786918997765 0
1731949687465 0.018412936478853226 0
1731949705543 0.01842094585299492 0
1731949723781 0.01841001957654953 0
1731949741871 0.018359502777457237 0
1731949760122 0.018514566123485565 0
1731949778250 0.018431521952152252 0
1731949796472 0.018512247130274773 0
1731949814577 0.018339000642299652 0
1731949832859 0.01842518150806427 0
1731949850993 0.018633855506777763 0
1731949869244 0.018459754064679146 0
1731949887341 0.01854984648525715 0
1731949905574 0.018492037430405617 0
1731949923683 0.018358495086431503 0
1731949941936 0.018513010814785957 0
1731949960381 0.01880733110010624 0
1731949978597 0.018546011298894882 0
1731949996691 0.018607959151268005 0
1731950014907 0.018504874780774117 0
1731950033000 0.018594451248645782 0
1731950051241 0.0184948667883873 0
1731950069319 0.018516473472118378 0
1731950087525 0.018572816625237465 0
1731950105654 0.018498864024877548 0
1731950123910 0.018387649208307266 0
1731950141975 0.0183656457811594 0
1731950160231 0.018462160602211952 0
1731950178322 0.018350893631577492 0
1731950196536 0.018649743869900703 0
1731950214631 0.018530553206801414 0
