1731946067046 0.47500312328338623 0
1731946091419 0.4507545828819275 0
1731946115893 0.40541383624076843 0
1731946140440 0.3867299258708954 0
1731946164766 0.36740946769714355 0
1731946189140 0.35065412521362305 0
1731946213336 0.3396214544773102 0
1731946237572 0.3360721170902252 0
1731946261729 0.32400721311569214 0
1731946285927 0.3237363398075104 0
1731946310034 0.3162747919559479 0
1731946334228 0.319161981344223 0
1731946358371 0.30943670868873596 0
1731946382607 0.31752100586891174 0
1731946406603 0.31079646944999695 0
1731946427805 0.3088339567184448 0
1731946449031 0.30908963084220886 0
1731946470225 0.3003518283367157 0
1731946491437 0.30059099197387695 0
1731946512694 0.30368590354919434 0
1731946533965 0.2999652028083801 0
1731946555173 0.3032996952533722 0
1731946575333 0.3013562560081482 0
1731946595000 0.29764845967292786 0
1731946614756 0.30210137367248535 0
1731946634556 0.2956618070602417 0
1731946654324 0.2867579758167267 0
1731946674000 0.2963252067565918 0
1731946693764 0.29520606994628906 0
1731946713520 0.290516197681427 0
1731946732381 0.2932319641113281 0
1731946751271 0.2980993092060089 0
1731946770104 0.2882886528968811 0
1731946789000 0.28852036595344543 0
1731946807883 0.2865132689476013 0
1731946826734 0.28524211049079895 0
1731946845611 0.28252625465393066 0
1731946863939 0.2868671417236328 0
1731946882247 0.289417564868927 0
1731946900420 0.2841796875 0
1731946918698 0.28416934609413147 0
1731946936863 0.2873961925506592 0
1731946955189 0.2855193316936493 0
1731946973347 0.2860712707042694 0
1731946992262 0.2821662127971649 0
1731947010420 0.28078243136405945 0
1731947028689 0.28103429079055786 0
1731947046862 0.2807401418685913 0
1731947065117 0.279430627822876 0
1731947083282 0.28775525093078613 0
1731947101595 0.28513821959495544 0
1731947119757 0.2835080027580261 0
1731947138054 0.28320184350013733 0
1731947156172 0.278286337852478 0
1731947174437 0.2806398868560791 0
1731947192604 0.28120946884155273 0
1731947210901 0.28353872895240784 0
1731947229077 0.2772272825241089 0
1731947247350 0.28074806928634644 0
1731947265825 0.28112322092056274 0
1731947284109 0.27719128131866455 0
1731947302290 0.27745920419692993 0
1731947320582 0.2831697463989258 0
1731947338721 0.27894890308380127 0
1731947356997 0.28071025013923645 0
1731947375119 0.27802368998527527 0
1731947393430 0.27446573972702026 0
1731947411584 0.2751067578792572 0
1731947429886 0.27819645404815674 0
1731947448044 0.2741483747959137 0
1731947466306 0.27249181270599365 0
1731947484433 0.2765653431415558 0
1731947502686 0.27632051706314087 0
1731947520822 0.2773413360118866 0
1731947539405 0.27443692088127136 0
1731947557530 0.27468034625053406 0
1731947575830 0.2759009003639221 0
1731947593964 0.27621784806251526 0
1731947612210 0.27503809332847595 0
1731947630344 0.27652695775032043 0
1731947648587 0.27406901121139526 0
1731947666707 0.2739092707633972 0
1731947684956 0.27587902545928955 0
1731947703061 0.27640414237976074 0
1731947721328 0.2747334837913513 0
1731947739464 0.27333736419677734 0
1731947757706 0.2732204496860504 0
1731947775844 0.2729777693748474 0
1731947794454 0.276663601398468 0
1731947812569 0.277552992105484 0
1731947830852 0.2752031683921814 0
1731947848982 0.2772163152694702 0
1731947867232 0.2718672454357147 0
1731947885336 0.27556630969047546 0
1731947903570 0.271727055311203 0
1731947921686 0.2705577313899994 0
1731947939938 0.27500468492507935 0
1731947958075 0.2736649215221405 0
1731947976359 0.27091336250305176 0
1731947994481 0.272058367729187 0
1731948012717 0.2696590721607208 0
1731948030851 0.2739388644695282 0
1731948049105 0.27426567673683167 0
1731948067531 0.2749961018562317 0
1731948085787 0.2750466465950012 0
1731948103921 0.2694392204284668 0
1731948122165 0.2691105306148529 0
1731948140277 0.2690892815589905 0
1731948158530 0.2730005085468292 0
1731948176644 0.2721964418888092 0
1731948194891 0.2668040990829468 0
1731948212993 0.2704882025718689 0
1731948231225 0.2688447833061218 0
1731948249309 0.26850953698158264 0
1731948267571 0.273560494184494 0
1731948285690 0.2666899263858795 0
1731948303911 0.2684284448623657 0
1731948322017 0.27266576886177063 0
1731948340567 0.2705731689929962 0
1731948358676 0.27071860432624817 0
1731948376915 0.26731908321380615 0
1731948395035 0.2688090205192566 0
1731948413260 0.2720544636249542 0
1731948431369 0.2720600366592407 0
1731948449620 0.270175576210022 0
1731948467774 0.26898306608200073 0
1731948485996 0.27014264464378357 0
1731948504137 0.2701798975467682 0
1731948522367 0.26715824007987976 0
1731948540451 0.2641456127166748 0
1731948558700 0.2669312059879303 0
1731948576816 0.2714514136314392 0
1731948595013 0.2688314914703369 0
1731948613509 0.26764073967933655 0
1731948631751 0.26924413442611694 0
1731948649904 0.27006518840789795 0
1731948668149 0.2714419960975647 0
1731948686235 0.27063682675361633 0
1731948704499 0.2703956365585327 0
1731948722609 0.2694033682346344 0
1731948740822 0.2703864574432373 0
1731948758900 0.2738393247127533 0
1731948777107 0.2683776617050171 0
1731948795236 0.2713063955307007 0
1731948813475 0.2707582414150238 0
1731948831571 0.2672322690486908 0
1731948849819 0.26518070697784424 0
1731948867940 0.266200989484787 0
1731948886572 0.268150269985199 0
1731948904688 0.26742297410964966 0
1731948922939 0.26961350440979004 0
1731948941030 0.2697899341583252 0
1731948959258 0.2682175934314728 0
1731948977335 0.26603439450263977 0
1731948995563 0.2681989371776581 0
1731949013659 0.26665180921554565 0
1731949031897 0.26767903566360474 0
1731949049990 0.2689756751060486 0
1731949068226 0.2680651545524597 0
1731949086346 0.26543211936950684 0
1731949104599 0.26780563592910767 0
1731949122706 0.26943883299827576 0
1731949141345 0.2697211802005768 0
1731949159464 0.270592600107193 0
1731949177702 0.268659383058548 0
1731949195818 0.2673351764678955 0
1731949214086 0.26497381925582886 0
1731949232200 0.2690182328224182 0
1731949250477 0.2674863338470459 0
1731949268616 0.2676236629486084 0
1731949286841 0.267895370721817 0
1731949304984 0.2675619423389435 0
1731949323253 0.26586318016052246 0
1731949341424 0.26705029606819153 0
1731949359665 0.26812368631362915 0
1731949377803 0.2663990259170532 0
1731949396035 0.26777535676956177 0
1731949414511 0.2687186896800995 0
1731949432747 0.26808440685272217 0
1731949450839 0.26778721809387207 0
1731949469072 0.26770251989364624 0
1731949487201 0.2673792541027069 0
1731949505451 0.2679273784160614 0
1731949523551 0.2673097252845764 0
1731949541809 0.2671646773815155 0
1731949559913 0.2662486732006073 0
1731949578173 0.2644994258880615 0
1731949596297 0.2658381164073944 0
1731949614495 0.26857244968414307 0
1731949632608 0.26854491233825684 0
1731949650831 0.2672100067138672 0
1731949668917 0.26534274220466614 0
1731949687465 0.2669905424118042 0
1731949705543 0.2663767635822296 0
1731949723781 0.2638160288333893 0
1731949741871 0.26484671235084534 0
1731949760122 0.2659149765968323 0
1731949778250 0.264638751745224 0
1731949796472 0.2662411034107208 0
1731949814577 0.26523563265800476 0
1731949832859 0.26552075147628784 0
1731949850993 0.26461559534072876 0
1731949869244 0.26620227098464966 0
1731949887341 0.26574668288230896 0
1731949905574 0.2658275365829468 0
1731949923683 0.26619282364845276 0
1731949941936 0.2650357782840729 0
1731949960381 0.2658436894416809 0
1731949978597 0.26540711522102356 0
1731949996691 0.2663924992084503 0
1731950014907 0.2651155889034271 0
1731950033000 0.266055166721344 0
1731950051241 0.2656075656414032 0
1731950069319 0.2654058635234833 0
1731950087525 0.2652115225791931 0
1731950105654 0.2661253809928894 0
1731950123910 0.26453763246536255 0
1731950141975 0.2649081349372864 0
1731950160231 0.26532790064811707 0
1731950178322 0.26580721139907837 0
1731950196536 0.2638980746269226 0
1731950214631 0.26423394680023193 0
