1731946067143 0.00029921013629063964 0
1731946091424 0.00021944622858427465 0
1731946115896 0.0001759071456035599 0
1731946140442 0.00016331952065229416 0
1731946164769 0.00014798188931308687 0
1731946189143 0.00013950702850706875 0
1731946213338 0.00012919632717967033 0
1731946237574 0.00011975196684943512 0
1731946261731 0.00011607538908720016 0
1731946285930 0.00010923174704657868 0
1731946310036 0.00010909495176747441 0
1731946334231 9.83607824309729e-05 0
1731946358373 9.516166028333828e-05 0
1731946382609 9.285441046813503e-05 0
1731946406606 9.269934525946155e-05 0
1731946427807 8.957964746514335e-05 0
1731946449033 8.552708459319547e-05 0
1731946470227 8.238699228968471e-05 0
1731946491439 7.945999095682055e-05 0
1731946512697 7.788141374476254e-05 0
1731946533967 7.344167534029111e-05 0
1731946555176 7.585070125060156e-05 0
1731946575335 7.040931814117357e-05 0
1731946595003 7.034687587292865e-05 0
1731946614758 6.633598968619481e-05 0
1731946634558 6.660928193014115e-05 0
1731946654326 6.64737235638313e-05 0
1731946674002 6.75400733598508e-05 0
1731946693766 6.668627611361444e-05 0
1731946713523 6.537087756441906e-05 0
1731946732383 6.403641600627452e-05 0
1731946751273 6.464898615377024e-05 0
1731946770107 6.345602014334872e-05 0
1731946789003 5.799649079563096e-05 0
1731946807885 5.913680433877744e-05 0
1731946826736 6.076898716855794e-05 0
1731946845613 5.935092849540524e-05 0
1731946863941 5.6841978221200407e-05 0
1731946882249 5.986862015561201e-05 0
1731946900422 5.8186011301586404e-05 0
1731946918700 5.681076072505675e-05 0
1731946936865 5.8333003835286945e-05 0
1731946955191 5.82941465836484e-05 0
1731946973349 5.4046380682848394e-05 0
1731946992264 5.5769894970580935e-05 0
1731947010422 5.564987804973498e-05 0
1731947028691 5.5566561059094965e-05 0
1731947046864 5.266646621748805e-05 0
1731947065120 5.114410669193603e-05 0
1731947083284 5.119174238643609e-05 0
1731947101598 5.541031714528799e-05 0
1731947119760 5.1697326853172854e-05 0
1731947138056 5.2369232435012236e-05 0
1731947156174 5.1883194828405976e-05 0
1731947174440 5.1130966312484816e-05 0
1731947192606 4.857228486798704e-05 0
1731947210903 4.8900823458097875e-05 0
1731947229079 5.1047296437900513e-05 0
1731947247352 5.112571670906618e-05 0
1731947265827 4.752990207634866e-05 0
1731947284112 4.790200910065323e-05 0
1731947302292 4.998939766664989e-05 0
1731947320584 4.9365859013050795e-05 0
1731947338724 4.86590652144514e-05 0
1731947356999 4.8481058911420405e-05 0
1731947375121 4.7259003622457385e-05 0
1731947393432 4.8478643293492496e-05 0
1731947411587 4.8622587200952694e-05 0
1731947429888 4.454639565665275e-05 0
1731947448047 4.600471584126353e-05 0
1731947466308 4.788679871126078e-05 0
1731947484435 4.4814380089519545e-05 0
1731947502688 4.767397331306711e-05 0
1731947520824 4.607869777828455e-05 0
1731947539407 4.4760403397958726e-05 0
1731947557532 4.874972364632413e-05 0
1731947575832 4.532223101705313e-05 0
1731947593966 4.480477946344763e-05 0
1731947612212 4.409530811244622e-05 0
1731947630346 4.453735164133832e-05 0
1731947648589 4.479768904275261e-05 0
1731947666709 4.3223073589615524e-05 0
1731947684959 4.6612374717369676e-05 0
1731947703063 4.245691525284201e-05 0
1731947721330 4.395787254907191e-05 0
1731947739466 4.476375033846125e-05 0
1731947757708 4.330004958319478e-05 0
1731947775846 4.57884234492667e-05 0
1731947794456 4.4801719923270866e-05 0
1731947812571 4.427399471751414e-05 0
1731947830856 4.2627681978046894e-05 0
1731947848985 4.3118434405187145e-05 0
1731947867234 4.050377174280584e-05 0
1731947885338 4.283344969735481e-05 0
1731947903572 4.017154424218461e-05 0
1731947921688 4.2745778046082705e-05 0
1731947939940 4.1378931200597435e-05 0
1731947958077 4.0637773054186255e-05 0
1731947976362 4.1634604713181034e-05 0
1731947994483 4.230650665704161e-05 0
1731948012719 4.262615766492672e-05 0
1731948030854 4.286284456611611e-05 0
1731948049107 4.220673508825712e-05 0
1731948067533 4.210168481222354e-05 0
1731948085790 4.2379753722343594e-05 0
1731948103923 4.029804767924361e-05 0
1731948122167 4.0528531826566905e-05 0
1731948140280 4.1923885873984545e-05 0
1731948158533 4.1861731006065384e-05 0
1731948176646 4.121277015656233e-05 0
1731948194893 3.9384933188557625e-05 0
1731948212995 4.11828987125773e-05 0
1731948231228 3.975075378548354e-05 0
1731948249311 4.1499581129755825e-05 0
1731948267574 3.8619655242655426e-05 0
1731948285692 3.861711957142688e-05 0
1731948303913 4.1165614675264806e-05 0
1731948322019 4.000422268291004e-05 0
1731948340570 3.894438850693405e-05 0
1731948358678 3.91543835576158e-05 0
1731948376917 3.889561048708856e-05 0
1731948395038 4.055633689858951e-05 0
1731948413262 3.679827932501212e-05 0
1731948431371 4.000529952463694e-05 0
1731948449622 3.891032247338444e-05 0
1731948467776 3.890709922416136e-05 0
1731948485998 3.605699021136388e-05 0
1731948504139 3.907007339876145e-05 0
1731948522369 3.842003206955269e-05 0
1731948540453 4.00321587221697e-05 0
1731948558702 3.917061985703185e-05 0
1731948576818 3.75819145119749e-05 0
1731948595016 3.814222145592794e-05 0
1731948613511 3.649010614026338e-05 0
1731948631753 3.786835077335127e-05 0
1731948649906 4.064899985678494e-05 0
1731948668151 3.733638004632667e-05 0
1731948686237 3.6226247175363824e-05 0
1731948704501 3.5372755519347265e-05 0
1731948722611 3.7910558603471145e-05 0
1731948740824 3.6900692066410556e-05 0
1731948758902 3.736217331606895e-05 0
1731948777109 3.807088432949968e-05 0
1731948795239 3.848878259304911e-05 0
1731948813477 3.57379722117912e-05 0
1731948831573 3.822577855316922e-05 0
1731948849821 3.718720472534187e-05 0
1731948867942 3.67391730833333e-05 0
1731948886574 3.544542414601892e-05 0
1731948904690 3.7407146010082215e-05 0
1731948922941 3.6587782233254984e-05 0
1731948941033 3.8156773371156305e-05 0
1731948959260 3.6266723327571526e-05 0
1731948977337 3.460622610873543e-05 0
1731948995565 3.7413126847241074e-05 0
1731949013661 3.441653825575486e-05 0
1731949031899 3.608317274483852e-05 0
1731949049993 3.585627564461902e-05 0
1731949068228 3.700084562296979e-05 0
1731949086349 3.638287671492435e-05 0
1731949104602 3.413739614188671e-05 0
1731949122708 3.6809877201449126e-05 0
1731949141347 3.687553180498071e-05 0
1731949159466 3.5716355341719463e-05 0
1731949177704 3.347105302964337e-05 0
1731949195820 3.3552707463968545e-05 0
1731949214088 3.641245712060481e-05 0
1731949232202 3.5516310163075104e-05 0
1731949250479 3.5431308788247406e-05 0
1731949268618 3.4895751014119014e-05 0
1731949286843 3.401187132112682e-05 0
1731949304987 3.4955606679432094e-05 0
1731949323255 3.599470073822886e-05 0
1731949341426 3.475863559287973e-05 0
1731949359667 3.476080019026995e-05 0
1731949377805 3.434478639974259e-05 0
1731949396038 3.537329757818952e-05 0
1731949414513 3.414807724766433e-05 0
1731949432749 3.475897392490879e-05 0
1731949450841 3.4799479180946946e-05 0
1731949469074 3.480962914181873e-05 0
1731949487203 3.272147660027258e-05 0
1731949505453 3.5787117667496204e-05 0
1731949523552 3.4632408642210066e-05 0
1731949541811 3.5143541026627645e-05 0
1731949559915 3.461007145233452e-05 0
1731949578175 3.316515721962787e-05 0
1731949596300 3.434208338148892e-05 0
1731949614497 3.467394344625063e-05 0
1731949632610 3.454722900642082e-05 0
1731949650833 3.390875644981861e-05 0
1731949668919 3.4070417314069346e-05 0
1731949687467 3.5388355172472075e-05 0
1731949705545 3.3885709854075685e-05 0
1731949723783 3.431472578085959e-05 0
1731949741873 3.32852614519652e-05 0
1731949760124 3.2565407309448346e-05 0
1731949778252 3.349298276589252e-05 0
1731949796474 3.542801277944818e-05 0
1731949814579 3.168013063259423e-05 0
1731949832861 3.280683085904457e-05 0
1731949850995 3.4588454582262784e-05 0
1731949869246 3.396554529899731e-05 0
1731949887343 3.387657488929108e-05 0
1731949905577 3.474167169770226e-05 0
1731949923685 3.306827420601621e-05 0
1731949941938 3.3723244996508583e-05 0
1731949960383 3.4089858672814444e-05 0
1731949978599 3.398819899302907e-05 0
1731949996693 3.3435673685744405e-05 0
1731950014910 3.339885370223783e-05 0
1731950033002 3.202472726115957e-05 0
1731950051243 3.361281051184051e-05 0
1731950069321 3.3422853448428214e-05 0
1731950087527 3.2050989830167964e-05 0
1731950105657 3.124387876596302e-05 0
1731950123912 3.3683689252939075e-05 0
1731950141977 3.3644009818090126e-05 0
1731950160234 3.529624154907651e-05 0
1731950178324 3.3679021726129577e-05 0
1731950196538 3.302648838143796e-05 0
1731950214634 3.306056169094518e-05 0
