1731946067046 21.066673278808594 0
1731946091419 23.115766525268555 0
1731946115893 23.443439483642578 0
1731946140440 23.513792037963867 0
1731946164766 24.084333419799805 0
1731946189140 23.865325927734375 0
1731946213336 23.649078369140625 0
1731946237572 25.18573760986328 0
1731946261729 24.590526580810547 0
1731946285927 24.37472915649414 0
1731946310034 25.465866088867188 0
1731946334228 25.14244270324707 0
1731946358371 24.430240631103516 0
1731946382607 25.561912536621094 0
1731946406603 25.40857696533203 0
1731946427805 26.078495025634766 0
1731946449031 26.36078453063965 0
1731946470225 25.0913143157959 0
1731946491437 24.899703979492188 0
1731946512694 26.101980209350586 0
1731946533965 26.164031982421875 0
1731946555173 25.3568115234375 0
1731946575333 26.795581817626953 0
1731946595000 27.036863327026367 0
1731946614756 25.84329605102539 0
1731946634556 25.57717514038086 0
1731946654324 26.798004150390625 0
1731946674000 26.359657287597656 0
1731946693764 26.349756240844727 0
1731946713520 26.654584884643555 0
1731946732381 26.417163848876953 0
1731946751271 26.932239532470703 0
1731946770104 26.509647369384766 0
1731946789000 26.718706130981445 0
1731946807883 27.28213882446289 0
1731946826734 26.696693420410156 0
1731946845611 26.668323516845703 0
1731946863939 27.5650691986084 0
1731946882247 26.969697952270508 0
1731946900420 26.76402473449707 0
1731946918698 26.552453994750977 0
1731946936863 27.272010803222656 0
1731946955189 27.075075149536133 0
1731946973347 26.659326553344727 0
1731946992262 27.227136611938477 0
1731947010420 26.23427391052246 0
1731947028689 27.49350929260254 0
1731947046862 27.760461807250977 0
1731947065117 27.521474838256836 0
1731947083282 27.556100845336914 0
1731947101595 27.08041000366211 0
1731947119757 27.632904052734375 0
1731947138054 27.856842041015625 0
1731947156172 27.571565628051758 0
1731947174437 26.798974990844727 0
1731947192604 27.811237335205078 0
1731947210901 27.997434616088867 0
1731947229077 27.477949142456055 0
1731947247350 27.046489715576172 0
1731947265825 27.547222137451172 0
1731947284109 27.78105354309082 0
1731947302290 28.598377227783203 0
1731947320582 28.252037048339844 0
1731947338721 26.886699676513672 0
1731947356997 27.923852920532227 0
1731947375119 27.68804168701172 0
1731947393430 28.35550880432129 0
1731947411584 27.85379409790039 0
1731947429886 28.805442810058594 0
1731947448044 28.20014762878418 0
1731947466306 28.376083374023438 0
1731947484433 28.035398483276367 0
1731947502686 27.658649444580078 0
1731947520822 27.966815948486328 0
1731947539405 27.992990493774414 0
1731947557530 27.65220069885254 0
1731947575830 28.892578125 0
1731947593964 28.77412223815918 0
1731947612210 28.071834564208984 0
1731947630344 28.662616729736328 0
1731947648587 27.8470516204834 0
1731947666707 27.946086883544922 0
1731947684956 28.827510833740234 0
1731947703061 28.219858169555664 0
1731947721328 28.574743270874023 0
1731947739464 28.688995361328125 0
1731947757706 27.943862915039062 0
1731947775844 28.3430118560791 0
1731947794454 28.623083114624023 0
1731947812569 28.53103256225586 0
1731947830852 27.957189559936523 0
1731947848982 28.930675506591797 0
1731947867232 28.953550338745117 0
1731947885336 28.37911033630371 0
1731947903570 28.633581161499023 0
1731947921686 28.55917739868164 0
1731947939938 28.66404914855957 0
1731947958075 28.5162353515625 0
1731947976359 29.437477111816406 0
1731947994481 28.653488159179688 0
1731948012717 29.55758285522461 0
1731948030851 28.240032196044922 0
1731948049105 29.199602127075195 0
1731948067531 29.312847137451172 0
1731948085787 29.25041961669922 0
1731948103921 29.755205154418945 0
1731948122165 29.215118408203125 0
1731948140277 28.9067440032959 0
1731948158530 29.2180233001709 0
1731948176644 28.88968849182129 0
1731948194891 30.151762008666992 0
1731948212993 28.795177459716797 0
1731948231225 29.507518768310547 0
1731948249309 29.246686935424805 0
1731948267571 29.12453269958496 0
1731948285690 28.61351203918457 0
1731948303911 29.46446418762207 0
1731948322017 29.881654739379883 0
1731948340567 28.685134887695312 0
1731948358676 29.76876449584961 0
1731948376915 29.760967254638672 0
1731948395035 29.299386978149414 0
1731948413260 29.992830276489258 0
1731948431369 29.91563606262207 0
1731948449620 30.241456985473633 0
1731948467774 29.537845611572266 0
1731948485996 30.23888397216797 0
1731948504137 29.96892547607422 0
1731948522367 30.09511947631836 0
1731948540451 29.87114715576172 0
1731948558700 29.734447479248047 0
1731948576816 29.937255859375 0
1731948595013 29.27001190185547 0
1731948613509 29.667980194091797 0
1731948631751 30.216217041015625 0
1731948649904 30.287694931030273 0
1731948668149 29.47208595275879 0
1731948686235 30.131303787231445 0
1731948704499 30.362552642822266 0
1731948722609 30.103483200073242 0
1731948740822 29.67736053466797 0
1731948758900 29.547603607177734 0
1731948777107 30.253372192382812 0
1731948795236 30.315053939819336 0
1731948813475 29.667236328125 0
1731948831571 30.552392959594727 0
1731948849819 29.99517250061035 0
1731948867940 30.396568298339844 0
1731948886572 30.416521072387695 0
1731948904688 30.83989715576172 0
1731948922939 29.62772560119629 0
1731948941030 29.98613739013672 0
1731948959258 30.240440368652344 0
1731948977335 30.98566436767578 0
1731948995563 30.357168197631836 0
1731949013659 30.13256072998047 0
1731949031897 30.518943786621094 0
1731949049990 30.436107635498047 0
1731949068226 30.194562911987305 0
1731949086346 31.125925064086914 0
1731949104599 30.62872314453125 0
1731949122706 30.97416877746582 0
1731949141345 30.409637451171875 0
1731949159464 30.032470703125 0
1731949177702 30.155689239501953 0
1731949195818 30.73835563659668 0
1731949214086 30.22779083251953 0
1731949232200 30.202348709106445 0
1731949250477 29.900142669677734 0
1731949268616 30.703916549682617 0
1731949286841 30.461950302124023 0
1731949304984 30.943279266357422 0
1731949323253 30.374868392944336 0
1731949341424 30.32003402709961 0
1731949359665 30.892620086669922 0
1731949377803 31.0741024017334 0
1731949396035 30.519195556640625 0
1731949414511 30.768686294555664 0
1731949432747 31.270614624023438 0
1731949450839 31.09724998474121 0
1731949469072 31.1535701751709 0
1731949487201 30.348358154296875 0
1731949505451 30.836130142211914 0
1731949523551 31.35981559753418 0
1731949541809 31.609619140625 0
1731949559913 30.64728355407715 0
1731949578173 31.4664363861084 0
1731949596297 30.580392837524414 0
1731949614495 30.860836029052734 0
1731949632608 30.74204444885254 0
1731949650831 30.914167404174805 0
1731949668917 31.440959930419922 0
1731949687465 30.84107780456543 0
1731949705543 31.480146408081055 0
1731949723781 31.446334838867188 0
1731949741871 31.459697723388672 0
1731949760122 31.052627563476562 0
1731949778250 31.617353439331055 0
1731949796472 31.269020080566406 0
1731949814577 30.84573745727539 0
1731949832859 31.944753646850586 0
1731949850993 30.859729766845703 0
1731949869244 31.159875869750977 0
1731949887341 31.248912811279297 0
1731949905574 31.113195419311523 0
1731949923683 30.875713348388672 0
1731949941936 31.012248992919922 0
1731949960381 31.24637794494629 0
1731949978597 31.343528747558594 0
1731949996691 31.62479019165039 0
1731950014907 31.634479522705078 0
1731950033000 30.916488647460938 0
1731950051241 31.599870681762695 0
1731950069319 32.04695129394531 0
1731950087525 31.172767639160156 0
1731950105654 31.435562133789062 0
1731950123910 31.431547164916992 0
1731950141975 31.669950485229492 0
1731950160231 31.336450576782227 0
1731950178322 31.782957077026367 0
1731950196536 31.018863677978516 0
1731950214631 31.616127014160156 0
