1731946067143 0.007822265848517418 0
1731946091424 0.004880039021372795 0
1731946115896 0.004525390453636646 0
1731946140442 0.004452672321349382 0
1731946164769 0.003904511220753193 0
1731946189143 0.004106458276510239 0
1731946213338 0.004316106904298067 0
1731946237574 0.0030298845376819372 0
1731946261731 0.00347494101151824 0
1731946285930 0.003651967039331794 0
1731946310036 0.002840620232746005 0
1731946334231 0.0030602402985095978 0
1731946358373 0.003605587175115943 0
1731946382609 0.0027784896083176136 0
1731946406606 0.002878341358155012 0
1731946427807 0.002466894220560789 0
1731946449033 0.002311647403985262 0
1731946470227 0.003096481552347541 0
1731946491439 0.003236157353967428 0
1731946512697 0.002453589579090476 0
1731946533967 0.002418781630694866 0
1731946555176 0.0029128543101251125 0
1731946575335 0.0020914226770401 0
1731946595003 0.0019783976022154093 0
1731946614758 0.0026041753590106964 0
1731946634558 0.002768741687759757 0
1731946654326 0.002090255729854107 0
1731946674002 0.0023122464772313833 0
1731946693766 0.0023175242822617292 0
1731946713523 0.0021604353096336126 0
1731946732383 0.0022818308789283037 0
1731946751273 0.0020266373176127672 0
1731946770107 0.0022337529808282852 0
1731946789003 0.0021287724375724792 0
1731946807885 0.0018697608029469848 0
1731946826736 0.002139589749276638 0
1731946845613 0.0021536126732826233 0
1731946863941 0.0017518342938274145 0
1731946882249 0.0020092313643544912 0
1731946900422 0.0021066737826913595 0
1731946918700 0.002211843617260456 0
1731946936865 0.001874125562608242 0
1731946955191 0.0019610668532550335 0
1731946973349 0.002158078830689192 0
1731946992264 0.0018935918342322111 0
1731947010422 0.0023799757473170757 0
1731947028691 0.0017809392884373665 0
1731947046864 0.0016747642075642943 0
1731947065120 0.0017695067217573524 0
1731947083284 0.0017554557416588068 0
1731947101598 0.0019586593843996525 0
1731947119760 0.001724684378132224 0
1731947138056 0.0016380068846046925 0
1731947156174 0.0017492150655016303 0
1731947174440 0.0020897891372442245 0
1731947192606 0.001655298052355647 0
1731947210903 0.0015858294209465384 0
1731947229079 0.0017873304896056652 0
1731947247352 0.0019740171264857054 0
1731947265827 0.001759047619998455 0
1731947284112 0.0016668419120833278 0
1731947302292 0.0013808996882289648 0
1731947320584 0.0014955336228013039 0
1731947338724 0.0020480002276599407 0
1731947356999 0.0016129262512549758 0
1731947375121 0.0017029251903295517 0
1731947393432 0.0014603229938074946 0
1731947411587 0.0016391566023230553 0
1731947429888 0.0013166056014597416 0
1731947448047 0.0015135097783058882 0
1731947466308 0.0014534214278683066 0
1731947484435 0.0015720268711447716 0
1731947502688 0.0017144903540611267 0
1731947520824 0.0015970494132488966 0
1731947539407 0.0015874532982707024 0
1731947557532 0.0017170378705486655 0
1731947575832 0.0012904525501653552 0
1731947593966 0.0013261346612125635 0
1731947612212 0.0015588937094435096 0
1731947630346 0.0013606247957795858 0
1731947648589 0.001641704118810594 0
1731947666709 0.001604690682142973 0
1731947684959 0.0013099316274747252 0
1731947703063 0.001506655476987362 0
1731947721330 0.0013884351355955005 0
1731947739466 0.0013523850357159972 0
1731947757708 0.0016055124578997493 0
1731947775846 0.0014645315241068602 0
1731947794456 0.0013730665668845177 0
1731947812571 0.0014024799456819892 0
1731947830856 0.0016005923971533775 0
1731947848985 0.001279182150028646 0
1731947867234 0.0012724624248221517 0
1731947885338 0.0014524087309837341 0
1731947903572 0.001369751407764852 0
1731947921688 0.0013934200396761298 0
1731947939940 0.0013601755490526557 0
1731947958077 0.00140726612880826 0
1731947976362 0.001138288527727127 0
1731947994483 0.0013634873321279883 0
1731948012719 0.001107239630073309 0
1731948030854 0.0014996727695688605 0
1731948049107 0.00120237423107028 0
1731948067533 0.0011714267311617732 0
1731948085790 0.0011883871629834175 0
1731948103923 0.0010579850059002638 0
1731948122167 0.0011980861891061068 0
1731948140280 0.0012862503062933683 0
1731948158533 0.001197284902445972 0
1731948176646 0.0012913120444864035 0
1731948194893 0.0009656588081270456 0
1731948212995 0.0013197213411331177 0
1731948231228 0.0011200770968571305 0
1731948249311 0.001189409289509058 0
1731948267574 0.0012233381858095527 0
1731948285692 0.0013760959263890982 0
1731948303913 0.001131237018853426 0
1731948322019 0.0010276243556290865 0
1731948340570 0.0013535873731598258 0
1731948358678 0.001054686727002263 0
1731948376917 0.001056581735610962 0
1731948395038 0.0011750636622309685 0
1731948413262 0.0010016522137448192 0
1731948431371 0.0010196150979027152 0
1731948449622 0.0009459196007810533 0
1731948467776 0.0011122829746454954 0
1731948485998 0.0009464800823479891 0
1731948504139 0.0010071804281324148 0
1731948522369 0.0009783359710127115 0
1731948540453 0.0010301138972863555 0
1731948558702 0.0010630534961819649 0
1731948576818 0.0010145521955564618 0
1731948595016 0.0011830376461148262 0
1731948613511 0.0010794487316161394 0
1731948631753 0.0009514327975921333 0
1731948649906 0.0009359018295072019 0
1731948668151 0.0011292530689388514 0
1731948686237 0.0009702183306217194 0
1731948704501 0.0009199087508022785 0
1731948722611 0.0009764537098817527 0
1731948740824 0.0010771192610263824 0
1731948758902 0.0011097867973148823 0
1731948777109 0.0009433277300558984 0
1731948795239 0.0009300247766077518 0
1731948813477 0.001079633249901235 0
1731948831573 0.0008805631659924984 0
1731948849821 0.001001112163066864 0
1731948867942 0.0009127316880039871 0
1731948886574 0.0009085478959605098 0
1731948904690 0.0008241572650149465 0
1731948922941 0.0010895004961639643 0
1731948941033 0.0010031971614807844 0
1731948959260 0.0009461410227231681 0
1731948977337 0.000796954263933003 0
1731948995565 0.000921049970202148 0
1731949013661 0.0009699377696961164 0
1731949031899 0.000887371483258903 0
1731949049993 0.0009044595062732697 0
1731949068228 0.00095618877094239 0
1731949086349 0.0007716270629316568 0
1731949104602 0.0008652217220515013 0
1731949122708 0.0007990665035322309 0
1731949141347 0.0009099891176447272 0
1731949159466 0.0009925509802997112 0
1731949177704 0.0009647856350056827 0
1731949195820 0.0008436536299996078 0
1731949214088 0.0009489008225500584 0
1731949232202 0.0009544761851429939 0
1731949250479 0.0010232588974758983 0
1731949268618 0.0008503703866153955 0
1731949286843 0.000899093400221318 0
1731949304987 0.0008047702722251415 0
1731949323255 0.0009173032594844699 0
1731949341426 0.0009289588779211044 0
1731949359667 0.000814212835393846 0
1731949377805 0.0007808894151821733 0
1731949396038 0.0008873202605172992 0
1731949414513 0.0008377823978662491 0
1731949432749 0.0007463428191840649 0
1731949450841 0.0007767386268824339 0
1731949469074 0.0007667305180802941 0
1731949487203 0.0009229200659319758 0
1731949505453 0.000824872637167573 0
1731949523552 0.0007311697117984295 0
1731949541811 0.0006902999593876302 0
1731949559915 0.0008615324040874839 0
1731949578175 0.0007134377374313772 0
1731949596300 0.0008749041589908302 0
1731949614497 0.0008201933815144002 0
1731949632610 0.0008429376757703722 0
1731949650833 0.0008101832354441285 0
1731949668919 0.0007176354411058128 0
1731949687467 0.000823933572974056 0
1731949705545 0.0007111894665285945 0
1731949723783 0.0007167477160692215 0
1731949741873 0.0007145457784645259 0
1731949760124 0.0007847605156712234 0
1731949778252 0.000689071835950017 0
1731949796474 0.0007466170936822891 0
1731949814579 0.0008230500388890505 0
1731949832861 0.0006390346679836512 0
1731949850995 0.0008204022306017578 0
1731949869246 0.0007656182860955596 0
1731949887343 0.0007500820211134851 0
1731949905577 0.0007738920394331217 0
1731949923685 0.0008173884707503021 0
1731949941938 0.0007920909556560218 0
1731949960383 0.0007505198009312153 0
1731949978599 0.0007339171133935452 0
1731949996693 0.0006878927815705538 0
1731950014910 0.0006863597664050758 0
1731950033002 0.0008097502868622541 0
1731950051243 0.0006918516010046005 0
1731950069321 0.0006241730297915637 0
1731950087527 0.000763349118642509 0
1731950105657 0.0007185278227552772 0
1731950123912 0.0007191924378275871 0
1731950141977 0.0006807767786085606 0
1731950160234 0.0007351143285632133 0
1731950178324 0.0006632913718931377 0
1731950196538 0.0007908851839601994 0
1731950214634 0.0006892668316140771 0
