1731946067143 0.0005607354687526822 0
1731946091424 0.00035127956653013825 0
1731946115896 0.00021423459111247212 0
1731946140442 0.00011831088340841234 0
1731946164769 0.00015136758156586438 0
1731946189143 0.00018934313266072422 0
1731946213338 0.00014946397277526557 0
1731946237574 0.00017444544937461615 0
1731946261731 0.00016133715689647943 0
1731946285930 0.00014543202996719629 0
1731946310036 0.00013407535152509809 0
1731946334231 8.6807063780725e-05 0
1731946358373 7.711576472502202e-05 0
1731946382609 0.00013259889965411276 0
1731946406606 0.00028569746064022183 0
1731946427807 0.00015833921497687697 0
1731946449033 0.00011385497055016458 0
1731946470227 0.00016887187666725367 0
1731946491439 8.32679943414405e-05 0
1731946512697 0.00013216229854151607 0
1731946533967 8.594484097557142e-05 0
1731946555176 9.599513577995822e-05 0
1731946575335 9.188913827529177e-05 0
1731946595003 0.00016448349924758077 0
1731946614758 0.00015092958346940577 0
1731946634558 8.569039346184582e-05 0
1731946654326 9.025998588185757e-05 0
1731946674002 8.060509571805596e-05 0
1731946693766 0.00011601876758504659 0
1731946713523 8.086416346486658e-05 0
1731946732383 6.0347105318214744e-05 0
1731946751273 9.662601223681122e-05 0
1731946770107 6.428088090615347e-05 0
1731946789003 5.774901364929974e-05 0
1731946807885 7.290505163837224e-05 0
1731946826736 8.029510354390368e-05 0
1731946845613 7.403035124298185e-05 0
1731946863941 7.57671587052755e-05 0
1731946882249 8.643652108730748e-05 0
1731946900422 7.423755596391857e-05 0
1731946918700 7.958761852933094e-05 0
1731946936865 8.957396494224668e-05 0
1731946955191 8.571774378651753e-05 0
1731946973349 8.305722440127283e-05 0
1731946992264 0.00012627741671167314 0
1731947010422 5.308108666213229e-05 0
1731947028691 7.87832832429558e-05 0
1731947046864 6.872497033327818e-05 0
1731947065120 8.550704660592601e-05 0
1731947083284 7.569864101242274e-05 0
1731947101598 6.812895298935473e-05 0
1731947119760 5.681382026523352e-05 0
1731947138056 6.932843098184094e-05 0
1731947156174 6.655593460891396e-05 0
1731947174440 6.943473999854177e-05 0
1731947192606 8.20877103251405e-05 0
1731947210903 6.063233013264835e-05 0
1731947229079 5.394437175709754e-05 0
1731947247352 6.757851224392653e-05 0
1731947265827 6.945528730284423e-05 0
1731947284112 8.529128535883501e-05 0
1731947302292 6.376493547577411e-05 0
1731947320584 6.696186028420925e-05 0
1731947338724 5.7139695854857564e-05 0
1731947356999 4.555442137643695e-05 0
1731947375121 4.774427361553535e-05 0
1731947393432 6.159174517961219e-05 0
1731947411587 5.612485983874649e-05 0
1731947429888 5.290838089422323e-05 0
1731947448047 4.747022103401832e-05 0
1731947466308 5.673093255609274e-05 0
1731947484435 4.9686113925417885e-05 0
1731947502688 4.785737837664783e-05 0
1731947520824 6.021261651767418e-05 0
1731947539407 5.694394712918438e-05 0
1731947557532 5.675862485077232e-05 0
1731947575832 4.144080958212726e-05 0
1731947593966 4.861610068473965e-05 0
1731947612212 6.814338848926127e-05 0
1731947630346 6.203478551469743e-05 0
1731947648589 6.960568862268701e-05 0
1731947666709 6.494487024610862e-05 0
1731947684959 3.936214852728881e-05 0
1731947703063 3.2919462682912126e-05 0
1731947721330 4.866053495788947e-05 0
1731947739466 4.871622513746843e-05 0
1731947757708 5.12099577463232e-05 0
1731947775846 4.670938506023958e-05 0
1731947794456 4.961951344739646e-05 0
1731947812571 4.425404767971486e-05 0
1731947830856 6.999216566327959e-05 0
1731947848985 5.2325613069115207e-05 0
1731947867234 6.909170770086348e-05 0
1731947885338 5.334852176019922e-05 0
1731947903572 5.453666744870134e-05 0
1731947921688 4.227530735079199e-05 0
1731947939940 4.2477047827560455e-05 0
1731947958077 5.386115299188532e-05 0
1731947976362 4.55092012998648e-05 0
1731947994483 6.00191269768402e-05 0
1731948012719 4.7989680751925334e-05 0
1731948030854 4.349651135271415e-05 0
1731948049107 3.683134127641097e-05 0
1731948067533 3.8000347558408976e-05 0
1731948085790 5.050189429312013e-05 0
1731948103923 4.4203901779837906e-05 0
1731948122167 4.34365683759097e-05 0
1731948140280 5.352911466616206e-05 0
1731948158533 5.236710421741009e-05 0
1731948176646 5.168365896679461e-05 0
1731948194893 3.614180241129361e-05 0
1731948212995 4.7758552682353184e-05 0
1731948231228 4.577281652018428e-05 0
1731948249311 4.949822323396802e-05 0
1731948267574 4.894112498732284e-05 0
1731948285692 4.1372964915353805e-05 0
1731948303913 6.145470979390666e-05 0
1731948322019 4.083018211531453e-05 0
1731948340570 4.739926953334361e-05 0
1731948358678 4.332390017225407e-05 0
1731948376917 4.0146005630958825e-05 0
1731948395038 3.296386421425268e-05 0
1731948413262 2.516992753953673e-05 0
1731948431371 5.060745752416551e-05 0
1731948449622 4.146858918829821e-05 0
1731948467776 6.093570118537173e-05 0
1731948485998 3.199971979483962e-05 0
1731948504139 4.3396870751166716e-05 0
1731948522369 4.6855799155309796e-05 0
1731948540453 4.4227221223991364e-05 0
1731948558702 3.359041875228286e-05 0
1731948576818 4.917516343994066e-05 0
1731948595016 3.99660857510753e-05 0
1731948613511 3.6862878914689645e-05 0
1731948631753 4.256774263922125e-05 0
1731948649906 3.583405850804411e-05 0
1731948668151 4.1017920011654496e-05 0
1731948686237 5.0418879254721105e-05 0
1731948704501 4.978741708328016e-05 0
1731948722611 4.9610483983997256e-05 0
1731948740824 3.5369241231819615e-05 0
1731948758902 5.4686388466507196e-05 0
1731948777109 3.2169649784918875e-05 0
1731948795239 4.6138695324771106e-05 0
1731948813477 2.892722113756463e-05 0
1731948831573 3.2512194593437016e-05 0
1731948849821 3.827136242762208e-05 0
1731948867942 3.5012133594136685e-05 0
1731948886574 2.7815112844109535e-05 0
1731948904690 3.700617889990099e-05 0
1731948922941 3.7668232835130766e-05 0
1731948941033 3.6035271477885544e-05 0
1731948959260 3.8957150536589324e-05 0
1731948977337 3.797053068410605e-05 0
1731948995565 4.215710214339197e-05 0
1731949013661 2.957476863230113e-05 0
1731949031899 4.026774695375934e-05 0
1731949049993 3.093860505032353e-05 0
1731949068228 3.9556081901537254e-05 0
1731949086349 3.855722025036812e-05 0
1731949104602 2.9765640647383407e-05 0
1731949122708 4.1526960558258e-05 0
1731949141347 3.410316276131198e-05 0
1731949159466 2.6529149181442335e-05 0
1731949177704 2.7930580472457223e-05 0
1731949195820 3.68908149539493e-05 0
1731949214088 4.165191785432398e-05 0
1731949232202 3.329202809254639e-05 0
1731949250479 3.899324656231329e-05 0
1731949268618 3.898335853591561e-05 0
1731949286843 3.351965642650612e-05 0
1731949304987 2.6331792469136417e-05 0
1731949323255 3.643052332336083e-05 0
1731949341426 3.604291123338044e-05 0
1731949359667 3.207509871572256e-05 0
1731949377805 3.092856422881596e-05 0
1731949396038 3.001742879860103e-05 0
1731949414513 2.7237358153797686e-05 0
1731949432749 3.326377918710932e-05 0
1731949450841 3.156904858769849e-05 0
1731949469074 2.6632997105480172e-05 0
1731949487203 2.9636514227604493e-05 0
1731949505453 3.3755943150026724e-05 0
1731949523552 3.573881258489564e-05 0
1731949541811 3.0766976124141365e-05 0
1731949559915 3.345061486470513e-05 0
1731949578175 3.221389852114953e-05 0
1731949596300 3.259222285123542e-05 0
1731949614497 3.537242446327582e-05 0
1731949632610 3.478851431282237e-05 0
1731949650833 3.152610588585958e-05 0
1731949668919 3.219924110453576e-05 0
1731949687467 3.210833529010415e-05 0
1731949705545 5.0069676944985986e-05 0
1731949723783 3.0575312848668545e-05 0
1731949741873 3.18924430757761e-05 0
1731949760124 3.721649409271777e-05 0
1731949778252 3.6414057831279933e-05 0
1731949796474 2.436104477965273e-05 0
1731949814579 2.959439007099718e-05 0
1731949832861 3.166258102282882e-05 0
1731949850995 4.0615443140268326e-05 0
1731949869246 3.278766234871e-05 0
1731949887343 3.452329838182777e-05 0
1731949905577 2.7525513360160403e-05 0
1731949923685 2.480754119460471e-05 0
1731949941938 2.4440570996375754e-05 0
1731949960383 4.091601294931024e-05 0
1731949978599 3.037267379113473e-05 0
1731949996693 3.4977547329617664e-05 0
1731950014910 3.0476685424218886e-05 0
1731950033002 3.456355625530705e-05 0
1731950051243 2.602078893687576e-05 0
1731950069321 2.4079170543700457e-05 0
1731950087527 2.624933040351607e-05 0
1731950105657 3.6625933717004955e-05 0
1731950123912 3.37624987878371e-05 0
1731950141977 3.454061516094953e-05 0
1731950160234 2.8084585210308433e-05 0
1731950178324 3.1690840842202306e-05 0
1731950196538 3.065191413043067e-05 0
1731950214634 3.22993982990738e-05 0
