1731879804920 0.00714169442653656 0
1731879833241 0.0072769648395478725 0
1731879860974 0.0072437459602952 0
1731879888512 0.007143868133425713 0
1731879915693 0.0071499524638056755 0
1731879942877 0.0071974764578044415 0
1731879969741 0.006816927809268236 0
1731879996686 0.007184662856161594 0
1731880023402 0.0072174654342234135 0
1731880050309 0.007086612284183502 0
1731880076991 0.007251437287777662 0
1731880103847 0.007377307396382093 0
1731880130393 0.007241528946906328 0
1731880157145 0.007218505721539259 0
1731880183434 0.007423574570566416 0
1731880206433 0.007122904062271118 0
1731880229485 0.0073484741151332855 0
1731880252534 0.007148141041398048 0
1731880275556 0.007465614937245846 0
1731880298547 0.0073938858695328236 0
1731880321531 0.007346773520112038 0
1731880344495 0.007335853297263384 0
1731880366106 0.007224148139357567 0
1731880387112 0.007339433766901493 0
1731880408262 0.007289794739335775 0
1731880429430 0.007261323742568493 0
1731880450590 0.0073851328343153 0
1731880471601 0.007290788926184177 0
1731880492718 0.007220802363008261 0
1731880513668 0.007300087250769138 0
1731880533664 0.007263196632266045 0
1731880553614 0.007371529005467892 0
1731880573619 0.00727439858019352 0
1731880593592 0.007176617160439491 0
1731880613594 0.007099362555891275 0
1731880633570 0.007438034284859896 0
1731880653502 0.007303927559405565 0
1731880672757 0.007258136756718159 0
1731880692030 0.0071551077999174595 0
1731880711123 0.007264978718012571 0
1731880730377 0.007353176362812519 0
1731880749458 0.0072739506140351295 0
1731880768691 0.0073104663752019405 0
1731880787766 0.007285746745765209 0
1731880807393 0.007114274427294731 0
1731880826462 0.00715232826769352 0
1731880845699 0.007171747740358114 0
1731880864734 0.0073778978548944 0
1731880883987 0.00722874840721488 0
1731880903009 0.007256254553794861 0
1731880922225 0.007255124859511852 0
1731880941238 0.0073286136612296104 0
1731880960506 0.007381729315966368 0
1731880979536 0.007179870270192623 0
1731880998702 0.007396843284368515 0
1731881017691 0.007313989102840424 0
1731881036882 0.007222639862447977 0
1731881055931 0.007348192855715752 0
1731881075067 0.0072608827613294125 0
1731881094379 0.007150980178266764 0
1731881113543 0.007213827222585678 0
1731881132528 0.007207730785012245 0
1731881151622 0.007209657225757837 0
1731881170585 0.00740016670897603 0
1731881189732 0.007247327361255884 0
1731881208695 0.007235181983560324 0
1731881227832 0.007148971781134605 0
1731881246792 0.007219904568046331 0
1731881265884 0.007361941039562225 0
1731881284782 0.007283632643520832 0
1731881303884 0.00727812759578228 0
1731881322889 0.007321478333324194 0
1731881341944 0.007229925598949194 0
1731881360864 0.007180968765169382 0
1731881380299 0.007373808417469263 0
1731881399272 0.007348999846726656 0
1731881418330 0.007369467988610268 0
1731881437299 0.0072400495409965515 0
1731881456374 0.007225923240184784 0
1731881475280 0.0072876461781561375 0
1731881494358 0.007366065867245197 0
1731881513251 0.007226318120956421 0
1731881532327 0.007297382224351168 0
1731881551192 0.007301494479179382 0
1731881570239 0.0072791120037436485 0
1731881589128 0.007242545951157808 0
1731881608185 0.007216491736471653 0
1731881627043 0.007288038730621338 0
1731881646385 0.00731294322758913 0
1731881665229 0.007197766099125147 0
1731881684282 0.007246141321957111 0
1731881703180 0.0072123585268855095 0
1731881722899 0.007316498551517725 0
1731881741772 0.007254336960613728 0
1731881760813 0.007194703444838524 0
1731881779558 0.007329246960580349 0
1731881798525 0.007219681981950998 0
1731881817429 0.007247196044772863 0
1731881836567 0.007342641241848469 0
1731881855407 0.007348314858973026 0
1731881874424 0.007230781018733978 0
1731881893306 0.007331477012485266 0
1731881912316 0.007289229892194271 0
1731881931596 0.0072407955303788185 0
1731881950588 0.007416239939630032 0
1731881969386 0.007100812625139952 0
1731881988367 0.007334948517382145 0
1731882007183 0.007265400607138872 0
1731882026209 0.0072120437398552895 0
1731882045057 0.007234601769596338 0
1731882064067 0.007184951566159725 0
1731882082877 0.007240121252834797 0
1731882101856 0.007256974931806326 0
1731882120678 0.007182198576629162 0
1731882139655 0.007275240030139685 0
1731882158502 0.007309061009436846 0
1731882177465 0.0072096167132258415 0
1731882196263 0.007296921219676733 0
1731882215526 0.007331739645451307 0
1731882234307 0.007215810939669609 0
1731882253272 0.0072707184590399265 0
1731882272061 0.007241564802825451 0
1731882291040 0.007439873646944761 0
1731882309838 0.007249250076711178 0
1731882328814 0.007359880022704601 0
1731882347665 0.007303491700440645 0
1731882366609 0.007223461754620075 0
1731882385418 0.007194709498435259 0
1731882404338 0.007248727139085531 0
1731882423145 0.007256881799548864 0
1731882442099 0.007236226461827755 0
1731882460876 0.007283992599695921 0
1731882479832 0.007267833221703768 0
1731882498998 0.0073173921555280685 0
1731882517933 0.007294968236237764 0
1731882536724 0.007342542055994272 0
1731882555603 0.007289269007742405 0
1731882574374 0.0072669293731451035 0
1731882593310 0.007320989854633808 0
1731882612098 0.007230052724480629 0
1731882631036 0.007256840355694294 0
1731882649852 0.007275285664945841 0
1731882668820 0.0073249503038823605 0
1731882687589 0.007279686629772186 0
1731882706519 0.007261849008500576 0
1731882725343 0.007264192681759596 0
1731882744263 0.007229544222354889 0
1731882763005 0.007306464947760105 0
1731882782340 0.00728390458971262 0
1731882801055 0.007213135715574026 0
1731882819977 0.007313188165426254 0
1731882838726 0.007335360627621412 0
1731882857663 0.007244228385388851 0
1731882876463 0.0072390311397612095 0
1731882895396 0.0072186714969575405 0
1731882914151 0.007254513446241617 0
1731882933038 0.007239127531647682 0
1731882951789 0.007269495166838169 0
1731882970660 0.007308362517505884 0
1731882989444 0.007357003632932901 0
1731883008422 0.007233277428895235 0
1731883027190 0.007232102565467358 0
1731883046492 0.007238426245748997 0
1731883065202 0.007212727330625057 0
1731883084084 0.007308922708034515 0
1731883102833 0.007308122236281633 0
1731883121790 0.007257578428834677 0
1731883140504 0.007308190688490868 0
1731883159373 0.0073770745657384396 0
1731883178083 0.00731944665312767 0
1731883197026 0.007283308543264866 0
1731883215766 0.00725468248128891 0
1731883234664 0.007299085613340139 0
1731883253374 0.007241020444780588 0
1731883272249 0.00725835794582963 0
1731883290931 0.007274270989000797 0
1731883309869 0.007323662284761667 0
1731883328972 0.00724236574023962 0
1731883347838 0.007296477444469929 0
1731883366524 0.007266296539455652 0
1731883385445 0.007290729787200689 0
1731883404128 0.007230663672089577 0
1731883423036 0.007228155620396137 0
1731883441765 0.00724455201998353 0
1731883460658 0.007237735670059919 0
1731883479391 0.007280097808688879 0
1731883498290 0.00723328348249197 0
1731883517020 0.0073256539180874825 0
1731883535911 0.007281408179551363 0
1731883554616 0.007285709958523512 0
1731883573498 0.007293473929166794 0
1731883592219 0.0072996425442397594 0
1731883611430 0.007259228266775608 0
1731883630133 0.0072351559065282345 0
1731883649178 0.007241098675876856 0
1731883667889 0.00726527813822031 0
1731883686760 0.007250841241329908 0
1731883705461 0.00728035531938076 0
1731883724342 0.007318570278584957 0
1731883743093 0.007241277955472469 0
1731883761918 0.007250393275171518 0
1731883780614 0.0072797611355781555 0
1731883799497 0.007252532057464123 0
1731883818223 0.007297305390238762 0
1731883837068 0.007267087697982788 0
1731883855726 0.007311096414923668 0
1731883874571 0.0072899190708994865 0
1731883893609 0.0072504933923482895 0
1731883912461 0.007224660832434893 0
1731883931145 0.007241215091198683 0
1731883949986 0.00729006202891469 0
1731883968638 0.00729032838717103 0
1731883987484 0.007279211189597845 0
1731884006180 0.00724913040176034 0
1731884025078 0.007245840039104223 0
1731884043768 0.0072362180799245834 0
1731884062612 0.007275922689586878 0
1731884081336 0.007284965366125107 0
1731884100178 0.007293416187167168 0
1731884118875 0.00730306189507246 0
1731884137757 0.007261285558342934 0
1731884156458 0.007267119828611612 0
