1731879804923 0.00074149010470137 0
1731879833248 0.00043793595978058875 0
1731879860976 0.0004967917921021581 0
1731879888515 0.0005954272928647697 0
1731879915696 0.0006208195118233562 0
1731879942879 0.0006717302603647113 0
1731879969743 0.0005340144271031022 0
1731879996689 0.0005864228005520999 0
1731880023406 0.0005297435563988984 0
1731880050311 0.0005752821452915668 0
1731880076994 0.0005363359814509749 0
1731880103850 0.0005333416047506034 0
1731880130395 0.0005749592091888189 0
1731880157148 0.0005380375077947974 0
1731880183436 0.0005970344063825905 0
1731880206436 0.0006199846975505352 0
1731880229488 0.0005368830752559006 0
1731880252536 0.0005474372301250696 0
1731880275559 0.0005848589353263378 0
1731880298549 0.0005406222771853209 0
1731880321533 0.0005703482311218977 0
1731880344497 0.0005623690667562187 0
1731880366109 0.0005861896788701415 0
1731880387114 0.0006355559453368187 0
1731880408265 0.0005701150512322783 0
1731880429432 0.0006163101643323898 0
1731880450593 0.0005867580184713006 0
1731880471603 0.0006496615242213011 0
1731880492721 0.0006774360663257539 0
1731880513670 0.0006754046771675348 0
1731880533666 0.0006080386810936034 0
1731880553616 0.0007221329724416137 0
1731880573621 0.0006822956493124366 0
1731880593594 0.000664202612824738 0
1731880613596 0.000672592839691788 0
1731880633572 0.0006796329980716109 0
1731880653505 0.0006458501447923481 0
1731880672759 0.0007906064856797457 0
1731880692032 0.0007878659525886178 0
1731880711125 0.0006699925288558006 0
1731880730379 0.0007875366136431694 0
1731880749460 0.0007737894775345922 0
1731880768694 0.000740412506274879 0
1731880787768 0.0007664426229894161 0
1731880807395 0.000760462717153132 0
1731880826464 0.0008039117674343288 0
1731880845702 0.0007871736888773739 0
1731880864736 0.0007774647674523294 0
1731880883990 0.0007698572590015829 0
1731880903011 0.0008078294340521097 0
1731880922227 0.0007509886636398733 0
1731880941240 0.000827180570922792 0
1731880960508 0.0008566151955164969 0
1731880979538 0.0008663751650601625 0
1731880998704 0.0007289067143574357 0
1731881017693 0.000887969508767128 0
1731881036884 0.0008111397037282586 0
1731881055933 0.0009212247096002102 0
1731881075069 0.0009002453880384564 0
1731881094381 0.0008349884883500636 0
1731881113546 0.0008078464888967574 0
1731881132530 0.0007604655111208558 0
1731881151624 0.0009876335971057415 0
1731881170587 0.0008943702559918165 0
1731881189734 0.0008618246065452695 0
1731881208697 0.0008387620327994227 0
1731881227834 0.0008753891452215612 0
1731881246794 0.0010307725751772523 0
1731881265886 0.00090551539324224 0
1731881284784 0.0009853646624833345 0
1731881303886 0.0009680126095190644 0
1731881322891 0.0009473173413425684 0
1731881341946 0.001076339278370142 0
1731881360867 0.0009064185433089733 0
1731881380301 0.0008953699143603444 0
1731881399275 0.0008681000326760113 0
1731881418332 0.0009268872672691941 0
1731881437301 0.0008773921290412545 0
1731881456376 0.000993557507172227 0
1731881475282 0.0009962039766833186 0
1731881494360 0.000915096141397953 0
1731881513254 0.0010152299655601382 0
1731881532329 0.0008918781531974673 0
1731881551194 0.0010266299359500408 0
1731881570242 0.0009539322927594185 0
1731881589130 0.0010760901495814323 0
1731881608188 0.0009890651563182473 0
1731881627045 0.0010875199222937226 0
1731881646387 0.0010156522039324045 0
1731881665231 0.0010348132345825434 0
1731881684285 0.0009514391422271729 0
1731881703879 0.0011696403380483389 0
1731881722902 0.0009827020112425089 0
1731881741774 0.0010181977413594723 0
1731881760816 0.0010428016539663076 0
1731881779560 0.001105204806663096 0
1731881798528 0.00105220393743366 0
1731881817528 0.001094109145924449 0
1731881836569 0.0010521996300667524 0
1731881855409 0.0010200184769928455 0
1731881874427 0.0011509369360283017 0
1731881893308 0.0010123811662197113 0
1731881912318 0.0010600294917821884 0
1731881931598 0.0011142949806526303 0
1731881950591 0.0010337504791095853 0
1731881969388 0.0010890455450862646 0
1731881988370 0.0010944390669465065 0
1731882007186 0.0011531149502843618 0
1731882026212 0.0011193405371159315 0
1731882045059 0.0012031476944684982 0
1731882064069 0.0011288095265626907 0
1731882082879 0.0010263952426612377 0
1731882101858 0.0011100268457084894 0
1731882120681 0.0010979643557220697 0
1731882139658 0.0010697285179048777 0
1731882158505 0.0011811371659860015 0
1731882177467 0.0011803077068179846 0
1731882196265 0.0011447813594713807 0
1731882215528 0.0011517619714140892 0
1731882234309 0.0011768846306949854 0
1731882253274 0.0011443390976637602 0
1731882272064 0.0010844061616808176 0
1731882291042 0.0011152863735333085 0
1731882309841 0.0012232507579028606 0
1731882328816 0.0011138796107843518 0
1731882347667 0.001232644310221076 0
1731882366611 0.0011124301236122847 0
1731882385420 0.0011519010877236724 0
1731882404340 0.001151281176134944 0
1731882423147 0.0011583698214963078 0
1731882442101 0.0011458136141300201 0
1731882460879 0.001234019873663783 0
1731882479834 0.001176353427581489 0
1731882499001 0.0011804673122242093 0
1731882517935 0.0011762542417272925 0
1731882536726 0.0011246674694120884 0
1731882555605 0.0011783007066696882 0
1731882574377 0.0011659074807539582 0
1731882593312 0.001214980729855597 0
1731882612100 0.0011769472621381283 0
1731882631038 0.0012069809017702937 0
1731882649855 0.0013431640109047294 0
1731882668822 0.0012412084033712745 0
1731882687591 0.0011654793052002788 0
1731882706521 0.0011730516562238336 0
1731882725346 0.0012464550090953708 0
1731882744265 0.0011894910130649805 0
1731882763007 0.0011855128686875105 0
1731882782342 0.0011884975247085094 0
1731882801057 0.0012355945073068142 0
1731882819979 0.0012622071662917733 0
1731882838728 0.001156384707428515 0
1731882857665 0.0012252143351361156 0
1731882876465 0.001160523621365428 0
1731882895398 0.001351571991108358 0
1731882914153 0.001275023678317666 0
1731882933041 0.0012205286184325814 0
1731882951791 0.001298883929848671 0
1731882970663 0.0011990783968940377 0
1731882989446 0.0012213324662297964 0
1731883008424 0.0012589346151798964 0
1731883027192 0.0012841024436056614 0
1731883046494 0.0012789838947355747 0
1731883065204 0.0012931653764098883 0
1731883084086 0.0011473221238702536 0
1731883102835 0.0012918771244585514 0
1731883121792 0.0012329041492193937 0
1731883140506 0.001276123570278287 0
1731883159375 0.0013186619617044926 0
1731883178085 0.0013063213555142283 0
1731883197029 0.0013440435286611319 0
1731883215768 0.0012625970412045717 0
1731883234667 0.0012375367805361748 0
1731883253376 0.001149311545304954 0
1731883272251 0.0013882846105843782 0
1731883290933 0.0012456601252779365 0
1731883309872 0.0013240328989923 0
1731883328974 0.0012641686480492353 0
1731883347840 0.0012919883010908961 0
1731883366526 0.001371001941151917 0
1731883385447 0.0013064907398074865 0
1731883404130 0.001252810936421156 0
1731883423038 0.0014507996384054422 0
1731883441768 0.0012980833416804671 0
1731883460660 0.001297243987210095 0
1731883479393 0.0013274565571919084 0
1731883498292 0.0012964317575097084 0
1731883517023 0.0013338451972231269 0
1731883535913 0.0012641102075576782 0
1731883554618 0.001355437678284943 0
1731883573500 0.0012686072150245309 0
1731883592222 0.001454183948226273 0
1731883611432 0.001365414122119546 0
1731883630136 0.0012800300028175116 0
1731883649180 0.0013988972641527653 0
1731883667891 0.0014143006410449743 0
1731883686762 0.0013040658086538315 0
1731883705463 0.0013230980839580297 0
1731883724344 0.001260731602087617 0
1731883743095 0.001349768484942615 0
1731883761920 0.001392329460941255 0
1731883780617 0.0013984502293169498 0
1731883799499 0.0012721571838483214 0
1731883818225 0.0013341610319912434 0
1731883837070 0.0013377175200730562 0
1731883855728 0.001409291522577405 0
1731883874573 0.0014487013686448336 0
1731883893611 0.0013942121295258403 0
1731883912463 0.0013462032657116652 0
1731883931147 0.0013164433185011148 0
1731883949988 0.0014230598462745547 0
1731883968640 0.001355456537567079 0
1731883987487 0.0014171481598168612 0
1731884006182 0.0014055550564080477 0
1731884025080 0.001391999190673232 0
1731884043770 0.0013585431734099984 0
1731884062614 0.0013595084892585874 0
1731884081338 0.0013570841401815414 0
1731884100180 0.0013495160965248942 0
1731884118877 0.0013155107153579593 0
1731884137760 0.0014264034107327461 0
1731884156460 0.0014346069656312466 0
