1731879804920 27.460298538208008 0
1731879833241 28.812620162963867 0
1731879860974 29.59963035583496 0
1731879888512 29.119548797607422 0
1731879915693 29.702072143554688 0
1731879942877 29.69613265991211 0
1731879969741 29.585494995117188 0
1731879996686 30.553607940673828 0
1731880023402 30.452165603637695 0
1731880050309 30.522876739501953 0
1731880076991 30.750513076782227 0
1731880103847 31.487035751342773 0
1731880130393 30.837608337402344 0
1731880157145 30.793275833129883 0
1731880183434 31.26280975341797 0
1731880206433 30.031251907348633 0
1731880229485 30.664661407470703 0
1731880252534 32.30329513549805 0
1731880275556 31.691579818725586 0
1731880298547 31.540102005004883 0
1731880321531 31.66132926940918 0
1731880344495 31.550615310668945 0
1731880366106 31.837295532226562 0
1731880387112 31.024124145507812 0
1731880408262 31.975553512573242 0
1731880429430 31.583969116210938 0
1731880450590 31.727476119995117 0
1731880471601 32.121891021728516 0
1731880492718 32.25514602661133 0
1731880513668 31.87173080444336 0
1731880533664 31.758075714111328 0
1731880553614 29.93381118774414 0
1731880573619 31.680978775024414 0
1731880593592 32.94487762451172 0
1731880613594 32.10939407348633 0
1731880633570 32.724308013916016 0
1731880653502 31.220746994018555 0
1731880672757 32.44159698486328 0
1731880692030 32.502925872802734 0
1731880711123 32.72989273071289 0
1731880730377 32.5325927734375 0
1731880749458 31.555028915405273 0
1731880768691 32.566200256347656 0
1731880787766 31.302438735961914 0
1731880807393 32.12718963623047 0
1731880826462 32.218021392822266 0
1731880845699 32.43626022338867 0
1731880864734 33.15524673461914 0
1731880883987 32.24839782714844 0
1731880903009 32.2343635559082 0
1731880922225 32.92571258544922 0
1731880941238 31.83214569091797 0
1731880960506 32.09771728515625 0
1731880979536 33.24205017089844 0
1731880998702 32.890106201171875 0
1731881017691 32.63565444946289 0
1731881036882 32.58767318725586 0
1731881055931 32.890907287597656 0
1731881075067 32.4028205871582 0
1731881094379 32.73969268798828 0
1731881113543 33.25315856933594 0
1731881132528 32.295433044433594 0
1731881151622 32.58083724975586 0
1731881170585 32.56757736206055 0
1731881189732 32.35768508911133 0
1731881208695 32.412044525146484 0
1731881227832 33.319515228271484 0
1731881246792 32.46156311035156 0
1731881265884 32.95808410644531 0
1731881284782 33.69563293457031 0
1731881303884 33.821434020996094 0
1731881322889 32.43244934082031 0
1731881341944 32.08270263671875 0
1731881360864 32.60719299316406 0
1731881380299 33.17509078979492 0
1731881399272 34.04220199584961 0
1731881418330 33.810787200927734 0
1731881437299 34.139774322509766 0
1731881456374 33.12636184692383 0
1731881475280 33.62328338623047 0
1731881494358 33.387786865234375 0
1731881513251 32.769935607910156 0
1731881532327 33.06736373901367 0
1731881551192 33.258296966552734 0
1731881570239 32.94136428833008 0
1731881589128 34.11152267456055 0
1731881608185 34.292137145996094 0
1731881627043 34.169185638427734 0
1731881646385 33.5290641784668 0
1731881665229 34.075340270996094 0
1731881684282 34.433963775634766 0
1731881703180 34.084896087646484 0
1731881722899 33.24541091918945 0
1731881741772 34.17293930053711 0
1731881760813 33.02109146118164 0
1731881779558 34.023681640625 0
1731881798525 33.50737762451172 0
1731881817429 33.3717041015625 0
1731881836567 34.032325744628906 0
1731881855407 34.202030181884766 0
1731881874424 34.0340461730957 0
1731881893306 34.25010681152344 0
1731881912316 33.86701202392578 0
1731881931596 34.013710021972656 0
1731881950588 33.97581481933594 0
1731881969386 34.1138916015625 0
1731881988367 33.703399658203125 0
1731882007183 34.609493255615234 0
1731882026209 34.6970100402832 0
1731882045057 33.77939224243164 0
1731882064067 32.802433013916016 0
1731882082877 34.93284225463867 0
1731882101856 34.18129348754883 0
1731882120678 33.41072082519531 0
1731882139655 33.904232025146484 0
1731882158502 34.303436279296875 0
1731882177465 34.65394973754883 0
1731882196263 33.82875442504883 0
1731882215526 34.584922790527344 0
1731882234307 34.71363830566406 0
1731882253272 34.44828414916992 0
1731882272061 34.87709045410156 0
1731882291040 34.541648864746094 0
1731882309838 33.323158264160156 0
1731882328814 33.79985046386719 0
1731882347665 34.11312484741211 0
1731882366609 34.96946716308594 0
1731882385418 35.370758056640625 0
1731882404338 34.17303466796875 0
1731882423145 34.7582893371582 0
1731882442099 34.24646759033203 0
1731882460876 33.85078811645508 0
1731882479832 34.43137741088867 0
1731882498998 34.546875 0
1731882517933 35.0020751953125 0
1731882536724 34.295108795166016 0
1731882555603 33.626487731933594 0
1731882574374 35.06496810913086 0
1731882593310 34.89482498168945 0
1731882612098 33.92476272583008 0
1731882631036 33.64630126953125 0
1731882649852 35.20732116699219 0
1731882668820 34.246212005615234 0
1731882687589 34.81156921386719 0
1731882706519 34.85456085205078 0
1731882725343 34.7329216003418 0
1731882744263 35.762325286865234 0
1731882763005 35.46445083618164 0
1731882782340 35.41450881958008 0
1731882801055 35.31698226928711 0
1731882819977 34.4340934753418 0
1731882838726 34.24150466918945 0
1731882857663 35.9499397277832 0
1731882876463 34.88675308227539 0
1731882895396 35.28205108642578 0
1731882914151 34.72468948364258 0
1731882933038 35.11450958251953 0
1731882951789 35.43809509277344 0
1731882970660 35.22296142578125 0
1731882989444 35.545284271240234 0
1731883008422 34.91469955444336 0
1731883027190 35.68473815917969 0
1731883046492 34.980491638183594 0
1731883065202 36.12593078613281 0
1731883084084 35.14521026611328 0
1731883102833 35.40723419189453 0
1731883121790 34.04807662963867 0
1731883140504 35.60216522216797 0
1731883159373 34.901424407958984 0
1731883178083 34.13689041137695 0
1731883197026 35.9801139831543 0
1731883215766 35.68156433105469 0
1731883234664 35.93553924560547 0
1731883253374 35.44842529296875 0
1731883272249 35.808555603027344 0
1731883290931 35.20918655395508 0
1731883309869 35.337059020996094 0
1731883328972 35.99523162841797 0
1731883347838 35.48073959350586 0
1731883366524 35.486209869384766 0
1731883385445 35.75569152832031 0
1731883404128 36.35061264038086 0
1731883423036 35.67369079589844 0
1731883441765 36.254695892333984 0
1731883460658 35.221256256103516 0
1731883479391 36.13941192626953 0
1731883498290 35.306915283203125 0
1731883517020 36.0427360534668 0
1731883535911 36.34128952026367 0
1731883554616 36.3698616027832 0
1731883573498 36.29461669921875 0
1731883592219 35.58614730834961 0
1731883611430 35.527278900146484 0
1731883630133 36.29054260253906 0
1731883649178 35.977874755859375 0
1731883667889 36.11697769165039 0
1731883686760 36.33766174316406 0
1731883705461 35.31944274902344 0
1731883724342 36.44438934326172 0
1731883743093 35.4474983215332 0
1731883761918 36.152801513671875 0
1731883780614 35.68231964111328 0
1731883799497 36.178836822509766 0
1731883818223 35.924869537353516 0
1731883837068 36.269866943359375 0
1731883855726 36.09674835205078 0
1731883874571 35.621761322021484 0
1731883893609 36.03115463256836 0
1731883912461 36.520931243896484 0
1731883931145 35.66804122924805 0
1731883949986 35.6484260559082 0
1731883968638 36.168113708496094 0
1731883987484 36.248802185058594 0
1731884006180 36.64543151855469 0
1731884025078 36.8274040222168 0
1731884043768 36.4196662902832 0
1731884062612 35.91909408569336 0
1731884081336 37.2082405090332 0
1731884100178 36.186275482177734 0
1731884118875 36.23588562011719 0
1731884137757 36.36360549926758 0
1731884156458 36.265098571777344 0
