1731879804923 0.00036835932405665517 0
1731879833248 0.0001443873334210366 0
1731879860976 0.00013383678742684424 0
1731879888515 8.322668145410717e-05 0
1731879915696 0.00011783377703977749 0
1731879942879 0.00010527143604122102 0
1731879969743 0.00010522225784370676 0
1731879996689 6.852918158983812e-05 0
1731880023406 0.00011326458479743451 0
1731880050311 6.314802158158273e-05 0
1731880076994 8.980911661637947e-05 0
1731880103850 5.479124956764281e-05 0
1731880130395 7.55566725274548e-05 0
1731880157148 6.374791701091453e-05 0
1731880183436 7.637895760126412e-05 0
1731880206436 8.673126285430044e-05 0
1731880229488 8.425107807852328e-05 0
1731880252536 3.9366434066323563e-05 0
1731880275559 7.812980038579553e-05 0
1731880298549 8.166615589288995e-05 0
1731880321533 6.938287697266787e-05 0
1731880344497 9.574439900461584e-05 0
1731880366109 9.97309252852574e-05 0
1731880387114 0.00010704388841986656 0
1731880408265 0.00014911126345396042 0
1731880429432 0.0001061283255694434 0
1731880450593 6.152874266263098e-05 0
1731880471603 0.00011138705303892493 0
1731880492721 3.335006476845592e-05 0
1731880513670 5.28893360751681e-05 0
1731880533666 0.0001418731699232012 0
1731880553616 6.61926533211954e-05 0
1731880573621 7.083905802574009e-05 0
1731880593594 7.102223753463477e-05 0
1731880613596 8.183384488802403e-05 0
1731880633572 6.479911098722368e-05 0
1731880653505 0.00010883816867135465 0
1731880672759 4.454996815184131e-05 0
1731880692032 7.713961531408131e-05 0
1731880711125 5.4591684602200985e-05 0
1731880730379 5.2587580285035074e-05 0
1731880749460 4.014598744106479e-05 0
1731880768694 4.6100030886009336e-05 0
1731880787768 6.725468847434968e-05 0
1731880807395 7.096515037119389e-05 0
1731880826464 5.782742300652899e-05 0
1731880845702 5.258715827949345e-05 0
1731880864736 3.2782980269985273e-05 0
1731880883990 8.61246298882179e-05 0
1731880903011 4.095458280062303e-05 0
1731880922227 3.918170841643587e-05 0
1731880941240 3.0783539841650054e-05 0
1731880960508 3.96518807974644e-05 0
1731880979538 0.000149079758557491 0
1731880998704 3.4516102459747344e-05 0
1731881017693 7.315030961763114e-05 0
1731881036884 4.76442146464251e-05 0
1731881055933 3.2879273931030184e-05 0
1731881075069 6.173475412651896e-05 0
1731881094381 5.270013207336888e-05 0
1731881113546 2.914376455009915e-05 0
1731881132530 3.66391395800747e-05 0
1731881151624 5.304674414219335e-05 0
1731881170587 4.386482396512292e-05 0
1731881189734 3.7678015360143036e-05 0
1731881208697 4.940499275107868e-05 0
1731881227834 3.472109528956935e-05 0
1731881246794 4.118896686122753e-05 0
1731881265886 2.6344918296672404e-05 0
1731881284784 3.410879071452655e-05 0
1731881303886 2.909178328991402e-05 0
1731881322891 4.033045843243599e-05 0
1731881341946 3.0169394449330866e-05 0
1731881360867 4.276414983905852e-05 0
1731881380301 4.544909461401403e-05 0
1731881399275 2.495352237019688e-05 0
1731881418332 3.420972643652931e-05 0
1731881437301 2.283520188939292e-05 0
1731881456376 2.612631578813307e-05 0
1731881475282 4.3199055653531104e-05 0
1731881494360 2.908709939219989e-05 0
1731881513254 2.723694524320308e-05 0
1731881532329 3.005483085871674e-05 0
1731881551194 2.737985778367147e-05 0
1731881570242 3.250747613492422e-05 0
1731881589130 5.1443566917441785e-05 0
1731881608188 2.717712413868867e-05 0
1731881627045 2.68140975094866e-05 0
1731881646387 3.418307096580975e-05 0
1731881665231 2.897865306294989e-05 0
1731881684285 2.2642416297458112e-05 0
1731881703879 3.8625148590654135e-05 0
1731881722902 4.148086009081453e-05 0
1731881741774 1.710090509732254e-05 0
1731881760816 3.559799733920954e-05 0
1731881779560 2.113828668370843e-05 0
1731881798528 2.7823463824461214e-05 0
1731881817528 2.6163821530644782e-05 0
1731881836569 2.768094236671459e-05 0
1731881855409 2.4236320314230397e-05 0
1731881874427 3.609105624491349e-05 0
1731881893308 2.683186176000163e-05 0
1731881912318 2.9286044082255103e-05 0
1731881931598 2.4366792786167935e-05 0
1731881950591 4.662066203309223e-05 0
1731881969388 1.7975664377445355e-05 0
1731881988370 1.7801936337491497e-05 0
1731882007186 2.1056730474811047e-05 0
1731882026212 2.9781651392113417e-05 0
1731882045059 1.8709471987676807e-05 0
1731882064069 4.2675379518186674e-05 0
1731882082879 2.248161763418466e-05 0
1731882101858 2.09698573598871e-05 0
1731882120681 2.9984290449647233e-05 0
1731882139658 2.2412919861380942e-05 0
1731882158505 1.4431621821131557e-05 0
1731882177467 3.123733768006787e-05 0
1731882196265 3.011682565556839e-05 0
1731882215528 2.230715472251177e-05 0
1731882234309 2.685476647457108e-05 0
1731882253274 1.994214835576713e-05 0
1731882272064 1.960052759386599e-05 0
1731882291042 2.855643288057763e-05 0
1731882309841 3.547778760548681e-05 0
1731882328816 2.49123404501006e-05 0
1731882347667 3.5832475987263024e-05 0
1731882366611 2.8330450732028112e-05 0
1731882385420 2.033121018030215e-05 0
1731882404340 2.328252958250232e-05 0
1731882423147 1.585376594448462e-05 0
1731882442101 3.178211045451462e-05 0
1731882460879 2.7961485102423467e-05 0
1731882479834 1.955237348738592e-05 0
1731882499001 2.1189087419770658e-05 0
1731882517935 2.374561154283583e-05 0
1731882536726 2.624397529871203e-05 0
1731882555605 2.9352930141612887e-05 0
1731882574377 1.4017951798450667e-05 0
1731882593312 2.11994192795828e-05 0
1731882612100 1.973871621885337e-05 0
1731882631038 1.6877433154149912e-05 0
1731882649855 3.070879029110074e-05 0
1731882668822 2.3828410121495835e-05 0
1731882687591 2.2498186808661558e-05 0
1731882706521 1.7036298231687397e-05 0
1731882725346 2.1010397176723927e-05 0
1731882744265 1.2047610653098673e-05 0
1731882763007 1.3626818144985009e-05 0
1731882782342 2.1299154468579218e-05 0
1731882801057 2.193524778704159e-05 0
1731882819979 2.1313901015673764e-05 0
1731882838728 5.222343315836042e-05 0
1731882857665 1.7052727343980223e-05 0
1731882876465 1.4544866644428112e-05 0
1731882895398 1.808325578167569e-05 0
1731882914153 1.4547904356732033e-05 0
1731882933041 2.2000640456099063e-05 0
1731882951791 1.935265026986599e-05 0
1731882970663 2.2548283595824614e-05 0
1731882989446 1.4985035704739857e-05 0
1731883008424 1.7842856323113665e-05 0
1731883027192 1.200219958263915e-05 0
1731883046494 1.3619011951959692e-05 0
1731883065204 1.3632992704515345e-05 0
1731883084086 1.3663289792020805e-05 0
1731883102835 1.35366808535764e-05 0
1731883121792 1.8535814888309687e-05 0
1731883140506 2.0395609681145288e-05 0
1731883159375 3.0499872082145885e-05 0
1731883178085 3.506014763843268e-05 0
1731883197029 1.3617429431178607e-05 0
1731883215768 1.981199784495402e-05 0
1731883234667 1.5616360542480834e-05 0
1731883253376 1.8402088244329207e-05 0
1731883272251 1.2945449270773679e-05 0
1731883290933 1.5509704098803923e-05 0
1731883309872 1.3082066288916394e-05 0
1731883328974 1.3373697584029287e-05 0
1731883347840 1.3198592569096945e-05 0
1731883366526 1.4130167983239517e-05 0
1731883385447 2.407282590866089e-05 0
1731883404130 1.1170444849994965e-05 0
1731883423038 1.2700931620202027e-05 0
1731883441768 1.1459431334515102e-05 0
1731883460660 2.0326413505245e-05 0
1731883479393 1.5227074982249178e-05 0
1731883498292 1.632940438867081e-05 0
1731883517023 1.1980970157310367e-05 0
1731883535913 1.270157918042969e-05 0
1731883554618 1.2595243788382504e-05 0
1731883573500 1.5356155927293003e-05 0
1731883592222 2.1152813133085147e-05 0
1731883611432 1.6187790606636554e-05 0
1731883630136 1.2598444300238043e-05 0
1731883649180 1.6725578461773694e-05 0
1731883667891 1.7228885553777218e-05 0
1731883686762 1.4518634088744875e-05 0
1731883705463 1.7368449334753677e-05 0
1731883724344 1.1079462638008408e-05 0
1731883743095 1.2880148460681085e-05 0
1731883761920 1.2002999028482009e-05 0
1731883780617 1.803072154871188e-05 0
1731883799499 1.195603545056656e-05 0
1731883818225 1.1711639672284946e-05 0
1731883837070 1.0535425644775387e-05 0
1731883855728 1.1769736374844797e-05 0
1731883874573 1.6037083696573973e-05 0
1731883893611 1.1603298844420351e-05 0
1731883912463 1.1589685527724214e-05 0
1731883931147 1.0449683031765744e-05 0
1731883949988 1.2307421457080636e-05 0
1731883968640 1.3037501958024222e-05 0
1731883987487 1.5095507478690706e-05 0
1731884006182 1.0550034858169965e-05 0
1731884025080 1.3196176951169036e-05 0
1731884043770 1.0798747098306194e-05 0
1731884062614 1.6589858205406927e-05 0
1731884081338 1.3899902114644647e-05 0
1731884100180 1.131362296291627e-05 0
1731884118877 1.5414170775329694e-05 0
1731884137760 1.3602309991256334e-05 0
1731884156460 1.0452909918967634e-05 0
