1731973250668 1.7909122705459595 0
1731973271906 1.8198412656784058 0
1731973291859 1.7608217000961304 0
1731973311919 1.487894058227539 0
1731973331832 1.4022771120071411 0
1731973351858 1.18491530418396 0
1731973371772 1.166473150253296 0
1731973391776 1.0449354648590088 0
1731973411676 0.9948394298553467 0
1731973431675 0.998676061630249 0
1731973451594 0.92369145154953 0
1731973471590 0.9616379737854004 0
1731973491518 0.9310730695724487 0
1731973511548 0.9385267496109009 0
1731973531637 0.9669934511184692 0
1731973549469 0.9651398062705994 0
1731973567309 0.9977924823760986 0
1731973585118 1.0198907852172852 0
1731973602952 0.9663070440292358 0
1731973620819 1.0124876499176025 0
1731973638659 1.018173098564148 0
1731973656491 0.986004114151001 0
1731973673564 1.019020438194275 0
1731973690270 1.0309240818023682 0
1731973707061 1.0120303630828857 0
1731973723861 1.0838582515716553 0
1731973740646 1.1082531213760376 0
1731973757336 1.0757502317428589 0
1731973774127 1.1097387075424194 0
1731973791178 1.1040736436843872 0
1731973807302 1.1061732769012451 0
1731973823434 1.1107319593429565 0
1731973839547 1.1244757175445557 0
1731973855676 1.1165640354156494 0
1731973871811 1.0571247339248657 0
1731973887951 1.1398006677627563 0
1731973904087 1.1001667976379395 0
1731973919808 1.1582478284835815 0
1731973935575 1.122130274772644 0
1731973951222 1.1016286611557007 0
1731973966973 1.1108421087265015 0
1731973982606 1.1487908363342285 0
1731973998361 1.139448881149292 0
1731974014017 1.1424288749694824 0
1731974030287 1.1469539403915405 0
1731974045922 1.136490821838379 0
1731974061671 1.180332064628601 0
1731974077330 1.178699016571045 0
1731974093063 1.1419881582260132 0
1731974108707 1.1207648515701294 0
1731974124450 1.1514403820037842 0
1731974140106 1.1424611806869507 0
1731974155836 1.156339168548584 0
1731974171496 1.164821743965149 0
1731974187261 1.1569465398788452 0
1731974202926 1.1792222261428833 0
1731974218694 1.132712483406067 0
1731974234371 1.1601624488830566 0
1731974250118 1.1324995756149292 0
1731974266412 1.160053014755249 0
1731974282172 1.1473850011825562 0
1731974297849 1.1479657888412476 0
1731974313592 1.156682014465332 0
1731974329249 1.1372551918029785 0
1731974344978 1.1540875434875488 0
1731974360638 1.1451557874679565 0
1731974376406 1.1635223627090454 0
1731974392046 1.1407049894332886 0
1731974407811 1.1379132270812988 0
1731974423478 1.1231366395950317 0
1731974439265 1.1710951328277588 0
1731974454931 1.1492187976837158 0
1731974470716 1.1437541246414185 0
1731974486383 1.16745924949646 0
1731974502666 1.1515672206878662 0
1731974518338 1.154832124710083 0
1731974534102 1.1793261766433716 0
1731974549776 1.151342511177063 0
1731974565527 1.160382628440857 0
1731974581178 1.1519687175750732 0
1731974596930 1.1643716096878052 0
1731974612606 1.1286306381225586 0
1731974628378 1.1581634283065796 0
1731974644074 1.1608928442001343 0
1731974659832 1.1347551345825195 0
1731974675497 1.1414874792099 0
1731974691248 1.161482810974121 0
1731974706919 1.160211443901062 0
1731974723159 1.1772516965866089 0
1731974738818 1.1775614023208618 0
1731974754578 1.1432920694351196 0
1731974770253 1.1486895084381104 0
1731974786000 1.1795779466629028 0
1731974801665 1.1603552103042603 0
1731974817452 1.1725159883499146 0
1731974833119 1.153713345527649 0
1731974848856 1.1547855138778687 0
1731974864542 1.1520135402679443 0
1731974880310 1.1686031818389893 0
1731974895978 1.1783183813095093 0
1731974911750 1.1537706851959229 0
1731974927425 1.1587743759155273 0
1731974943193 1.1729804277420044 0
1731974959340 1.1639091968536377 0
1731974975116 1.1624858379364014 0
1731974990785 1.1507623195648193 0
1731975006536 1.1412229537963867 0
1731975022220 1.15985906124115 0
1731975037998 1.1667370796203613 0
1731975053665 1.1715483665466309 0
1731975069413 1.1666990518569946 0
1731975085077 1.1436337232589722 0
1731975100819 1.1518642902374268 0
1731975116483 1.1459702253341675 0
1731975132220 1.161787986755371 0
1731975147854 1.1789143085479736 0
1731975163557 1.1838030815124512 0
1731975179215 1.1649749279022217 0
1731975195508 1.1495519876480103 0
1731975211145 1.1602014303207397 0
1731975226876 1.1476702690124512 0
1731975242546 1.157603144645691 0
1731975258295 1.1504594087600708 0
1731975273933 1.1681342124938965 0
1731975289668 1.172105073928833 0
1731975305331 1.1733357906341553 0
1731975321088 1.1581699848175049 0
1731975336740 1.1489094495773315 0
1731975352462 1.169201135635376 0
1731975368110 1.1533846855163574 0
1731975383854 1.1519603729248047 0
1731975399514 1.1573457717895508 0
1731975415248 1.1490896940231323 0
1731975431469 1.1662845611572266 0
1731975447202 1.175946831703186 0
1731975462851 1.1584064960479736 0
1731975478589 1.1685960292816162 0
1731975494261 1.168089509010315 0
1731975509992 1.1494179964065552 0
1731975525638 1.1607544422149658 0
1731975541375 1.1577379703521729 0
1731975557002 1.1668026447296143 0
1731975572715 1.1591858863830566 0
1731975588341 1.1699308156967163 0
1731975604056 1.1482012271881104 0
1731975619712 1.1431423425674438 0
1731975635446 1.1574100255966187 0
1731975651085 1.1802548170089722 0
1731975667333 1.1594585180282593 0
1731975682969 1.1720726490020752 0
1731975698709 1.153291940689087 0
1731975714334 1.1725106239318848 0
1731975730046 1.175067663192749 0
1731975745681 1.178420066833496 0
1731975761414 1.1730259656906128 0
1731975777046 1.1652681827545166 0
1731975792755 1.1558568477630615 0
1731975808385 1.1752437353134155 0
1731975824119 1.1693800687789917 0
1731975839733 1.167209506034851 0
1731975855468 1.1648406982421875 0
1731975871103 1.1405507326126099 0
1731975887287 1.153932809829712 0
1731975902920 1.161070466041565 0
1731975918648 1.1633199453353882 0
1731975934298 1.1559154987335205 0
1731975950024 1.1549482345581055 0
1731975965669 1.1501693725585938 0
1731975981410 1.162109136581421 0
1731975997039 1.1626485586166382 0
1731976012778 1.1530413627624512 0
1731976028420 1.16704261302948 0
1731976044153 1.1672437191009521 0
1731976059784 1.1771053075790405 0
1731976075531 1.16610586643219 0
1731976091148 1.1734662055969238 0
1731976106862 1.190518856048584 0
1731976123038 1.1711653470993042 0
1731976138758 1.178551435470581 0
1731976154391 1.1674048900604248 0
1731976170106 1.1606675386428833 0
1731976185728 1.18049955368042 0
1731976201455 1.18224036693573 0
1731976217090 1.1593017578125 0
1731976232815 1.1690250635147095 0
1731976248439 1.1556586027145386 0
1731976264163 1.164266586303711 0
1731976279770 1.1747177839279175 0
1731976295499 1.174835205078125 0
1731976311135 1.1816737651824951 0
1731976326854 1.1710301637649536 0
1731976342473 1.1785094738006592 0
1731976358727 1.1643493175506592 0
1731976374358 1.1794416904449463 0
1731976390090 1.169250249862671 0
1731976405718 1.1691596508026123 0
1731976421457 1.1738762855529785 0
1731976437069 1.1711540222167969 0
1731976452785 1.1644097566604614 0
1731976468400 1.167128086090088 0
1731976484117 1.1624778509140015 0
1731976499729 1.165938377380371 0
1731976515451 1.174696922302246 0
1731976531091 1.1826826333999634 0
1731976546816 1.1658390760421753 0
1731976562430 1.1644196510314941 0
1731976578133 1.1782552003860474 0
1731976594575 1.1673957109451294 0
1731976610276 1.170802116394043 0
1731976625900 1.1597110033035278 0
1731976641611 1.1625416278839111 0
1731976657247 1.1685203313827515 0
1731976672963 1.1738334894180298 0
1731976688576 1.1689436435699463 0
1731976704298 1.1630715131759644 0
1731976719942 1.173647403717041 0
1731976735651 1.163352131843567 0
1731976751288 1.1674296855926514 0
1731976767000 1.1775319576263428 0
1731976782629 1.1729742288589478 0
1731976798336 1.1705213785171509 0
1731976813960 1.1725858449935913 0
