1731973250668 0.046818919479846954 0
1731973271906 0.05051785707473755 0
1731973291859 0.04618721455335617 0
1731973311919 0.04350448027253151 0
1731973331832 0.0402931272983551 0
1731973351858 0.039570752531290054 0
1731973371772 0.03827591985464096 0
1731973391776 0.0369696207344532 0
1731973411676 0.03803142532706261 0
1731973431675 0.03687487542629242 0
1731973451594 0.03715416043996811 0
1731973471590 0.03638734295964241 0
1731973491518 0.03669301047921181 0
1731973511548 0.03565492480993271 0
1731973531637 0.03651822730898857 0
1731973549469 0.036315325647592545 0
1731973567309 0.03778618574142456 0
1731973585118 0.037913840264081955 0
1731973602952 0.035801660269498825 0
1731973620819 0.03605176508426666 0
1731973638659 0.03510066494345665 0
1731973656491 0.03610900789499283 0
1731973673564 0.03364809975028038 0
1731973690270 0.034971896559000015 0
1731973707061 0.034540340304374695 0
1731973723861 0.03443344309926033 0
1731973740646 0.035631973296403885 0
1731973757336 0.03519194945693016 0
1731973774127 0.03531979024410248 0
1731973791178 0.03520740941166878 0
1731973807302 0.03473929688334465 0
1731973823434 0.03522524610161781 0
1731973839547 0.034772466868162155 0
1731973855676 0.03441363945603371 0
1731973871811 0.036355387419462204 0
1731973887951 0.034812893718481064 0
1731973904087 0.03557928651571274 0
1731973919808 0.03557053953409195 0
1731973935575 0.035782501101493835 0
1731973951222 0.035669539123773575 0
1731973966973 0.035742685198783875 0
1731973982606 0.03563759848475456 0
1731973998361 0.03608114644885063 0
1731974014017 0.03644067049026489 0
1731974030287 0.03612459450960159 0
1731974045922 0.03649955987930298 0
1731974061671 0.03573719784617424 0
1731974077330 0.035728104412555695 0
1731974093063 0.03638593852519989 0
1731974108707 0.03643157333135605 0
1731974124450 0.03583068400621414 0
1731974140106 0.036075908690690994 0
1731974155836 0.03633582592010498 0
1731974171496 0.03603411093354225 0
1731974187261 0.03634221851825714 0
1731974202926 0.03623675927519798 0
1731974218694 0.0362875796854496 0
1731974234371 0.036483678966760635 0
1731974250118 0.03724951669573784 0
1731974266412 0.036084044724702835 0
1731974282172 0.03612446412444115 0
1731974297849 0.03606915473937988 0
1731974313592 0.03630230575799942 0
1731974329249 0.0366879440844059 0
1731974344978 0.03622211143374443 0
1731974360638 0.03633122146129608 0
1731974376406 0.03635427728295326 0
1731974392046 0.036450132727622986 0
1731974407811 0.0367145873606205 0
1731974423478 0.03705010935664177 0
1731974439265 0.03619426116347313 0
1731974454931 0.036294128745794296 0
1731974470716 0.036381617188453674 0
1731974486383 0.035879552364349365 0
1731974502666 0.03645949065685272 0
1731974518338 0.03676053136587143 0
1731974534102 0.03635389357805252 0
1731974549776 0.03643798828125 0
1731974565527 0.03601479530334473 0
1731974581178 0.03660261631011963 0
1731974596930 0.03658444806933403 0
1731974612606 0.036990586668252945 0
1731974628378 0.03660603240132332 0
1731974644074 0.036486852914094925 0
1731974659832 0.036993905901908875 0
1731974675497 0.03666914626955986 0
1731974691248 0.03619725629687309 0
1731974706919 0.036581799387931824 0
1731974723159 0.03635484725236893 0
1731974738818 0.03598298504948616 0
1731974754578 0.036423590034246445 0
1731974770253 0.036819856613874435 0
1731974786000 0.03615627437829971 0
1731974801665 0.03685604780912399 0
1731974817452 0.03650873526930809 0
1731974833119 0.03669270500540733 0
1731974848856 0.036577560007572174 0
1731974864542 0.03671390190720558 0
1731974880310 0.0369889922440052 0
1731974895978 0.036284539848566055 0
1731974911750 0.0367107056081295 0
1731974927425 0.03695383667945862 0
1731974943193 0.03671515733003616 0
1731974959340 0.03688722103834152 0
1731974975116 0.03677136451005936 0
1731974990785 0.036622270941734314 0
1731975006536 0.036777108907699585 0
1731975022220 0.03681262582540512 0
1731975037998 0.03638950735330582 0
1731975053665 0.03656553104519844 0
1731975069413 0.036875054240226746 0
1731975085077 0.03693780675530434 0
1731975100819 0.036657094955444336 0
1731975116483 0.03659011051058769 0
1731975132220 0.03658408671617508 0
1731975147854 0.03687388449907303 0
1731975163557 0.03675064817070961 0
1731975179215 0.037014055997133255 0
1731975195508 0.036925770342350006 0
1731975211145 0.03667599707841873 0
1731975226876 0.03720332682132721 0
1731975242546 0.03694659844040871 0
1731975258295 0.036819495260715485 0
1731975273933 0.036661650985479355 0
1731975289668 0.03676854074001312 0
1731975305331 0.03670446574687958 0
1731975321088 0.03695337101817131 0
1731975336740 0.03681264445185661 0
1731975352462 0.03690696880221367 0
1731975368110 0.037066832184791565 0
1731975383854 0.03693108633160591 0
1731975399514 0.036858245730400085 0
1731975415248 0.03687658905982971 0
1731975431469 0.036595217883586884 0
1731975447202 0.03684551641345024 0
1731975462851 0.03703274950385094 0
1731975478589 0.03702287748456001 0
1731975494261 0.036722615361213684 0
1731975509992 0.03691815957427025 0
1731975525638 0.03675668314099312 0
1731975541375 0.037296004593372345 0
1731975557002 0.03701156750321388 0
1731975572715 0.037401389330625534 0
1731975588341 0.037007518112659454 0
1731975604056 0.0370376817882061 0
1731975619712 0.03715457022190094 0
1731975635446 0.0370849184691906 0
1731975651085 0.03660140931606293 0
1731975667333 0.03679356724023819 0
1731975682969 0.03670208156108856 0
1731975698709 0.03721173480153084 0
1731975714334 0.03700787201523781 0
1731975730046 0.03679196164011955 0
1731975745681 0.03668781742453575 0
1731975761414 0.03708355501294136 0
1731975777046 0.03715062513947487 0
1731975792755 0.037008557468652725 0
1731975808385 0.0366055928170681 0
1731975824119 0.03676547110080719 0
1731975839733 0.03717351704835892 0
1731975855468 0.036977995187044144 0
1731975871103 0.037281058728694916 0
1731975887287 0.037101246416568756 0
1731975902920 0.036991629749536514 0
1731975918648 0.036991655826568604 0
1731975934298 0.0368596650660038 0
1731975950024 0.037033289670944214 0
1731975965669 0.037106145173311234 0
1731975981410 0.03672754764556885 0
1731975997039 0.036991432309150696 0
1731976012778 0.03700288012623787 0
1731976028420 0.036925096064805984 0
1731976044153 0.03726935014128685 0
1731976059784 0.03696781024336815 0
1731976075531 0.037157781422138214 0
1731976091148 0.036954548209905624 0
1731976106862 0.03662031516432762 0
1731976123038 0.03701847046613693 0
1731976138758 0.036847490817308426 0
1731976154391 0.03723631054162979 0
1731976170106 0.03710314258933067 0
1731976185728 0.03689438849687576 0
1731976201455 0.03684552013874054 0
1731976217090 0.03730512410402298 0
1731976232815 0.037136998027563095 0
1731976248439 0.03726647049188614 0
1731976264163 0.03715529292821884 0
1731976279770 0.03699773550033569 0
1731976295499 0.03682255744934082 0
1731976311135 0.03684929013252258 0
1731976326854 0.036961182951927185 0
1731976342473 0.03683820739388466 0
1731976358727 0.03711831942200661 0
1731976374358 0.036791447550058365 0
1731976390090 0.03687139227986336 0
1731976405718 0.03691984713077545 0
1731976421457 0.03692283108830452 0
1731976437069 0.037154171615839005 0
1731976452785 0.037399664521217346 0
1731976468400 0.036970701068639755 0
1731976484117 0.03707309812307358 0
1731976499729 0.03701081499457359 0
1731976515451 0.03696617856621742 0
1731976531091 0.03682109713554382 0
1731976546816 0.03708072379231453 0
1731976562430 0.036987219005823135 0
1731976578133 0.03682482987642288 0
1731976594575 0.03711405023932457 0
1731976610276 0.03706001862883568 0
1731976625900 0.03711182624101639 0
1731976641611 0.037087149918079376 0
1731976657247 0.03697972372174263 0
1731976672963 0.03697444498538971 0
1731976688576 0.03705088794231415 0
1731976704298 0.037243232131004333 0
1731976719942 0.03708605468273163 0
1731976735651 0.03720998391509056 0
1731976751288 0.037121303379535675 0
1731976767000 0.037039197981357574 0
1731976782629 0.03702874109148979 0
1731976798336 0.037189509719610214 0
1731976813960 0.037077419459819794 0
