1731973250668 0.2110920250415802 0
1731973271906 0.14716190099716187 0
1731973291859 0.11952248215675354 0
1731973311919 0.09940186142921448 0
1731973331832 0.09062331914901733 0
1731973351858 0.07902339845895767 0
1731973371772 0.0698288083076477 0
1731973391776 0.06154497712850571 0
1731973411676 0.05833018571138382 0
1731973431675 0.05746074393391609 0
1731973451594 0.05539814010262489 0
1731973471590 0.05216290429234505 0
1731973491518 0.05027403682470322 0
1731973511548 0.04775683581829071 0
1731973531637 0.046604834496974945 0
1731973549469 0.046536386013031006 0
1731973567309 0.045147307217121124 0
1731973585118 0.04311497509479523 0
1731973602952 0.04388067126274109 0
1731973620819 0.04418516159057617 0
1731973638659 0.041571684181690216 0
1731973656491 0.04019736126065254 0
1731973673564 0.039940036833286285 0
1731973690270 0.039068643003702164 0
1731973707061 0.03887520357966423 0
1731973723861 0.03813142329454422 0
1731973740646 0.03633955121040344 0
1731973757336 0.036757729947566986 0
1731973774127 0.03599284216761589 0
1731973791178 0.03395639359951019 0
1731973807302 0.03473763167858124 0
1731973823434 0.03484663367271423 0
1731973839547 0.0337035171687603 0
1731973855676 0.033864568918943405 0
1731973871811 0.03256935998797417 0
1731973887951 0.03217431902885437 0
1731973904087 0.03321049362421036 0
1731973919808 0.032622598111629486 0
1731973935575 0.031395748257637024 0
1731973951222 0.03185024857521057 0
1731973966973 0.0306391641497612 0
1731973982606 0.029668059200048447 0
1731973998361 0.029600173234939575 0
1731974014017 0.02937489002943039 0
1731974030287 0.030797794461250305 0
1731974045922 0.030245596542954445 0
1731974061671 0.028339382261037827 0
1731974077330 0.0306326262652874 0
1731974093063 0.029739076271653175 0
1731974108707 0.028694849461317062 0
1731974124450 0.027741823345422745 0
1731974140106 0.02936532348394394 0
1731974155836 0.028788305819034576 0
1731974171496 0.02683325856924057 0
1731974187261 0.028771445155143738 0
1731974202926 0.027572568506002426 0
1731974218694 0.026403814554214478 0
1731974234371 0.026543118059635162 0
1731974250118 0.02662823349237442 0
1731974266412 0.025386448949575424 0
1731974282172 0.025377636775374413 0
1731974297849 0.024368692189455032 0
1731974313592 0.025228071957826614 0
1731974329249 0.025633562356233597 0
1731974344978 0.024494588375091553 0
1731974360638 0.024668976664543152 0
1731974376406 0.024391483515501022 0
1731974392046 0.024046462029218674 0
1731974407811 0.023034699261188507 0
1731974423478 0.0230448879301548 0
1731974439265 0.022791031748056412 0
1731974454931 0.023633118718862534 0
1731974470716 0.023816360160708427 0
1731974486383 0.023054366931319237 0
1731974502666 0.022945351898670197 0
1731974518338 0.022846270352602005 0
1731974534102 0.02379627898335457 0
1731974549776 0.022336257621645927 0
1731974565527 0.021962033584713936 0
1731974581178 0.021876171231269836 0
1731974596930 0.02071392349898815 0
1731974612606 0.021678315475583076 0
1731974628378 0.02118130773305893 0
1731974644074 0.0215520691126585 0
1731974659832 0.02296459674835205 0
1731974675497 0.021932274103164673 0
1731974691248 0.020972231402993202 0
1731974706919 0.02125191129744053 0
1731974723159 0.021773958578705788 0
1731974738818 0.02124980092048645 0
1731974754578 0.02018008381128311 0
1731974770253 0.02083556354045868 0
1731974786000 0.0215244572609663 0
1731974801665 0.019554894417524338 0
1731974817452 0.020832985639572144 0
1731974833119 0.018842468038201332 0
1731974848856 0.019696976989507675 0
1731974864542 0.01780867762863636 0
1731974880310 0.02056005969643593 0
1731974895978 0.01858256570994854 0
1731974911750 0.018375081941485405 0
1731974927425 0.019496791064739227 0
1731974943193 0.018594879657030106 0
1731974959340 0.019772343337535858 0
1731974975116 0.01837802305817604 0
1731974990785 0.018642127513885498 0
1731975006536 0.018223684281110764 0
1731975022220 0.01873954012989998 0
1731975037998 0.017399050295352936 0
1731975053665 0.017854616045951843 0
1731975069413 0.017545511946082115 0
1731975085077 0.018112964928150177 0
1731975100819 0.01765039563179016 0
1731975116483 0.018003050237894058 0
1731975132220 0.01808599755167961 0
1731975147854 0.018491962924599648 0
1731975163557 0.017315929755568504 0
1731975179215 0.017596065998077393 0
1731975195508 0.016822148114442825 0
1731975211145 0.017928913235664368 0
1731975226876 0.017321519553661346 0
1731975242546 0.017336079850792885 0
1731975258295 0.01757471263408661 0
1731975273933 0.016407549381256104 0
1731975289668 0.014948012307286263 0
1731975305331 0.01571778953075409 0
1731975321088 0.016513288021087646 0
1731975336740 0.015916280448436737 0
1731975352462 0.01605149544775486 0
1731975368110 0.016292409971356392 0
1731975383854 0.01588435098528862 0
1731975399514 0.016581028699874878 0
1731975415248 0.015570295974612236 0
1731975431469 0.016006644815206528 0
1731975447202 0.015547558665275574 0
1731975462851 0.01555053610354662 0
1731975478589 0.01542432326823473 0
1731975494261 0.014852592721581459 0
1731975509992 0.015640273690223694 0
1731975525638 0.015872133895754814 0
1731975541375 0.014571061357855797 0
1731975557002 0.01598432846367359 0
1731975572715 0.015360989607870579 0
1731975588341 0.016155805438756943 0
1731975604056 0.01585610955953598 0
1731975619712 0.014146588742733002 0
1731975635446 0.015619220212101936 0
1731975651085 0.01428750529885292 0
1731975667333 0.014548649080097675 0
1731975682969 0.014994632452726364 0
1731975698709 0.014667797833681107 0
1731975714334 0.014272870495915413 0
1731975730046 0.014037687331438065 0
1731975745681 0.013995129615068436 0
1731975761414 0.014395320788025856 0
1731975777046 0.014626199379563332 0
1731975792755 0.014025085605680943 0
1731975808385 0.015129901468753815 0
1731975824119 0.01507556065917015 0
1731975839733 0.01434534601867199 0
1731975855468 0.01411595568060875 0
1731975871103 0.014562607742846012 0
1731975887287 0.014510482549667358 0
1731975902920 0.013814408332109451 0
1731975918648 0.013523165136575699 0
1731975934298 0.01370308455079794 0
1731975950024 0.013994354754686356 0
1731975965669 0.013476802967488766 0
1731975981410 0.013635893352329731 0
1731975997039 0.013560219667851925 0
1731976012778 0.013711508363485336 0
1731976028420 0.013577282428741455 0
1731976044153 0.013178643770515919 0
1731976059784 0.013435758650302887 0
1731976075531 0.014263054355978966 0
1731976091148 0.013559161685407162 0
1731976106862 0.013921765610575676 0
1731976123038 0.013693607412278652 0
1731976138758 0.013194872066378593 0
1731976154391 0.013635148294270039 0
1731976170106 0.013587584719061852 0
1731976185728 0.013832177966833115 0
1731976201455 0.012654817663133144 0
1731976217090 0.013270299881696701 0
1731976232815 0.013151917606592178 0
1731976248439 0.013486461713910103 0
1731976264163 0.013996075838804245 0
1731976279770 0.013433827087283134 0
1731976295499 0.013002041727304459 0
1731976311135 0.013754324987530708 0
1731976326854 0.013493377715349197 0
1731976342473 0.013153421692550182 0
1731976358727 0.013928604312241077 0
1731976374358 0.01309648435562849 0
1731976390090 0.013099994510412216 0
1731976405718 0.014093149453401566 0
1731976421457 0.012862144038081169 0
1731976437069 0.013058148324489594 0
1731976452785 0.013862816616892815 0
1731976468400 0.013014446943998337 0
1731976484117 0.012895362451672554 0
1731976499729 0.012460621073842049 0
1731976515451 0.012518079951405525 0
1731976531091 0.012886353768408298 0
1731976546816 0.012613354250788689 0
1731976562430 0.012787623330950737 0
1731976578133 0.013021746650338173 0
1731976594575 0.0123724564909935 0
1731976610276 0.012402661144733429 0
1731976625900 0.013271607458591461 0
1731976641611 0.0132432971149683 0
1731976657247 0.013109834864735603 0
1731976672963 0.01220829039812088 0
1731976688576 0.012544184923171997 0
1731976704298 0.012103131040930748 0
1731976719942 0.012890027835965157 0
1731976735651 0.011593925766646862 0
1731976751288 0.01256166398525238 0
1731976767000 0.012058824300765991 0
1731976782629 0.012216138653457165 0
1731976798336 0.012532705441117287 0
1731976813960 0.012355223298072815 0
