1731973251436 0.0004221840645186603 0
1731973271908 0.00029432380688376725 0
1731973291865 0.00023904498084448278 0
1731973311921 0.00019880372565239668 0
1731973331835 0.0001812466507544741 0
1731973351861 0.00015804680879227817 0
1731973371774 0.00013965762627776712 0
1731973391778 0.00012308996520005167 0
1731973411678 0.00011666037607938051 0
1731973431677 0.00011492149496916682 0
1731973451596 0.00011079628893639892 0
1731973471593 0.00010432581620989367 0
1731973491520 0.00010054808080894873 0
1731973511550 9.551367838867009e-05 0
1731973531639 9.320967365056276e-05 0
1731973549472 9.30727765080519e-05 0
1731973567311 9.029461944010109e-05 0
1731973585120 8.622995665064082e-05 0
1731973602955 8.776134927757084e-05 0
1731973620821 8.837032510200515e-05 0
1731973638661 8.314337173942477e-05 0
1731973656493 8.039472595555708e-05 0
1731973673566 7.988007564563304e-05 0
1731973690272 7.813728734618053e-05 0
1731973707063 7.775041012791917e-05 0
1731973723863 7.626284786965698e-05 0
1731973740649 7.267910405062139e-05 0
1731973757338 7.351546082645655e-05 0
1731973774129 7.198569073807448e-05 0
1731973791181 6.791279156459495e-05 0
1731973807304 6.947526708245277e-05 0
1731973823436 6.969326932448894e-05 0
1731973839549 6.740703975083306e-05 0
1731973855679 6.772913911845535e-05 0
1731973871813 6.513872358482331e-05 0
1731973887953 6.434864189941436e-05 0
1731973904089 6.64209874230437e-05 0
1731973919811 6.524519994854927e-05 0
1731973935577 6.279149965848774e-05 0
1731973951224 6.37004995951429e-05 0
1731973966975 6.127833330538124e-05 0
1731973982608 5.933612192166038e-05 0
1731973998364 5.920034891460091e-05 0
1731974014019 5.874978160136379e-05 0
1731974030289 6.159559416119009e-05 0
1731974045924 6.0491194744827226e-05 0
1731974061673 5.667876757797785e-05 0
1731974077332 6.126525840954855e-05 0
1731974093065 5.947815589024685e-05 0
1731974108709 5.7389701396459714e-05 0
1731974124452 5.548364788410254e-05 0
1731974140108 5.87306494708173e-05 0
1731974155838 5.757661347161047e-05 0
1731974171499 5.366652112570591e-05 0
1731974187264 5.754289304604754e-05 0
1731974202928 5.514514123206027e-05 0
1731974218696 5.280763070913963e-05 0
1731974234373 5.3086238040123135e-05 0
1731974250121 5.325646998244338e-05 0
1731974266414 5.077290188637562e-05 0
1731974282175 5.075527587905526e-05 0
1731974297851 4.873738726018928e-05 0
1731974313594 5.045614670962095e-05 0
1731974329251 5.1267128583276644e-05 0
1731974344980 4.898917904938571e-05 0
1731974360640 4.93379557156004e-05 0
1731974376408 4.878297113464214e-05 0
1731974392049 4.80929265904706e-05 0
1731974407813 4.606939910445362e-05 0
1731974423480 4.608977906173095e-05 0
1731974439268 4.558206637739204e-05 0
1731974454933 4.726623956230469e-05 0
1731974470718 4.7632722271373495e-05 0
1731974486386 4.6108736569294706e-05 0
1731974502669 4.5890705223428085e-05 0
1731974518339 4.56925445178058e-05 0
1731974534104 4.75925589853432e-05 0
1731974549778 4.4672517105937004e-05 0
1731974565530 4.392406844999641e-05 0
1731974581180 4.375234493636526e-05 0
1731974596932 4.142784746363759e-05 0
1731974612608 4.335663470556028e-05 0
1731974628380 4.236261884216219e-05 0
1731974644077 4.310414078645408e-05 0
1731974659834 4.5929195039207116e-05 0
1731974675499 4.386455111671239e-05 0
1731974691250 4.194446592009626e-05 0
1731974706921 4.250382335158065e-05 0
1731974723161 4.3547919631237164e-05 0
1731974738820 4.249960329616442e-05 0
1731974754581 4.036016980535351e-05 0
1731974770255 4.1671130020404235e-05 0
1731974786002 4.304891626816243e-05 0
1731974801667 3.910978921339847e-05 0
1731974817454 4.1665975004434586e-05 0
1731974833121 3.768493843381293e-05 0
1731974848858 3.939395537599921e-05 0
1731974864544 3.5617358662420884e-05 0
1731974880312 4.1120121750282124e-05 0
1731974895980 3.7165133107919246e-05 0
1731974911752 3.675016705528833e-05 0
1731974927427 3.899358489434235e-05 0
1731974943196 3.718976222444326e-05 0
1731974959342 3.954468775191344e-05 0
1731974975118 3.67560496670194e-05 0
1731974990787 3.728425508597866e-05 0
1731975006538 3.644737080321647e-05 0
1731975022223 3.7479083403013647e-05 0
1731975038001 3.4798104024957865e-05 0
1731975053668 3.570923217921518e-05 0
1731975069415 3.5091026802547276e-05 0
1731975085079 3.622593067120761e-05 0
1731975100822 3.5300792660564184e-05 0
1731975116485 3.600610216381028e-05 0
1731975132223 3.617199763539247e-05 0
1731975147857 3.6983929021516815e-05 0
1731975163559 3.4631862945389e-05 0
1731975179217 3.519213350955397e-05 0
1731975195510 3.3644297218415886e-05 0
1731975211148 3.5857829061569646e-05 0
1731975226878 3.4643042454263195e-05 0
1731975242548 3.467216083663516e-05 0
1731975258297 3.514942727633752e-05 0
1731975273935 3.2815099984873086e-05 0
1731975289670 2.9896025807829574e-05 0
1731975305333 3.1435582059202716e-05 0
1731975321090 3.3026579330908135e-05 0
1731975336742 3.183256194461137e-05 0
1731975352464 3.210299109923653e-05 0
1731975368112 3.2584823202341795e-05 0
1731975383856 3.176870450261049e-05 0
1731975399516 3.316205766168423e-05 0
1731975415250 3.114059290965088e-05 0
1731975431471 3.201328945579007e-05 0
1731975447204 3.109511817456223e-05 0
1731975462853 3.110107354586944e-05 0
1731975478591 3.0848648748360574e-05 0
1731975494263 2.970518653455656e-05 0
1731975509995 3.12805495923385e-05 0
1731975525640 3.1744268198963255e-05 0
1731975541377 2.914212382165715e-05 0
1731975557004 3.196865873178467e-05 0
1731975572717 3.0721981602255255e-05 0
1731975588343 3.231161099392921e-05 0
1731975604058 3.1712221243651584e-05 0
1731975619714 2.8293179639149457e-05 0
1731975635448 3.123844362562522e-05 0
1731975651087 2.857501203834545e-05 0
1731975667335 2.9097300284774974e-05 0
1731975682971 2.9989267204655334e-05 0
1731975698711 2.93355969915865e-05 0
1731975714336 2.8545742679852992e-05 0
1731975730049 2.807537566695828e-05 0
1731975745683 2.799025969579816e-05 0
1731975761416 2.879064231819939e-05 0
1731975777048 2.925240005424712e-05 0
1731975792757 2.805017174978275e-05 0
1731975808387 3.0259803679655306e-05 0
1731975824121 3.0151122700772248e-05 0
1731975839735 2.8690694307442755e-05 0
1731975855470 2.8231912438059226e-05 0
1731975871105 2.9125216315151192e-05 0
1731975887289 2.9020966394455172e-05 0
1731975902922 2.762881740636658e-05 0
1731975918651 2.7046331524616107e-05 0
1731975934300 2.7406171284383163e-05 0
1731975950026 2.798871173581574e-05 0
1731975965672 2.6953606720780954e-05 0
1731975981412 2.7271787985228002e-05 0
1731975997041 2.7120440790895373e-05 0
1731976012780 2.7423018764238805e-05 0
1731976028422 2.7154566851095296e-05 0
1731976044155 2.635728924360592e-05 0
1731976059786 2.6871519366977736e-05 0
1731976075533 2.8526110327220522e-05 0
1731976091156 2.711832530621905e-05 0
1731976106864 2.7843532734550536e-05 0
1731976123040 2.738721559580881e-05 0
1731976138760 2.6389745471533388e-05 0
1731976154393 2.7270298232906498e-05 0
1731976170108 2.717517054406926e-05 0
1731976185730 2.7664356821333058e-05 0
1731976201457 2.5309636839665473e-05 0
1731976217092 2.654060153872706e-05 0
1731976232817 2.630383642099332e-05 0
1731976248441 2.697292438824661e-05 0
1731976264165 2.799215326376725e-05 0
1731976279772 2.6867655833484605e-05 0
1731976295501 2.6004085157183e-05 0
1731976311137 2.7508651328389533e-05 0
1731976326856 2.6986755983671173e-05 0
1731976342475 2.6306845029466785e-05 0
1731976358729 2.7857209715875797e-05 0
1731976374360 2.6192970835836604e-05 0
1731976390092 2.6199990315944888e-05 0
1731976405720 2.818629945977591e-05 0
1731976421459 2.572429002611898e-05 0
1731976437071 2.6116298613487743e-05 0
1731976452787 2.772563493635971e-05 0
1731976468402 2.602889435365796e-05 0
1731976484119 2.5790726795094088e-05 0
1731976499731 2.4921242584241554e-05 0
1731976515453 2.503616087778937e-05 0
1731976531093 2.5772707886062562e-05 0
1731976546818 2.5226709112757817e-05 0
1731976562432 2.5575247491360642e-05 0
1731976578135 2.6043495381600223e-05 0
1731976594577 2.4744913389440626e-05 0
1731976610278 2.4805323846521787e-05 0
1731976625902 2.6543215426499955e-05 0
1731976641613 2.6486595743335783e-05 0
1731976657249 2.6219671781291254e-05 0
1731976672965 2.4416582164121792e-05 0
1731976688578 2.5088371330639347e-05 0
1731976704300 2.4206263333326206e-05 0
1731976719944 2.5780056603252888e-05 0
1731976735653 2.3187853003037162e-05 0
1731976751290 2.5123328668996692e-05 0
1731976767002 2.4117649445543066e-05 0
1731976782631 2.443227822368499e-05 0
1731976798338 2.506541204638779e-05 0
1731976813962 2.471044717822224e-05 0
