1731973250668 18.159645080566406 0
1731973271906 21.874101638793945 0
1731973291859 22.237239837646484 0
1731973311919 22.69165802001953 0
1731973331832 23.086959838867188 0
1731973351858 23.996868133544922 0
1731973371772 23.841285705566406 0
1731973391776 24.5229549407959 0
1731973411676 23.787569046020508 0
1731973431675 23.963436126708984 0
1731973451594 23.56141471862793 0
1731973471590 24.593828201293945 0
1731973491518 24.691789627075195 0
1731973511548 24.737977981567383 0
1731973531637 24.284605026245117 0
1731973549469 24.24825668334961 0
1731973567309 24.61080551147461 0
1731973585118 24.116151809692383 0
1731973602952 25.336923599243164 0
1731973620819 24.73353385925293 0
1731973638659 25.018041610717773 0
1731973656491 25.260150909423828 0
1731973673564 25.073917388916016 0
1731973690270 25.294565200805664 0
1731973707061 24.77064323425293 0
1731973723861 24.7469539642334 0
1731973740646 25.531850814819336 0
1731973757336 25.800600051879883 0
1731973774127 26.10211944580078 0
1731973791178 26.0071964263916 0
1731973807302 26.255861282348633 0
1731973823434 24.67686653137207 0
1731973839547 25.53449249267578 0
1731973855676 26.01584815979004 0
1731973871811 25.964595794677734 0
1731973887951 26.29126739501953 0
1731973904087 25.951854705810547 0
1731973919808 26.379684448242188 0
1731973935575 25.997102737426758 0
1731973951222 26.282533645629883 0
1731973966973 25.759065628051758 0
1731973982606 25.50648307800293 0
1731973998361 26.341297149658203 0
1731974014017 26.403533935546875 0
1731974030287 26.46013641357422 0
1731974045922 25.921693801879883 0
1731974061671 26.147705078125 0
1731974077330 26.86157989501953 0
1731974093063 26.18558120727539 0
1731974108707 25.939424514770508 0
1731974124450 26.283748626708984 0
1731974140106 25.429367065429688 0
1731974155836 25.55820083618164 0
1731974171496 26.426471710205078 0
1731974187261 26.45284080505371 0
1731974202926 26.3864688873291 0
1731974218694 26.24198341369629 0
1731974234371 26.50113296508789 0
1731974250118 26.83197593688965 0
1731974266412 26.619304656982422 0
1731974282172 26.313888549804688 0
1731974297849 26.682767868041992 0
1731974313592 27.01103401184082 0
1731974329249 27.097305297851562 0
1731974344978 27.670528411865234 0
1731974360638 27.19729232788086 0
1731974376406 26.910846710205078 0
1731974392046 27.05876350402832 0
1731974407811 26.877365112304688 0
1731974423478 27.178447723388672 0
1731974439265 27.3729305267334 0
1731974454931 27.85525894165039 0
1731974470716 26.587827682495117 0
1731974486383 27.197689056396484 0
1731974502666 26.900175094604492 0
1731974518338 27.762754440307617 0
1731974534102 27.034286499023438 0
1731974549776 27.485939025878906 0
1731974565527 27.07524299621582 0
1731974581178 27.875680923461914 0
1731974596930 27.854928970336914 0
1731974612606 27.662546157836914 0
1731974628378 27.564023971557617 0
1731974644074 27.17854118347168 0
1731974659832 27.402982711791992 0
1731974675497 28.314517974853516 0
1731974691248 27.089805603027344 0
1731974706919 27.60569953918457 0
1731974723159 28.369373321533203 0
1731974738818 28.01494789123535 0
1731974754578 27.211074829101562 0
1731974770253 27.62424659729004 0
1731974786000 27.80434226989746 0
1731974801665 27.943321228027344 0
1731974817452 27.511734008789062 0
1731974833119 27.843143463134766 0
1731974848856 28.328100204467773 0
1731974864542 28.13349151611328 0
1731974880310 28.860496520996094 0
1731974895978 28.306594848632812 0
1731974911750 28.206985473632812 0
1731974927425 28.067609786987305 0
1731974943193 27.98127555847168 0
1731974959340 28.434194564819336 0
1731974975116 28.137956619262695 0
1731974990785 28.23900604248047 0
1731975006536 28.78031349182129 0
1731975022220 28.421480178833008 0
1731975037998 28.702857971191406 0
1731975053665 28.609142303466797 0
1731975069413 28.6217041015625 0
1731975085077 28.17216682434082 0
1731975100819 27.694528579711914 0
1731975116483 27.894847869873047 0
1731975132220 28.481447219848633 0
1731975147854 28.563756942749023 0
1731975163557 28.47089958190918 0
1731975179215 29.18403434753418 0
1731975195508 27.87468910217285 0
1731975211145 28.445261001586914 0
1731975226876 28.42679786682129 0
1731975242546 29.00986671447754 0
1731975258295 29.400529861450195 0
1731975273933 29.094470977783203 0
1731975289668 29.389087677001953 0
1731975305331 29.37372398376465 0
1731975321088 28.872966766357422 0
1731975336740 28.17606544494629 0
1731975352462 28.736299514770508 0
1731975368110 28.013051986694336 0
1731975383854 29.071134567260742 0
1731975399514 29.07150650024414 0
1731975415248 29.156494140625 0
1731975431469 29.175752639770508 0
1731975447202 29.251277923583984 0
1731975462851 28.603538513183594 0
1731975478589 29.602581024169922 0
1731975494261 29.0745849609375 0
1731975509992 29.248937606811523 0
1731975525638 29.21055030822754 0
1731975541375 28.960874557495117 0
1731975557002 28.98406410217285 0
1731975572715 29.395124435424805 0
1731975588341 28.963794708251953 0
1731975604056 29.24258804321289 0
1731975619712 29.5988826751709 0
1731975635446 29.449546813964844 0
1731975651085 28.969961166381836 0
1731975667333 29.831777572631836 0
1731975682969 28.950395584106445 0
1731975698709 29.401994705200195 0
1731975714334 29.5555362701416 0
1731975730046 29.754470825195312 0
1731975745681 28.694562911987305 0
1731975761414 28.73124885559082 0
1731975777046 29.529951095581055 0
1731975792755 30.01300621032715 0
1731975808385 29.8011531829834 0
1731975824119 30.30908966064453 0
1731975839733 29.57447052001953 0
1731975855468 29.719480514526367 0
1731975871103 29.459327697753906 0
1731975887287 29.667240142822266 0
1731975902920 29.861122131347656 0
1731975918648 29.699914932250977 0
1731975934298 29.899232864379883 0
1731975950024 29.692230224609375 0
1731975965669 30.019235610961914 0
1731975981410 29.5006103515625 0
1731975997039 29.706693649291992 0
1731976012778 29.91556167602539 0
1731976028420 30.428585052490234 0
1731976044153 29.78926658630371 0
1731976059784 30.37931251525879 0
1731976075531 29.918798446655273 0
1731976091148 29.960538864135742 0
1731976106862 29.47337532043457 0
1731976123038 29.700145721435547 0
1731976138758 30.157798767089844 0
1731976154391 29.895021438598633 0
1731976170106 30.23019027709961 0
1731976185728 30.030315399169922 0
1731976201455 29.38721466064453 0
1731976217090 30.23979377746582 0
1731976232815 30.122528076171875 0
1731976248439 29.66935157775879 0
1731976264163 30.026195526123047 0
1731976279770 30.08113670349121 0
1731976295499 30.367938995361328 0
1731976311135 29.782852172851562 0
1731976326854 30.18120765686035 0
1731976342473 29.539701461791992 0
1731976358727 29.982267379760742 0
1731976374358 30.514484405517578 0
1731976390090 29.758228302001953 0
1731976405718 29.437070846557617 0
1731976421457 30.179031372070312 0
1731976437069 30.084938049316406 0
1731976452785 30.030080795288086 0
1731976468400 30.31954002380371 0
1731976484117 30.140615463256836 0
1731976499729 30.741779327392578 0
1731976515451 30.363096237182617 0
1731976531091 30.168041229248047 0
1731976546816 30.85885238647461 0
1731976562430 29.721834182739258 0
1731976578133 30.358606338500977 0
1731976594575 30.61907386779785 0
1731976610276 30.102731704711914 0
1731976625900 30.14862060546875 0
1731976641611 30.665433883666992 0
1731976657247 30.73516845703125 0
1731976672963 30.744029998779297 0
1731976688576 30.696510314941406 0
1731976704298 30.41439437866211 0
1731976719942 30.59362030029297 0
1731976735651 30.583988189697266 0
1731976751288 30.530385971069336 0
1731976767000 30.755447387695312 0
1731976782629 30.81906509399414 0
1731976798336 30.9694881439209 0
1731976813960 30.963930130004883 0
