1731973251436 0.0005961134447716177 0
1731973271908 0.0003755316720344126 0
1731973291865 0.0003155886079184711 0
1731973311921 0.00019568574498407543 0
1731973331835 0.00019887156668119133 0
1731973351861 0.00017711154941935092 0
1731973371774 0.0001703843881841749 0
1731973391778 0.00016560174117330462 0
1731973411678 0.00018032471416518092 0
1731973431677 0.00018968315271195024 0
1731973451596 0.00016237611998803914 0
1731973471593 0.00011681231262627989 0
1731973491520 0.00014778581680729985 0
1731973511550 0.0001687160402070731 0
1731973531639 0.00014287758676800877 0
1731973549472 0.00019153201719745994 0
1731973567311 0.00021261887741275132 0
1731973585120 0.0001718737039482221 0
1731973602955 0.00012921023881062865 0
1731973620821 0.00012521137250587344 0
1731973638661 0.00016061963106039912 0
1731973656493 0.00011159539280924946 0
1731973673566 0.00017422932432964444 0
1731973690272 0.00015794762293808162 0
1731973707063 0.00010388831287855282 0
1731973723863 0.00012522045290097594 0
1731973740649 0.00018586129590403289 0
1731973757338 0.00012838443217333406 0
1731973774129 0.00010582739196252078 0
1731973791181 0.00011720835755113512 0
1731973807304 0.00013011865667067468 0
1731973823436 0.00019818716100417078 0
1731973839549 0.00011393887689337134 0
1731973855679 0.00013532067532651126 0
1731973871813 0.0001522167440271005 0
1731973887953 0.000125881313579157 0
1731973904089 8.723844803171232e-05 0
1731973919811 0.00010574878251645714 0
1731973935577 0.00011723511124728248 0
1731973951224 6.848810880910605e-05 0
1731973966975 0.00013852269330527633 0
1731973982608 0.00012461186270229518 0
1731973998364 0.00015016936231404543 0
1731974014019 9.799413237487897e-05 0
1731974030289 0.00016227157902903855 0
1731974045924 9.544209751766175e-05 0
1731974061673 0.00011542382708285004 0
1731974077332 7.806875510141253e-05 0
1731974093065 8.341957436641678e-05 0
1731974108709 8.055842044996098e-05 0
1731974124452 0.00014070951147004962 0
1731974140108 0.00012577467714436352 0
1731974155838 9.896392293740064e-05 0
1731974171499 7.613419438712299e-05 0
1731974187264 0.00013850885443389416 0
1731974202928 0.00010501069482415915 0
1731974218696 0.00011354484013281763 0
1731974234373 0.0001125718408729881 0
1731974250121 0.00010381136962678283 0
1731974266414 0.00011021889804396778 0
1731974282175 0.00014518978423438966 0
1731974297851 0.00011381930380593985 0
1731974313594 8.253558189608157e-05 0
1731974329251 0.00012497171701397747 0
1731974344980 9.587629756424576e-05 0
1731974360640 9.690270235296339e-05 0
1731974376408 9.712247992865741e-05 0
1731974392049 0.00010457818279974163 0
1731974407813 0.00013309300993569195 0
1731974423480 0.00010085258691105992 0
1731974439268 7.149644079618156e-05 0
1731974454933 0.00011709702084772289 0
1731974470718 9.198501356877387e-05 0
1731974486386 0.00011222722241654992 0
1731974502669 9.419891284778714e-05 0
1731974518339 8.491933112964034e-05 0
1731974534104 0.0001364093041047454 0
1731974549778 0.0001116460989578627 0
1731974565530 9.339299867860973e-05 0
1731974581180 0.00011739431647583842 0
1731974596932 8.01529167802073e-05 0
1731974612608 9.749847231432796e-05 0
1731974628380 9.476380364503711e-05 0
1731974644077 9.447790216654539e-05 0
1731974659834 7.161203393479809e-05 0
1731974675499 7.684057345613837e-05 0
1731974691250 0.0001028133265208453 0
1731974706921 7.223810098366812e-05 0
1731974723161 9.822659194469452e-05 0
1731974738820 0.00010240736446576193 0
1731974754581 6.994049181230366e-05 0
1731974770255 8.831544255372137e-05 0
1731974786002 8.462647383566946e-05 0
1731974801667 7.963598181959242e-05 0
1731974817454 6.803435098845512e-05 0
1731974833121 8.827431156532839e-05 0
1731974848858 8.885434363037348e-05 0
1731974864544 7.52554478822276e-05 0
1731974880312 9.769949247129261e-05 0
1731974895980 0.00010652191849658266 0
1731974911752 0.00011249702947679907 0
1731974927427 9.40970639931038e-05 0
1731974943196 8.154554961947724e-05 0
1731974959342 0.0001256163523066789 0
1731974975118 7.04147678334266e-05 0
1731974990787 9.304264676757157e-05 0
1731975006538 7.524884858867154e-05 0
1731975022223 9.172328282147646e-05 0
1731975038001 8.763369987718761e-05 0
1731975053668 6.569013930857182e-05 0
1731975069415 8.932773198466748e-05 0
1731975085079 7.674456719541922e-05 0
1731975100822 8.682976476848125e-05 0
1731975116485 9.410026541445404e-05 0
1731975132223 6.408418994396925e-05 0
1731975147857 7.146446296246722e-05 0
1731975163559 8.165604958776385e-05 0
1731975179217 7.895621820352972e-05 0
1731975195510 0.00010619249223964289 0
1731975211148 7.073779124766588e-05 0
1731975226878 7.233538781292737e-05 0
1731975242548 6.25757675152272e-05 0
1731975258297 7.394828571705148e-05 0
1731975273935 7.498505874536932e-05 0
1731975289670 6.557791493833065e-05 0
1731975305333 6.368209869833663e-05 0
1731975321090 7.510936848120764e-05 0
1731975336742 5.994633829686791e-05 0
1731975352464 6.50178553769365e-05 0
1731975368112 8.792995504336432e-05 0
1731975383856 7.864992949180305e-05 0
1731975399516 6.370560004143044e-05 0
1731975415250 6.024372123647481e-05 0
1731975431471 7.511439616791904e-05 0
1731975447204 7.658601680304855e-05 0
1731975462853 9.398213296663016e-05 0
1731975478591 8.639258157927543e-05 0
1731975494263 5.7006109273061156e-05 0
1731975509995 6.149665568955243e-05 0
1731975525640 8.276486187241971e-05 0
1731975541377 7.695065141888335e-05 0
1731975557004 5.932491330895573e-05 0
1731975572717 7.474196900147945e-05 0
1731975588343 6.423657032428309e-05 0
1731975604058 8.153416274581105e-05 0
1731975619714 8.988488843897358e-05 0
1731975635448 9.419727575732395e-05 0
1731975651087 7.042444485705346e-05 0
1731975667335 7.277564145624638e-05 0
1731975682971 7.359465234912932e-05 0
1731975698711 5.6336477427976206e-05 0
1731975714336 6.618617771891877e-05 0
1731975730049 7.752860256005079e-05 0
1731975745683 9.79201722657308e-05 0
1731975761416 5.773843440692872e-05 0
1731975777048 6.68287102598697e-05 0
1731975792757 6.147153908386827e-05 0
1731975808387 7.559404184576124e-05 0
1731975824121 7.740032742731273e-05 0
1731975839735 7.150595774874091e-05 0
1731975855470 7.503564847866073e-05 0
1731975871105 6.51576483505778e-05 0
1731975887289 6.582467176485807e-05 0
1731975902922 9.971167310141027e-05 0
1731975918651 6.356810627039522e-05 0
1731975934300 7.749550422886387e-05 0
1731975950026 4.6288165322039276e-05 0
1731975965672 7.198409002739936e-05 0
1731975981412 7.219013787107542e-05 0
1731975997041 0.00010238202230539173 0
1731976012780 6.10238203080371e-05 0
1731976028422 8.527608588337898e-05 0
1731976044155 5.889816384296864e-05 0
1731976059786 5.935466106166132e-05 0
1731976075533 6.860881694592535e-05 0
1731976091156 6.596936145797372e-05 0
1731976106864 8.163266465999186e-05 0
1731976123040 6.30574650131166e-05 0
1731976138760 5.976708052912727e-05 0
1731976154393 6.62330276099965e-05 0
1731976170108 5.4070209444034845e-05 0
1731976185730 5.676621731254272e-05 0
1731976201457 7.129842560971156e-05 0
1731976217092 7.559857476735488e-05 0
1731976232817 6.784670404158533e-05 0
1731976248441 8.207851351471618e-05 0
1731976264165 6.527513323817402e-05 0
1731976279772 7.88040561019443e-05 0
1731976295501 6.090417082305066e-05 0
1731976311137 7.865022053010762e-05 0
1731976326856 7.291197835002095e-05 0
1731976342475 5.4414467740571126e-05 0
1731976358729 5.5855543905636296e-05 0
1731976374360 6.478985596913844e-05 0
1731976390092 5.6945966207422316e-05 0
1731976405720 6.868705531815067e-05 0
1731976421459 5.803917156299576e-05 0
1731976437071 6.015607141307555e-05 0
1731976452787 6.594121805392206e-05 0
1731976468402 7.002877828199416e-05 0
1731976484119 4.9668953579384834e-05 0
1731976499731 7.500031642848626e-05 0
1731976515453 6.398865662049502e-05 0
1731976531093 6.878853309899569e-05 0
1731976546818 6.79016302456148e-05 0
1731976562432 5.555629468290135e-05 0
1731976578135 6.680189108010381e-05 0
1731976594577 5.92782671446912e-05 0
1731976610278 5.8926219935528934e-05 0
1731976625902 6.656805635429919e-05 0
1731976641613 6.681959348497912e-05 0
1731976657249 7.276596443261951e-05 0
1731976672965 7.514993194490671e-05 0
1731976688578 5.5734984925948083e-05 0
1731976704300 6.466064951382577e-05 0
1731976719944 6.779578689020127e-05 0
1731976735653 5.0446888053556904e-05 0
1731976751290 5.793362652184442e-05 0
1731976767002 7.395900320261717e-05 0
1731976782631 6.235289038158953e-05 0
1731976798338 6.81383753544651e-05 0
1731976813962 4.861271008849144e-05 0
