1731968636103 0.014789202250540257 0
1731968661019 0.014769279398024082 0
1731968685405 0.014539562165737152 0
1731968709655 0.01476005557924509 0
1731968733486 0.014901426620781422 0
1731968757260 0.01493743248283863 0
1731968780765 0.014665991999208927 0
1731968804320 0.015097422525286674 0
1731968827698 0.01502845250070095 0
1731968851249 0.015020187012851238 0
1731968874585 0.015333428047597408 0
1731968897985 0.014883601106703281 0
1731968921179 0.014939727261662483 0
1731968944600 0.015012133866548538 0
1731968983080 0.014877638779580593 0
1731969003208 0.01514882780611515 0
1731969023205 0.015015480108559132 0
1731969043246 0.015090006403625011 0
1731969063300 0.01496465690433979 0
1731969083318 0.01499523501843214 0
1731969103372 0.015131663531064987 0
1731969123381 0.01505481917411089 0
1731969142233 0.015051566995680332 0
1731969160536 0.01477388571947813 0
1731969178968 0.014942186884582043 0
1731969197438 0.01497424952685833 0
1731969215885 0.014854623936116695 0
1731969234178 0.01494162529706955 0
1731969252592 0.01499878242611885 0
1731969270887 0.015053574927151203 0
1731969288314 0.015018455684185028 0
1731969305719 0.014959828928112984 0
1731969323159 0.015107794664800167 0
1731969340571 0.015020162798464298 0
1731969357941 0.014929141849279404 0
1731969375365 0.015079645439982414 0
1731969392761 0.015122499316930771 0
1731969409591 0.014923365786671638 0
1731969426396 0.01491449773311615 0
1731969443051 0.014978515915572643 0
1731969459879 0.014914440922439098 0
1731969476554 0.01501696277409792 0
1731969493347 0.015054256655275822 0
1731969510021 0.014891264028847218 0
1731969527145 0.015068769454956055 0
1731969543831 0.014840833842754364 0
1731969560668 0.014896972104907036 0
1731969577330 0.014940261840820312 0
1731969594130 0.015177056193351746 0
1731969610818 0.014795963652431965 0
1731969627638 0.015036317519843578 0
1731969644309 0.014977585524320602 0
1731969661128 0.014940758235752583 0
1731969677788 0.014961661770939827 0
1731969694606 0.015039162710309029 0
1731969711247 0.014931480400264263 0
1731969728045 0.014897482469677925 0
1731969744727 0.014823212288320065 0
1731969761564 0.01496350858360529 0
1731969778541 0.014999701641499996 0
1731969795339 0.014890799298882484 0
1731969812003 0.015043511986732483 0
1731969828807 0.014848079532384872 0
1731969845443 0.014929593540728092 0
1731969862262 0.0148416543379426 0
1731969878897 0.014935025945305824 0
1731969895680 0.014923264272511005 0
1731969912347 0.015021847561001778 0
1731969929131 0.015062904916703701 0
1731969945739 0.0149320587515831 0
1731969962509 0.014938819222152233 0
1731969979178 0.015021990053355694 0
1731969995965 0.014951408840715885 0
1731970012578 0.015007168054580688 0
1731970029655 0.015026092529296875 0
1731970046316 0.014980615116655827 0
1731970063095 0.014865059405565262 0
1731970079754 0.01490872260183096 0
1731970096538 0.014978470280766487 0
1731970113181 0.0149470753967762 0
1731970129974 0.014951576478779316 0
1731970146597 0.014965223148465157 0
1731970163344 0.014967604540288448 0
1731970179956 0.014939038082957268 0
1731970196679 0.014913237653672695 0
1731970213297 0.014989162795245647 0
1731970230031 0.014898208901286125 0
1731970246645 0.014976891689002514 0
1731970263720 0.01492264587432146 0
1731970280294 0.015085150487720966 0
1731970297037 0.014922101981937885 0
1731970313645 0.015015591867268085 0
1731970330366 0.014930257573723793 0
1731970346967 0.014882407151162624 0
1731970363724 0.014944269321858883 0
1731970380290 0.01488130260258913 0
1731970397029 0.014910964295268059 0
1731970413647 0.015020870603621006 0
1731970430396 0.014862467534840107 0
1731970447013 0.015056507661938667 0
1731970463728 0.014955385588109493 0
1731970480349 0.014971067197620869 0
1731970497099 0.014897866174578667 0
1731970514046 0.01497009489685297 0
1731970530811 0.01495357695966959 0
1731970547414 0.014818251132965088 0
1731970564190 0.014907121658325195 0
1731970580766 0.014849458821117878 0
1731970597520 0.0149282431229949 0
1731970614118 0.014888321980834007 0
1731970630873 0.015018213540315628 0
1731970647452 0.01497762929648161 0
1731970664190 0.01485791988670826 0
1731970680761 0.014892468228936195 0
1731970697489 0.014903049916028976 0
1731970714094 0.01492009125649929 0
1731970730826 0.01493989396840334 0
1731970747407 0.014905844815075397 0
1731970764479 0.014977817423641682 0
1731970781080 0.014881892129778862 0
1731970797791 0.014893819577991962 0
1731970814397 0.014928781427443027 0
1731970831136 0.014971893280744553 0
1731970847726 0.015039844438433647 0
1731970864456 0.014963156543672085 0
1731970881051 0.014893687330186367 0
1731970897755 0.01500027533620596 0
1731970914324 0.014939508400857449 0
1731970931039 0.01502564363181591 0
1731970947653 0.014826683327555656 0
1731970964377 0.01488956343382597 0
1731970980947 0.014855177141726017 0
1731970997688 0.014863972552120686 0
1731971014615 0.014912483282387257 0
1731971031369 0.014903523959219456 0
1731971047928 0.014907619915902615 0
1731971064645 0.01490123849362135 0
1731971081244 0.014915802516043186 0
1731971097984 0.014999255537986755 0
1731971114588 0.014943684451282024 0
1731971131319 0.014909051358699799 0
1731971147908 0.01496914867311716 0
1731971164609 0.014912843704223633 0
1731971181176 0.014897126704454422 0
1731971197913 0.014945301227271557 0
1731971214502 0.014931668527424335 0
1731971231235 0.014923705719411373 0
1731971247834 0.014923729933798313 0
1731971264943 0.01493897009640932 0
1731971281542 0.014925534836947918 0
1731971298234 0.015000302344560623 0
1731971314795 0.014948932453989983 0
1731971331518 0.014932386577129364 0
1731971348113 0.014959254302084446 0
1731971364823 0.014941847883164883 0
1731971381438 0.01491998415440321 0
1731971398183 0.014939348213374615 0
1731971414776 0.014893826097249985 0
1731971431492 0.014935615472495556 0
1731971448076 0.014946920797228813 0
1731971464822 0.014933991245925426 0
1731971481401 0.014902107417583466 0
1731971498482 0.014913318678736687 0
1731971515061 0.014944908209145069 0
1731971531758 0.014959446154534817 0
1731971548339 0.014979105442762375 0
1731971565110 0.014919550158083439 0
1731971581698 0.01487929280847311 0
1731971598440 0.014908731915056705 0
1731971615045 0.014945742674171925 0
1731971631748 0.014957170002162457 0
1731971648322 0.0148955462500453 0
1731971665047 0.014956767670810223 0
1731971681621 0.014991807751357555 0
1731971698366 0.014889406971633434 0
1731971714957 0.0149748669937253 0
1731971731685 0.014951787889003754 0
1731971748607 0.014930863864719868 0
1731971765352 0.01492988783866167 0
1731971781928 0.014979938976466656 0
1731971798652 0.014927596785128117 0
1731971815258 0.014919459819793701 0
1731971832004 0.01492010522633791 0
1731971848565 0.014992565847933292 0
1731971865268 0.014958750456571579 0
1731971881857 0.014983994886279106 0
1731971898577 0.014991833828389645 0
1731971915179 0.014932064339518547 0
1731971931870 0.01491615828126669 0
1731971948466 0.014977898448705673 0
1731971965197 0.01495511457324028 0
1731971981796 0.014932681806385517 0
1731971998833 0.014956493861973286 0
1731972015459 0.014979337342083454 0
1731972032215 0.014933100901544094 0
1731972048799 0.014920777641236782 0
1731972065556 0.014913558959960938 0
1731972082131 0.014853933826088905 0
1731972098879 0.0149338124319911 0
1731972115449 0.01492802333086729 0
1731972132191 0.01495105680078268 0
1731972148765 0.014917575754225254 0
1731972165491 0.014932568185031414 0
1731972182058 0.014918681234121323 0
1731972198756 0.014894580468535423 0
1731972215335 0.014930256642401218 0
1731972232048 0.014952855184674263 0
1731972249182 0.01495704147964716 0
1731972265938 0.014926816336810589 0
1731972282535 0.014918954111635685 0
1731972299261 0.014933637343347073 0
1731972315847 0.014969689771533012 0
1731972332562 0.014879112131893635 0
1731972349148 0.01497683022171259 0
1731972365895 0.014908146113157272 0
1731972382471 0.01497566793113947 0
1731972399221 0.014950775541365147 0
1731972415830 0.014922878704965115 0
1731972432590 0.0149520393460989 0
1731972449163 0.014929481782019138 0
1731972465906 0.01495344564318657 0
1731972482504 0.014967888593673706 0
