1731968636103 2.2878646850585938 0
1731968661019 2.147160530090332 0
1731968685405 2.1859920024871826 0
1731968709655 2.135140895843506 0
1731968733486 2.0501708984375 0
1731968757260 2.1486752033233643 0
1731968780765 2.202817678451538 0
1731968804320 2.0476136207580566 0
1731968827698 2.1906685829162598 0
1731968851249 2.1471426486968994 0
1731968874585 2.1188478469848633 0
1731968897985 2.120474338531494 0
1731968921179 2.1463046073913574 0
1731968944600 2.049180746078491 0
1731968983080 2.129099130630493 0
1731969003208 2.0986688137054443 0
1731969023205 2.0626745223999023 0
1731969043246 2.0946784019470215 0
1731969063300 2.0829367637634277 0
1731969083318 2.1231842041015625 0
1731969103372 2.143075942993164 0
1731969123381 2.05519962310791 0
1731969142233 2.095703125 0
1731969160536 2.116133689880371 0
1731969178968 2.045501232147217 0
1731969197438 2.0762131214141846 0
1731969215885 2.0373706817626953 0
1731969234178 2.0856709480285645 0
1731969252592 2.069368362426758 0
1731969270887 2.0422816276550293 0
1731969288314 2.067763566970825 0
1731969305719 2.069092035293579 0
1731969323159 2.114717483520508 0
1731969340571 2.0517306327819824 0
1731969357941 2.029042959213257 0
1731969375365 2.048576831817627 0
1731969392761 2.1234424114227295 0
1731969409591 2.112039804458618 0
1731969426396 2.044062614440918 0
1731969443051 2.0433387756347656 0
1731969459879 2.05476713180542 0
1731969476554 2.0951101779937744 0
1731969493347 2.053370237350464 0
1731969510021 2.055692195892334 0
1731969527145 2.0645413398742676 0
1731969543831 2.0272727012634277 0
1731969560668 2.0487682819366455 0
1731969577330 2.068833112716675 0
1731969594130 2.039263963699341 0
1731969610818 2.045398473739624 0
1731969627638 2.0414392948150635 0
1731969644309 2.1171438694000244 0
1731969661128 2.019298553466797 0
1731969677788 2.0077648162841797 0
1731969694606 2.038417339324951 0
1731969711247 2.075687885284424 0
1731969728045 2.035966634750366 0
1731969744727 2.045311450958252 0
1731969761564 1.9974806308746338 0
1731969778541 2.0721395015716553 0
1731969795339 2.050405502319336 0
1731969812003 2.022099494934082 0
1731969828807 2.0481371879577637 0
1731969845443 2.0194666385650635 0
1731969862262 2.0415761470794678 0
1731969878897 2.0513715744018555 0
1731969895680 2.065087080001831 0
1731969912347 2.0213944911956787 0
1731969929131 2.0546939373016357 0
1731969945739 2.046949625015259 0
1731969962509 2.067915439605713 0
1731969979178 2.0518295764923096 0
1731969995965 2.048809289932251 0
1731970012578 2.0251965522766113 0
1731970029655 2.031055450439453 0
1731970046316 2.0570034980773926 0
1731970063095 2.0129592418670654 0
1731970079754 2.02427339553833 0
1731970096538 2.0416362285614014 0
1731970113181 2.0452122688293457 0
1731970129974 2.0637447834014893 0
1731970146597 2.0287437438964844 0
1731970163344 2.053286552429199 0
1731970179956 2.0425174236297607 0
1731970196679 2.0409131050109863 0
1731970213297 2.0063507556915283 0
1731970230031 2.0300114154815674 0
1731970246645 2.049974203109741 0
1731970263720 2.0507614612579346 0
1731970280294 2.0267131328582764 0
1731970297037 2.0272011756896973 0
1731970313645 2.0675008296966553 0
1731970330366 2.0438759326934814 0
1731970346967 2.0181286334991455 0
1731970363724 2.0362229347229004 0
1731970380290 2.0287091732025146 0
1731970397029 2.038972854614258 0
1731970413647 2.0527305603027344 0
1731970430396 2.0488574504852295 0
1731970447013 2.0272891521453857 0
1731970463728 2.0193512439727783 0
1731970480349 2.039262294769287 0
1731970497099 2.015763282775879 0
1731970514046 2.026081085205078 0
1731970530811 2.031381130218506 0
1731970547414 2.0421130657196045 0
1731970564190 2.0348916053771973 0
1731970580766 2.030583381652832 0
1731970597520 2.0145950317382812 0
1731970614118 2.040792226791382 0
1731970630873 2.0159661769866943 0
1731970647452 2.0487687587738037 0
1731970664190 2.01468563079834 0
1731970680761 2.042841672897339 0
1731970697489 2.025212287902832 0
1731970714094 2.0562257766723633 0
1731970730826 2.00713849067688 0
1731970747407 2.013794183731079 0
1731970764479 2.027041435241699 0
1731970781080 2.043508291244507 0
1731970797791 2.02223801612854 0
1731970814397 2.0420374870300293 0
1731970831136 2.0442683696746826 0
1731970847726 2.043605327606201 0
1731970864456 2.0150325298309326 0
1731970881051 2.0341320037841797 0
1731970897755 2.021059513092041 0
1731970914324 2.041774272918701 0
1731970931039 2.0162277221679688 0
1731970947653 2.024225950241089 0
1731970964377 2.0289459228515625 0
1731970980947 2.0436911582946777 0
1731970997688 2.028458595275879 0
1731971014615 2.0302112102508545 0
1731971031369 2.026203155517578 0
1731971047928 2.0297975540161133 0
1731971064645 2.0165393352508545 0
1731971081244 2.0141384601593018 0
1731971097984 2.019277572631836 0
1731971114588 2.036583185195923 0
1731971131319 2.0491139888763428 0
1731971147908 2.0265820026397705 0
1731971164609 2.02377986907959 0
1731971181176 2.031532049179077 0
1731971197913 2.0212931632995605 0
1731971214502 2.0135884284973145 0
1731971231235 2.022068977355957 0
1731971247834 2.0131216049194336 0
1731971264943 2.03621506690979 0
1731971281542 2.0101547241210938 0
1731971298234 2.0296308994293213 0
1731971314795 2.021138906478882 0
1731971331518 2.0203163623809814 0
1731971348113 2.030689001083374 0
1731971364823 2.018045663833618 0
1731971381438 2.0015769004821777 0
1731971398183 2.036669969558716 0
1731971414776 2.0149807929992676 0
1731971431492 2.0048749446868896 0
1731971448076 2.0231990814208984 0
1731971464822 2.0150187015533447 0
1731971481401 2.0212135314941406 0
1731971498482 2.013198137283325 0
1731971515061 2.010999917984009 0
1731971531758 2.0347375869750977 0
1731971548339 2.0369691848754883 0
1731971565110 2.0207743644714355 0
1731971581698 2.0231494903564453 0
1731971598440 2.020843505859375 0
1731971615045 2.02307391166687 0
1731971631748 2.0245862007141113 0
1731971648322 2.027073860168457 0
1731971665047 2.0381648540496826 0
1731971681621 2.0174763202667236 0
1731971698366 2.0212438106536865 0
1731971714957 2.0338246822357178 0
1731971731685 2.037651777267456 0
1731971748607 2.027435064315796 0
1731971765352 2.030360221862793 0
1731971781928 2.008018970489502 0
1731971798652 2.0540153980255127 0
1731971815258 2.0337088108062744 0
1731971832004 2.018223524093628 0
1731971848565 2.01444411277771 0
1731971865268 2.013805389404297 0
1731971881857 2.019850015640259 0
1731971898577 2.0188779830932617 0
1731971915179 2.0325098037719727 0
1731971931870 2.0255320072174072 0
1731971948466 2.0201289653778076 0
1731971965197 2.0122430324554443 0
1731971981796 2.028005599975586 0
1731971998833 2.033674478530884 0
1731972015459 2.015846014022827 0
1731972032215 2.0238118171691895 0
1731972048799 2.0232274532318115 0
1731972065556 2.0143566131591797 0
1731972082131 2.020350456237793 0
1731972098879 2.0172598361968994 0
1731972115449 2.010509967803955 0
1731972132191 2.015998125076294 0
1731972148765 2.014394521713257 0
1731972165491 2.005772352218628 0
1731972182058 2.021455764770508 0
1731972198756 2.0322556495666504 0
1731972215335 2.018693447113037 0
1731972232048 2.015712261199951 0
1731972249182 2.005316972732544 0
1731972265938 2.015554904937744 0
1731972282535 2.015363931655884 0
1731972299261 2.0273773670196533 0
1731972315847 2.0243937969207764 0
1731972332562 2.025766134262085 0
1731972349148 2.0192883014678955 0
1731972365895 2.024132013320923 0
1731972382471 2.01161527633667 0
1731972399221 2.012983560562134 0
1731972415830 2.0161643028259277 0
1731972432590 2.0313992500305176 0
1731972449163 2.0041065216064453 0
1731972465906 2.013813018798828 0
1731972482504 2.0161538124084473 0
