1731968636125 0.0008336083847098053 0
1731968661023 0.0008622234454378486 0
1731968685408 0.00032712402753531933 0
1731968709658 0.0002822135284077376 0
1731968733489 0.00021985286730341613 0
1731968757262 0.0001909443235490471 0
1731968780767 0.0002973936207126826 0
1731968804322 0.00023202609736472368 0
1731968827701 0.00018444287707097828 0
1731968851251 0.00019224196148570627 0
1731968874587 0.0002023552660830319 0
1731968897988 0.0001930156140588224 0
1731968921182 0.00023490199237130582 0
1731968944603 0.000289269897621125 0
1731968983083 0.00015219706983771175 0
1731969003210 0.0002245771756861359 0
1731969023208 0.0001888182305265218 0
1731969043248 0.00014952520723454654 0
1731969063302 0.00020309683168306947 0
1731969083320 0.00017515118815936148 0
1731969103374 0.00011622153397183865 0
1731969123384 0.00012329909077379853 0
1731969142236 0.00012777734082192183 0
1731969160538 0.00014130459749139845 0
1731969178971 0.0001283126330235973 0
1731969197441 0.00018203559739049524 0
1731969215887 0.00014815694885328412 0
1731969234181 0.00012543867342174053 0
1731969252594 0.00011204116162844002 0
1731969270890 0.0001419008185621351 0
1731969288316 0.00011408479622332379 0
1731969305721 0.0001618661917746067 0
1731969323161 0.0001095208790502511 0
1731969340573 0.00011665578495012596 0
1731969357943 0.00012738327495753765 0
1731969375367 0.00013796123676002026 0
1731969392763 0.0001297023263759911 0
1731969409594 0.00010988595022354275 0
1731969426398 0.00011193964019184932 0
1731969443053 0.00010457036842126399 0
1731969459881 0.00012653220619540662 0
1731969476556 9.896664414554834e-05 0
1731969493349 0.00011411714513087645 0
1731969510024 0.00014608593482989818 0
1731969527148 0.0001050545324687846 0
1731969543833 0.0001353669649688527 0
1731969560670 0.00010224914876744151 0
1731969577332 0.0001630271435715258 0
1731969594132 0.00014254965935833752 0
1731969610820 0.00010029381519416347 0
1731969627640 0.00011031296162400395 0
1731969644311 0.00012645445531234145 0
1731969661130 0.00011541202547959983 0
1731969677790 0.00010717246914282441 0
1731969694608 0.00011166890908498317 0
1731969711249 9.601196506991982e-05 0
1731969728047 0.0001276348193641752 0
1731969744730 0.00012379571853671223 0
1731969761566 0.00012541365867946297 0
1731969778543 0.0001260759891010821 0
1731969795341 0.00010247030877508223 0
1731969812006 0.00010078186460305005 0
1731969828809 9.451047662878409e-05 0
1731969845446 0.00011294261639704928 0
1731969862265 9.649269486544654e-05 0
1731969878899 9.110928658628836e-05 0
1731969895683 0.0001291165972361341 0
1731969912349 8.983181032817811e-05 0
1731969929134 0.00011823244858533144 0
1731969945741 9.272887837141752e-05 0
1731969962511 9.215386671712622e-05 0
1731969979180 0.00012788348249159753 0
1731969995967 0.00012926652561873198 0
1731970012580 0.0001299918512813747 0
1731970029660 8.097272802842781e-05 0
1731970046318 8.764145604800433e-05 0
1731970063097 0.00011449454177636653 0
1731970079756 8.699443424120545e-05 0
1731970096541 9.677628986537457e-05 0
1731970113183 0.00010614936763886362 0
1731970129977 9.286610293202102e-05 0
1731970146599 8.838946087053046e-05 0
1731970163346 8.870111196301877e-05 0
1731970179958 7.933686720207334e-05 0
1731970196682 8.438628719886765e-05 0
1731970213299 7.696561806369573e-05 0
1731970230034 7.23663397366181e-05 0
1731970246647 9.234092431142926e-05 0
1731970263723 7.51540283090435e-05 0
1731970280296 0.00010250886407447979 0
1731970297039 8.568697376176715e-05 0
1731970313647 8.713050920050591e-05 0
1731970330368 0.00010368097719037905 0
1731970346969 9.563863568473607e-05 0
1731970363727 8.719234028831124e-05 0
1731970380292 0.00010388021473772824 0
1731970397031 0.00010293060768162832 0
1731970413649 7.790482777636498e-05 0
1731970430399 6.614663288928568e-05 0
1731970447015 9.055032569449395e-05 0
1731970463730 8.140390855260193e-05 0
1731970480351 8.495792280882597e-05 0
1731970497101 9.367860911879689e-05 0
1731970514048 9.804191358853132e-05 0
1731970530814 0.00010896215098910034 0
1731970547416 8.79795552464202e-05 0
1731970564192 8.849718142300844e-05 0
1731970580768 8.639842417323962e-05 0
1731970597523 7.290103530976921e-05 0
1731970614121 0.00010132613533642143 0
1731970630875 0.0001106077543227002 0
1731970647454 0.00012032259837724268 0
1731970664192 8.119811536744237e-05 0
1731970680764 7.954752072691917e-05 0
1731970697491 8.73268218128942e-05 0
1731970714096 7.195998477982357e-05 0
1731970730828 7.613538764417171e-05 0
1731970747409 0.00010051917342934757 0
1731970764481 9.320913522969931e-05 0
1731970781082 8.057341619860381e-05 0
1731970797793 8.77173151820898e-05 0
1731970814399 9.252989548258483e-05 0
1731970831139 7.982995157362893e-05 0
1731970847728 8.30646458780393e-05 0
1731970864459 7.337413990171626e-05 0
1731970881053 8.500916010234505e-05 0
1731970897757 0.00010144645057152957 0
1731970914326 8.296661690110341e-05 0
1731970931041 0.00012353215424809605 0
1731970947655 0.00010523494711378589 0
1731970964379 5.855100607732311e-05 0
1731970980949 0.00011405650002416223 0
1731970997691 7.345712219830602e-05 0
1731971014617 0.00012848313781432807 0
1731971031371 9.19516896829009e-05 0
1731971047930 7.782319153193384e-05 0
1731971064647 7.450247358065099e-05 0
1731971081246 7.033393922029063e-05 0
1731971097986 7.872842252254486e-05 0
1731971114590 7.98447581473738e-05 0
1731971131324 9.593248250894248e-05 0
1731971147910 8.736107702134177e-05 0
1731971164611 6.191018474055454e-05 0
1731971181178 8.254774729721248e-05 0
1731971197915 7.107485726010054e-05 0
1731971214504 6.578092143172398e-05 0
1731971231238 6.789072358515114e-05 0
1731971247836 5.790571594843641e-05 0
1731971264945 9.635077731218189e-05 0
1731971281544 8.763172809267417e-05 0
1731971298236 6.530348036903888e-05 0
1731971314797 8.494508074363694e-05 0
1731971331520 9.40092868404463e-05 0
1731971348115 7.259498670464382e-05 0
1731971364825 6.284359551500529e-05 0
1731971381440 5.786247129435651e-05 0
1731971398185 5.8774196077138186e-05 0
1731971414778 8.201343007385731e-05 0
1731971431494 7.899972843006253e-05 0
1731971448078 9.463495371164754e-05 0
1731971464824 7.943427044665441e-05 0
1731971481404 6.554114952450618e-05 0
1731971498484 7.545834523625672e-05 0
1731971515063 7.712973456364125e-05 0
1731971531760 8.470856118947268e-05 0
1731971548342 8.392972813453525e-05 0
1731971565112 5.671365943271667e-05 0
1731971581700 8.692024857737124e-05 0
1731971598442 7.369219383690506e-05 0
1731971615047 5.9741007135016844e-05 0
1731971631750 7.585839193779975e-05 0
1731971648324 7.550006557721645e-05 0
1731971665049 6.460300937760621e-05 0
1731971681623 6.48604691377841e-05 0
1731971698368 7.15092319296673e-05 0
1731971714959 7.333500252570957e-05 0
1731971731687 7.668968464713544e-05 0
1731971748609 6.696920900139958e-05 0
1731971765354 8.65585170686245e-05 0
1731971781930 6.632826989516616e-05 0
1731971798654 7.964499673107639e-05 0
1731971815260 8.645921479910612e-05 0
1731971832006 7.483561057597399e-05 0
1731971848567 7.258643017848954e-05 0
1731971865270 6.738186493748799e-05 0
1731971881860 6.698770448565483e-05 0
1731971898579 6.451047374866903e-05 0
1731971915181 6.330809992505237e-05 0
1731971931872 7.813131378497928e-05 0
1731971948468 7.133498729672283e-05 0
1731971965199 7.974101026775315e-05 0
1731971981798 6.519957969430834e-05 0
1731971998836 9.210889402311295e-05 0
1731972015461 6.711458263453096e-05 0
1731972032217 6.058646977180615e-05 0
1731972048801 8.517259266227484e-05 0
1731972065558 8.875469211488962e-05 0
1731972082133 9.04967455426231e-05 0
1731972098881 6.739405216649175e-05 0
1731972115451 5.67367096664384e-05 0
1731972132193 6.781197589589283e-05 0
1731972148767 6.931334792170674e-05 0
1731972165493 7.51631596358493e-05 0
1731972182060 6.607783143408597e-05 0
1731972198758 7.946896221255884e-05 0
1731972215337 6.567769014509395e-05 0
1731972232050 5.410370067693293e-05 0
1731972249184 8.882822294253856e-05 0
1731972265940 7.050834392430261e-05 0
1731972282537 6.067083450034261e-05 0
1731972299263 7.025743252597749e-05 0
1731972315849 6.635268800891936e-05 0
1731972332564 6.777385715395212e-05 0
1731972349151 6.77439893479459e-05 0
1731972365897 7.288840424735099e-05 0
1731972382473 5.252604387351312e-05 0
1731972399224 7.702151197008789e-05 0
1731972415832 5.134934326633811e-05 0
1731972432592 6.805191515013576e-05 0
1731972449165 6.396332901204005e-05 0
1731972465908 5.4989457566989586e-05 0
1731972482506 8.470100874546915e-05 0
