1731946088357 1.97159743309021 0
1731946119712 1.9403740167617798 0
1731946150472 2.0543923377990723 0
1731946181148 2.215850353240967 0
1731946211281 2.1131722927093506 0
1731946241390 2.1147541999816895 0
1731946271191 2.223039388656616 0
1731946301048 2.1823508739471436 0
1731946330736 2.1318366527557373 0
1731946360504 2.183300256729126 0
1731946390165 2.3200273513793945 0
1731946420005 2.2092111110687256 0
1731946449767 2.1626617908477783 0
1731946479620 2.1830241680145264 0
1731946508917 1.8746806383132935 0
1731946534488 1.8515923023223877 0
1731946560066 2.0276262760162354 0
1731946585625 2.192793607711792 0
1731946611177 1.9981595277786255 0
1731946636810 2.0728888511657715 0
1731946662413 1.960882306098938 0
1731946687979 1.9581464529037476 0
1731946712060 2.069257974624634 0
1731946735360 2.0301241874694824 0
1731946758942 1.8941774368286133 0
1731946782476 1.8785147666931152 0
1731946806000 1.898159146308899 0
1731946829290 2.028491258621216 0
1731946852801 2.0058374404907227 0
1731946876047 1.9296969175338745 0
1731946898277 1.8690441846847534 0
1731946920485 1.8973534107208252 0
1731946942658 2.0242183208465576 0
1731946964974 1.9104832410812378 0
1731946987232 1.9309437274932861 0
1731947009440 1.9089080095291138 0
1731947031698 1.93263840675354 0
1731947053096 1.914290189743042 0
1731947074537 1.9828855991363525 0
1731947095754 2.0188510417938232 0
1731947117181 2.0197763442993164 0
1731947138479 1.9853559732437134 0
1731947159894 1.9084255695343018 0
1731947181139 1.998002052307129 0
1731947202913 2.0757946968078613 0
1731947224140 2.3607571125030518 0
1731947245592 2.1287648677825928 0
1731947266804 2.0314993858337402 0
1731947288252 2.0244646072387695 0
1731947309477 1.992842674255371 0
1731947330930 2.0463147163391113 0
1731947352190 1.9450945854187012 0
1731947373651 1.9891257286071777 0
1731947394916 1.9681936502456665 0
1731947416355 2.1194522380828857 0
1731947437583 2.000926971435547 0
1731947459027 1.9504303932189941 0
1731947480245 1.9068785905838013 0
1731947501677 1.994646668434143 0
1731947523222 1.989620566368103 0
1731947544596 1.9854758977890015 0
1731947565829 1.990297794342041 0
1731947587241 1.9787524938583374 0
1731947608466 1.992751955986023 0
1731947629877 2.0087063312530518 0
1731947651135 1.8932130336761475 0
1731947672531 2.0146121978759766 0
1731947693766 2.0304222106933594 0
1731947715254 1.9616022109985352 0
1731947736564 1.9143582582473755 0
1731947757960 1.9489339590072632 0
1731947779187 1.9318779706954956 0
1731947800568 1.9776533842086792 0
1731947821771 1.9987826347351074 0
1731947843499 1.9365386962890625 0
1731947864748 1.918254017829895 0
1731947886166 2.0305376052856445 0
1731947907417 1.9993462562561035 0
1731947928876 1.9015188217163086 0
1731947950062 1.9699288606643677 0
1731947971501 1.9471375942230225 0
1731947992723 1.9666156768798828 0
1731948014166 1.918469786643982 0
1731948035382 1.9578025341033936 0
1731948056832 1.983215570449829 0
1731948078080 1.906416416168213 0
1731948099533 1.8492108583450317 0
1731948120783 1.8593624830245972 0
1731948142559 1.8620926141738892 0
1731948163777 1.8948776721954346 0
1731948185160 1.9150043725967407 0
1731948206396 1.8425761461257935 0
1731948227840 1.8843897581100464 0
1731948249074 1.8790948390960693 0
1731948270533 1.9590680599212646 0
1731948291752 1.9024444818496704 0
1731948313173 1.999539852142334 0
1731948334445 2.0128426551818848 0
1731948355894 1.9329626560211182 0
1731948377175 1.9185914993286133 0
1731948398606 1.9387309551239014 0
1731948419791 1.8565484285354614 0
1731948441221 1.9585269689559937 0
1731948462778 1.8682982921600342 0
1731948484239 1.8894765377044678 0
1731948505491 1.970770239830017 0
1731948526856 1.9610470533370972 0
1731948548099 1.9397597312927246 0
1731948569510 1.9265130758285522 0
1731948590694 1.9459049701690674 0
1731948612132 1.9069970846176147 0
1731948633385 1.878575325012207 0
1731948654745 1.918614149093628 0
1731948675999 1.9061946868896484 0
1731948697397 1.9153804779052734 0
1731948718647 1.8643478155136108 0
1731948740075 1.9100509881973267 0
1731948761301 1.9425039291381836 0
1731948783049 1.9168779850006104 0
1731948804322 1.934537649154663 0
1731948825716 1.9860494136810303 0
1731948846957 1.9171063899993896 0
1731948868347 1.9037953615188599 0
1731948889536 1.9132479429244995 0
1731948910958 1.9536210298538208 0
1731948932211 1.9194309711456299 0
1731948953621 1.9053394794464111 0
1731948974876 1.89682137966156 0
1731948996284 1.9573588371276855 0
1731949017518 1.9643185138702393 0
1731949038912 2.00504207611084 0
1731949060132 1.9043574333190918 0
1731949081517 1.9896583557128906 0
1731949103116 1.8761800527572632 0
1731949124531 1.9042062759399414 0
1731949145731 1.9244353771209717 0
1731949167144 1.8868330717086792 0
1731949188380 1.9062299728393555 0
1731949209809 1.9205474853515625 0
1731949231053 1.906001329421997 0
1731949252440 1.9118609428405762 0
1731949273715 1.896106481552124 0
1731949295132 1.9407298564910889 0
1731949316363 1.875860571861267 0
1731949337822 1.9292412996292114 0
1731949359104 1.914941430091858 0
1731949380545 1.9038150310516357 0
1731949401830 1.9053637981414795 0
1731949423557 1.892514705657959 0
1731949444788 1.9247885942459106 0
1731949466189 1.9099724292755127 0
1731949487449 1.9040929079055786 0
1731949508889 1.8492358922958374 0
1731949530103 1.9598253965377808 0
1731949551558 1.8705013990402222 0
1731949572835 1.9500380754470825 0
1731949594220 1.9107880592346191 0
1731949615442 1.9114720821380615 0
1731949636867 1.891152262687683 0
1731949658096 1.9124082326889038 0
1731949679495 1.8910423517227173 0
1731949700758 1.8922995328903198 0
1731949722493 1.9030662775039673 0
1731949743737 1.9181537628173828 0
1731949765169 1.9181632995605469 0
1731949786396 1.8882423639297485 0
1731949807790 1.87956702709198 0
1731949829005 1.8810356855392456 0
1731949850389 1.8973630666732788 0
1731949871611 1.921199083328247 0
1731949893038 1.888641595840454 0
1731949914267 1.8808679580688477 0
1731949935691 1.94878351688385 0
1731949956949 1.8787932395935059 0
1731949978354 1.9129215478897095 0
1731949999543 1.8971807956695557 0
1731950020953 1.9149023294448853 0
1731950042506 1.8888884782791138 0
1731950063924 1.90996515750885 0
1731950085118 1.8999265432357788 0
1731950106573 1.9107401371002197 0
1731950127807 1.8868110179901123 0
1731950149189 1.877432107925415 0
1731950170397 1.8938297033309937 0
1731950191788 1.8907898664474487 0
1731950212995 1.8680026531219482 0
1731950234440 1.880509614944458 0
1731950255726 1.894701600074768 0
1731950277144 1.8971586227416992 0
1731950298369 1.9027190208435059 0
1731950319791 1.8799688816070557 0
1731950341024 1.9417654275894165 0
1731950362818 1.9086822271347046 0
1731950384026 1.9285249710083008 0
1731950405448 1.905991554260254 0
1731950426648 1.8974456787109375 0
1731950448086 1.9293463230133057 0
1731950469324 1.8762847185134888 0
1731950490725 1.905922293663025 0
1731950512030 1.9297500848770142 0
1731950533451 1.9196008443832397 0
1731950554716 1.8991352319717407 0
1731950576102 1.9326117038726807 0
1731950597379 1.9032477140426636 0
1731950618811 1.9172708988189697 0
1731950640046 1.9083590507507324 0
1731950661426 1.9027847051620483 0
1731950682989 1.904270887374878 0
1731950704424 1.8703795671463013 0
1731950725625 1.918349266052246 0
1731950747022 1.888606309890747 0
1731950768198 1.8794474601745605 0
1731950789614 1.8850380182266235 0
1731950810837 1.889693021774292 0
1731950832207 1.8843765258789062 0
1731950853432 1.8728283643722534 0
1731950874837 1.9095820188522339 0
1731950895993 1.9000048637390137 0
1731950917409 1.9159224033355713 0
1731950938612 1.8849525451660156 0
1731950959998 1.909225583076477 0
1731950981200 1.9030489921569824 0
