1731946088362 0.00012134384451201186 0
1731946119715 7.867415115470067e-05 0
1731946150474 6.951874820515513e-05 0
1731946181151 6.453493551816791e-05 0
1731946211284 5.796322875539772e-05 0
1731946241392 5.259075260255486e-05 0
1731946271194 5.200203668209724e-05 0
1731946301050 4.974041075911373e-05 0
1731946330738 4.87137986056041e-05 0
1731946360506 4.573982005240396e-05 0
1731946390167 4.465802339836955e-05 0
1731946420007 4.232829815009609e-05 0
1731946449769 4.3430383811937645e-05 0
1731946479622 3.924496559193358e-05 0
1731946508920 4.060480205225758e-05 0
1731946534490 4.086539047420956e-05 0
1731946560068 4.153950430918485e-05 0
1731946585627 3.929951344616711e-05 0
1731946611180 3.959612877224572e-05 0
1731946636812 3.8089761801529676e-05 0
1731946662415 4.0037051803665236e-05 0
1731946687981 3.7928759411443025e-05 0
1731946712062 3.646788900368847e-05 0
1731946735362 3.5967048461316153e-05 0
1731946758944 3.5243487218394876e-05 0
1731946782478 3.598416151362471e-05 0
1731946806003 3.5550834581954405e-05 0
1731946829292 3.441223088884726e-05 0
1731946852803 3.510352689772844e-05 0
1731946876049 3.529498280840926e-05 0
1731946898279 3.6429792089620605e-05 0
1731946920487 3.625448880484328e-05 0
1731946942660 3.293690679129213e-05 0
1731946964976 3.317274968139827e-05 0
1731946987234 3.2783376809675246e-05 0
1731947009443 3.32884446834214e-05 0
1731947031700 3.313462366349995e-05 0
1731947053098 3.152144199702889e-05 0
1731947074539 3.16470286634285e-05 0
1731947095756 3.123060378129594e-05 0
1731947117183 3.272365211159922e-05 0
1731947138481 3.091715552727692e-05 0
1731947159896 3.329099854454398e-05 0
1731947181141 3.0144652555463836e-05 0
1731947202915 3.164981535519473e-05 0
1731947224142 2.9966284273541532e-05 0
1731947245594 3.0516745027853176e-05 0
1731947266806 3.0192462872946635e-05 0
1731947288254 2.981235593324527e-05 0
1731947309479 2.8850323360529728e-05 0
1731947330933 2.9573437132057734e-05 0
1731947352192 3.0090684958850034e-05 0
1731947373654 3.040744923055172e-05 0
1731947394918 2.8439355446607806e-05 0
1731947416357 2.8612139431061223e-05 0
1731947437585 2.8926921004313044e-05 0
1731947459029 3.0006047381903045e-05 0
1731947480247 2.861148641386535e-05 0
1731947501679 2.7361707907402888e-05 0
1731947523224 2.9291924874996766e-05 0
1731947544599 2.8249831302673556e-05 0
1731947565832 2.9740758691332303e-05 0
1731947587243 2.745314486674033e-05 0
1731947608468 2.731533459154889e-05 0
1731947629879 2.8450240279198624e-05 0
1731947651137 2.9502516554202884e-05 0
1731947672533 2.6958521630149335e-05 0
1731947693769 2.8296743039391004e-05 0
1731947715256 2.7511267035151832e-05 0
1731947736566 2.8613310860237107e-05 0
1731947757962 2.7351783501217142e-05 0
1731947779189 2.817798849719111e-05 0
1731947800571 2.671470974746626e-05 0
1731947821773 2.566126022429671e-05 0
1731947843503 2.7221489290241152e-05 0
1731947864750 2.868717274395749e-05 0
1731947886169 2.8162105081719346e-05 0
1731947907419 2.6850861104321666e-05 0
1731947928879 2.6888632419286296e-05 0
1731947950065 2.4363474949495867e-05 0
1731947971503 2.697953095776029e-05 0
1731947992725 2.5402920073247515e-05 0
1731948014168 2.6776446247822605e-05 0
1731948035384 2.6652332962839864e-05 0
1731948056834 2.5704131985548884e-05 0
1731948078083 2.6024223188869655e-05 0
1731948099535 2.5281635316787288e-05 0
1731948120786 2.7727341148420237e-05 0
1731948142561 2.696164847293403e-05 0
1731948163779 2.5616589482524432e-05 0
1731948185162 2.6108937163371593e-05 0
1731948206399 2.496185334166512e-05 0
1731948227842 2.4090584702207707e-05 0
1731948249077 2.3930351744638756e-05 0
1731948270535 2.630139351822436e-05 0
1731948291755 2.58025829680264e-05 0
1731948313175 2.5550672944518737e-05 0
1731948334447 2.4969131118268706e-05 0
1731948355896 2.4400756956310943e-05 0
1731948377177 2.4962921088445e-05 0
1731948398609 2.400058656348847e-05 0
1731948419793 2.5045457732630894e-05 0
1731948441223 2.6249974325764924e-05 0
1731948462780 2.424356534902472e-05 0
1731948484242 2.484760625520721e-05 0
1731948505493 2.3927314032334834e-05 0
1731948526859 2.3300934117287397e-05 0
1731948548102 2.4486673282808624e-05 0
1731948569513 2.418188887531869e-05 0
1731948590696 2.3102973500499502e-05 0
1731948612134 2.3236261768033728e-05 0
1731948633387 2.382334423600696e-05 0
1731948654747 2.4908111299737357e-05 0
1731948676002 2.2531308786710724e-05 0
1731948697400 2.29459983529523e-05 0
1731948718650 2.407157990091946e-05 0
1731948740077 2.3493246771977283e-05 0
1731948761303 2.4907159968279302e-05 0
1731948783051 2.2881891709403135e-05 0
1731948804325 2.487215169821866e-05 0
1731948825718 2.215520362369716e-05 0
1731948846960 2.227765435236506e-05 0
1731948868349 2.3089394744602032e-05 0
1731948889539 2.2957885448704474e-05 0
1731948910960 2.175636291212868e-05 0
1731948932213 2.25510975724319e-05 0
1731948953624 2.418631083855871e-05 0
1731948974878 2.2671458282275125e-05 0
1731948996286 2.2857802832731977e-05 0
1731949017520 2.31864869419951e-05 0
1731949038914 2.1704599930671975e-05 0
1731949060134 2.4375140128540806e-05 0
1731949081520 2.2848849766887724e-05 0
1731949103118 2.342005609534681e-05 0
1731949124533 2.228292760264594e-05 0
1731949145733 2.179773582611233e-05 0
1731949167146 2.2685722797177732e-05 0
1731949188382 2.1309946532710455e-05 0
1731949209811 2.2644859200227074e-05 0
1731949231055 2.148383646272123e-05 0
1731949252442 2.1031766664236784e-05 0
1731949273717 2.06526237889193e-05 0
1731949295134 2.288843461428769e-05 0
1731949316365 2.234820021840278e-05 0
1731949337824 2.1349660528358072e-05 0
1731949359107 2.112015863531269e-05 0
1731949380547 2.1985761122778058e-05 0
1731949401833 2.150640284526162e-05 0
1731949423559 2.0292933186283335e-05 0
1731949444790 2.0385154130053706e-05 0
1731949466191 2.1456753529491834e-05 0
1731949487451 2.0331161067588255e-05 0
1731949508891 2.153255081793759e-05 0
1731949530106 2.2090296624810435e-05 0
1731949551560 2.1518975700018927e-05 0
1731949572837 2.0874433175777085e-05 0
1731949594222 2.1077448764117435e-05 0
1731949615444 2.138509626092855e-05 0
1731949636870 2.0140389096923172e-05 0
1731949658097 1.9953478840761818e-05 0
1731949679497 2.2010521206539124e-05 0
1731949700759 1.9470693587209098e-05 0
1731949722495 2.171537016693037e-05 0
1731949743739 2.079110527120065e-05 0
1731949765171 2.001603388634976e-05 0
1731949786398 2.1000581909902394e-05 0
1731949807792 2.13080202229321e-05 0
1731949829007 2.0822686565225013e-05 0
1731949850391 2.0446716007427312e-05 0
1731949871613 2.0570680135278963e-05 0
1731949893040 2.0336479792604223e-05 0
1731949914269 1.983956099138595e-05 0
1731949935693 1.991415410884656e-05 0
1731949956951 1.9925140804843977e-05 0
1731949978355 1.9962661099270917e-05 0
1731949999546 1.942749076988548e-05 0
1731950020955 1.9035127479583025e-05 0
1731950042508 1.9977253032266162e-05 0
1731950063926 2.1153842681087554e-05 0
1731950085120 2.0654753825510852e-05 0
1731950106575 2.0064637283212505e-05 0
1731950127809 2.0348581529106013e-05 0
1731950149192 1.9930350390495732e-05 0
1731950170399 2.0343248252174817e-05 0
1731950191791 2.065491207758896e-05 0
1731950212997 1.9735918613150716e-05 0
1731950234442 1.8878567061619833e-05 0
1731950255728 2.0062365365447477e-05 0
1731950277146 2.008490810112562e-05 0
1731950298371 2.056412813544739e-05 0
1731950319793 2.01428647415014e-05 0
1731950341026 2.0308498278609477e-05 0
1731950362821 2.0234574549249373e-05 0
1731950384028 1.9169592633261345e-05 0
1731950405450 1.9233793864259496e-05 0
1731950426650 2.1533798644668423e-05 0
1731950448088 1.8082791939377785e-05 0
1731950469326 2.1034666133346036e-05 0
1731950490727 1.8285480109625496e-05 0
1731950512032 1.8987364455824718e-05 0
1731950533453 1.9556524421204813e-05 0
1731950554718 2.056068115052767e-05 0
1731950576104 1.9321565559948795e-05 0
1731950597381 1.981293098651804e-05 0
1731950618813 1.8863553123082966e-05 0
1731950640049 2.0613608285202645e-05 0
1731950661428 2.0119730834267102e-05 0
1731950682991 1.878778130048886e-05 0
1731950704426 1.9458373571978882e-05 0
1731950725627 1.8059205103782006e-05 0
1731950747024 1.8468108464730904e-05 0
1731950768200 1.9179959053872153e-05 0
1731950789616 1.9463059288682416e-05 0
1731950810839 1.824298669816926e-05 0
1731950832209 1.8655851818039082e-05 0
1731950853437 1.9368806533748284e-05 0
1731950874839 1.8640534108271822e-05 0
1731950895995 1.867576065706089e-05 0
1731950917411 1.799000528990291e-05 0
1731950938614 1.821237674448639e-05 0
1731950960000 1.7891698007588275e-05 0
1731950981202 1.9018156308447942e-05 0
