1731946088357 0.06067191809415817 0
1731946119712 0.039337072521448135 0
1731946150472 0.03475937247276306 0
1731946181148 0.03226746618747711 0
1731946211281 0.028981612995266914 0
1731946241390 0.02629537507891655 0
1731946271191 0.026001017540693283 0
1731946301048 0.02487020380795002 0
1731946330736 0.024356897920370102 0
1731946360504 0.022869909182190895 0
1731946390165 0.02232901006937027 0
1731946420005 0.021164147183299065 0
1731946449767 0.0217151902616024 0
1731946479620 0.019622482359409332 0
1731946508917 0.02030239999294281 0
1731946534488 0.020432693883776665 0
1731946560066 0.020769750699400902 0
1731946585625 0.019649755209684372 0
1731946611177 0.01979806274175644 0
1731946636810 0.01904487982392311 0
1731946662413 0.020018525421619415 0
1731946687979 0.018964378163218498 0
1731946712060 0.018233943730592728 0
1731946735360 0.01798352412879467 0
1731946758942 0.01762174256145954 0
1731946782476 0.017992079257965088 0
1731946806000 0.017775416374206543 0
1731946829290 0.017206113785505295 0
1731946852801 0.017551762983202934 0
1731946876047 0.01764748990535736 0
1731946898277 0.018214894458651543 0
1731946920485 0.01812724396586418 0
1731946942658 0.016468452289700508 0
1731946964974 0.01658637449145317 0
1731946987232 0.016391687095165253 0
1731947009440 0.016644220799207687 0
1731947031698 0.016567310318350792 0
1731947053096 0.015760719776153564 0
1731947074537 0.01582351326942444 0
1731947095754 0.015615301206707954 0
1731947117181 0.016361825168132782 0
1731947138479 0.015458576381206512 0
1731947159894 0.01664549857378006 0
1731947181139 0.015072325244545937 0
1731947202913 0.015824906527996063 0
1731947224140 0.014983141794800758 0
1731947245592 0.015258371829986572 0
1731947266804 0.015096230432391167 0
1731947288252 0.014906177297234535 0
1731947309477 0.01442516129463911 0
1731947330930 0.014786717481911182 0
1731947352190 0.015045342035591602 0
1731947373651 0.015203723683953285 0
1731947394916 0.014219677075743675 0
1731947416355 0.01430606935173273 0
1731947437583 0.014463460072875023 0
1731947459027 0.015003022737801075 0
1731947480245 0.01430574245750904 0
1731947501677 0.013680852949619293 0
1731947523222 0.014645962044596672 0
1731947544596 0.01412491500377655 0
1731947565829 0.01487037818878889 0
1731947587241 0.013726571574807167 0
1731947608466 0.013657666742801666 0
1731947629877 0.014225119724869728 0
1731947651135 0.014751257374882698 0
1731947672531 0.013479259796440601 0
1731947693766 0.014148371294140816 0
1731947715254 0.013755632564425468 0
1731947736564 0.014306655153632164 0
1731947757960 0.013675890862941742 0
1731947779187 0.014088993892073631 0
1731947800568 0.013357354328036308 0
1731947821771 0.01283062994480133 0
1731947843499 0.013610743917524815 0
1731947864748 0.014343585819005966 0
1731947886166 0.01408105157315731 0
1731947907417 0.013425430282950401 0
1731947928876 0.013444315642118454 0
1731947950062 0.012181736528873444 0
1731947971501 0.013489765115082264 0
1731947992723 0.012701459228992462 0
1731948014166 0.013388222083449364 0
1731948035382 0.013326166197657585 0
1731948056832 0.01285206526517868 0
1731948078080 0.013012111186981201 0
1731948099533 0.01264081709086895 0
1731948120783 0.013863669708371162 0
1731948142559 0.01348082348704338 0
1731948163777 0.012808294035494328 0
1731948185160 0.013054467737674713 0
1731948206396 0.012480925768613815 0
1731948227840 0.012045292183756828 0
1731948249074 0.011965175159275532 0
1731948270533 0.013150695711374283 0
1731948291752 0.012901291251182556 0
1731948313173 0.01277533546090126 0
1731948334445 0.012484565377235413 0
1731948355894 0.012200377881526947 0
1731948377175 0.012481460347771645 0
1731948398606 0.012000292539596558 0
1731948419791 0.012522728182375431 0
1731948441221 0.013124986551702023 0
1731948462778 0.012121781706809998 0
1731948484239 0.0124238021671772 0
1731948505491 0.011963656172156334 0
1731948526856 0.011650466360151768 0
1731948548099 0.01224333606660366 0
1731948569510 0.01209094375371933 0
1731948590694 0.01155148632824421 0
1731948612132 0.011618129909038544 0
1731948633385 0.011911671608686447 0
1731948654745 0.01245405524969101 0
1731948675999 0.011265654116868973 0
1731948697397 0.011472998186945915 0
1731948718647 0.012035788968205452 0
1731948740075 0.011746622622013092 0
1731948761301 0.012453579343855381 0
1731948783049 0.011440944857895374 0
1731948804322 0.012436075136065483 0
1731948825716 0.011077601462602615 0
1731948846957 0.011138826608657837 0
1731948868347 0.011544696986675262 0
1731948889536 0.011478941887617111 0
1731948910958 0.010878181084990501 0
1731948932211 0.011275548487901688 0
1731948953621 0.012093154713511467 0
1731948974876 0.01133572869002819 0
1731948996284 0.011428900994360447 0
1731949017518 0.011593243107199669 0
1731949038912 0.010852299630641937 0
1731949060132 0.01218756940215826 0
1731949081517 0.01142442412674427 0
1731949103116 0.011710027232766151 0
1731949124531 0.011141463182866573 0
1731949145731 0.01089886762201786 0
1731949167144 0.011342860758304596 0
1731949188380 0.010654972866177559 0
1731949209809 0.011322429403662682 0
1731949231053 0.010741917416453362 0
1731949252440 0.010515882633626461 0
1731949273715 0.010326310992240906 0
1731949295132 0.011444216594099998 0
1731949316363 0.011174099519848824 0
1731949337822 0.010674829594790936 0
1731949359104 0.010560078546404839 0
1731949380545 0.01099287997931242 0
1731949401830 0.010753201320767403 0
1731949423557 0.010146466083824635 0
1731949444788 0.010192576795816422 0
1731949466189 0.010728375986218452 0
1731949487449 0.010165579617023468 0
1731949508889 0.010766275227069855 0
1731949530103 0.01104514766484499 0
1731949551558 0.010759487748146057 0
1731949572835 0.01043721567839384 0
1731949594220 0.01053872425109148 0
1731949615442 0.010692548006772995 0
1731949636867 0.010070194490253925 0
1731949658096 0.009976739063858986 0
1731949679495 0.011005260050296783 0
1731949700758 0.009735346771776676 0
1731949722493 0.010857684537768364 0
1731949743737 0.010395552031695843 0
1731949765169 0.010008016601204872 0
1731949786396 0.010500290431082249 0
1731949807790 0.010654009878635406 0
1731949829005 0.010411342605948448 0
1731949850389 0.010223357938230038 0
1731949871611 0.010285339318215847 0
1731949893038 0.01016823947429657 0
1731949914267 0.009919780306518078 0
1731949935691 0.009957076981663704 0
1731949956949 0.009962569922208786 0
1731949978354 0.00998133048415184 0
1731949999543 0.00971374474465847 0
1731950020953 0.009517563506960869 0
1731950042506 0.009988626465201378 0
1731950063924 0.010576920583844185 0
1731950085118 0.010327376425266266 0
1731950106573 0.010032318532466888 0
1731950127807 0.010174290277063847 0
1731950149189 0.009965174831449986 0
1731950170397 0.010171623900532722 0
1731950191788 0.010327455587685108 0
1731950212995 0.009867958724498749 0
1731950234440 0.009439283050596714 0
1731950255726 0.010031182318925858 0
1731950277144 0.010042453184723854 0
1731950298369 0.010282063856720924 0
1731950319791 0.01007143221795559 0
1731950341024 0.010154248215258121 0
1731950362818 0.010117286816239357 0
1731950384026 0.00958479568362236 0
1731950405448 0.009616896510124207 0
1731950426648 0.010766899213194847 0
1731950448086 0.009041395969688892 0
1731950469324 0.010517332702875137 0
1731950490725 0.009142739698290825 0
1731950512030 0.009493681602180004 0
1731950533451 0.009778262116014957 0
1731950554716 0.010280339978635311 0
1731950576102 0.009660782292485237 0
1731950597379 0.0099064651876688 0
1731950618811 0.009431775659322739 0
1731950640046 0.01030680350959301 0
1731950661426 0.010059865191578865 0
1731950682989 0.009393890388309956 0
1731950704424 0.009729186072945595 0
1731950725625 0.009029601700603962 0
1731950747022 0.009234054014086723 0
1731950768198 0.00958997942507267 0
1731950789614 0.009731529280543327 0
1731950810837 0.009121492505073547 0
1731950832207 0.009327925741672516 0
1731950853432 0.009684402495622635 0
1731950874837 0.009320266544818878 0
1731950895993 0.009337879717350006 0
1731950917409 0.008995002135634422 0
1731950938612 0.009106188081204891 0
1731950959998 0.008945848792791367 0
1731950981200 0.009509077295660973 0
