1731946088357 25.034770965576172 0
1731946119712 27.139001846313477 0
1731946150472 27.811830520629883 0
1731946181148 27.202167510986328 0
1731946211281 28.02065658569336 0
1731946241390 27.709388732910156 0
1731946271191 27.733366012573242 0
1731946301048 28.410303115844727 0
1731946330736 28.477453231811523 0
1731946360504 28.848217010498047 0
1731946390165 28.8266544342041 0
1731946420005 28.36809539794922 0
1731946449767 29.487607955932617 0
1731946479620 29.021724700927734 0
1731946508917 29.604310989379883 0
1731946534488 28.94391441345215 0
1731946560066 29.811969757080078 0
1731946585625 29.560453414916992 0
1731946611177 28.828279495239258 0
1731946636810 29.95013999938965 0
1731946662413 29.25156593322754 0
1731946687979 29.190492630004883 0
1731946712060 28.929677963256836 0
1731946735360 29.241981506347656 0
1731946758942 29.238237380981445 0
1731946782476 29.775209426879883 0
1731946806000 29.822179794311523 0
1731946829290 29.650615692138672 0
1731946852801 29.484521865844727 0
1731946876047 30.00954818725586 0
1731946898277 29.907743453979492 0
1731946920485 29.625612258911133 0
1731946942658 30.52981948852539 0
1731946964974 29.495054244995117 0
1731946987232 29.875722885131836 0
1731947009440 29.736095428466797 0
1731947031698 30.261266708374023 0
1731947053096 29.919368743896484 0
1731947074537 30.574127197265625 0
1731947095754 30.392480850219727 0
1731947117181 30.661365509033203 0
1731947138479 29.883525848388672 0
1731947159894 30.831928253173828 0
1731947181139 30.315488815307617 0
1731947202913 30.067310333251953 0
1731947224140 30.053892135620117 0
1731947245592 29.905881881713867 0
1731947266804 30.77310562133789 0
1731947288252 30.87885093688965 0
1731947309477 30.539831161499023 0
1731947330930 29.46919822692871 0
1731947352190 29.357681274414062 0
1731947373651 29.824817657470703 0
1731947394916 30.33477210998535 0
1731947416355 30.19497299194336 0
1731947437583 30.289140701293945 0
1731947459027 30.399396896362305 0
1731947480245 30.15960693359375 0
1731947501677 29.79764747619629 0
1731947523222 30.518966674804688 0
1731947544596 30.938453674316406 0
1731947565829 30.432729721069336 0
1731947587241 30.709054946899414 0
1731947608466 30.121004104614258 0
1731947629877 30.48937225341797 0
1731947651135 31.646615982055664 0
1731947672531 29.946115493774414 0
1731947693766 31.04965591430664 0
1731947715254 31.13099479675293 0
1731947736564 30.97085952758789 0
1731947757960 31.030851364135742 0
1731947779187 30.958494186401367 0
1731947800568 30.947887420654297 0
1731947821771 30.801420211791992 0
1731947843499 30.978160858154297 0
1731947864748 30.743513107299805 0
1731947886166 30.611364364624023 0
1731947907417 30.95873260498047 0
1731947928876 30.71533203125 0
1731947950062 31.499101638793945 0
1731947971501 31.49603843688965 0
1731947992723 30.203039169311523 0
1731948014166 30.25237464904785 0
1731948035382 30.57962989807129 0
1731948056832 30.34708595275879 0
1731948078080 30.727527618408203 0
1731948099533 30.709564208984375 0
1731948120783 31.045257568359375 0
1731948142559 30.608631134033203 0
1731948163777 30.839237213134766 0
1731948185160 31.211580276489258 0
1731948206396 31.103351593017578 0
1731948227840 30.90190315246582 0
1731948249074 31.452367782592773 0
1731948270533 30.80107879638672 0
1731948291752 31.10906982421875 0
1731948313173 30.492300033569336 0
1731948334445 31.44426918029785 0
1731948355894 31.562835693359375 0
1731948377175 31.697757720947266 0
1731948398606 31.74386978149414 0
1731948419791 30.93341827392578 0
1731948441221 30.225738525390625 0
1731948462778 30.3521785736084 0
1731948484239 31.453201293945312 0
1731948505491 31.93842887878418 0
1731948526856 30.607879638671875 0
1731948548099 32.171321868896484 0
1731948569510 31.981159210205078 0
1731948590694 32.36470413208008 0
1731948612132 31.925037384033203 0
1731948633385 32.28905487060547 0
1731948654745 31.46980857849121 0
1731948675999 31.871841430664062 0
1731948697397 31.501436233520508 0
1731948718647 31.73598861694336 0
1731948740075 31.76724624633789 0
1731948761301 31.2934513092041 0
1731948783049 31.3575439453125 0
1731948804322 31.688623428344727 0
1731948825716 32.244747161865234 0
1731948846957 31.01962661743164 0
1731948868347 32.84646987915039 0
1731948889536 31.649694442749023 0
1731948910958 31.738889694213867 0
1731948932211 32.18539810180664 0
1731948953621 32.04750442504883 0
1731948974876 32.773746490478516 0
1731948996284 31.422039031982422 0
1731949017518 30.64958381652832 0
1731949038912 31.46119499206543 0
1731949060132 31.57122802734375 0
1731949081517 32.380889892578125 0
1731949103116 31.538484573364258 0
1731949124531 31.44182014465332 0
1731949145731 31.946928024291992 0
1731949167144 31.95690155029297 0
1731949188380 32.44306182861328 0
1731949209809 32.628971099853516 0
1731949231053 33.09564208984375 0
1731949252440 32.12390899658203 0
1731949273715 32.27941131591797 0
1731949295132 31.544368743896484 0
1731949316363 31.39606475830078 0
1731949337822 31.56534194946289 0
1731949359104 31.937007904052734 0
1731949380545 31.92085838317871 0
1731949401830 31.82324981689453 0
1731949423557 32.26009750366211 0
1731949444788 32.00483322143555 0
1731949466189 31.99152374267578 0
1731949487449 32.18879699707031 0
1731949508889 32.4941520690918 0
1731949530103 31.654003143310547 0
1731949551558 32.59711837768555 0
1731949572835 32.75529479980469 0
1731949594220 32.633304595947266 0
1731949615442 31.93505096435547 0
1731949636867 33.04328918457031 0
1731949658096 33.2406120300293 0
1731949679495 32.653255462646484 0
1731949700758 32.32059860229492 0
1731949722493 32.59575653076172 0
1731949743737 32.74236297607422 0
1731949765169 32.28752136230469 0
1731949786396 32.85674285888672 0
1731949807790 32.09053039550781 0
1731949829005 33.76359176635742 0
1731949850389 32.84931945800781 0
1731949871611 32.85772705078125 0
1731949893038 32.095726013183594 0
1731949914267 31.753843307495117 0
1731949935691 32.94017791748047 0
1731949956949 32.23226547241211 0
1731949978354 32.46820068359375 0
1731949999543 32.494014739990234 0
1731950020953 32.994747161865234 0
1731950042506 32.4256706237793 0
1731950063924 31.87773323059082 0
1731950085118 33.50822830200195 0
1731950106573 33.098731994628906 0
1731950127807 32.43864440917969 0
1731950149189 32.47861099243164 0
1731950170397 32.283748626708984 0
1731950191788 32.38632583618164 0
1731950212995 31.808368682861328 0
1731950234440 33.134376525878906 0
1731950255726 33.796531677246094 0
1731950277144 32.729122161865234 0
1731950298369 33.06026077270508 0
1731950319791 31.746721267700195 0
1731950341024 32.30649185180664 0
1731950362818 33.0439453125 0
1731950384026 32.987518310546875 0
1731950405448 32.512264251708984 0
1731950426648 32.28739547729492 0
1731950448086 32.872764587402344 0
1731950469324 32.997127532958984 0
1731950490725 31.91454315185547 0
1731950512030 33.344058990478516 0
1731950533451 32.7811164855957 0
1731950554716 32.497432708740234 0
1731950576102 33.027854919433594 0
1731950597379 33.17658996582031 0
1731950618811 33.712955474853516 0
1731950640046 33.25960922241211 0
1731950661426 32.64209747314453 0
1731950682989 33.69080352783203 0
1731950704424 33.47634506225586 0
1731950725625 32.15514373779297 0
1731950747022 33.89231872558594 0
1731950768198 32.86380386352539 0
1731950789614 33.548248291015625 0
1731950810837 33.06583023071289 0
1731950832207 33.08966064453125 0
1731950853432 32.791934967041016 0
1731950874837 33.681400299072266 0
1731950895993 34.242095947265625 0
1731950917409 33.474945068359375 0
1731950938612 33.088401794433594 0
1731950959998 34.34793472290039 0
1731950981200 33.49663543701172 0
