1731946088362 0.003137060208246112 0
1731946119715 0.0019324123859405518 0
1731946150474 0.00165507139172405 0
1731946181151 0.0019045093795284629 0
1731946211284 0.0015773720806464553 0
1731946241392 0.001694575883448124 0
1731946271194 0.0016852462431415915 0
1731946301050 0.0014420142397284508 0
1731946330738 0.0014198895078152418 0
1731946360506 0.0013037020107731223 0
1731946390167 0.0013101904187351465 0
1731946420007 0.0014560966519638896 0
1731946449769 0.0011252239346504211 0
1731946479622 0.0012526429491117597 0
1731946508920 0.0010953902965411544 0
1731946534490 0.0012752886395901442 0
1731946560068 0.0010442460188642144 0
1731946585627 0.0011065078433603048 0
1731946611180 0.0013097001938149333 0
1731946636812 0.0010115462355315685 0
1731946662415 0.0011880737729370594 0
1731946687981 0.001204898813739419 0
1731946712062 0.0012794756330549717 0
1731946735362 0.001190698123537004 0
1731946758944 0.001191725255921483 0
1731946782478 0.00105312280356884 0
1731946806003 0.001041794428601861 0
1731946829292 0.0010837733279913664 0
1731946852803 0.0011260239407420158 0
1731946876049 0.0009978036396205425 0
1731946898279 0.00102146971039474 0
1731946920487 0.001090030767954886 0
1731946942660 0.000885152374394238 0
1731946964976 0.0011232963297516108 0
1731946987234 0.0010290289064869285 0
1731947009443 0.0010626504663378 0
1731947031700 0.0009416145039722323 0
1731947053098 0.0010187391890212893 0
1731947074539 0.0008761674398556352 0
1731947095756 0.0009135910077020526 0
1731947117183 0.0008587433258071542 0
1731947138481 0.0010271816281601787 0
1731947159896 0.0008256710134446621 0
1731947181141 0.0009299315861426294 0
1731947202915 0.000984620419330895 0
1731947224142 0.0009876674739643931 0
1731947245594 0.0010219078976660967 0
1731947266806 0.0008369304123334587 0
1731947288254 0.0008167983032763004 0
1731947309479 0.0008831139421090484 0
1731947330933 0.0011300044134259224 0
1731947352192 0.0011593959061428905 0
1731947373654 0.0010411615949124098 0
1731947394918 0.0009258113568648696 0
1731947416357 0.0009560983162373304 0
1731947437585 0.0009355905349366367 0
1731947459029 0.000912137096747756 0
1731947480247 0.0009639157215133309 0
1731947501679 0.0010476958705112338 0
1731947523224 0.00088736682664603 0
1731947544599 0.0008056648075580597 0
1731947565832 0.0009051634697243571 0
1731947587243 0.0008493650238960981 0
1731947608468 0.0009725221316330135 0
1731947629879 0.0008934343932196498 0
1731947651137 0.0006844445015303791 0
1731947672533 0.0010124847758561373 0
1731947693769 0.000785297597758472 0
1731947715256 0.000770726939663291 0
1731947736566 0.000799675821326673 0
1731947757962 0.0007887053652666509 0
1731947779189 0.0008019556989893317 0
1731947800571 0.0008039167150855064 0
1731947821773 0.0008314915467053652 0
1731947843503 0.0007983322138898075 0
1731947864750 0.0008426528656855226 0
1731947886169 0.0008686874061822891 0
1731947907419 0.0008019119268283248 0
1731947928879 0.0008481382392346859 0
1731947950065 0.0007080920040607452 0
1731947971503 0.0007085918332450092 0
1731947992725 0.0009543245541863143 0
1731948014168 0.0009435446700081229 0
1731948035384 0.00087505835108459 0
1731948056834 0.000923190382309258 0
1731948078083 0.0008457601070404053 0
1731948099535 0.0008492654887959361 0
1731948120786 0.0007860932964831591 0
1731948142561 0.0008692340925335884 0
1731948163779 0.0008242828189395368 0
1731948185162 0.0007565573323518038 0
1731948206399 0.0007756480481475592 0
1731948227842 0.0008124741725623608 0
1731948249077 0.0007157527725212276 0
1731948270535 0.0008315570885315537 0
1731948291755 0.0007746274350211024 0
1731948313175 0.0008928323513828218 0
1731948334447 0.0007170888129621744 0
1731948355896 0.0006977762095630169 0
1731948377177 0.0006764320423826575 0
1731948398609 0.0006692876922897995 0
1731948419793 0.0008065997390076518 0
1731948441223 0.0009493491379544139 0
1731948462780 0.0009221084183081985 0
1731948484242 0.0007156155770644546 0
1731948505493 0.0006399661651812494 0
1731948526859 0.0008693842100910842 0
1731948548102 0.0006065514171496034 0
1731948569513 0.0006337001686915755 0
1731948590696 0.0005801354418508708 0
1731948612134 0.0006419424898922443 0
1731948633387 0.0005903291748836637 0
1731948654747 0.0007128841243684292 0
1731948676002 0.0006498538423329592 0
1731948697400 0.000707711442373693 0
1731948718650 0.0006705033592879772 0
1731948740077 0.0006656948244199157 0
1731948761303 0.0007424290524795651 0
1731948783051 0.0007315523689612746 0
1731948804325 0.0006778560345992446 0
1731948825718 0.0005963828298263252 0
1731948846960 0.0007907464168965816 0
1731948868349 0.0005192215903662145 0
1731948889539 0.000683959573507309 0
1731948910960 0.0006700557423755527 0
1731948932213 0.0006045888876542449 0
1731948953624 0.0006240933435037732 0
1731948974878 0.000527989468537271 0
1731948996286 0.000720768584869802 0
1731949017520 0.0008610758814029396 0
1731949038914 0.0007142992690205574 0
1731949060134 0.0006964295171201229 0
1731949081520 0.0005779773346148431 0
1731949103118 0.0007016998715698719 0
1731949124533 0.0007174934144131839 0
1731949145733 0.0006387147586792707 0
1731949167146 0.0006372499046847224 0
1731949188382 0.0005697623128071427 0
1731949209811 0.000545887160114944 0
1731949231055 0.000490270322188735 0
1731949252442 0.0006132095586508512 0
1731949273717 0.0005916418158449233 0
1731949295134 0.0007007498061284423 0
1731949316365 0.0007250923663377762 0
1731949337824 0.000697373878210783 0
1731949359107 0.0006401754217222333 0
1731949380547 0.0006425604806281626 0
1731949401833 0.0006571656558662653 0
1731949423559 0.0005942789139226079 0
1731949444790 0.0006302555557340384 0
1731949466191 0.000632189679890871 0
1731949487451 0.0006041156011633575 0
1731949508891 0.0005630987579934299 0
1731949530106 0.0006832815706729889 0
1731949551560 0.0005499057006090879 0
1731949572837 0.0005302377394400537 0
1731949594222 0.0005453424528241158 0
1731949615444 0.0006404638988897204 0
1731949636870 0.0004962163511663675 0
1731949658097 0.0004741747980006039 0
1731949679497 0.0005428428994491696 0
1731949700759 0.0005860573146492243 0
1731949722495 0.0005500777624547482 0
1731949743739 0.0005318187177181244 0
1731949765171 0.0005905377911403775 0
1731949786398 0.0005179952131584287 0
1731949807792 0.0006179407937452197 0
1731949829007 0.00042037860839627683 0
1731949850391 0.0005188810173422098 0
1731949871613 0.0005178777500987053 0
1731949893040 0.0006172018474899232 0
1731949914269 0.0006677524652332067 0
1731949935693 0.0005081383278593421 0
1731949956951 0.0005980995483696461 0
1731949978355 0.0005664736963808537 0
1731949999546 0.000563116860575974 0
1731950020955 0.0005017936928197742 0
1731950042508 0.0005720482440665364 0
1731950063926 0.0006489726947620511 0
1731950085120 0.00044583785347640514 0
1731950106575 0.0004899214836768806 0
1731950127809 0.0005703421775251627 0
1731950149192 0.0005651178071275353 0
1731950170399 0.0005910511827096343 0
1731950191791 0.0005772544536739588 0
1731950212997 0.0006594214937649667 0
1731950234442 0.0004859169421251863 0
1731950255728 0.00041720218723639846 0
1731950277146 0.0005334425950422883 0
1731950298371 0.0004942809464409947 0
1731950319793 0.0006688483990728855 0
1731950341026 0.0005879637319594622 0
1731950362821 0.0004961413214914501 0
1731950384028 0.0005026293802075088 0
1731950405450 0.0005607553757727146 0
1731950426650 0.0005905546131543815 0
1731950448088 0.0005160876316949725 0
1731950469326 0.0005015187198296189 0
1731950490727 0.0006434953538700938 0
1731950512032 0.00046301400288939476 0
1731950533453 0.0005270941182971001 0
1731950554718 0.0005626739002764225 0
1731950576104 0.0004979829536750913 0
1731950597381 0.00048121693544089794 0
1731950618813 0.00042530870996415615 0
1731950640049 0.00047210551565513015 0
1731950661428 0.0005442397086881101 0
1731950682991 0.00042748363921418786 0
1731950704426 0.00044912303565070033 0
1731950725627 0.0006088155205361545 0
1731950747024 0.000408101303037256 0
1731950768200 0.0005171535303816199 0
1731950789616 0.0004417485906742513 0
1731950810839 0.0004936471814289689 0
1731950832209 0.0004909460549242795 0
1731950853437 0.0005257828743197024 0
1731950874839 0.00042841024696826935 0
1731950895995 0.000376521929865703 0
1731950917411 0.00044926776899956167 0
1731950938614 0.0004910886636935174 0
1731950960000 0.00036745666875503957 0
1731950981202 0.00044702948071062565 0
