1731946088362 0.0005621302407234907 0
1731946119715 0.00034608360147103667 0
1731946150474 0.0002338187478017062 0
1731946181151 0.00019059563055634499 0
1731946211284 0.00020333658903837204 0
1731946241392 0.00026219827122986317 0
1731946271194 0.00024507383932359517 0
1731946301050 0.0002918375830631703 0
1731946330738 0.0003188642440363765 0
1731946360506 0.00020146439783275127 0
1731946390167 0.00019465660443529487 0
1731946420007 0.00014980818377807736 0
1731946449769 0.00013890553964301944 0
1731946479622 0.00026203913148492575 0
1731946508920 0.00017531702178530395 0
1731946534490 9.814878285396844e-05 0
1731946560068 0.00014941947301849723 0
1731946585627 0.00013667246093973517 0
1731946611180 0.00017532955098431557 0
1731946636812 0.00012647800031118095 0
1731946662415 0.00014349090633913875 0
1731946687981 0.00015463365707546473 0
1731946712062 0.0001963169634109363 0
1731946735362 0.00011633555550361052 0
1731946758944 0.00018523790640756488 0
1731946782478 0.00013953210145700723 0
1731946806003 0.00011110039486084133 0
1731946829292 8.060748223215342e-05 0
1731946852803 0.00011652826651697978 0
1731946876049 0.0001163541164714843 0
1731946898279 0.00010142794053535908 0
1731946920487 9.588675311533734e-05 0
1731946942660 0.00016159439110197127 0
1731946964976 0.0001345967175439 0
1731946987234 0.00022039773466531187 0
1731947009443 0.00011993662337772548 0
1731947031700 0.00014819462376181036 0
1731947053098 0.00010823110642377287 0
1731947074539 0.00010534907778492197 0
1731947095756 6.519137969007716e-05 0
1731947117183 7.637464295839891e-05 0
1731947138481 9.050144581124187e-05 0
1731947159896 9.147664241027087e-05 0
1731947181141 8.647186768939719e-05 0
1731947202915 0.00011610237561399117 0
1731947224142 0.00011223609180888161 0
1731947245594 0.00010769072105176747 0
1731947266806 8.850759331835434e-05 0
1731947288254 9.472343663219362e-05 0
1731947309479 7.188812014646828e-05 0
1731947330933 9.017508273245767e-05 0
1731947352192 0.00016388852964155376 0
1731947373654 8.08579643489793e-05 0
1731947394918 6.663888052571565e-05 0
1731947416357 5.4929951147641987e-05 0
1731947437585 6.201598444022238e-05 0
1731947459029 9.69899701885879e-05 0
1731947480247 0.00012500837328843772 0
1731947501679 9.238024358637631e-05 0
1731947523224 0.00013007977395318449 0
1731947544599 0.0001328919897787273 0
1731947565832 6.407157343346626e-05 0
1731947587243 7.419678149744868e-05 0
1731947608468 6.233961903490126e-05 0
1731947629879 7.83304130891338e-05 0
1731947651137 5.513711221283302e-05 0
1731947672533 6.792294152546674e-05 0
1731947693769 8.827401325106621e-05 0
1731947715256 7.224618457257748e-05 0
1731947736566 8.204811456380412e-05 0
1731947757962 0.00010461693454999477 0
1731947779189 8.34216334624216e-05 0
1731947800571 8.24975868454203e-05 0
1731947821773 9.197591134579852e-05 0
1731947843503 5.287699241307564e-05 0
1731947864750 7.701366121182218e-05 0
1731947886169 5.503655120264739e-05 0
1731947907419 9.085648343898356e-05 0
1731947928879 6.0623591707553715e-05 0
1731947950065 5.026404687669128e-05 0
1731947971503 3.96367468056269e-05 0
1731947992725 7.029160769889131e-05 0
1731948014168 5.378850983106531e-05 0
1731948035384 8.653230906929821e-05 0
1731948056834 5.839560253662057e-05 0
1731948078083 6.516042776638642e-05 0
1731948099535 6.166974344523624e-05 0
1731948120786 7.65677250456065e-05 0
1731948142561 6.279365334194154e-05 0
1731948163779 8.608795906184241e-05 0
1731948185162 8.299883484141901e-05 0
1731948206399 4.00001481466461e-05 0
1731948227842 8.161556615959853e-05 0
1731948249077 5.7462453696643934e-05 0
1731948270535 0.00010165988351218402 0
1731948291755 5.7171640946762636e-05 0
1731948313175 5.8687783166533336e-05 0
1731948334447 7.5437972554937e-05 0
1731948355896 7.267724140547216e-05 0
1731948377177 4.125893610762432e-05 0
1731948398609 4.145381899434142e-05 0
1731948419793 5.245194915914908e-05 0
1731948441223 6.989898247411475e-05 0
1731948462780 5.0565584388095886e-05 0
1731948484242 7.144783739931881e-05 0
1731948505493 4.04151578550227e-05 0
1731948526859 4.221669223625213e-05 0
1731948548102 5.379675349104218e-05 0
1731948569513 5.486399822984822e-05 0
1731948590696 3.9269136323127896e-05 0
1731948612134 5.4592186643276364e-05 0
1731948633387 6.0446775023592636e-05 0
1731948654747 5.205609340919182e-05 0
1731948676002 4.6178563934518024e-05 0
1731948697400 4.3379048292990774e-05 0
1731948718650 3.6505873140413314e-05 0
1731948740077 4.096391057828441e-05 0
1731948761303 5.538770346902311e-05 0
1731948783051 5.4187505156733096e-05 0
1731948804325 7.582960824947804e-05 0
1731948825718 4.262136644683778e-05 0
1731948846960 8.631846867501736e-05 0
1731948868349 4.048826303915121e-05 0
1731948889539 4.176771471975371e-05 0
1731948910960 5.006761057302356e-05 0
1731948932213 4.2574480175971985e-05 0
1731948953624 5.2901068556820974e-05 0
1731948974878 3.0286659239209257e-05 0
1731948996286 3.712656689458527e-05 0
1731949017520 8.199385774787515e-05 0
1731949038914 2.9321508918656036e-05 0
1731949060134 4.3769290641648695e-05 0
1731949081520 4.056299076182768e-05 0
1731949103118 3.705847484525293e-05 0
1731949124533 3.8982616388238966e-05 0
1731949145733 4.020971027784981e-05 0
1731949167146 5.129417695570737e-05 0
1731949188382 4.4123495172243565e-05 0
1731949209811 4.1273604438174516e-05 0
1731949231055 3.267648207838647e-05 0
1731949252442 3.695843770401552e-05 0
1731949273717 3.3575597626622766e-05 0
1731949295134 4.276788968127221e-05 0
1731949316365 4.2859646782744676e-05 0
1731949337824 4.298752173781395e-05 0
1731949359107 3.2484436815138906e-05 0
1731949380547 4.524114046944305e-05 0
1731949401833 4.266137693775818e-05 0
1731949423559 3.853200178127736e-05 0
1731949444790 4.599198291543871e-05 0
1731949466191 4.253534279996529e-05 0
1731949487451 3.614353045122698e-05 0
1731949508891 4.1065643017645925e-05 0
1731949530106 3.621076757553965e-05 0
1731949551560 2.9885570256737992e-05 0
1731949572837 3.717380604939535e-05 0
1731949594222 4.179927782388404e-05 0
1731949615444 3.879820360452868e-05 0
1731949636870 4.037033431814052e-05 0
1731949658097 2.792659870465286e-05 0
1731949679497 3.5262426536064595e-05 0
1731949700759 4.033755249110982e-05 0
1731949722495 2.8350495995255187e-05 0
1731949743739 3.1625655537936836e-05 0
1731949765171 3.623494922067039e-05 0
1731949786398 3.992202982772142e-05 0
1731949807792 4.439566328073852e-05 0
1731949829007 3.4525182854849845e-05 0
1731949850391 4.034330049762502e-05 0
1731949871613 4.11893124692142e-05 0
1731949893040 2.9172775612096302e-05 0
1731949914269 4.766794518218376e-05 0
1731949935693 4.082733721588738e-05 0
1731949956951 3.699060471262783e-05 0
1731949978355 2.8925198421347886e-05 0
1731949999546 3.0041313948458992e-05 0
1731950020955 3.2778636523289606e-05 0
1731950042508 4.721247751149349e-05 0
1731950063926 3.7404817703645676e-05 0
1731950085120 2.65671951638069e-05 0
1731950106575 2.7211888664169237e-05 0
1731950127809 2.7466234314488247e-05 0
1731950149192 3.754029967240058e-05 0
1731950170399 2.9890328733017668e-05 0
1731950191791 3.9988030039239675e-05 0
1731950212997 2.1128809748915955e-05 0
1731950234442 2.737262548180297e-05 0
1731950255728 2.722519275266677e-05 0
1731950277146 2.5165662009385414e-05 0
1731950298371 3.78950426238589e-05 0
1731950319793 4.994803020963445e-05 0
1731950341026 3.398353510419838e-05 0
1731950362821 3.122364068985917e-05 0
1731950384028 2.2435466235037893e-05 0
1731950405450 3.0568684451282024e-05 0
1731950426650 3.3845892176032066e-05 0
1731950448088 3.1301737180911005e-05 0
1731950469326 3.416325489524752e-05 0
1731950490727 3.4376000257907435e-05 0
1731950512032 3.555636067176238e-05 0
1731950533453 2.752053114818409e-05 0
1731950554718 3.3387339499313384e-05 0
1731950576104 2.425758066237904e-05 0
1731950597381 2.324262459296733e-05 0
1731950618813 2.721284909057431e-05 0
1731950640049 5.155045073479414e-05 0
1731950661428 3.4504319046391174e-05 0
1731950682991 2.5216289941454306e-05 0
1731950704426 3.101891343249008e-05 0
1731950725627 3.136432496830821e-05 0
1731950747024 2.1323336113709956e-05 0
1731950768200 3.4429278457537293e-05 0
1731950789616 2.7333902835380286e-05 0
1731950810839 3.1014780688565224e-05 0
1731950832209 2.7525413315743208e-05 0
1731950853437 2.1325075067579746e-05 0
1731950874839 2.300752566952724e-05 0
1731950895995 2.467144986439962e-05 0
1731950917411 2.76972095889505e-05 0
1731950938614 2.249970202683471e-05 0
1731950960000 3.125827061012387e-05 0
1731950981202 2.963754923257511e-05 0
