1731973227721 0.026645613834261894 0
1731973254434 0.017396409064531326 0
1731973281403 0.015558299608528614 0
1731973308182 0.0160085316747427 0
1731973334623 0.015183321200311184 0
1731973361033 0.016476472839713097 0
1731973387209 0.015780264511704445 0
1731973413450 0.014933559112250805 0
1731973439518 0.015157009474933147 0
1731973465754 0.01495226938277483 0
1731973491842 0.015883630141615868 0
1731973518101 0.015283100306987762 0
1731973544237 0.013842331245541573 0
1731973570534 0.014556371606886387 0
1731973596674 0.013299912214279175 0
1731973619670 0.013906022533774376 0
1731973642757 0.014004001393914223 0
1731973665801 0.014157396741211414 0
1731973688853 0.015679286792874336 0
1731973711928 0.01398414559662342 0
1731973735015 0.013316604308784008 0
1731973758119 0.01419221330434084 0
1731973780035 0.015154213644564152 0
1731973801438 0.014619506895542145 0
1731973822983 0.014524214901030064 0
1731973844559 0.013437728397548199 0
1731973866095 0.014126096852123737 0
1731973887481 0.01416750531643629 0
1731973909014 0.014742903411388397 0
1731973930594 0.015005061402916908 0
1731973951098 0.014191430993378162 0
1731973971604 0.014962735585868359 0
1731973992132 0.013581657782196999 0
1731974012641 0.013469251804053783 0
1731974033111 0.014344554394483566 0
1731974053595 0.014763868413865566 0
1731974074127 0.012782215140759945 0
1731974094130 0.012800654396414757 0
1731974114053 0.014801866374909878 0
1731974133863 0.01553052943199873 0
1731974153804 0.014483820647001266 0
1731974173640 0.013381116092205048 0
1731974193616 0.014128206297755241 0
1731974213396 0.013491503894329071 0
1731974233857 0.01501532457768917 0
1731974253703 0.014030477963387966 0
1731974273690 0.014160683378577232 0
1731974293491 0.013488116674125195 0
1731974313430 0.01384247187525034 0
1731974333271 0.01310230977833271 0
1731974353213 0.01338288839906454 0
1731974373039 0.014545324258506298 0
1731974392975 0.013665193691849709 0
1731974412799 0.013194980099797249 0
1731974432751 0.014443809166550636 0
1731974452561 0.01341908797621727 0
1731974472493 0.014108031056821346 0
1731974492279 0.014285064302384853 0
1731974512166 0.014891140162944794 0
1731974532772 0.013397542759776115 0
1731974552743 0.013749922625720501 0
1731974572434 0.01346665434539318 0
1731974592360 0.013551900163292885 0
1731974612109 0.01339033618569374 0
1731974632036 0.014563819393515587 0
1731974651787 0.014485600404441357 0
1731974671703 0.014128115028142929 0
1731974691496 0.01566879078745842 0
1731974711387 0.013420535251498222 0
1731974731196 0.013458295725286007 0
1731974751105 0.013673726469278336 0
1731974770853 0.013895485550165176 0
1731974790717 0.013656451366841793 0
1731974810468 0.014290784485638142 0
1731974831050 0.013746579177677631 0
1731974850833 0.01420816220343113 0
1731974870725 0.013729157857596874 0
1731974890483 0.014051991514861584 0
1731974910398 0.013895710930228233 0
1731974930186 0.014741342514753342 0
1731974950070 0.013599320314824581 0
1731974969774 0.013912335969507694 0
1731974989675 0.014039606787264347 0
1731975009419 0.014036690816283226 0
1731975029377 0.014455658383667469 0
1731975049149 0.014117177575826645 0
1731975069011 0.01351027563214302 0
1731975088733 0.01318617444485426 0
1731975109244 0.014091232791543007 0
1731975128992 0.013520563952624798 0
1731975148874 0.01389331091195345 0
1731975168631 0.013781620189547539 0
1731975188484 0.013274410739541054 0
1731975208208 0.014128003269433975 0
1731975228146 0.013846701011061668 0
1731975247936 0.01360549870878458 0
1731975267814 0.014117838814854622 0
1731975287574 0.013921067118644714 0
1731975307499 0.01407096441835165 0
1731975327264 0.014504979364573956 0
1731975347149 0.014026912860572338 0
1731975366892 0.013956062495708466 0
1731975386777 0.014258611015975475 0
1731975407014 0.014393100515007973 0
1731975426906 0.013145621865987778 0
1731975446666 0.0135716013610363 0
1731975466538 0.014029482379555702 0
1731975486263 0.013894908130168915 0
1731975506132 0.013569225557148457 0
1731975525841 0.01353620458394289 0
1731975545702 0.013462403789162636 0
1731975565424 0.013514157384634018 0
1731975585312 0.01340551022440195 0
1731975605020 0.013735875487327576 0
1731975624920 0.013652789406478405 0
1731975644674 0.013513275422155857 0
1731975664562 0.013306161388754845 0
1731975684313 0.013956468552350998 0
1731975704722 0.013624347746372223 0
1731975724458 0.013689479790627956 0
1731975744307 0.01354927010834217 0
1731975764074 0.013514803722500801 0
1731975783955 0.013408939354121685 0
1731975803681 0.014530062675476074 0
1731975823540 0.013671895489096642 0
1731975843287 0.013625415042042732 0
1731975863156 0.013753441162407398 0
1731975882898 0.014023597352206707 0
1731975902770 0.013445831835269928 0
1731975922532 0.013425855897367 0
1731975942419 0.013702708296477795 0
1731975962144 0.013556798920035362 0
1731975981980 0.01348289754241705 0
1731976002447 0.014088558964431286 0
1731976022314 0.013389594852924347 0
1731976042061 0.013507635332643986 0
1731976061936 0.013987913727760315 0
1731976081673 0.013968100771307945 0
1731976101553 0.013686839491128922 0
1731976121263 0.013248338364064693 0
1731976141106 0.013315626420080662 0
1731976160785 0.013542808592319489 0
1731976180625 0.013282457366585732 0
1731976200325 0.014005891978740692 0
1731976220205 0.013204840011894703 0
1731976239940 0.01323348842561245 0
1731976259812 0.01347342412918806 0
1731976279595 0.013262283988296986 0
1731976300357 0.013379695825278759 0
1731976320064 0.013303937390446663 0
1731976339940 0.013887409120798111 0
1731976359645 0.013422060757875443 0
1731976379528 0.013287164270877838 0
1731976399272 0.01342129148542881 0
1731976419176 0.013128985650837421 0
1731976438908 0.0136028490960598 0
1731976458772 0.01373362261801958 0
1731976478484 0.013585279695689678 0
1731976498352 0.013844514265656471 0
1731976518059 0.01339059229940176 0
1731976537954 0.013492530211806297 0
1731976557706 0.01333294715732336 0
1731976578115 0.013486100360751152 0
1731976597843 0.013850310817360878 0
1731976617723 0.013702312484383583 0
1731976637462 0.013594556599855423 0
1731976657298 0.01340037677437067 0
1731976677064 0.013158116489648819 0
1731976696925 0.013400387950241566 0
1731976716603 0.013309181667864323 0
1731976736483 0.013751168735325336 0
1731976756202 0.01343220379203558 0
1731976776089 0.014065468683838844 0
1731976795812 0.013666575774550438 0
1731976815735 0.013590945862233639 0
1731976835430 0.013838606886565685 0
1731976855264 0.013579313643276691 0
1731976875603 0.013400429859757423 0
1731976895496 0.013692022301256657 0
1731976915204 0.013819034211337566 0
1731976935067 0.013341071084141731 0
1731976954802 0.013549402356147766 0
1731976974660 0.013526435941457748 0
1731976994450 0.013448216021060944 0
1731977014270 0.01359448954463005 0
1731977034061 0.0135828647762537 0
1731977053867 0.013701300136744976 0
1731977073598 0.013573875650763512 0
1731977093453 0.013204190880060196 0
1731977113183 0.013273094780743122 0
1731977133037 0.013345022685825825 0
1731977152817 0.01378543209284544 0
1731977173191 0.013905453495681286 0
1731977192891 0.013615941628813744 0
1731977212726 0.013474897481501102 0
1731977232468 0.013277855701744556 0
1731977252325 0.013763667084276676 0
1731977272072 0.013474967330694199 0
1731977291930 0.013444808311760426 0
1731977311659 0.013363456353545189 0
1731977331521 0.013446049764752388 0
1731977351219 0.013733197003602982 0
1731977371094 0.013766883872449398 0
1731977390825 0.013605011627078056 0
1731977410689 0.013385889120399952 0
1731977430447 0.01327912975102663 0
1731977450297 0.013564163818955421 0
1731977470656 0.013183938339352608 0
1731977490524 0.013279978185892105 0
1731977510210 0.013630149886012077 0
1731977530058 0.013734378851950169 0
1731977549778 0.013265866786241531 0
1731977569647 0.013528435491025448 0
1731977589361 0.01349660661071539 0
1731977609233 0.013631011359393597 0
1731977628959 0.013591332361102104 0
1731977648873 0.013480767607688904 0
1731977668531 0.01356139499694109 0
1731977688379 0.013617354445159435 0
1731977708146 0.01364084705710411 0
1731977728014 0.013664087280631065 0
1731977747740 0.013591059483587742 0
