1731973227721 1.2728509902954102 0
1731973254434 0.8705161809921265 0
1731973281403 0.8155110478401184 0
1731973308182 0.8111711740493774 0
1731973334623 0.8388697504997253 0
1731973361033 0.8066709637641907 0
1731973387209 0.7765739560127258 0
1731973413450 0.7853601574897766 0
1731973439518 0.8040429353713989 0
1731973465754 0.8222547769546509 0
1731973491842 0.8714702725410461 0
1731973518101 0.8795580267906189 0
1731973544237 0.8253931403160095 0
1731973570534 0.812533438205719 0
1731973596674 0.8295198082923889 0
1731973619670 0.7878804206848145 0
1731973642757 0.8380081653594971 0
1731973665801 0.7895298600196838 0
1731973688853 0.7833524942398071 0
1731973711928 0.7704534530639648 0
1731973735015 0.76332026720047 0
1731973758119 0.7666741609573364 0
1731973780035 0.7969719767570496 0
1731973801438 0.7638958096504211 0
1731973822983 0.7959392666816711 0
1731973844559 0.7749155163764954 0
1731973866095 0.7821921706199646 0
1731973887481 0.8470655083656311 0
1731973909014 0.7433808445930481 0
1731973930594 0.7688388824462891 0
1731973951098 0.7078638672828674 0
1731973971604 0.7446839213371277 0
1731973992132 0.7417234182357788 0
1731974012641 0.743559718132019 0
1731974033111 0.7326147556304932 0
1731974053595 0.7292388677597046 0
1731974074127 0.7328494787216187 0
1731974094130 0.7491353750228882 0
1731974114053 0.7453709244728088 0
1731974133863 0.7368006110191345 0
1731974153804 0.6910221576690674 0
1731974173640 0.6934453248977661 0
1731974193616 0.7373895645141602 0
1731974213396 0.6878134608268738 0
1731974233857 0.7364628911018372 0
1731974253703 0.7705437541007996 0
1731974273690 0.7503647208213806 0
1731974293491 0.6776064038276672 0
1731974313430 0.7008095979690552 0
1731974333271 0.7218869924545288 0
1731974353213 0.7135360836982727 0
1731974373039 0.7089291214942932 0
1731974392975 0.7342586517333984 0
1731974412799 0.7483272552490234 0
1731974432751 0.7368766665458679 0
1731974452561 0.7272796034812927 0
1731974472493 0.7060283422470093 0
1731974492279 0.7055496573448181 0
1731974512166 0.6871612071990967 0
1731974532772 0.710938036441803 0
1731974552743 0.7148640155792236 0
1731974572434 0.6853501796722412 0
1731974592360 0.6871441006660461 0
1731974612109 0.704470694065094 0
1731974632036 0.7079301476478577 0
1731974651787 0.6974337697029114 0
1731974671703 0.6930665373802185 0
1731974691496 0.7077810764312744 0
1731974711387 0.7265544533729553 0
1731974731196 0.6970515847206116 0
1731974751105 0.702648937702179 0
1731974770853 0.6704050898551941 0
1731974790717 0.7117214798927307 0
1731974810468 0.6669049859046936 0
1731974831050 0.682738184928894 0
1731974850833 0.7003687024116516 0
1731974870725 0.6912352442741394 0
1731974890483 0.693749725818634 0
1731974910398 0.6571071743965149 0
1731974930186 0.6608094573020935 0
1731974950070 0.6762614846229553 0
1731974969774 0.7010883092880249 0
1731974989675 0.6890682578086853 0
1731975009419 0.6749321222305298 0
1731975029377 0.7036982178688049 0
1731975049149 0.6768612265586853 0
1731975069011 0.6867232918739319 0
1731975088733 0.6728147864341736 0
1731975109244 0.692607581615448 0
1731975128992 0.6678083539009094 0
1731975148874 0.6695281863212585 0
1731975168631 0.6710953116416931 0
1731975188484 0.6882340908050537 0
1731975208208 0.6745953559875488 0
1731975228146 0.6802667379379272 0
1731975247936 0.7187393307685852 0
1731975267814 0.6718153953552246 0
1731975287574 0.6956881284713745 0
1731975307499 0.6733533143997192 0
1731975327264 0.6816907525062561 0
1731975347149 0.6761577129364014 0
1731975366892 0.6585919857025146 0
1731975386777 0.6522373557090759 0
1731975407014 0.6873504519462585 0
1731975426906 0.6565910577774048 0
1731975446666 0.6963996887207031 0
1731975466538 0.7110770344734192 0
1731975486263 0.6771133542060852 0
1731975506132 0.6715743541717529 0
1731975525841 0.6472535729408264 0
1731975545702 0.6747274994850159 0
1731975565424 0.7338483929634094 0
1731975585312 0.6859939098358154 0
1731975605020 0.686593234539032 0
1731975624920 0.680029034614563 0
1731975644674 0.6664385795593262 0
1731975664562 0.6896533370018005 0
1731975684313 0.6609232425689697 0
1731975704722 0.6579675078392029 0
1731975724458 0.674135684967041 0
1731975744307 0.6825078725814819 0
1731975764074 0.6631263494491577 0
1731975783955 0.6616612076759338 0
1731975803681 0.6812107563018799 0
1731975823540 0.6959492564201355 0
1731975843287 0.6690365076065063 0
1731975863156 0.6554775238037109 0
1731975882898 0.6825628280639648 0
1731975902770 0.6806666254997253 0
1731975922532 0.6648737192153931 0
1731975942419 0.6618527173995972 0
1731975962144 0.6613705158233643 0
1731975981980 0.6517916917800903 0
1731976002447 0.6533705592155457 0
1731976022314 0.6610627174377441 0
1731976042061 0.652592658996582 0
1731976061936 0.7560678720474243 0
1731976081673 0.6649194955825806 0
1731976101553 0.6366356015205383 0
1731976121263 0.7054311633110046 0
1731976141106 0.6377325654029846 0
1731976160785 0.6890190243721008 0
1731976180625 0.6602839231491089 0
1731976200325 0.6512534618377686 0
1731976220205 0.6495020985603333 0
1731976239940 0.6661446690559387 0
1731976259812 0.6723953485488892 0
1731976279595 0.6657941341400146 0
1731976300357 0.6660723090171814 0
1731976320064 0.6650699377059937 0
1731976339940 0.6434528827667236 0
1731976359645 0.6377697587013245 0
1731976379528 0.6394363045692444 0
1731976399272 0.657918393611908 0
1731976419176 0.6707942485809326 0
1731976438908 0.6667585968971252 0
1731976458772 0.6374424695968628 0
1731976478484 0.6801304221153259 0
1731976498352 0.640623152256012 0
1731976518059 0.6508965492248535 0
1731976537954 0.6420084238052368 0
1731976557706 0.6586464643478394 0
1731976578115 0.6316677927970886 0
1731976597843 0.6859749555587769 0
1731976617723 0.6393863558769226 0
1731976637462 0.6360959410667419 0
1731976657298 0.6532166600227356 0
1731976677064 0.6418362259864807 0
1731976696925 0.6351748704910278 0
1731976716603 0.6820302605628967 0
1731976736483 0.6438835859298706 0
1731976756202 0.6544491648674011 0
1731976776089 0.6440221071243286 0
1731976795812 0.6583584547042847 0
1731976815735 0.6456900238990784 0
1731976835430 0.6464956998825073 0
1731976855264 0.6451742053031921 0
1731976875603 0.6306575536727905 0
1731976895496 0.6450795531272888 0
1731976915204 0.6466609835624695 0
1731976935067 0.6344242691993713 0
1731976954802 0.647080659866333 0
1731976974660 0.640300989151001 0
1731976994450 0.6481760144233704 0
1731977014270 0.6385674476623535 0
1731977034061 0.666121780872345 0
1731977053867 0.6354983448982239 0
1731977073598 0.6640066504478455 0
1731977093453 0.6378698348999023 0
1731977113183 0.6396242380142212 0
1731977133037 0.6479785442352295 0
1731977152817 0.6424746513366699 0
1731977173191 0.6460660696029663 0
1731977192891 0.6366941928863525 0
1731977212726 0.6421764492988586 0
1731977232468 0.6510419249534607 0
1731977252325 0.6301756501197815 0
1731977272072 0.6337810158729553 0
1731977291930 0.6272379159927368 0
1731977311659 0.6404862999916077 0
1731977331521 0.6552714109420776 0
1731977351219 0.6641290187835693 0
1731977371094 0.6509631276130676 0
1731977390825 0.6298821568489075 0
1731977410689 0.6541349291801453 0
1731977430447 0.6444337368011475 0
1731977450297 0.6487614512443542 0
1731977470656 0.6517198085784912 0
1731977490524 0.6531145572662354 0
1731977510210 0.6309604048728943 0
1731977530058 0.6380112767219543 0
1731977549778 0.6425125598907471 0
1731977569647 0.6412281394004822 0
1731977589361 0.6514924764633179 0
1731977609233 0.6417562365531921 0
1731977628959 0.6392618417739868 0
1731977648873 0.6432018876075745 0
1731977668531 0.6454656720161438 0
1731977688379 0.6362506151199341 0
1731977708146 0.6426264643669128 0
1731977728014 0.6398235559463501 0
1731977747740 0.6364772915840149 0
