1731973227721 0.010075466707348824 0
1731973254434 0.0095925722271204 0
1731973281403 0.009327501989901066 0
1731973308182 0.009313243441283703 0
1731973334623 0.009048337116837502 0
1731973361033 0.009053641930222511 0
1731973387209 0.00906254630535841 0
1731973413450 0.008748029358685017 0
1731973439518 0.008994375355541706 0
1731973465754 0.008688180707395077 0
1731973491842 0.008827450685203075 0
1731973518101 0.008837351575493813 0
1731973544237 0.008980395272374153 0
1731973570534 0.008775080554187298 0
1731973596674 0.008784466423094273 0
1731973619670 0.008825575932860374 0
1731973642757 0.008785882964730263 0
1731973665801 0.008883422240614891 0
1731973688853 0.008976182900369167 0
1731973711928 0.009043525904417038 0
1731973735015 0.00875157956033945 0
1731973758119 0.009015164338052273 0
1731973780035 0.008910206146538258 0
1731973801438 0.009002652950584888 0
1731973822983 0.00891114491969347 0
1731973844559 0.008903001435101032 0
1731973866095 0.008915871381759644 0
1731973887481 0.008941666223108768 0
1731973909014 0.00890293251723051 0
1731973930594 0.009038886055350304 0
1731973951098 0.009078282862901688 0
1731973971604 0.008970176801085472 0
1731973992132 0.008900882676243782 0
1731974012641 0.008861278183758259 0
1731974033111 0.009085329249501228 0
1731974053595 0.009033153764903545 0
1731974074127 0.00887145847082138 0
1731974094130 0.008945900946855545 0
1731974114053 0.00899849459528923 0
1731974133863 0.009143578819930553 0
1731974153804 0.009004262275993824 0
1731974173640 0.008997244760394096 0
1731974193616 0.009074041619896889 0
1731974213396 0.008991792798042297 0
1731974233857 0.00901135802268982 0
1731974253703 0.00904032215476036 0
1731974273690 0.009164288640022278 0
1731974293491 0.009108013473451138 0
1731974313430 0.009162102825939655 0
1731974333271 0.008956712670624256 0
1731974353213 0.009068146347999573 0
1731974373039 0.009066992439329624 0
1731974392975 0.00914008915424347 0
1731974412799 0.008992993272840977 0
1731974432751 0.009168867953121662 0
1731974452561 0.009110207669436932 0
1731974472493 0.009145005606114864 0
1731974492279 0.009085719473659992 0
1731974512166 0.009129062294960022 0
1731974532772 0.00905811507254839 0
1731974552743 0.00915827788412571 0
1731974572434 0.009045788086950779 0
1731974592360 0.009209121577441692 0
1731974612109 0.00911592785269022 0
1731974632036 0.009229960851371288 0
1731974651787 0.00913152564316988 0
1731974671703 0.009148878045380116 0
1731974691496 0.009249938651919365 0
1731974711387 0.009128543548285961 0
1731974731196 0.009073256514966488 0
1731974751105 0.009113132022321224 0
1731974770853 0.009110231883823872 0
1731974790717 0.009172504767775536 0
1731974810468 0.009187652729451656 0
1731974831050 0.009114567190408707 0
1731974850833 0.009135629050433636 0
1731974870725 0.009225462563335896 0
1731974890483 0.009217689745128155 0
1731974910398 0.009088875725865364 0
1731974930186 0.00925010722130537 0
1731974950070 0.009120389819145203 0
1731974969774 0.00917214248329401 0
1731974989675 0.009197812527418137 0
1731975009419 0.009190813638269901 0
1731975029377 0.009151498787105083 0
1731975049149 0.009197451174259186 0
1731975069011 0.009162407368421555 0
1731975088733 0.009181732311844826 0
1731975109244 0.009080152958631516 0
1731975128992 0.009187514893710613 0
1731975148874 0.009219275787472725 0
1731975168631 0.009199903346598148 0
1731975188484 0.00912181194871664 0
1731975208208 0.009182864800095558 0
1731975228146 0.009165467694401741 0
1731975247936 0.009194036945700645 0
1731975267814 0.00922420248389244 0
1731975287574 0.00919559970498085 0
1731975307499 0.009182553738355637 0
1731975327264 0.009249618276953697 0
1731975347149 0.009265893138945103 0
1731975366892 0.00917891040444374 0
1731975386777 0.009171219542622566 0
1731975407014 0.009284257888793945 0
1731975426906 0.009199216030538082 0
1731975446666 0.009163026697933674 0
1731975466538 0.009160342626273632 0
1731975486263 0.009188316762447357 0
1731975506132 0.009226331487298012 0
1731975525841 0.009227821603417397 0
1731975545702 0.0092445258051157 0
1731975565424 0.00919976457953453 0
1731975585312 0.009298906661570072 0
1731975605020 0.009225928224623203 0
1731975624920 0.009282746352255344 0
1731975644674 0.009251360781490803 0
1731975664562 0.009251745417714119 0
1731975684313 0.0091532738879323 0
1731975704722 0.009229101240634918 0
1731975724458 0.00922369584441185 0
1731975744307 0.00925647933036089 0
1731975764074 0.009296461939811707 0
1731975783955 0.009256345219910145 0
1731975803681 0.009307109750807285 0
1731975823540 0.009299008175730705 0
1731975843287 0.00923999771475792 0
1731975863156 0.009308411739766598 0
1731975882898 0.009310508146882057 0
1731975902770 0.009310169145464897 0
1731975922532 0.009257986210286617 0
1731975942419 0.009250816889107227 0
1731975962144 0.009236132726073265 0
1731975981980 0.009287177585065365 0
1731976002447 0.009320971556007862 0
1731976022314 0.009252598509192467 0
1731976042061 0.009272422641515732 0
1731976061936 0.009246827103197575 0
1731976081673 0.009277936071157455 0
1731976101553 0.009278946556150913 0
1731976121263 0.009255771525204182 0
1731976141106 0.009245693683624268 0
1731976160785 0.009278472512960434 0
1731976180625 0.009259630925953388 0
1731976200325 0.009254416450858116 0
1731976220205 0.00933713186532259 0
1731976239940 0.009320181794464588 0
1731976259812 0.009303164668381214 0
1731976279595 0.009315977804362774 0
1731976300357 0.00931241549551487 0
1731976320064 0.009313809685409069 0
1731976339940 0.009315701201558113 0
1731976359645 0.009290740825235844 0
1731976379528 0.009295898489654064 0
1731976399272 0.009308132342994213 0
1731976419176 0.009294194169342518 0
1731976438908 0.0093012610450387 0
1731976458772 0.009291822090744972 0
1731976478484 0.009337314404547215 0
1731976498352 0.009313327260315418 0
1731976518059 0.009312503971159458 0
1731976537954 0.009279231540858746 0
1731976557706 0.009283164516091347 0
1731976578115 0.009297705255448818 0
1731976597843 0.009305411018431187 0
1731976617723 0.00930213276296854 0
1731976637462 0.009284176863729954 0
1731976657298 0.00929760467261076 0
1731976677064 0.009311306290328503 0
1731976696925 0.0092523954808712 0
1731976716603 0.009320829063653946 0
1731976736483 0.0093051977455616 0
1731976756202 0.009318416006863117 0
1731976776089 0.009332715533673763 0
1731976795812 0.009293454699218273 0
1731976815735 0.009297813288867474 0
1731976835430 0.009295105934143066 0
1731976855264 0.009297887794673443 0
1731976875603 0.009307680651545525 0
1731976895496 0.009310591034591198 0
1731976915204 0.009356239810585976 0
1731976935067 0.009364234283566475 0
1731976954802 0.009312140755355358 0
1731976974660 0.009294559247791767 0
1731976994450 0.009328896179795265 0
1731977014270 0.009343462064862251 0
1731977034061 0.00930721778422594 0
1731977053867 0.00933996494859457 0
1731977073598 0.009310045279562473 0
1731977093453 0.00930932816118002 0
1731977113183 0.009310691617429256 0
1731977133037 0.009305668994784355 0
1731977152817 0.00931966956704855 0
1731977173191 0.009294392541050911 0
1731977192891 0.009346836246550083 0
1731977212726 0.009291376918554306 0
1731977232468 0.009313960559666157 0
1731977252325 0.009316808544099331 0
1731977272072 0.009335538372397423 0
1731977291930 0.009335299953818321 0
1731977311659 0.009333858266472816 0
1731977331521 0.009336855262517929 0
1731977351219 0.009329332038760185 0
1731977371094 0.009355288930237293 0
1731977390825 0.009347899816930294 0
1731977410689 0.009330819360911846 0
1731977430447 0.00931986328214407 0
1731977450297 0.009369853883981705 0
1731977470656 0.009338142350316048 0
1731977490524 0.009344415739178658 0
1731977510210 0.009342120960354805 0
1731977530058 0.009351867251098156 0
1731977549778 0.009305844083428383 0
1731977569647 0.009325302205979824 0
1731977589361 0.009313791990280151 0
1731977609233 0.009314777329564095 0
1731977628959 0.009373939596116543 0
1731977648873 0.009353292174637318 0
1731977668531 0.009330951608717442 0
1731977688379 0.009318471886217594 0
1731977708146 0.009341367520391941 0
1731977728014 0.009337728843092918 0
1731977747740 0.00932117085903883 0
