1731973227721 0.5342024564743042 0
1731973254434 0.4744926691055298 0
1731973281403 0.4522373676300049 0
1731973308182 0.4110367000102997 0
1731973334623 0.38337475061416626 0
1731973361033 0.36358970403671265 0
1731973387209 0.3626912832260132 0
1731973413450 0.34337544441223145 0
1731973439518 0.3343981206417084 0
1731973465754 0.3259050250053406 0
1731973491842 0.32103604078292847 0
1731973518101 0.3102656602859497 0
1731973544237 0.3083285093307495 0
1731973570534 0.30620425939559937 0
1731973596674 0.3067452609539032 0
1731973619670 0.30469682812690735 0
1731973642757 0.2997543215751648 0
1731973665801 0.2929074168205261 0
1731973688853 0.2904624342918396 0
1731973711928 0.2873956561088562 0
1731973735015 0.28599125146865845 0
1731973758119 0.28561800718307495 0
1731973780035 0.29258620738983154 0
1731973801438 0.2893688380718231 0
1731973822983 0.28411826491355896 0
1731973844559 0.28555232286453247 0
1731973866095 0.27987393736839294 0
1731973887481 0.28034988045692444 0
1731973909014 0.2809463441371918 0
1731973930594 0.2767084538936615 0
1731973951098 0.2768447697162628 0
1731973971604 0.2666586935520172 0
1731973992132 0.276038259267807 0
1731974012641 0.2660273015499115 0
1731974033111 0.27131521701812744 0
1731974053595 0.269477903842926 0
1731974074127 0.27842631936073303 0
1731974094130 0.26762256026268005 0
1731974114053 0.26716265082359314 0
1731974133863 0.2677638828754425 0
1731974153804 0.2599739134311676 0
1731974173640 0.2654501497745514 0
1731974193616 0.26703083515167236 0
1731974213396 0.2676209807395935 0
1731974233857 0.2661462426185608 0
1731974253703 0.26007166504859924 0
1731974273690 0.2574724853038788 0
1731974293491 0.2577868700027466 0
1731974313430 0.26227128505706787 0
1731974333271 0.2691399157047272 0
1731974353213 0.26051703095436096 0
1731974373039 0.2613084316253662 0
1731974392975 0.2654266953468323 0
1731974412799 0.2625269889831543 0
1731974432751 0.2606169283390045 0
1731974452561 0.26328325271606445 0
1731974472493 0.25443336367607117 0
1731974492279 0.2573004364967346 0
1731974512166 0.25805360078811646 0
1731974532772 0.25533223152160645 0
1731974552743 0.25557708740234375 0
1731974572434 0.2550569176673889 0
1731974592360 0.25617551803588867 0
1731974612109 0.25148895382881165 0
1731974632036 0.25724583864212036 0
1731974651787 0.2532631754875183 0
1731974671703 0.2517257332801819 0
1731974691496 0.25510796904563904 0
1731974711387 0.24837076663970947 0
1731974731196 0.25586941838264465 0
1731974751105 0.25536972284317017 0
1731974770853 0.25290635228157043 0
1731974790717 0.25367093086242676 0
1731974810468 0.25516483187675476 0
1731974831050 0.24858258664608002 0
1731974850833 0.2523210942745209 0
1731974870725 0.2506267726421356 0
1731974890483 0.2558133006095886 0
1731974910398 0.2495393455028534 0
1731974930186 0.24730134010314941 0
1731974950070 0.2535150647163391 0
1731974969774 0.25806760787963867 0
1731974989675 0.25466209650039673 0
1731975009419 0.2549413740634918 0
1731975029377 0.2535843849182129 0
1731975049149 0.25061315298080444 0
1731975069011 0.25259897112846375 0
1731975088733 0.2529021203517914 0
1731975109244 0.25246670842170715 0
1731975128992 0.25308170914649963 0
1731975148874 0.24717022478580475 0
1731975168631 0.2539004683494568 0
1731975188484 0.2481323778629303 0
1731975208208 0.2520713210105896 0
1731975228146 0.24758104979991913 0
1731975247936 0.2496282458305359 0
1731975267814 0.25209856033325195 0
1731975287574 0.2537369728088379 0
1731975307499 0.25459301471710205 0
1731975327264 0.2523317337036133 0
1731975347149 0.2511408030986786 0
1731975366892 0.2497108429670334 0
1731975386777 0.2503354251384735 0
1731975407014 0.25161150097846985 0
1731975426906 0.24312636256217957 0
1731975446666 0.2461346536874771 0
1731975466538 0.2514807879924774 0
1731975486263 0.2483779489994049 0
1731975506132 0.2478555142879486 0
1731975525841 0.24812114238739014 0
1731975545702 0.2460746318101883 0
1731975565424 0.2517315745353699 0
1731975585312 0.24981869757175446 0
1731975605020 0.2521284818649292 0
1731975624920 0.2534218728542328 0
1731975644674 0.25232186913490295 0
1731975664562 0.24796755611896515 0
1731975684313 0.24882249534130096 0
1731975704722 0.2493557631969452 0
1731975724458 0.24980978667736053 0
1731975744307 0.2531155049800873 0
1731975764074 0.2504591643810272 0
1731975783955 0.24772918224334717 0
1731975803681 0.25020188093185425 0
1731975823540 0.2532119154930115 0
1731975843287 0.24945831298828125 0
1731975863156 0.24810270965099335 0
1731975882898 0.2514437139034271 0
1731975902770 0.24810487031936646 0
1731975922532 0.2519659101963043 0
1731975942419 0.2503991723060608 0
1731975962144 0.2515181601047516 0
1731975981980 0.2518617510795593 0
1731976002447 0.24711433053016663 0
1731976022314 0.24695532023906708 0
1731976042061 0.250198632478714 0
1731976061936 0.2517232894897461 0
1731976081673 0.25021734833717346 0
1731976101553 0.24896249175071716 0
1731976121263 0.25063541531562805 0
1731976141106 0.2469639629125595 0
1731976160785 0.24975204467773438 0
1731976180625 0.2506783604621887 0
1731976200325 0.24717801809310913 0
1731976220205 0.2497382014989853 0
1731976239940 0.24812737107276917 0
1731976259812 0.2473066747188568 0
1731976279595 0.24609576165676117 0
1731976300357 0.2481250762939453 0
1731976320064 0.24914367496967316 0
1731976339940 0.24656035006046295 0
1731976359645 0.2502067983150482 0
1731976379528 0.24596385657787323 0
1731976399272 0.2490348219871521 0
1731976419176 0.24758297204971313 0
1731976438908 0.24855835735797882 0
1731976458772 0.2449328899383545 0
1731976478484 0.24853546917438507 0
1731976498352 0.24630789458751678 0
1731976518059 0.24773623049259186 0
1731976537954 0.24973922967910767 0
1731976557706 0.2456902712583542 0
1731976578115 0.24693246185779572 0
1731976597843 0.24902470409870148 0
1731976617723 0.24700172245502472 0
1731976637462 0.2475801706314087 0
1731976657298 0.24847711622714996 0
1731976677064 0.24727730453014374 0
1731976696925 0.2474656105041504 0
1731976716603 0.2482302188873291 0
1731976736483 0.24688629806041718 0
1731976756202 0.24702602624893188 0
1731976776089 0.24663953483104706 0
1731976795812 0.24929781258106232 0
1731976815735 0.2459399402141571 0
1731976835430 0.24854840338230133 0
1731976855264 0.24615807831287384 0
1731976875603 0.24618230760097504 0
1731976895496 0.24618716537952423 0
1731976915204 0.2464638203382492 0
1731976935067 0.24515554308891296 0
1731976954802 0.24601948261260986 0
1731976974660 0.24665439128875732 0
1731976994450 0.24850918352603912 0
1731977014270 0.24454466998577118 0
1731977034061 0.24784356355667114 0
1731977053867 0.24556998908519745 0
1731977073598 0.24725179374217987 0
1731977093453 0.2437696009874344 0
1731977113183 0.245003804564476 0
1731977133037 0.24696214497089386 0
1731977152817 0.24545644223690033 0
1731977173191 0.24762147665023804 0
1731977192891 0.246780663728714 0
1731977212726 0.24603234231472015 0
1731977232468 0.24601881206035614 0
1731977252325 0.24689939618110657 0
1731977272072 0.24578917026519775 0
1731977291930 0.24567700922489166 0
1731977311659 0.24615463614463806 0
1731977331521 0.246971994638443 0
1731977351219 0.2460823655128479 0
1731977371094 0.24730558693408966 0
1731977390825 0.2469962239265442 0
1731977410689 0.24596112966537476 0
1731977430447 0.24572919309139252 0
1731977450297 0.2468932569026947 0
1731977470656 0.2462751567363739 0
1731977490524 0.24561655521392822 0
1731977510210 0.24603009223937988 0
1731977530058 0.24687539041042328 0
1731977549778 0.2467535138130188 0
1731977569647 0.24639946222305298 0
1731977589361 0.2470100224018097 0
1731977609233 0.2443203628063202 0
1731977628959 0.24601057171821594 0
1731977648873 0.24667493999004364 0
1731977668531 0.24608610570430756 0
1731977688379 0.24550676345825195 0
1731977708146 0.24677471816539764 0
1731977728014 0.2462335079908371 0
1731977747740 0.2446269989013672 0
