1731973227721 0.17689712345600128 0
1731973254434 0.10240621119737625 0
1731973281403 0.09329454600811005 0
1731973308182 0.08317790180444717 0
1731973334623 0.07697360217571259 0
1731973361033 0.06932911276817322 0
1731973387209 0.06993520259857178 0
1731973413450 0.06527145206928253 0
1731973439518 0.06092436611652374 0
1731973465754 0.05514940619468689 0
1731973491842 0.054488975554704666 0
1731973518101 0.05279315263032913 0
1731973544237 0.04957222193479538 0
1731973570534 0.047586582601070404 0
1731973596674 0.04775167256593704 0
1731973619670 0.04489539563655853 0
1731973642757 0.043520621955394745 0
1731973665801 0.043561749160289764 0
1731973688853 0.041002918034791946 0
1731973711928 0.04070598632097244 0
1731973735015 0.04087582975625992 0
1731973758119 0.03787113353610039 0
1731973780035 0.038262683898210526 0
1731973801438 0.03993138298392296 0
1731973822983 0.036916956305503845 0
1731973844559 0.036336399614810944 0
1731973866095 0.036628540605306625 0
1731973887481 0.03582197427749634 0
1731973909014 0.03573417663574219 0
1731973930594 0.03381216153502464 0
1731973951098 0.035268545150756836 0
1731973971604 0.03477466106414795 0
1731973992132 0.03431891277432442 0
1731974012641 0.034620821475982666 0
1731974033111 0.0325932539999485 0
1731974053595 0.03429717570543289 0
1731974074127 0.03188809007406235 0
1731974094130 0.03306581825017929 0
1731974114053 0.03216198831796646 0
1731974133863 0.03223486989736557 0
1731974153804 0.03159240260720253 0
1731974173640 0.03142012655735016 0
1731974193616 0.03051009774208069 0
1731974213396 0.03068772703409195 0
1731974233857 0.030821023508906364 0
1731974253703 0.03048509731888771 0
1731974273690 0.030579987913370132 0
1731974293491 0.02948611229658127 0
1731974313430 0.029852889478206635 0
1731974333271 0.028453174978494644 0
1731974353213 0.029533103108406067 0
1731974373039 0.029442599043250084 0
1731974392975 0.028511639684438705 0
1731974412799 0.02891605533659458 0
1731974432751 0.02855651080608368 0
1731974452561 0.028027329593896866 0
1731974472493 0.02788630872964859 0
1731974492279 0.028332415968179703 0
1731974512166 0.0276352446526289 0
1731974532772 0.027100741863250732 0
1731974552743 0.027633927762508392 0
1731974572434 0.027216847985982895 0
1731974592360 0.02708260901272297 0
1731974612109 0.025945663452148438 0
1731974632036 0.02638009563088417 0
1731974651787 0.026209577918052673 0
1731974671703 0.02739829570055008 0
1731974691496 0.025556251406669617 0
1731974711387 0.027060633525252342 0
1731974731196 0.026416132226586342 0
1731974751105 0.02642255462706089 0
1731974770853 0.02540300413966179 0
1731974790717 0.025662776082754135 0
1731974810468 0.02616105228662491 0
1731974831050 0.02575889229774475 0
1731974850833 0.025309821590781212 0
1731974870725 0.026025541126728058 0
1731974890483 0.025339961051940918 0
1731974910398 0.02515370398759842 0
1731974930186 0.024360759183764458 0
1731974950070 0.024384135380387306 0
1731974969774 0.025533581152558327 0
1731974989675 0.02415362559258938 0
1731975009419 0.024481629952788353 0
1731975029377 0.024515949189662933 0
1731975049149 0.023184657096862793 0
1731975069011 0.023757632821798325 0
1731975088733 0.023899398744106293 0
1731975109244 0.023701801896095276 0
1731975128992 0.022975808009505272 0
1731975148874 0.023876313120126724 0
1731975168631 0.023757070302963257 0
1731975188484 0.022809471935033798 0
1731975208208 0.02369811199605465 0
1731975228146 0.02349897101521492 0
1731975247936 0.02269444614648819 0
1731975267814 0.023607006296515465 0
1731975287574 0.0240097027271986 0
1731975307499 0.02292480319738388 0
1731975327264 0.022401826456189156 0
1731975347149 0.023008380085229874 0
1731975366892 0.02238689363002777 0
1731975386777 0.02195330336689949 0
1731975407014 0.022825125604867935 0
1731975426906 0.021383093670010567 0
1731975446666 0.023116672411561012 0
1731975466538 0.023312238976359367 0
1731975486263 0.022146282717585564 0
1731975506132 0.022182153537869453 0
1731975525841 0.022396448999643326 0
1731975545702 0.022555425763130188 0
1731975565424 0.022572355344891548 0
1731975585312 0.021522721275687218 0
1731975605020 0.02208322286605835 0
1731975624920 0.021516788750886917 0
1731975644674 0.022472620010375977 0
1731975664562 0.02015085518360138 0
1731975684313 0.02154919132590294 0
1731975704722 0.021573595702648163 0
1731975724458 0.02060794085264206 0
1731975744307 0.020357120782136917 0
1731975764074 0.020766805857419968 0
1731975783955 0.021252736449241638 0
1731975803681 0.02000996470451355 0
1731975823540 0.02160603739321232 0
1731975843287 0.021044263616204262 0
1731975863156 0.021143825724720955 0
1731975882898 0.02118978276848793 0
1731975902770 0.021585308015346527 0
1731975922532 0.020829154178500175 0
1731975942419 0.02047058939933777 0
1731975962144 0.02077513560652733 0
1731975981980 0.020789317786693573 0
1731976002447 0.01991070620715618 0
1731976022314 0.02039233222603798 0
1731976042061 0.02049287036061287 0
1731976061936 0.02044164575636387 0
1731976081673 0.020021086558699608 0
1731976101553 0.020754430443048477 0
1731976121263 0.02113313600420952 0
1731976141106 0.0202413909137249 0
1731976160785 0.020572226494550705 0
1731976180625 0.020186375826597214 0
1731976200325 0.019809937104582787 0
1731976220205 0.02046932838857174 0
1731976239940 0.02043236419558525 0
1731976259812 0.02056872844696045 0
1731976279595 0.019940074533224106 0
1731976300357 0.02005942165851593 0
1731976320064 0.019431618973612785 0
1731976339940 0.020126823335886 0
1731976359645 0.02019318751990795 0
1731976379528 0.02070434018969536 0
1731976399272 0.019246211275458336 0
1731976419176 0.020011071115732193 0
1731976438908 0.0192552637308836 0
1731976458772 0.019768256694078445 0
1731976478484 0.01947200670838356 0
1731976498352 0.019318651407957077 0
1731976518059 0.018841806799173355 0
1731976537954 0.020240964367985725 0
1731976557706 0.018472939729690552 0
1731976578115 0.02012072503566742 0
1731976597843 0.019258223474025726 0
1731976617723 0.018205054104328156 0
1731976637462 0.020092222839593887 0
1731976657298 0.018848974257707596 0
1731976677064 0.019103799015283585 0
1731976696925 0.018850727006793022 0
1731976716603 0.019640054553747177 0
1731976736483 0.019042134284973145 0
1731976756202 0.01911119371652603 0
1731976776089 0.019422831013798714 0
1731976795812 0.0196207445114851 0
1731976815735 0.0192027036100626 0
1731976835430 0.017929334193468094 0
1731976855264 0.018745437264442444 0
1731976875603 0.018427541479468346 0
1731976895496 0.018493570387363434 0
1731976915204 0.01985279656946659 0
1731976935067 0.018348488956689835 0
1731976954802 0.01965879090130329 0
1731976974660 0.018990203738212585 0
1731976994450 0.018678616732358932 0
1731977014270 0.019527900964021683 0
1731977034061 0.018866965547204018 0
1731977053867 0.018344582989811897 0
1731977073598 0.018971215933561325 0
1731977093453 0.017987243831157684 0
1731977113183 0.01830986887216568 0
1731977133037 0.01886705681681633 0
1731977152817 0.018182801082730293 0
1731977173191 0.018253013491630554 0
1731977192891 0.019013114273548126 0
1731977212726 0.01945197582244873 0
1731977232468 0.01835552789270878 0
1731977252325 0.01889374479651451 0
1731977272072 0.01763419434428215 0
1731977291930 0.019328149035573006 0
1731977311659 0.018535654991865158 0
1731977331521 0.019130393862724304 0
1731977351219 0.01843857765197754 0
1731977371094 0.01839645951986313 0
1731977390825 0.018932770937681198 0
1731977410689 0.01907900907099247 0
1731977430447 0.01862509548664093 0
1731977450297 0.018156960606575012 0
1731977470656 0.018314281478524208 0
1731977490524 0.01829070970416069 0
1731977510210 0.018449611961841583 0
1731977530058 0.0185810886323452 0
1731977549778 0.01757555641233921 0
1731977569647 0.018545441329479218 0
1731977589361 0.018230192363262177 0
1731977609233 0.01821451261639595 0
1731977628959 0.01783047989010811 0
1731977648873 0.017552480101585388 0
1731977668531 0.017860665917396545 0
1731977688379 0.017168931663036346 0
1731977708146 0.018502814695239067 0
1731977728014 0.017658714205026627 0
1731977747740 0.01847022958099842 0
