1731973227725 0.0003537942538969219 0
1731973254441 0.00020481242972891778 0
1731973281411 0.00018658909539226443 0
1731973308188 0.00016635580686852336 0
1731973334627 0.0001539472141303122 0
1731973361035 0.00013865822984371334 0
1731973387211 0.00013987041893415153 0
1731973413453 0.0001305429032072425 0
1731973439521 0.00012184873776277527 0
1731973465756 0.00011029881716240197 0
1731973491845 0.00010897795436903834 0
1731973518103 0.00010558631038293242 0
1731973544239 9.914444672176614e-05 0
1731973570537 9.517317084828392e-05 0
1731973596677 9.550334652885795e-05 0
1731973619672 8.979079575510696e-05 0
1731973642760 8.704124775249511e-05 0
1731973665803 8.712350245332345e-05 0
1731973688855 8.200584125006571e-05 0
1731973711930 8.141197758959606e-05 0
1731973735017 8.175166294677183e-05 0
1731973758122 7.574226765427738e-05 0
1731973780038 7.652537169633433e-05 0
1731973801441 7.98627661424689e-05 0
1731973822986 7.383391493931413e-05 0
1731973844561 7.267280307132751e-05 0
1731973866098 7.325708429561928e-05 0
1731973887483 7.164395356085151e-05 0
1731973909017 7.146835559979081e-05 0
1731973930597 6.762432894902304e-05 0
1731973951100 7.053709123283625e-05 0
1731973971606 6.954932905500755e-05 0
1731973992135 6.86378261889331e-05 0
1731974012643 6.924164335941896e-05 0
1731974033113 6.518651207443327e-05 0
1731974053598 6.859435234218836e-05 0
1731974074129 6.377618410624564e-05 0
1731974094134 6.613163714064285e-05 0
1731974114056 6.432397640310228e-05 0
1731974133866 6.446974293794483e-05 0
1731974153807 6.318480882328004e-05 0
1731974173642 6.284025585046038e-05 0
1731974193618 6.102019688114524e-05 0
1731974213398 6.137546006357297e-05 0
1731974233860 6.164205115055665e-05 0
1731974253705 6.097019650042057e-05 0
1731974273693 6.115997530287132e-05 0
1731974293494 5.8972225815523416e-05 0
1731974313433 5.9705780586227775e-05 0
1731974333273 5.6906352256191894e-05 0
1731974353216 5.906620936002582e-05 0
1731974373042 5.8885201724478975e-05 0
1731974392977 5.702328053303063e-05 0
1731974412801 5.783211236121133e-05 0
1731974432754 5.7113025832222775e-05 0
1731974452564 5.6054661399684846e-05 0
1731974472495 5.577261981670745e-05 0
1731974492282 5.666483411914669e-05 0
1731974512169 5.527049142983742e-05 0
1731974532775 5.420148590928875e-05 0
1731974552746 5.5267857533181086e-05 0
1731974572436 5.443369809654541e-05 0
1731974592363 5.416521889856085e-05 0
1731974612112 5.189132934901863e-05 0
1731974632039 5.276019510347396e-05 0
1731974651790 5.241916005616076e-05 0
1731974671705 5.4796593758510426e-05 0
1731974691499 5.1112503570038825e-05 0
1731974711390 5.412126847659238e-05 0
1731974731199 5.2832267101621255e-05 0
1731974751108 5.2845112804789096e-05 0
1731974770856 5.080601113149896e-05 0
1731974790719 5.132555452291854e-05 0
1731974810470 5.232210605754517e-05 0
1731974831053 5.151778532308526e-05 0
1731974850835 5.061964475316927e-05 0
1731974870727 5.205108391237445e-05 0
1731974890486 5.067992606200278e-05 0
1731974910401 5.0307411584071815e-05 0
1731974930189 4.872152203461155e-05 0
1731974950073 4.876827370026149e-05 0
1731974969777 5.106716344016604e-05 0
1731974989678 4.83072544739116e-05 0
1731975009422 4.896326208836399e-05 0
1731975029379 4.903189983451739e-05 0
1731975049152 4.636931771528907e-05 0
1731975069014 4.751526648760773e-05 0
1731975088736 4.779879964189604e-05 0
1731975109246 4.7403606004081666e-05 0
1731975128994 4.595161954057403e-05 0
1731975148876 4.775263005285524e-05 0
1731975168633 4.751414235215634e-05 0
1731975188487 4.561894456855953e-05 0
1731975208210 4.739622454508208e-05 0
1731975228148 4.699794590123929e-05 0
1731975247939 4.5388893340714276e-05 0
1731975267816 4.721401637652889e-05 0
1731975287577 4.801940667675808e-05 0
1731975307501 4.584960697684437e-05 0
1731975327266 4.480365532799624e-05 0
1731975347151 4.601676118909381e-05 0
1731975366894 4.477379115996882e-05 0
1731975386780 4.390660978970118e-05 0
1731975407016 4.565025301417336e-05 0
1731975426909 4.27661907451693e-05 0
1731975446669 4.623334825737402e-05 0
1731975466540 4.662448191083968e-05 0
1731975486266 4.4292566599324346e-05 0
1731975506135 4.4364307541400194e-05 0
1731975525843 4.4792901462642476e-05 0
1731975545704 4.511085353442468e-05 0
1731975565426 4.514471220318228e-05 0
1731975585314 4.3045445636380464e-05 0
1731975605023 4.41664487880189e-05 0
1731975624923 4.303357854951173e-05 0
1731975644676 4.494524182518944e-05 0
1731975664564 4.030171112390235e-05 0
1731975684315 4.309838550398126e-05 0
1731975704724 4.3147192627657205e-05 0
1731975724461 4.12158842664212e-05 0
1731975744310 4.071424336871132e-05 0
1731975764076 4.153361442149617e-05 0
1731975783957 4.250547499395907e-05 0
1731975803683 4.001993147539906e-05 0
1731975823543 4.3212075979681686e-05 0
1731975843289 4.2088529880857095e-05 0
1731975863159 4.228765465086326e-05 0
1731975882901 4.237956818542443e-05 0
1731975902772 4.317061757319607e-05 0
1731975922534 4.165830978308804e-05 0
1731975942421 4.0941180486697704e-05 0
1731975962147 4.155027272645384e-05 0
1731975981982 4.1578638047212735e-05 0
1731976002449 3.982141424785368e-05 0
1731976022317 4.0784667362459004e-05 0
1731976042064 4.098574208910577e-05 0
1731976061938 4.088329296791926e-05 0
1731976081675 4.004217407782562e-05 0
1731976101570 4.1508861613692716e-05 0
1731976121265 4.226627424941398e-05 0
1731976141108 4.0482784243067726e-05 0
1731976160788 4.114445619052276e-05 0
1731976180627 4.037275357404724e-05 0
1731976200327 3.9619877497898415e-05 0
1731976220207 4.093865936738439e-05 0
1731976239942 4.086473200004548e-05 0
1731976259814 4.113746035727672e-05 0
1731976279598 3.988014941569418e-05 0
1731976300360 4.011884448118508e-05 0
1731976320066 3.886323975166306e-05 0
1731976339942 4.025364978588186e-05 0
1731976359648 4.0386377804679796e-05 0
1731976379530 4.140868259128183e-05 0
1731976399274 3.849242420983501e-05 0
1731976419179 4.0022143366513774e-05 0
1731976438910 3.85105304303579e-05 0
1731976458774 3.9536516851512715e-05 0
1731976478487 3.8944013795116916e-05 0
1731976498354 3.863730307784863e-05 0
1731976518062 3.768361420952715e-05 0
1731976537956 4.048192931804806e-05 0
1731976557708 3.694587940117344e-05 0
1731976578118 4.0241451642941684e-05 0
1731976597845 3.851644942187704e-05 0
1731976617725 3.641011062427424e-05 0
1731976637464 4.0184448153013363e-05 0
1731976657300 3.76979514840059e-05 0
1731976677066 3.8207599573070183e-05 0
1731976696927 3.770145485759713e-05 0
1731976716605 3.928011210518889e-05 0
1731976736485 3.8084272091509774e-05 0
1731976756204 3.822238795692101e-05 0
1731976776091 3.8845664676046e-05 0
1731976795814 3.9241491322172806e-05 0
1731976815737 3.840540739474818e-05 0
1731976835432 3.5858669434674084e-05 0
1731976855266 3.749087773030624e-05 0
1731976875606 3.6855086364084855e-05 0
1731976895498 3.698714135680348e-05 0
1731976915207 3.970559555455111e-05 0
1731976935069 3.669697980512865e-05 0
1731976954805 3.9317583286901936e-05 0
1731976974663 3.7980407796567306e-05 0
1731976994452 3.7357236578827724e-05 0
1731977014272 3.905580524588004e-05 0
1731977034063 3.7733931094408035e-05 0
1731977053869 3.668916906462982e-05 0
1731977073601 3.794243457377888e-05 0
1731977093456 3.5974488127976656e-05 0
1731977113185 3.661973823909648e-05 0
1731977133039 3.77341166313272e-05 0
1731977152819 3.636560359154828e-05 0
1731977173194 3.650602957350202e-05 0
1731977192893 3.802623177762143e-05 0
1731977212728 3.890395237249322e-05 0
1731977232470 3.6711058783112094e-05 0
1731977252327 3.7787493056384847e-05 0
1731977272075 3.526838918332942e-05 0
1731977291932 3.865630060317926e-05 0
1731977311661 3.707131327246316e-05 0
1731977331524 3.826079046120867e-05 0
1731977351221 3.687715798150748e-05 0
1731977371096 3.679292058222927e-05 0
1731977390827 3.786554225371219e-05 0
1731977410691 3.815802119788714e-05 0
1731977430449 3.725019269040786e-05 0
1731977450300 3.6313922464614734e-05 0
1731977470658 3.662856397568248e-05 0
1731977490526 3.658141940832138e-05 0
1731977510212 3.68992259609513e-05 0
1731977530061 3.716217906912789e-05 0
1731977549780 3.515111529850401e-05 0
1731977569650 3.709088559844531e-05 0
1731977589363 3.6460387491388246e-05 0
1731977609235 3.6429028114071116e-05 0
1731977628962 3.566095983842388e-05 0
1731977648875 3.510496026137844e-05 0
1731977668533 3.5721332096727565e-05 0
1731977688381 3.433786332607269e-05 0
1731977708148 3.700562956510112e-05 0
1731977728017 3.5317429137649015e-05 0
1731977747743 3.694046245072968e-05 0
