1731973227725 0.010696515440940857 0
1731973254441 0.00043394905515015125 0
1731973281411 0.00037308430182747543 0
1731973308188 0.0003847882617264986 0
1731973334627 0.00034591660369187593 0
1731973361035 0.0003998453030362725 0
1731973387211 0.0003671765443868935 0
1731973413453 0.00040502857882529497 0
1731973439521 0.0003424328751862049 0
1731973465756 0.00038777932059019804 0
1731973491845 0.00033072131918743253 0
1731973518103 0.00035419806954450905 0
1731973544239 0.00032953330082818866 0
1731973570537 0.00039894512156024575 0
1731973596677 0.00041292322566732764 0
1731973619672 0.0003567793173715472 0
1731973642760 0.0003350074985064566 0
1731973665803 0.0003207955742254853 0
1731973688855 0.00035658280830830336 0
1731973711930 0.00043672905303537846 0
1731973735017 0.0003680576919578016 0
1731973758122 0.00030315713956952095 0
1731973780038 0.00041214044904336333 0
1731973801441 0.0003473409451544285 0
1731973822986 0.0003708083531819284 0
1731973844561 0.00037522419006563723 0
1731973866098 0.0003790968330577016 0
1731973887483 0.00033236725721508265 0
1731973909017 0.00036709083360619843 0
1731973930597 0.000424576282966882 0
1731973951100 0.0003744260757230222 0
1731973971606 0.00039551977533847094 0
1731973992135 0.0003434490063227713 0
1731974012643 0.0004215073713567108 0
1731974033113 0.0003483535838313401 0
1731974053598 0.0004305354377720505 0
1731974074129 0.00033745059045031667 0
1731974094134 0.0003583932120818645 0
1731974114056 0.0003128962707705796 0
1731974133866 0.0003914590924978256 0
1731974153807 0.0003920343588106334 0
1731974173642 0.00034598298952914774 0
1731974193618 0.000329507514834404 0
1731974213398 0.00033551640808582306 0
1731974233860 0.00037700514076277614 0
1731974253705 0.00042604521149769425 0
1731974273693 0.0003407617914490402 0
1731974293494 0.0003370888880454004 0
1731974313433 0.0004006762756034732 0
1731974333273 0.0003698173095472157 0
1731974353216 0.0003595495654735714 0
1731974373042 0.0003847854968626052 0
1731974392977 0.0003648479760158807 0
1731974412801 0.0003484877815935761 0
1731974432754 0.0004271937650628388 0
1731974452564 0.00038692457019351423 0
1731974472495 0.00034488504752516747 0
1731974492282 0.0003678385983221233 0
1731974512169 0.0003811182687059045 0
1731974532775 0.00034324260195717216 0
1731974552746 0.0003748335875570774 0
1731974572436 0.0003418464330025017 0
1731974592363 0.00037763151340186596 0
1731974612112 0.00037238694494590163 0
1731974632039 0.0003302597615402192 0
1731974651790 0.0003896383277606219 0
1731974671705 0.0003409450582694262 0
1731974691499 0.0003322905395179987 0
1731974711390 0.0003272604662925005 0
1731974731199 0.0003786839952226728 0
1731974751108 0.00033931995858438313 0
1731974770856 0.0003099841997027397 0
1731974790719 0.00036215840373188257 0
1731974810470 0.00035383814247325063 0
1731974831053 0.00037940189940854907 0
1731974850835 0.0003304850251879543 0
1731974870727 0.0003462132008280605 0
1731974890486 0.0003685004194267094 0
1731974910401 0.0003419414861127734 0
1731974930189 0.0003555705479811877 0
1731974950073 0.0003256123745813966 0
1731974969777 0.0003362334973644465 0
1731974989678 0.00033915723906829953 0
1731975009422 0.00032367039239034057 0
1731975029379 0.0003552272100932896 0
1731975049152 0.0003671084123197943 0
1731975069014 0.00033779972000047565 0
1731975088736 0.0003308574960101396 0
1731975109246 0.0003632519510574639 0
1731975128994 0.00033648277167230844 0
1731975148876 0.0003433705132920295 0
1731975168633 0.0003440199070610106 0
1731975188487 0.0003386496100574732 0
1731975208210 0.0003197212645318359 0
1731975228148 0.00032010930590331554 0
1731975247939 0.0003714052145369351 0
1731975267816 0.00037939081084914505 0
1731975287577 0.00034015264827758074 0
1731975307501 0.00032804091461002827 0
1731975327266 0.00035615410888567567 0
1731975347151 0.0003404891467653215 0
1731975366894 0.00034470288665033877 0
1731975386780 0.0003059289010707289 0
1731975407016 0.00035373441642150283 0
1731975426909 0.00031731545459479094 0
1731975446669 0.00038182950811460614 0
1731975466540 0.00029627911862917244 0
1731975486266 0.00033281531068496406 0
1731975506135 0.0003152615681756288 0
1731975525843 0.00035358098102733493 0
1731975545704 0.000360179808922112 0
1731975565426 0.00036485985037870705 0
1731975585314 0.0003481759049464017 0
1731975605023 0.00032753683626651764 0
1731975624923 0.00035049565485678613 0
1731975644676 0.0003428573254495859 0
1731975664564 0.0003748779708985239 0
1731975684315 0.0003409080673009157 0
1731975704724 0.0003456906124483794 0
1731975724461 0.000364206382073462 0
1731975744310 0.000326240697177127 0
1731975764076 0.00033610512036830187 0
1731975783957 0.0003456358390394598 0
1731975803683 0.0003559048054739833 0
1731975823543 0.000337781326379627 0
1731975843289 0.00033497001277282834 0
1731975863159 0.0003390579659026116 0
1731975882901 0.00036481188726611435 0
1731975902772 0.00032116222428157926 0
1731975922534 0.00034338346449658275 0
1731975942421 0.0003382228023838252 0
1731975962147 0.0003639758797362447 0
1731975981982 0.00031859814771451056 0
1731976002449 0.00031800696160644293 0
1731976022317 0.0003468259237706661 0
1731976042064 0.00040162610821425915 0
1731976061938 0.00034714743378572166 0
1731976081675 0.0003377412213012576 0
1731976101570 0.00033708265982568264 0
1731976121265 0.0003523541090544313 0
1731976141108 0.0003427986230235547 0
1731976160788 0.0003332194755785167 0
1731976180627 0.00033712160075083375 0
1731976200327 0.00033520569559186697 0
1731976220207 0.0003259429649915546 0
1731976239942 0.0003379855479579419 0
1731976259814 0.0003237949567846954 0
1731976279598 0.00030601921025663614 0
1731976300360 0.00031529960688203573 0
1731976320066 0.00033931731013581157 0
1731976339942 0.0003492151154205203 0
1731976359648 0.00032481650123372674 0
1731976379530 0.0003422017034608871 0
1731976399274 0.0003483054169919342 0
1731976419179 0.0002934786898549646 0
1731976438910 0.00035452336305752397 0
1731976458774 0.0003250798908993602 0
1731976478487 0.0003510128299240023 0
1731976498354 0.0003203952801413834 0
1731976518062 0.0003253431059420109 0
1731976537956 0.00032849612762220204 0
1731976557708 0.0003083219053223729 0
1731976578118 0.0003391671343706548 0
1731976597845 0.00034138758201152086 0
1731976617725 0.0003423967573326081 0
1731976637464 0.0003154439036734402 0
1731976657300 0.0003518311132211238 0
1731976677066 0.00033580727176740766 0
1731976696927 0.000343864259775728 0
1731976716605 0.00034563528606668115 0
1731976736485 0.0003245183906983584 0
1731976756204 0.00033696365426294506 0
1731976776091 0.0003077061555813998 0
1731976795814 0.0003675551270134747 0
1731976815737 0.0003348813042975962 0
1731976835432 0.00034044322092086077 0
1731976855266 0.0003274026676081121 0
1731976875606 0.0003220776270609349 0
1731976895498 0.00033527243067510426 0
1731976915207 0.0003589609987102449 0
1731976935069 0.00032327882945537567 0
1731976954805 0.00033055056701414287 0
1731976974663 0.00032714795088395476 0
1731976994452 0.0003144501824863255 0
1731977014272 0.00032377205207012594 0
1731977034063 0.00034261567634530365 0
1731977053869 0.00030674340086989105 0
1731977073601 0.00036530825309455395 0
1731977093456 0.0003207881236448884 0
1731977113185 0.0003221456427127123 0
1731977133039 0.0003404493909329176 0
1731977152819 0.00032585347071290016 0
1731977173194 0.0003228606074117124 0
1731977192893 0.0003487075155135244 0
1731977212728 0.00036913505755364895 0
1731977232470 0.0003390424535609782 0
1731977252327 0.00031005506752990186 0
1731977272075 0.0003068486985284835 0
1731977291932 0.000373437738744542 0
1731977311661 0.00033699904452078044 0
1731977331524 0.0003495263517834246 0
1731977351221 0.00034580237115733325 0
1731977371096 0.0003220909566152841 0
1731977390827 0.00037889950908720493 0
1731977410691 0.0003554412687662989 0
1731977430449 0.00033359916415065527 0
1731977450300 0.0003053314867429435 0
1731977470658 0.00034855373087339103 0
1731977490526 0.0003436158294789493 0
1731977510212 0.00034295147634111345 0
1731977530061 0.000304490327835083 0
1731977549780 0.00029010098660364747 0
1731977569650 0.0003445917973294854 0
1731977589363 0.000328159483615309 0
1731977609235 0.00031786650652065873 0
1731977628962 0.00034268616582266986 0
1731977648875 0.0003519532619975507 0
1731977668533 0.0003514225536491722 0
1731977688381 0.0003223000094294548 0
1731977708148 0.00032522756373509765 0
1731977728017 0.0003365210723131895 0
1731977747743 0.00034526048693805933 0
