1731973227725 0.010311353951692581 0
1731973254441 0.005355202592909336 0
1731973281411 0.004195849876850843 0
1731973308188 0.004666533321142197 0
1731973334627 0.004452851600944996 0
1731973361035 0.004524989053606987 0
1731973387211 0.004457560367882252 0
1731973413453 0.004118660464882851 0
1731973439521 0.0036511835642158985 0
1731973465756 0.004378336016088724 0
1731973491845 0.0035318508744239807 0
1731973518103 0.0035781709011644125 0
1731973544239 0.003049173392355442 0
1731973570537 0.0033084384631365538 0
1731973596677 0.003503944491967559 0
1731973619672 0.0030666273087263107 0
1731973642760 0.003163959365338087 0
1731973665803 0.0035762570332735777 0
1731973688855 0.0032443765085190535 0
1731973711930 0.002924479078501463 0
1731973735017 0.002973103430122137 0
1731973758122 0.0028364602476358414 0
1731973780038 0.002786491997539997 0
1731973801441 0.0029267873615026474 0
1731973822986 0.0029842639341950417 0
1731973844561 0.002894831821322441 0
1731973866098 0.002621890977025032 0
1731973887483 0.0027492649387568235 0
1731973909017 0.0027718215715140104 0
1731973930597 0.0025627920404076576 0
1731973951100 0.0029978901147842407 0
1731973971606 0.002514554187655449 0
1731973992135 0.002407514490187168 0
1731974012643 0.0028028569649904966 0
1731974033113 0.0030351588502526283 0
1731974053598 0.0026289261877536774 0
1731974074129 0.0028946283273398876 0
1731974094134 0.002497849054634571 0
1731974114056 0.002226121025159955 0
1731974133866 0.0027235341258347034 0
1731974153807 0.0030905939638614655 0
1731974173642 0.002391242189332843 0
1731974193618 0.0022728764452040195 0
1731974213398 0.0023308824747800827 0
1731974233860 0.002777918940410018 0
1731974253705 0.0022797812707722187 0
1731974273693 0.0025379061698913574 0
1731974293494 0.002167340600863099 0
1731974313433 0.0019245989387854934 0
1731974333273 0.0027572314720600843 0
1731974353216 0.0020684790797531605 0
1731974373042 0.0019755030516535044 0
1731974392977 0.002360943239182234 0
1731974412801 0.0027027351316064596 0
1731974432754 0.0023898060899227858 0
1731974452564 0.0018533472903072834 0
1731974472495 0.002212260849773884 0
1731974492282 0.0017952576745301485 0
1731974512169 0.002065014559775591 0
1731974532775 0.0019399670418351889 0
1731974552746 0.0020476689096540213 0
1731974572436 0.002276275772601366 0
1731974592363 0.0020455834455788136 0
1731974612112 0.001983575290068984 0
1731974632039 0.0021590813994407654 0
1731974651790 0.0021332139149308205 0
1731974671705 0.002275927923619747 0
1731974691499 0.002077428624033928 0
1731974711390 0.0018958657747134566 0
1731974731199 0.0020022992976009846 0
1731974751108 0.0020344548393040895 0
1731974770856 0.0016914603766053915 0
1731974790719 0.0019192283507436514 0
1731974810470 0.0017901447135955095 0
1731974831053 0.002178196795284748 0
1731974850835 0.002244207775220275 0
1731974870727 0.001730922143906355 0
1731974890486 0.001457731705158949 0
1731974910401 0.0017245772760361433 0
1731974930189 0.0015946496278047562 0
1731974950073 0.0015194140141829848 0
1731974969777 0.001626122510060668 0
1731974989678 0.0016692107310518622 0
1731975009422 0.002320030238479376 0
1731975029379 0.0019374322146177292 0
1731975049152 0.0016649122117087245 0
1731975069014 0.0016945095267146826 0
1731975088736 0.0017337002791464329 0
1731975109246 0.0015534124104306102 0
1731975128994 0.002000297186896205 0
1731975148876 0.0017257407307624817 0
1731975168633 0.001988169737160206 0
1731975188487 0.0016115190228447318 0
1731975208210 0.001569525571539998 0
1731975228148 0.0013821939937770367 0
1731975247939 0.0016191614558920264 0
1731975267816 0.00202146265655756 0
1731975287577 0.0015900698490440845 0
1731975307501 0.0014192645903676748 0
1731975327266 0.0016760820290073752 0
1731975347151 0.0015498263528570533 0
1731975366894 0.0014949454925954342 0
1731975386780 0.0016029499238356948 0
1731975407016 0.001832169247791171 0
1731975426909 0.0012916205450892448 0
1731975446669 0.001699642976745963 0
1731975466540 0.0013966257683932781 0
1731975486266 0.0012485681800171733 0
1731975506135 0.0015014962991699576 0
1731975525843 0.001255247974768281 0
1731975545704 0.0014415200566872954 0
1731975565426 0.0013459846377372742 0
1731975585314 0.0013239545514807105 0
1731975605023 0.0012455652467906475 0
1731975624923 0.0016522048972547054 0
1731975644676 0.0014930118340998888 0
1731975664564 0.0011807434493675828 0
1731975684315 0.0013817863073199987 0
1731975704724 0.0014222089666873217 0
1731975724461 0.0013344925828278065 0
1731975744310 0.0013921530917286873 0
1731975764076 0.0012453286908566952 0
1731975783957 0.0013619003584608436 0
1731975803683 0.0012580769835039973 0
1731975823543 0.001404383685439825 0
1731975843289 0.0012757244985550642 0
1731975863159 0.001466859015636146 0
1731975882901 0.001432039774954319 0
1731975902772 0.0012645709794014692 0
1731975922534 0.0013789404183626175 0
1731975942421 0.001309119164943695 0
1731975962147 0.0012875928077846766 0
1731975981982 0.0013593281619250774 0
1731976002449 0.0010896355379372835 0
1731976022317 0.001136209350079298 0
1731976042064 0.0014622205635532737 0
1731976061938 0.0012139566242694855 0
1731976081675 0.00125587556976825 0
1731976101570 0.0011085335863754153 0
1731976121265 0.0011352061992511153 0
1731976141108 0.0013002551859244704 0
1731976160788 0.0010572316823527217 0
1731976180627 0.0010790477972477674 0
1731976200327 0.0011112575884908438 0
1731976220207 0.0012796643422916532 0
1731976239942 0.0011456499341875315 0
1731976259814 0.0011095632798969746 0
1731976279598 0.0009917085990309715 0
1731976300360 0.0011204229667782784 0
1731976320066 0.0012770564062520862 0
1731976339942 0.0011997296242043376 0
1731976359648 0.0012888764031231403 0
1731976379530 0.0012026927433907986 0
1731976399274 0.0010074182646349072 0
1731976419179 0.001157369464635849 0
1731976438910 0.0011364667443558574 0
1731976458774 0.0011003592517226934 0
1731976478487 0.001008367631584406 0
1731976498354 0.0010298734996467829 0
1731976518062 0.0010967862326651812 0
1731976537956 0.0010819893795996904 0
1731976557708 0.0010615384671837091 0
1731976578118 0.0010320695582777262 0
1731976597845 0.001120118540711701 0
1731976617725 0.0011391714215278625 0
1731976637464 0.0010099391220137477 0
1731976657300 0.0011006968561559916 0
1731976677066 0.0009625129168853164 0
1731976696927 0.0010078365448862314 0
1731976716605 0.0011220596497878432 0
1731976736485 0.0010352506069466472 0
1731976756204 0.0011270347749814391 0
1731976776091 0.001075312728062272 0
1731976795814 0.00093056820333004 0
1731976815737 0.0009891807567328215 0
1731976835432 0.0009944280609488487 0
1731976855266 0.0009584178915247321 0
1731976875606 0.0009694902109913528 0
1731976895498 0.0009413291700184345 0
1731976915207 0.0009428648045286536 0
1731976935069 0.0010659396648406982 0
1731976954805 0.001091159414499998 0
1731976974663 0.0010419085156172514 0
1731976994452 0.001016533700749278 0
1731977014272 0.0008108873735181987 0
1731977034063 0.0010213702917099 0
1731977053869 0.0009933535475283861 0
1731977073601 0.0009255988406948745 0
1731977093456 0.0010679508559405804 0
1731977113185 0.001006862847134471 0
1731977133039 0.0007894273148849607 0
1731977152819 0.0009590456029400229 0
1731977173194 0.0009794575162231922 0
1731977192893 0.0009715352207422256 0
1731977212728 0.0008912172052077949 0
1731977232470 0.000937826931476593 0
1731977252327 0.0008670594543218613 0
1731977272075 0.0009516984573565423 0
1731977291932 0.0008190220105461776 0
1731977311661 0.0008979649282991886 0
1731977331524 0.0008936931844800711 0
1731977351221 0.0009226474794559181 0
1731977371096 0.0008957867394201458 0
1731977390827 0.000946307962294668 0
1731977410691 0.0009148162207566202 0
1731977430449 0.0009681606898084283 0
1731977450300 0.0010107066482305527 0
1731977470658 0.0009386502206325531 0
1731977490526 0.0010557379573583603 0
1731977510212 0.0010030829580500722 0
1731977530061 0.0009079179144464433 0
1731977549780 0.0008156363619491458 0
1731977569650 0.0008159005083143711 0
1731977589363 0.0009210542775690556 0
1731977609235 0.000801319838501513 0
1731977628962 0.0008768650004640222 0
1731977648875 0.0008437156211584806 0
1731977668533 0.0008823632961139083 0
1731977688381 0.0008575927349738777 0
1731977708148 0.000741940806619823 0
1731977728017 0.0008816909976303577 0
1731977747743 0.0007598450174555182 0
