1731856345853 0.03866343945264816 0
1731856365606 0.04303359612822533 0
1731856385229 0.04419726878404617 0
1731856404846 0.04280919209122658 0
1731856424291 0.042655639350414276 0
1731856443756 0.04575735703110695 0
1731856463097 0.04823613539338112 0
1731856482529 0.04886433854699135 0
1731856501829 0.04780624806880951 0
1731856521118 0.04791056737303734 0
1731856540380 0.049328047782182693 0
1731856559631 0.05052686110138893 0
1731856578856 0.04988754168152809 0
1731856598143 0.048674341291189194 0
1731856617367 0.04854214936494827 0
1731856634564 0.0490279346704483 0
1731856651758 0.04858860746026039 0
1731856668928 0.04976038262248039 0
1731856686113 0.048539914190769196 0
1731856703250 0.0488118939101696 0
1731856720395 0.047607406973838806 0
1731856737552 0.04923634976148605 0
1731856753968 0.04814041033387184 0
1731856769995 0.04869737848639488 0
1731856786093 0.0500347800552845 0
1731856802236 0.050041455775499344 0
1731856818403 0.049140479415655136 0
1731856834453 0.04915660247206688 0
1731856850598 0.04904453828930855 0
1731856866833 0.0485820546746254 0
1731856882328 0.048723481595516205 0
1731856897809 0.04846763610839844 0
1731856913307 0.049042362719774246 0
1731856928768 0.049478668719530106 0
1731856944243 0.048654161393642426 0
1731856959716 0.048575714230537415 0
1731856975158 0.04860277473926544 0
1731856990253 0.048339664936065674 0
1731857005356 0.049414899200201035 0
1731857020386 0.04872456192970276 0
1731857035499 0.048252493143081665 0
1731857050515 0.04800395295023918 0
1731857065656 0.04796835780143738 0
1731857080691 0.04926786199212074 0
1731857096144 0.049675002694129944 0
1731857111159 0.048707883805036545 0
1731857126281 0.04901764169335365 0
1731857141299 0.049376826733350754 0
1731857156412 0.04824650660157204 0
1731857171427 0.04834093153476715 0
1731857186535 0.04768269881606102 0
1731857201545 0.048529114574193954 0
1731857216647 0.04918854311108589 0
1731857231645 0.04827875643968582 0
1731857246720 0.048441413789987564 0
1731857261718 0.04874139651656151 0
1731857276818 0.047666873782873154 0
1731857291809 0.04809710383415222 0
1731857306906 0.047849852591753006 0
1731857322267 0.048216402530670166 0
1731857337363 0.04742538556456566 0
1731857352369 0.049122970551252365 0
1731857367432 0.048990633338689804 0
1731857382435 0.04845013841986656 0
1731857397524 0.048170238733291626 0
1731857412517 0.048557646572589874 0
1731857427613 0.048215143382549286 0
1731857442582 0.048298321664333344 0
1731857457655 0.04855840653181076 0
1731857472651 0.0482976920902729 0
1731857487770 0.04832703247666359 0
1731857502767 0.04809075593948364 0
1731857517875 0.047975167632102966 0
1731857532876 0.04754333943128586 0
1731857548340 0.0480719693005085 0
1731857563340 0.047537293285131454 0
1731857578427 0.04814950004220009 0
1731857593411 0.048173580318689346 0
1731857608512 0.047255661338567734 0
1731857623519 0.04830769822001457 0
1731857638581 0.04805995523929596 0
1731857653580 0.04737026244401932 0
1731857668643 0.04777026176452637 0
1731857683622 0.0485466830432415 0
1731857698706 0.047431305050849915 0
1731857713679 0.04798690229654312 0
1731857728768 0.047881875187158585 0
1731857743735 0.04807337373495102 0
1731857759152 0.04771820083260536 0
1731857774114 0.047915469855070114 0
1731857789146 0.04761283099651337 0
1731857804112 0.04793304577469826 0
1731857819174 0.0478377602994442 0
1731857834158 0.0479959212243557 0
1731857849199 0.04838830232620239 0
1731857864152 0.04834018647670746 0
1731857879199 0.04830923676490784 0
1731857894175 0.04800405725836754 0
1731857909206 0.047822173684835434 0
1731857924165 0.047654058784246445 0
1731857939221 0.048325229436159134 0
1731857954174 0.04826681315898895 0
1731857969237 0.047873079776763916 0
1731857984542 0.04766562581062317 0
1731857999566 0.047496549785137177 0
1731858014548 0.04723804071545601 0
1731858029605 0.047879043966531754 0
1731858044574 0.04775301739573479 0
1731858059621 0.04710431024432182 0
1731858074616 0.04777434095740318 0
1731858089663 0.04727146402001381 0
1731858104613 0.047992043197155 0
1731858119659 0.04739528149366379 0
1731858134632 0.047383420169353485 0
1731858149698 0.04747821390628815 0
1731858164644 0.047501642256975174 0
1731858179689 0.04764508828520775 0
1731858194649 0.04736873134970665 0
1731858210026 0.04756149649620056 0
1731858224955 0.04749048128724098 0
1731858239981 0.048363685607910156 0
1731858254928 0.04762386530637741 0
1731858269954 0.04755101725459099 0
1731858284879 0.04750005155801773 0
1731858299903 0.0470922514796257 0
1731858314841 0.04700710251927376 0
1731858329848 0.046696074306964874 0
1731858344763 0.04720208793878555 0
1731858359790 0.047278210520744324 0
1731858374729 0.04755713418126106 0
1731858389737 0.04729139804840088 0
1731858404693 0.047594569623470306 0
1731858419726 0.04776809364557266 0
1731858435039 0.047196678817272186 0
1731858450058 0.04714181274175644 0
1731858464969 0.0472414530813694 0
1731858479973 0.04749676212668419 0
1731858494898 0.04756498709321022 0
1731858509919 0.0472475029528141 0
1731858524868 0.04701299965381622 0
1731858539873 0.047536686062812805 0
1731858554837 0.047510504722595215 0
1731858569849 0.04735951870679855 0
1731858584783 0.04779837280511856 0
1731858599801 0.047446828335523605 0
1731858614755 0.047209233045578 0
1731858629771 0.04686377942562103 0
1731858644721 0.047509707510471344 0
1731858660149 0.047459885478019714 0
1731858675093 0.04723375663161278 0
1731858690121 0.047268010675907135 0
1731858705063 0.04734719544649124 0
1731858720073 0.04724626615643501 0
1731858735002 0.04716566205024719 0
1731858750046 0.04740975424647331 0
1731858764984 0.04746195673942566 0
1731858780008 0.047117266803979874 0
1731858794954 0.04725366830825806 0
1731858809955 0.04712950438261032 0
1731858824874 0.04706893861293793 0
1731858839886 0.04734492301940918 0
1731858854803 0.04738111421465874 0
1731858870196 0.04749045521020889 0
1731858885146 0.047411929816007614 0
1731858900168 0.04715926572680473 0
1731858915094 0.047094833105802536 0
1731858930084 0.04688677191734314 0
1731858945021 0.04701372981071472 0
1731858960050 0.04708949476480484 0
1731858974966 0.04728591442108154 0
1731858989949 0.04695909470319748 0
1731859004879 0.047277070581912994 0
1731859019880 0.047461528331041336 0
1731859034800 0.047280143946409225 0
1731859049807 0.04724951088428497 0
1731859064720 0.04750844091176987 0
1731859079726 0.047318145632743835 0
1731859095104 0.04736151546239853 0
1731859110108 0.04686401039361954 0
1731859125060 0.04718797281384468 0
1731859140060 0.047255244106054306 0
1731859154975 0.04741072654724121 0
1731859169973 0.0477605015039444 0
1731859184896 0.04725991189479828 0
1731859199906 0.04725882411003113 0
1731859214825 0.04693910479545593 0
1731859229826 0.04704917594790459 0
1731859244757 0.04723722115159035 0
1731859259740 0.04727235808968544 0
1731859274657 0.04735535755753517 0
1731859289640 0.047348104417324066 0
1731859304542 0.0468563586473465 0
1731859319987 0.04686897248029709 0
1731859334907 0.04716995730996132 0
1731859349908 0.047211579978466034 0
1731859364813 0.04711735248565674 0
1731859379818 0.047345418483018875 0
1731859394756 0.04711936414241791 0
1731859409764 0.04729509353637695 0
1731859424679 0.04692055657505989 0
1731859439682 0.04714571684598923 0
1731859454593 0.04720805212855339 0
1731859469621 0.047240231186151505 0
1731859484549 0.047296274453401566 0
1731859499545 0.047173500061035156 0
1731859514465 0.04723101109266281 0
1731859529472 0.04713313654065132 0
1731859544766 0.04678007587790489 0
1731859559755 0.04718179255723953 0
1731859574659 0.04717098921537399 0
1731859589677 0.04709348455071449 0
1731859604611 0.046979811042547226 0
1731859619635 0.04720848426222801 0
1731859634557 0.04688265547156334 0
1731859649566 0.04706491157412529 0
1731859664495 0.04702676832675934 0
1731859679497 0.04719932749867439 0
1731859694414 0.04704895243048668 0
1731859709443 0.04719837009906769 0
1731859724362 0.04711384326219559 0
1731859739386 0.04705030843615532 0
1731859754326 0.0472526028752327 0
