1731856345853 0.1674441695213318 0
1731856365606 0.11969178915023804 0
1731856385229 0.09623996913433075 0
1731856404846 0.08734935522079468 0
1731856424291 0.07794375717639923 0
1731856443756 0.07533594965934753 0
1731856463097 0.06883099675178528 0
1731856482529 0.06368814408779144 0
1731856501829 0.06320358067750931 0
1731856521118 0.05834724009037018 0
1731856540380 0.056457072496414185 0
1731856559631 0.05524560436606407 0
1731856578856 0.05305786803364754 0
1731856598143 0.051448576152324677 0
1731856617367 0.0483664907515049 0
1731856634564 0.045873068273067474 0
1731856651758 0.048213306814432144 0
1731856668928 0.045716769993305206 0
1731856686113 0.043792951852083206 0
1731856703250 0.044845473021268845 0
1731856720395 0.04529223591089249 0
1731856737552 0.04347847029566765 0
1731856753968 0.04219304025173187 0
1731856769995 0.04174790903925896 0
1731856786093 0.04130756855010986 0
1731856802236 0.04043500870466232 0
1731856818403 0.03949255496263504 0
1731856834453 0.03882388770580292 0
1731856850598 0.0381050631403923 0
1731856866833 0.039897218346595764 0
1731856882328 0.03772060200572014 0
1731856897809 0.03670600801706314 0
1731856913307 0.036802224814891815 0
1731856928768 0.03668569400906563 0
1731856944243 0.0361291728913784 0
1731856959716 0.037666212767362595 0
1731856975158 0.03542131930589676 0
1731856990253 0.03648923337459564 0
1731857005356 0.0350346714258194 0
1731857020386 0.03447151929140091 0
1731857035499 0.03393910080194473 0
1731857050515 0.0330335758626461 0
1731857065656 0.03440944105386734 0
1731857080691 0.03241538628935814 0
1731857096144 0.03531229868531227 0
1731857111159 0.034711435437202454 0
1731857126281 0.03346645087003708 0
1731857141299 0.03493279218673706 0
1731857156412 0.03264928609132767 0
1731857171427 0.033836595714092255 0
1731857186535 0.033544961363077164 0
1731857201545 0.03039214201271534 0
1731857216647 0.0307808555662632 0
1731857231645 0.029717925935983658 0
1731857246720 0.032556597143411636 0
1731857261718 0.030427969992160797 0
1731857276818 0.02980251982808113 0
1731857291809 0.031216846778988838 0
1731857306906 0.0306454598903656 0
1731857322267 0.031533196568489075 0
1731857337363 0.029718969017267227 0
1731857352369 0.02993219718337059 0
1731857367432 0.03003595396876335 0
1731857382435 0.02871256321668625 0
1731857397524 0.029146429151296616 0
1731857412517 0.02981308102607727 0
1731857427613 0.02923322468996048 0
1731857442582 0.02986943908035755 0
1731857457655 0.029798805713653564 0
1731857472651 0.02922096475958824 0
1731857487770 0.029051093384623528 0
1731857502767 0.028754593804478645 0
1731857517875 0.029162529855966568 0
1731857532876 0.02912069670855999 0
1731857548340 0.02831808105111122 0
1731857563340 0.029464412480592728 0
1731857578427 0.028518427163362503 0
1731857593411 0.029261907562613487 0
1731857608512 0.02837713062763214 0
1731857623519 0.027349364012479782 0
1731857638581 0.026919502764940262 0
1731857653580 0.028230763971805573 0
1731857668643 0.028958434239029884 0
1731857683622 0.027492497116327286 0
1731857698706 0.02741238847374916 0
1731857713679 0.027110647410154343 0
1731857728768 0.027480043470859528 0
1731857743735 0.026612455025315285 0
1731857759152 0.025567302480340004 0
1731857774114 0.026499800384044647 0
1731857789146 0.026400525122880936 0
1731857804112 0.026203220710158348 0
1731857819174 0.026449210941791534 0
1731857834158 0.027017876505851746 0
1731857849199 0.026774689555168152 0
1731857864152 0.02629878930747509 0
1731857879199 0.026266230270266533 0
1731857894175 0.025482602417469025 0
1731857909206 0.0256175696849823 0
1731857924165 0.026165880262851715 0
1731857939221 0.02728573977947235 0
1731857954174 0.02645350620150566 0
1731857969237 0.026214994490146637 0
1731857984542 0.02647034451365471 0
1731857999566 0.02594592049717903 0
1731858014548 0.025313328951597214 0
1731858029605 0.02558399923145771 0
1731858044574 0.025110062211751938 0
1731858059621 0.025221839547157288 0
1731858074616 0.02530822902917862 0
1731858089663 0.02545454353094101 0
1731858104613 0.02626989036798477 0
1731858119659 0.026136063039302826 0
1731858134632 0.02469119243323803 0
1731858149698 0.02452554926276207 0
1731858164644 0.025622699409723282 0
1731858179689 0.0245075486600399 0
1731858194649 0.023500967770814896 0
1731858210026 0.025092970579862595 0
1731858224955 0.0232866033911705 0
1731858239981 0.024107681587338448 0
1731858254928 0.0246856939047575 0
1731858269954 0.023840587586164474 0
1731858284879 0.02362583577632904 0
1731858299903 0.023860666900873184 0
1731858314841 0.024336647242307663 0
1731858329848 0.024249311536550522 0
1731858344763 0.023894209414720535 0
1731858359790 0.025139883160591125 0
1731858374729 0.024404196068644524 0
1731858389737 0.024083063006401062 0
1731858404693 0.024737969040870667 0
1731858419726 0.024134550243616104 0
1731858435039 0.02394941821694374 0
1731858450058 0.02265613153576851 0
1731858464969 0.024499010294675827 0
1731858479973 0.02314935252070427 0
1731858494898 0.024037450551986694 0
1731858509919 0.023422662168741226 0
1731858524868 0.023098796606063843 0
1731858539873 0.02241937257349491 0
1731858554837 0.023436501622200012 0
1731858569849 0.024155268445611 0
1731858584783 0.023205317556858063 0
1731858599801 0.022168807685375214 0
1731858614755 0.023702379316091537 0
1731858629771 0.024123510345816612 0
1731858644721 0.02345551922917366 0
1731858660149 0.02274252101778984 0
1731858675093 0.023180365562438965 0
1731858690121 0.0231559369713068 0
1731858705063 0.022539446130394936 0
1731858720073 0.0236563328653574 0
1731858735002 0.022727634757757187 0
1731858750046 0.023386212065815926 0
1731858764984 0.023390769958496094 0
1731858780008 0.02319265902042389 0
1731858794954 0.023257171735167503 0
1731858809955 0.023392532020807266 0
1731858824874 0.022930022329092026 0
1731858839886 0.02296970784664154 0
1731858854803 0.02224225550889969 0
1731858870196 0.022191226482391357 0
1731858885146 0.022927844896912575 0
1731858900168 0.021558113396167755 0
1731858915094 0.02246220037341118 0
1731858930084 0.02319299429655075 0
1731858945021 0.022313963621854782 0
1731858960050 0.022860853001475334 0
1731858974966 0.022846054285764694 0
1731858989949 0.022167138755321503 0
1731859004879 0.02131710760295391 0
1731859019880 0.02302210032939911 0
1731859034800 0.02236871048808098 0
1731859049807 0.021648768335580826 0
1731859064720 0.021773137152194977 0
1731859079726 0.022095603868365288 0
1731859095104 0.02269086241722107 0
1731859110108 0.021255286410450935 0
1731859125060 0.023022297769784927 0
1731859140060 0.02244391292333603 0
1731859154975 0.021019242703914642 0
1731859169973 0.021927036345005035 0
1731859184896 0.02246323972940445 0
1731859199906 0.0219572726637125 0
1731859214825 0.021290842443704605 0
1731859229826 0.021560491994023323 0
1731859244757 0.021711282432079315 0
1731859259740 0.022219784557819366 0
1731859274657 0.02130122482776642 0
1731859289640 0.021595582365989685 0
1731859304542 0.02143413946032524 0
1731859319987 0.021575698629021645 0
1731859334907 0.02037350833415985 0
1731859349908 0.022012945264577866 0
1731859364813 0.02167230099439621 0
1731859379818 0.020152881741523743 0
1731859394756 0.021078554913401604 0
1731859409764 0.02063262090086937 0
1731859424679 0.02025865763425827 0
1731859439682 0.020785167813301086 0
1731859454593 0.02197323366999626 0
1731859469621 0.021477872505784035 0
1731859484549 0.02154441550374031 0
1731859499545 0.021799258887767792 0
1731859514465 0.02072998881340027 0
1731859529472 0.020742733031511307 0
1731859544766 0.02058754302561283 0
1731859559755 0.019452963024377823 0
1731859574659 0.020977992564439774 0
1731859589677 0.020683176815509796 0
1731859604611 0.020275037735700607 0
1731859619635 0.021550752222537994 0
1731859634557 0.02097194269299507 0
1731859649566 0.020630735903978348 0
1731859664495 0.02106757089495659 0
1731859679497 0.020559269934892654 0
1731859694414 0.020282678306102753 0
1731859709443 0.021168915554881096 0
1731859724362 0.02196638286113739 0
1731859739386 0.020606089383363724 0
1731859754326 0.02186673879623413 0
