1731856345856 0.002163739874958992 0
1731856365610 0.000730146886780858 0
1731856385232 0.000674627663102001 0
1731856404848 0.0006350482581183314 0
1731856424294 0.0007222197018563747 0
1731856443759 0.0007133769104257226 0
1731856463099 0.0006961749168112874 0
1731856482532 0.0006863805465400219 0
1731856501831 0.0007501947111450136 0
1731856521120 0.0006807355675846338 0
1731856540383 0.0006880272412672639 0
1731856559634 0.0006871062214486301 0
1731856578858 0.0006890484946779907 0
1731856598145 0.0007334916153922677 0
1731856617369 0.0006937077268958092 0
1731856634566 0.0007652034983038902 0
1731856651760 0.0007663356373086572 0
1731856668930 0.0007964881951920688 0
1731856686115 0.0007156555075198412 0
1731856703252 0.0008117398247122765 0
1731856720397 0.0007505429093725979 0
1731856737555 0.0006712332833558321 0
1731856753971 0.0008530752966180444 0
1731856769997 0.0009295421186834574 0
1731856786095 0.0008039948297664523 0
1731856802238 0.0008163359598256648 0
1731856818405 0.0008194225374609232 0
1731856834455 0.0007719374261796474 0
1731856850600 0.001080042915418744 0
1731856866836 0.000849122938234359 0
1731856882330 0.0008789471467025578 0
1731856897811 0.0008864082046784461 0
1731856913309 0.0009060039883479476 0
1731856928770 0.0009594284929335117 0
1731856944246 0.0008140928694047034 0
1731856959718 0.0009608034742996097 0
1731856975160 0.0008808494312688708 0
1731856990256 0.0009790790500119328 0
1731857005359 0.0008624144829809666 0
1731857020388 0.000825527124106884 0
1731857035501 0.0008881655521690845 0
1731857050517 0.0008767091203480959 0
1731857065658 0.000915472162887454 0
1731857080693 0.000924134801607579 0
1731857096146 0.0008951661293394864 0
1731857111161 0.0009800981497392058 0
1731857126283 0.0010065650567412376 0
1731857141302 0.0009665248217061162 0
1731857156414 0.0008594050304964185 0
1731857171429 0.0010888008400797844 0
1731857186538 0.0009774965001270175 0
1731857201548 0.0009682152303867042 0
1731857216649 0.0009770843898877501 0
1731857231647 0.0009468712960369885 0
1731857246722 0.0009437777334824204 0
1731857261720 0.0010193551424890757 0
1731857276820 0.0009574355790391564 0
1731857291811 0.000995595008134842 0
1731857306908 0.0010143168037757277 0
1731857322270 0.0010683465516194701 0
1731857337366 0.0008652787073515356 0
1731857352371 0.0009427396580576897 0
1731857367434 0.001057702349498868 0
1731857382438 0.000948688539210707 0
1731857397526 0.0008896582294255495 0
1731857412519 0.000933837320189923 0
1731857427615 0.0010015883017331362 0
1731857442584 0.0010768959764391184 0
1731857457657 0.0009682865347713232 0
1731857472654 0.0009237384074367583 0
1731857487772 0.0009786130394786596 0
1731857502769 0.0010172543115913868 0
1731857517877 0.0010693318909034133 0
1731857532878 0.001027810387313366 0
1731857548342 0.0010637755040079355 0
1731857563343 0.0010365033522248268 0
1731857578429 0.0009985475335270166 0
1731857593414 0.0010109944269061089 0
1731857608514 0.0009980450849980116 0
1731857623521 0.0009836460230872035 0
1731857638584 0.001045824377797544 0
1731857653583 0.0011244767811149359 0
1731857668646 0.0009365482837893069 0
1731857683625 0.0010249498300254345 0
1731857698710 0.0010622853878885508 0
1731857713682 0.0010319274151697755 0
1731857728772 0.0010113257449120283 0
1731857743738 0.0009866442997008562 0
1731857759155 0.0010533881140872836 0
1731857774117 0.0009513355325907469 0
1731857789148 0.0010172957554459572 0
1731857804115 0.0010446602245792747 0
1731857819176 0.001039712456986308 0
1731857834160 0.0011991944629698992 0
1731857849201 0.0010046804090961814 0
1731857864154 0.0010897910688072443 0
1731857879201 0.0010347133502364159 0
1731857894177 0.0010112110758200288 0
1731857909208 0.001028754748404026 0
1731857924168 0.0009939748561009765 0
1731857939224 0.0009188423864543438 0
1731857954176 0.0011188226053491235 0
1731857969240 0.0010125782573595643 0
1731857984544 0.0010489621199667454 0
1731857999569 0.0010303176240995526 0
1731858014550 0.0010327281197533011 0
1731858029608 0.0009985406650230289 0
1731858044576 0.0010186424478888512 0
1731858059624 0.0010540314251556993 0
1731858074620 0.0010147690773010254 0
1731858089666 0.0010183018166571856 0
1731858104616 0.0010159672237932682 0
1731858119661 0.0010551027953624725 0
1731858134634 0.0009614438749849796 0
1731858149701 0.0009623829391784966 0
1731858164647 0.0010416798759251833 0
1731858179692 0.0011163082672283053 0
1731858194651 0.001030158018693328 0
1731858210029 0.0010400775354355574 0
1731858224958 0.0010238796239718795 0
1731858239983 0.0011258841259405017 0
1731858254931 0.0010347036877647042 0
1731858269957 0.0011233510449528694 0
1731858284882 0.00098697142675519 0
1731858299906 0.0010263333097100258 0
1731858314843 0.0009539349121041596 0
1731858329851 0.0010014732833951712 0
1731858344765 0.000989234889857471 0
1731858359792 0.0010989492293447256 0
1731858374732 0.0011815896723419428 0
1731858389740 0.0009967805817723274 0
1731858404695 0.0010696296812966466 0
1731858419729 0.0012009033234789968 0
1731858435042 0.0010395164135843515 0
1731858450061 0.001210616435855627 0
1731858464972 0.0011308627435937524 0
1731858479975 0.0011938887182623148 0
1731858494901 0.0011531829368323088 0
1731858509921 0.0010720372665673494 0
1731858524870 0.0010324391769245267 0
1731858539875 0.001155137550085783 0
1731858554840 0.0009976947912946343 0
1731858569851 0.0010977382771670818 0
1731858584786 0.0010936586186289787 0
1731858599804 0.0010928247356787324 0
1731858614758 0.0011015674099326134 0
1731858629774 0.0010494935559108853 0
1731858644723 0.0010773222893476486 0
1731858660151 0.001128860400058329 0
1731858675095 0.0010638907551765442 0
1731858690124 0.0010408625239506364 0
1731858705065 0.0011391558218747377 0
1731858720076 0.0011132067302241921 0
1731858735005 0.0009636522154323757 0
1731858750049 0.0010293918894603848 0
1731858764986 0.0011122795986011624 0
1731858780011 0.001052152132615447 0
1731858794957 0.0010612038895487785 0
1731858809957 0.0010894312290474772 0
1731858824876 0.0010545991826802492 0
1731858839889 0.0010769629152491689 0
1731858854805 0.0010958168422803283 0
1731858870198 0.001122190267778933 0
1731858885148 0.001063323812559247 0
1731858900174 0.0010782456956803799 0
1731858915096 0.001050528953783214 0
1731858930086 0.0010537481866776943 0
1731858945023 0.0011282040504738688 0
1731858960053 0.0010531916050240397 0
1731858974968 0.0010521728545427322 0
1731858989951 0.001122654415667057 0
1731859004882 0.0011982452124357224 0
1731859019883 0.001056182780303061 0
1731859034802 0.0011134374653920531 0
1731859049809 0.0010732648661360145 0
1731859064722 0.0010884660296142101 0
1731859079728 0.001076976303011179 0
1731859095106 0.0010442894417792559 0
1731859110110 0.0010510573629289865 0
1731859125063 0.0011496092192828655 0
1731859140062 0.0011675552232190967 0
1731859154977 0.0011285149957984686 0
1731859169975 0.001122964546084404 0
1731859184898 0.001082793576642871 0
1731859199908 0.0011688903905451298 0
1731859214827 0.0011989688500761986 0
1731859229828 0.00110414600931108 0
1731859244759 0.0011654070112854242 0
1731859259743 0.0010993374744430184 0
1731859274659 0.0010943114757537842 0
1731859289642 0.0010801064781844616 0
1731859304545 0.00106928707100451 0
1731859319990 0.0010965424589812756 0
1731859334909 0.001136294100433588 0
1731859349910 0.0011333632282912731 0
1731859364816 0.0010460501071065664 0
1731859379820 0.0010142652317881584 0
1731859394758 0.001111297053284943 0
1731859409766 0.001069869613274932 0
1731859424682 0.001101536094211042 0
1731859439684 0.0011495393700897694 0
1731859454596 0.001145966351032257 0
1731859469624 0.001138970023021102 0
1731859484551 0.0011779956985265017 0
1731859499547 0.00113144691567868 0
1731859514467 0.0011280413018539548 0
1731859529475 0.00109472731128335 0
1731859544770 0.0010683940490707755 0
1731859559757 0.0011113109067082405 0
1731859574662 0.0011335830204188824 0
1731859589679 0.0010825283825397491 0
1731859604614 0.00116137380246073 0
1731859619637 0.0011034022318199277 0
1731859634560 0.0011138377012684941 0
1731859649569 0.0010293277446180582 0
1731859664497 0.0010922065703198314 0
1731859679499 0.0012152546551078558 0
1731859694416 0.0011636274866759777 0
1731859709445 0.0011596917174756527 0
1731859724365 0.0011044590501114726 0
1731859739388 0.0011137768160551786 0
1731859754329 0.001095679821446538 0
