1731856345853 18.9090576171875 0
1731856365606 21.413589477539062 0
1731856385229 22.414731979370117 0
1731856404846 22.622997283935547 0
1731856424291 23.183101654052734 0
1731856443756 22.881736755371094 0
1731856463097 24.114099502563477 0
1731856482529 23.404539108276367 0
1731856501829 23.722686767578125 0
1731856521118 23.459959030151367 0
1731856540380 24.331972122192383 0
1731856559631 24.226755142211914 0
1731856578856 24.09518814086914 0
1731856598143 24.7552490234375 0
1731856617367 24.340824127197266 0
1731856634564 24.969701766967773 0
1731856651758 24.567350387573242 0
1731856668928 24.58648681640625 0
1731856686113 25.05647850036621 0
1731856703250 24.45684814453125 0
1731856720395 24.7319278717041 0
1731856737552 24.68045997619629 0
1731856753968 24.249738693237305 0
1731856769995 25.36294937133789 0
1731856786093 24.70834732055664 0
1731856802236 25.128673553466797 0
1731856818403 24.918014526367188 0
1731856834453 24.64973258972168 0
1731856850598 25.00091552734375 0
1731856866833 24.83354949951172 0
1731856882328 25.287111282348633 0
1731856897809 25.678466796875 0
1731856913307 24.900390625 0
1731856928768 25.5358829498291 0
1731856944243 25.225605010986328 0
1731856959716 25.77800750732422 0
1731856975158 25.769594192504883 0
1731856990253 25.95989418029785 0
1731857005356 25.374624252319336 0
1731857020386 25.78799819946289 0
1731857035499 25.47801399230957 0
1731857050515 25.652088165283203 0
1731857065656 25.841188430786133 0
1731857080691 25.894685745239258 0
1731857096144 25.61311912536621 0
1731857111159 25.35487174987793 0
1731857126281 26.171974182128906 0
1731857141299 24.86808204650879 0
1731857156412 26.351280212402344 0
1731857171427 25.67522430419922 0
1731857186535 26.027759552001953 0
1731857201545 25.49300765991211 0
1731857216647 26.2894229888916 0
1731857231645 26.047685623168945 0
1731857246720 25.55366325378418 0
1731857261718 25.423629760742188 0
1731857276818 25.456321716308594 0
1731857291809 25.898120880126953 0
1731857306906 26.331113815307617 0
1731857322267 26.233457565307617 0
1731857337363 26.675451278686523 0
1731857352369 26.704029083251953 0
1731857367432 26.123319625854492 0
1731857382435 25.914745330810547 0
1731857397524 25.784229278564453 0
1731857412517 26.16546058654785 0
1731857427613 26.329204559326172 0
1731857442582 26.114215850830078 0
1731857457655 26.280445098876953 0
1731857472651 26.010099411010742 0
1731857487770 26.03098487854004 0
1731857502767 26.249814987182617 0
1731857517875 26.770692825317383 0
1731857532876 26.63180160522461 0
1731857548340 26.574522018432617 0
1731857563340 25.85295295715332 0
1731857578427 26.863510131835938 0
1731857593411 26.734983444213867 0
1731857608512 27.296873092651367 0
1731857623519 25.992435455322266 0
1731857638581 26.975143432617188 0
1731857653580 26.698068618774414 0
1731857668643 26.7159366607666 0
1731857683622 26.441390991210938 0
1731857698706 27.857807159423828 0
1731857713679 26.161115646362305 0
1731857728768 26.653278350830078 0
1731857743735 27.274921417236328 0
1731857759152 27.28627586364746 0
1731857774114 27.08066749572754 0
1731857789146 27.05381202697754 0
1731857804112 27.525009155273438 0
1731857819174 26.959884643554688 0
1731857834158 26.96562385559082 0
1731857849199 26.765100479125977 0
1731857864152 27.192567825317383 0
1731857879199 27.445018768310547 0
1731857894175 27.433032989501953 0
1731857909206 26.99017906188965 0
1731857924165 26.499534606933594 0
1731857939221 26.788419723510742 0
1731857954174 26.726430892944336 0
1731857969237 27.26837921142578 0
1731857984542 27.838640213012695 0
1731857999566 27.6262264251709 0
1731858014548 26.797046661376953 0
1731858029605 27.491392135620117 0
1731858044574 27.777446746826172 0
1731858059621 27.4798583984375 0
1731858074616 27.753854751586914 0
1731858089663 27.360923767089844 0
1731858104613 27.9288330078125 0
1731858119659 27.190067291259766 0
1731858134632 27.456523895263672 0
1731858149698 27.828584671020508 0
1731858164644 27.377243041992188 0
1731858179689 27.56974220275879 0
1731858194649 27.828351974487305 0
1731858210026 28.102996826171875 0
1731858224955 27.518924713134766 0
1731858239981 27.789745330810547 0
1731858254928 26.506467819213867 0
1731858269954 27.92989158630371 0
1731858284879 27.42595863342285 0
1731858299903 28.164752960205078 0
1731858314841 27.507980346679688 0
1731858329848 27.863361358642578 0
1731858344763 28.54931640625 0
1731858359790 28.29438591003418 0
1731858374729 27.032102584838867 0
1731858389737 27.45757484436035 0
1731858404693 27.831443786621094 0
1731858419726 27.383764266967773 0
1731858435039 28.533884048461914 0
1731858450058 27.900346755981445 0
1731858464969 27.88822364807129 0
1731858479973 28.163496017456055 0
1731858494898 28.120468139648438 0
1731858509919 27.89959716796875 0
1731858524868 28.15934181213379 0
1731858539873 28.299869537353516 0
1731858554837 27.819459915161133 0
1731858569849 28.002376556396484 0
1731858584783 28.553890228271484 0
1731858599801 28.30603790283203 0
1731858614755 28.331974029541016 0
1731858629771 28.402095794677734 0
1731858644721 28.507707595825195 0
1731858660149 28.87455940246582 0
1731858675093 27.923479080200195 0
1731858690121 28.021284103393555 0
1731858705063 27.890613555908203 0
1731858720073 27.888059616088867 0
1731858735002 28.82030487060547 0
1731858750046 28.479154586791992 0
1731858764984 28.54973793029785 0
1731858780008 28.35548973083496 0
1731858794954 28.28522491455078 0
1731858809955 27.99609375 0
1731858824874 28.593442916870117 0
1731858839886 27.95138168334961 0
1731858854803 28.282407760620117 0
1731858870196 27.935653686523438 0
1731858885146 28.30854606628418 0
1731858900168 29.10107421875 0
1731858915094 28.651933670043945 0
1731858930084 28.737491607666016 0
1731858945021 28.729900360107422 0
1731858960050 28.246835708618164 0
1731858974966 28.624935150146484 0
1731858989949 28.821144104003906 0
1731859004879 28.713685989379883 0
1731859019880 28.410167694091797 0
1731859034800 28.803544998168945 0
1731859049807 29.115434646606445 0
1731859064720 28.610931396484375 0
1731859079726 28.76589012145996 0
1731859095104 29.086509704589844 0
1731859110108 28.684463500976562 0
1731859125060 28.786685943603516 0
1731859140060 28.72124481201172 0
1731859154975 28.326711654663086 0
1731859169973 28.918603897094727 0
1731859184896 28.683032989501953 0
1731859199906 28.613418579101562 0
1731859214825 28.62166976928711 0
1731859229826 29.252105712890625 0
1731859244757 29.370145797729492 0
1731859259740 28.601980209350586 0
1731859274657 29.313962936401367 0
1731859289640 29.291650772094727 0
1731859304542 28.91273307800293 0
1731859319987 28.35983657836914 0
1731859334907 29.71824836730957 0
1731859349908 29.150474548339844 0
1731859364813 29.10963249206543 0
1731859379818 29.423017501831055 0
1731859394756 29.3607177734375 0
1731859409764 29.111268997192383 0
1731859424679 28.977985382080078 0
1731859439682 29.289363861083984 0
1731859454593 29.272802352905273 0
1731859469621 29.049779891967773 0
1731859484549 28.6958065032959 0
1731859499545 28.869945526123047 0
1731859514465 29.501392364501953 0
1731859529472 28.97203254699707 0
1731859544766 29.63941764831543 0
1731859559755 29.533306121826172 0
1731859574659 28.50165557861328 0
1731859589677 29.62343978881836 0
1731859604611 29.456361770629883 0
1731859619635 29.815767288208008 0
1731859634557 29.47908592224121 0
1731859649566 29.793498992919922 0
1731859664495 29.0327091217041 0
1731859679497 29.781944274902344 0
1731859694414 29.441408157348633 0
1731859709443 29.067106246948242 0
1731859724362 28.93787956237793 0
1731859739386 29.104185104370117 0
1731859754326 29.378267288208008 0
