1731856345856 0.012855658307671547 0
1731856365610 0.007221726235002279 0
1731856385232 0.005734912119805813 0
1731856404848 0.005466382950544357 0
1731856424294 0.004804959520697594 0
1731856443759 0.005150225944817066 0
1731856463099 0.003877840004861355 0
1731856482532 0.004566106479614973 0
1731856501831 0.004243568051606417 0
1731856521120 0.004508208017796278 0
1731856540383 0.0036880995612591505 0
1731856559634 0.003778542159125209 0
1731856578858 0.0038947626017034054 0
1731856598145 0.0033456075470894575 0
1731856617369 0.0036805919371545315 0
1731856634566 0.0031844160985201597 0
1731856651760 0.0034935332369059324 0
1731856668930 0.003478173166513443 0
1731856686115 0.0031214188784360886 0
1731856703252 0.0035835630260407925 0
1731856720397 0.0033636223524808884 0
1731856737555 0.0034037211444228888 0
1731856753971 0.0037585999816656113 0
1731856769997 0.0029087415896356106 0
1731856786095 0.0033819328527897596 0
1731856802238 0.0030699584167450666 0
1731856818405 0.0032225416507571936 0
1731856834455 0.003427889198064804 0
1731856850600 0.003161611035466194 0
1731856866836 0.003285828744992614 0
1731856882330 0.002959980396553874 0
1731856897811 0.0027049125637859106 0
1731856913309 0.0032356437295675278 0
1731856928770 0.0027951912488788366 0
1731856944246 0.0030021972488611937 0
1731856959718 0.0026436196640133858 0
1731856975160 0.002648746594786644 0
1731856990256 0.0025351899676024914 0
1731857005359 0.00290093244984746 0
1731857020388 0.0026375469751656055 0
1731857035501 0.002832686295732856 0
1731857050517 0.0027213916182518005 0
1731857065658 0.0026054398622363806 0
1731857080693 0.0025735427625477314 0
1731857096146 0.002745920792222023 0
1731857111161 0.002914154902100563 0
1731857126283 0.0024143625050783157 0
1731857141302 0.003259805729612708 0
1731857156414 0.002316710539162159 0
1731857171429 0.0027069326024502516 0
1731857186538 0.0024958811700344086 0
1731857201548 0.0028229239396750927 0
1731857216649 0.002349943621084094 0
1731857231647 0.002484456170350313 0
1731857246722 0.002783770440146327 0
1731857261720 0.002868382027372718 0
1731857276820 0.002846870105713606 0
1731857291811 0.0025715073570609093 0
1731857306908 0.0023274929262697697 0
1731857322270 0.0023804225493222475 0
1731857337366 0.002150080632418394 0
1731857352371 0.00213597877882421 0
1731857367434 0.002441562945023179 0
1731857382438 0.0025616823695600033 0
1731857397526 0.0026398366317152977 0
1731857412519 0.002417986514046788 0
1731857427615 0.002328516449779272 0
1731857442584 0.002446687314659357 0
1731857457657 0.0023548081517219543 0
1731857472654 0.002506051678210497 0
1731857487772 0.002494029002264142 0
1731857502769 0.0023714746348559856 0
1731857517877 0.0021034418605268 0
1731857532878 0.002171799773350358 0
1731857548342 0.002200633753091097 0
1731857563343 0.0025983918458223343 0
1731857578429 0.002058965153992176 0
1731857593414 0.0021208093967288733 0
1731857608514 0.001863428158685565 0
1731857623521 0.002516265260055661 0
1731857638584 0.0020067139994353056 0
1731857653583 0.002138912444934249 0
1731857668646 0.0021301298402249813 0
1731857683625 0.002269138116389513 0
1731857698710 0.001637642621062696 0
1731857713682 0.002420405624434352 0
1731857728772 0.002161085605621338 0
1731857743738 0.0018728709546849132 0
1731857759155 0.0018679804634302855 0
1731857774117 0.001958543201908469 0
1731857789148 0.001970691839233041 0
1731857804115 0.0017680686432868242 0
1731857819176 0.0020137769170105457 0
1731857834160 0.0020111179910600185 0
1731857849201 0.0021061524748802185 0
1731857864154 0.001908723497763276 0
1731857879201 0.0018009351333603263 0
1731857894177 0.0018059124704450369 0
1731857909208 0.0019997786730527878 0
1731857924168 0.0022389604710042477 0
1731857939224 0.002094874158501625 0
1731857954176 0.002124989405274391 0
1731857969240 0.0018756936769932508 0
1731857984544 0.001644885865971446 0
1731857999569 0.0017273377161473036 0
1731858014550 0.002090716501697898 0
1731858029608 0.0017818072810769081 0
1731858044576 0.0016682273708283901 0
1731858059624 0.0017865448025986552 0
1731858074620 0.001677314518019557 0
1731858089666 0.0018361471593379974 0
1731858104616 0.0016110779251903296 0
1731858119661 0.0019098231568932533 0
1731858134634 0.001796170137822628 0
1731858149701 0.0016486989334225655 0
1731858164647 0.0018292608438059688 0
1731858179692 0.0017499502282589674 0
1731858194651 0.0016487868269905448 0
1731858210029 0.0015477476408705115 0
1731858224958 0.0017705473583191633 0
1731858239983 0.0016635097563266754 0
1731858254931 0.0022353888489305973 0
1731858269957 0.0016106850234791636 0
1731858284882 0.0018088563811033964 0
1731858299906 0.0015258947387337685 0
1731858314843 0.0017750145634636283 0
1731858329851 0.001635549939237535 0
1731858344765 0.0013965878169983625 0
1731858359792 0.0014810211723670363 0
1731858374732 0.001980567118152976 0
1731858389740 0.0017957354430109262 0
1731858404695 0.0016476138262078166 0
1731858419729 0.0018265157705172896 0
1731858435042 0.0014015594497323036 0
1731858450061 0.0016216801013797522 0
1731858464972 0.001626213314011693 0
1731858479975 0.001526337000541389 0
1731858494901 0.0015415337402373552 0
1731858509921 0.001621960080228746 0
1731858524870 0.001527797314338386 0
1731858539875 0.0014791524736210704 0
1731858554840 0.0016521662473678589 0
1731858569851 0.0015840257983654737 0
1731858584786 0.0013951173750683665 0
1731858599804 0.0014770531561225653 0
1731858614758 0.0014682583278045058 0
1731858629774 0.0014447419671341777 0
1731858644723 0.0014100325061008334 0
1731858660151 0.0012958175502717495 0
1731858675095 0.0016130656003952026 0
1731858690124 0.0015771443722769618 0
1731858705065 0.0016253185458481312 0
1731858720076 0.0016262743156403303 0
1731858735005 0.0013121076626703143 0
1731858750049 0.001419333158992231 0
1731858764986 0.0013964520767331123 0
1731858780011 0.0014603291638195515 0
1731858794957 0.001484148669987917 0
1731858809957 0.0015863191802054644 0
1731858824876 0.0013824698980897665 0
1731858839889 0.0016027353703975677 0
1731858854805 0.0014851115411147475 0
1731858870198 0.0016085498500615358 0
1731858885148 0.0014762001810595393 0
1731858900174 0.0012299640802666545 0
1731858915096 0.0013639749959111214 0
1731858930086 0.0013373678084462881 0
1731858945023 0.0013397065922617912 0
1731858960053 0.001497326185926795 0
1731858974968 0.0013724814634770155 0
1731858989951 0.0013118538772687316 0
1731859004882 0.0013447183882817626 0
1731859019883 0.0014420592924579978 0
1731859034802 0.001317180460318923 0
1731859049809 0.0012259037466719747 0
1731859064722 0.0013769137440249324 0
1731859079728 0.0013286503963172436 0
1731859095106 0.0012340955436229706 0
1731859110110 0.0013537972699850798 0
1731859125063 0.0013223038986325264 0
1731859140062 0.0013423801865428686 0
1731859154977 0.0014700389001518488 0
1731859169975 0.001282742596231401 0
1731859184898 0.001354243024252355 0
1731859199908 0.0013761253794655204 0
1731859214827 0.001373513019643724 0
1731859229828 0.0011879259254783392 0
1731859244759 0.001156073296442628 0
1731859259743 0.001379754743538797 0
1731859274659 0.0011711260303854942 0
1731859289642 0.001177157973870635 0
1731859304545 0.0012844776501879096 0
1731859319990 0.0014588687336072326 0
1731859334909 0.0010670265182852745 0
1731859349910 0.001216052332893014 0
1731859364816 0.0012275429908186197 0
1731859379820 0.0011420843657106161 0
1731859394758 0.0011585857719182968 0
1731859409766 0.001227080007083714 0
1731859424682 0.0012653230223804712 0
1731859439684 0.001177778234705329 0
1731859454596 0.001182278385385871 0
1731859469624 0.0012445775792002678 0
1731859484551 0.0013502656947821379 0
1731859499547 0.0012971947435289621 0
1731859514467 0.0011216587154194713 0
1731859529475 0.0012670585419982672 0
1731859544770 0.0010865711374208331 0
1731859559757 0.0011134461965411901 0
1731859574662 0.0014119986444711685 0
1731859589679 0.0010905759409070015 0
1731859604614 0.0011333490256220102 0
1731859619637 0.0010433333227410913 0
1731859634560 0.0011274340795353055 0
1731859649569 0.0010486965766176581 0
1731859664497 0.0012494793627411127 0
1731859679499 0.0010514911264181137 0
1731859694416 0.0011372582521289587 0
1731859709445 0.0012396220117807388 0
1731859724365 0.0012770621106028557 0
1731859739388 0.0012290836311876774 0
1731859754329 0.0011539130937308073 0
