1731856345856 0.0013052427675575018 0
1731856365610 0.0006432343507185578 0
1731856385232 0.0004192972555756569 0
1731856404848 0.00039200164610520005 0
1731856424294 0.00035250181099399924 0
1731856443759 0.0003415032406337559 0
1731856463099 0.00025590008590370417 0
1731856482532 0.00028916215524077415 0
1731856501831 0.00024198542814701796 0
1731856521120 0.0002502271963749081 0
1731856540383 0.0002421761746518314 0
1731856559634 0.00029601535061374307 0
1731856578858 0.00023863327805884182 0
1731856598145 0.00021864252630621195 0
1731856617369 0.000206747034098953 0
1731856634566 0.0002013644843827933 0
1731856651760 0.00019413992413319647 0
1731856668930 0.00019127465202473104 0
1731856686115 0.00019977014744654298 0
1731856703252 0.00019302888540551066 0
1731856720397 0.00030388112645596266 0
1731856737555 0.00022360243019647896 0
1731856753971 0.0001746954076224938 0
1731856769997 0.00014805508544668555 0
1731856786095 0.00018512888345867395 0
1731856802238 0.0001425255904905498 0
1731856818405 0.00024762697285041213 0
1731856834455 0.00012406072346493602 0
1731856850600 0.00018289285071659833 0
1731856866836 0.00016455442528240383 0
1731856882330 0.00017488304001744837 0
1731856897811 0.00014408768038265407 0
1731856913309 0.00021911750081926584 0
1731856928770 0.00014452134200837463 0
1731856944246 0.00018143997294828296 0
1731856959718 0.00013727157784160227 0
1731856975160 0.00015614100266247988 0
1731856990256 0.00014314637519419193 0
1731857005359 0.00014316693705040962 0
1731857020388 0.0001462804211769253 0
1731857035501 0.00012327838339842856 0
1731857050517 0.00011481872934382409 0
1731857065658 0.00015866506146267056 0
1731857080693 0.00011163359158672392 0
1731857096146 0.00013721703726332635 0
1731857111161 0.00016256264643743634 0
1731857126283 0.00015365725266747177 0
1731857141302 0.00016170486924238503 0
1731857156414 0.0001222544815391302 0
1731857171429 0.00014944489521440119 0
1731857186538 0.00013564311666414142 0
1731857201548 0.0001723436580505222 0
1731857216649 0.0001391925325151533 0
1731857231647 0.00010938553896266967 0
1731857246722 0.00011608943168539554 0
1731857261720 0.00012796069495379925 0
1731857276820 0.0001103142203646712 0
1731857291811 0.00013847782975062728 0
1731857306908 0.00013317749835550785 0
1731857322270 0.00013797686551697552 0
1731857337366 0.00011404276301618665 0
1731857352371 0.00011353338049957529 0
1731857367434 0.0001260958524653688 0
1731857382438 9.285097621614113e-05 0
1731857397526 0.00011032811744371429 0
1731857412519 0.00014108041068539023 0
1731857427615 0.00014540163101628423 0
1731857442584 0.00013689103070646524 0
1731857457657 0.00010753900278359652 0
1731857472654 9.449014032725245e-05 0
1731857487772 0.00012464936298783869 0
1731857502769 0.00013205462892074138 0
1731857517877 0.00010056295286631212 0
1731857532878 0.00012734181655105203 0
1731857548342 0.00011321305646561086 0
1731857563343 0.0001179870159830898 0
1731857578429 0.00010695692617446184 0
1731857593414 0.00011491691111586988 0
1731857608514 0.0001204042200697586 0
1731857623521 9.157267049886286e-05 0
1731857638584 9.641812357585877e-05 0
1731857653583 0.0001251513895113021 0
1731857668646 0.0001240641577169299 0
1731857683625 8.707768574822694e-05 0
1731857698710 9.213527664542198e-05 0
1731857713682 0.00010391337855253369 0
1731857728772 8.914815407479182e-05 0
1731857743738 7.986761193023995e-05 0
1731857759155 0.00012141684419475496 0
1731857774117 8.829878061078489e-05 0
1731857789148 9.25544009078294e-05 0
1731857804115 9.544369822833687e-05 0
1731857819176 0.00010940196079900488 0
1731857834160 9.500951273366809e-05 0
1731857849201 0.00010351396485930309 0
1731857864154 0.0001147175207734108 0
1731857879201 0.00010001391638070345 0
1731857894177 9.548934758640826e-05 0
1731857909208 0.0001258552074432373 0
1731857924168 0.00010342847235733643 0
1731857939224 8.849610458128154e-05 0
1731857954176 9.797124221222475e-05 0
1731857969240 8.874251216184348e-05 0
1731857984544 9.807446622289717e-05 0
1731857999569 0.00012702294043265283 0
1731858014550 9.650085121393204e-05 0
1731858029608 9.140346082858741e-05 0
1731858044576 9.848667832557112e-05 0
1731858059624 9.371380292577669e-05 0
1731858074620 0.00010767711501102895 0
1731858089666 8.811384032014757e-05 0
1731858104616 0.00011153674859087914 0
1731858119661 9.918461728375405e-05 0
1731858134634 7.596520299557596e-05 0
1731858149701 8.098180842353031e-05 0
1731858164647 0.00010444471263326705 0
1731858179692 8.32154109957628e-05 0
1731858194651 7.707700569881126e-05 0
1731858210029 7.945987454149872e-05 0
1731858224958 7.995943451533094e-05 0
1731858239983 9.689661965239793e-05 0
1731858254931 0.00010058673069579527 0
1731858269957 9.879862773232162e-05 0
1731858284882 9.103398770093918e-05 0
1731858299906 6.955656135687605e-05 0
1731858314843 9.092764958040789e-05 0
1731858329851 9.132198465522379e-05 0
1731858344765 0.00011059571261284873 0
1731858359792 8.615195110905915e-05 0
1731858374732 8.343852096004412e-05 0
1731858389740 9.083071927307174e-05 0
1731858404695 9.057036368176341e-05 0
1731858419729 9.608016262063757e-05 0
1731858435042 7.769141666358337e-05 0
1731858450061 0.00010044881491921842 0
1731858464972 8.672849799040705e-05 0
1731858479975 8.136728138197213e-05 0
1731858494901 8.403092215303332e-05 0
1731858509921 7.893405563663691e-05 0
1731858524870 8.391756273340434e-05 0
1731858539875 8.945155423134565e-05 0
1731858554840 8.84363689692691e-05 0
1731858569851 8.798876660875976e-05 0
1731858584786 6.699270306853577e-05 0
1731858599804 6.6489476012066e-05 0
1731858614758 8.802390220807865e-05 0
1731858629774 9.448284254176542e-05 0
1731858644723 8.989674097392708e-05 0
1731858660151 7.682235445827246e-05 0
1731858675095 9.807883179746568e-05 0
1731858690124 8.241733303293586e-05 0
1731858705065 9.625436359783635e-05 0
1731858720076 8.453186455881223e-05 0
1731858735005 7.078581256791949e-05 0
1731858750049 8.54124955367297e-05 0
1731858764986 8.973821240942925e-05 0
1731858780011 8.078741666395217e-05 0
1731858794957 7.810215174686164e-05 0
1731858809957 7.67587116570212e-05 0
1731858824876 5.986108953948133e-05 0
1731858839889 7.062661461532116e-05 0
1731858854805 6.811843195464462e-05 0
1731858870198 8.844137482810766e-05 0
1731858885148 9.710292215459049e-05 0
1731858900174 6.370684423018247e-05 0
1731858915096 9.394766675541177e-05 0
1731858930086 8.120842539938167e-05 0
1731858945023 7.338475552387536e-05 0
1731858960053 7.922732038423419e-05 0
1731858974968 8.023823465919122e-05 0
1731858989951 7.601745892316103e-05 0
1731859004882 7.860126788727939e-05 0
1731859019883 0.00010866160300793126 0
1731859034802 7.570532034151256e-05 0
1731859049809 7.16875510988757e-05 0
1731859064722 6.77240313962102e-05 0
1731859079728 7.346784695982933e-05 0
1731859095106 5.581605000770651e-05 0
1731859110110 7.711689977440983e-05 0
1731859125063 6.76547278999351e-05 0
1731859140062 7.491129508707672e-05 0
1731859154977 5.948357284069061e-05 0
1731859169975 8.573350351070985e-05 0
1731859184898 7.074974564602599e-05 0
1731859199908 8.429614535998553e-05 0
1731859214827 6.366953311953694e-05 0
1731859229828 6.549867975991219e-05 0
1731859244759 6.190732528921217e-05 0
1731859259743 6.744473648723215e-05 0
1731859274659 6.5506377723068e-05 0
1731859289642 6.999923061812297e-05 0
1731859304545 6.258137727854773e-05 0
1731859319990 6.685298285447061e-05 0
1731859334909 7.588103471789509e-05 0
1731859349910 6.098131416365504e-05 0
1731859364816 7.170275057433173e-05 0
1731859379820 6.968589150346816e-05 0
1731859394758 6.713352195220068e-05 0
1731859409766 8.798067574389279e-05 0
1731859424682 8.092832285910845e-05 0
1731859439684 8.329065167345107e-05 0
1731859454596 7.770240335958079e-05 0
1731859469624 7.357845606748015e-05 0
1731859484551 7.443429058184847e-05 0
1731859499547 8.700069884071127e-05 0
1731859514467 6.398765253834426e-05 0
1731859529475 7.548692519776523e-05 0
1731859544770 4.298212661524303e-05 0
1731859559757 7.1669441240374e-05 0
1731859574662 6.294038757914677e-05 0
1731859589679 8.828314457787201e-05 0
1731859604614 6.240555376280099e-05 0
1731859619637 6.767961895093322e-05 0
1731859634560 6.937218131497502e-05 0
1731859649569 7.040974742267281e-05 0
1731859664497 7.043726509436965e-05 0
1731859679499 5.915585643379018e-05 0
1731859694416 7.009521505096927e-05 0
1731859709445 6.81299643474631e-05 0
1731859724365 6.779296381864697e-05 0
1731859739388 6.55760450172238e-05 0
1731859754329 7.936792826512828e-05 0
