1732098609780 0.0005069329054094851 0
1732098629450 0.00042340668733231723 0
1732098649036 0.0003650123253464699 0
1732098668827 0.0003084770869463682 0
1732098688562 0.0002616597630549222 0
1732098708423 0.00021799148817081004 0
1732098728294 0.00018613261636346579 0
1732098748259 0.00016602543473709375 0
1732098768164 0.00014901001122780144 0
1732098788213 0.00013000553008168936 0
1732098808200 0.00011979693954344839 0
1732098828281 0.00011496350634843111 0
1732098848299 0.00010489510168554261 0
1732098868440 9.731708996696398e-05 0
1732098889859 9.351567132398486e-05 0
1732098907700 8.78227801877074e-05 0
1732098925529 8.717340824659914e-05 0
1732098943403 8.057415107032284e-05 0
1732098961287 8.121355494949967e-05 0
1732098979168 7.694873056607321e-05 0
1732098997049 7.7538970799651e-05 0
1732099014953 7.371451647486538e-05 0
1732099032024 7.455587910953909e-05 0
1732099048648 7.331948290811852e-05 0
1732099065479 7.303104939637706e-05 0
1732099082275 7.196434307843447e-05 0
1732099099065 7.236427336465567e-05 0
1732099115754 7.215872028609738e-05 0
1732099132555 6.803771248087287e-05 0
1732099149390 6.6975480876863e-05 0
1732099165471 6.63928731228225e-05 0
1732099181581 6.561596819665283e-05 0
1732099197678 6.714482879033312e-05 0
1732099213778 6.656641198787838e-05 0
1732099229923 6.418241537176073e-05 0
1732099246005 6.333659985102713e-05 0
1732099262358 6.35135656921193e-05 0
1732099278045 6.273377948673442e-05 0
1732099293720 5.973218867438845e-05 0
1732099309317 5.850196976098232e-05 0
1732099325001 6.056092752260156e-05 0
1732099340601 5.696871448890306e-05 0
1732099356290 5.782644802820869e-05 0
1732099371904 5.7572895457269624e-05 0
1732099387887 5.7591605582274497e-05 0
1732099403482 5.780286664958112e-05 0
1732099419173 5.685888390871696e-05 0
1732099434747 5.2071794925723225e-05 0
1732099450420 5.429520024335943e-05 0
1732099466007 5.4512063798028976e-05 0
1732099481720 5.2019844588357955e-05 0
1732099497306 5.217393481871113e-05 0
1732099513002 5.283866994432174e-05 0
1732099528614 4.781360985361971e-05 0
1732099544323 5.0449463742552325e-05 0
1732099559917 5.226179928286001e-05 0
1732099575649 4.938600613968447e-05 0
1732099591219 4.762329990626313e-05 0
1732099606926 5.357752161216922e-05 0
1732099622837 4.575079947244376e-05 0
1732099638562 4.897320468444377e-05 0
1732099654172 4.8749127017799765e-05 0
1732099669900 4.827240627491847e-05 0
1732099685483 4.8001664254115894e-05 0
1732099701193 4.76327768410556e-05 0
1732099716780 4.5500524720409885e-05 0
1732099732486 4.4535856432048604e-05 0
1732099748071 4.5042968849884346e-05 0
1732099763796 4.401644036988728e-05 0
1732099779388 4.501435250858776e-05 0
1732099795104 4.3632066081045195e-05 0
1732099810694 4.299214560887776e-05 0
1732099826400 4.212056956021115e-05 0
1732099842016 4.3238796934019774e-05 0
1732099858011 4.25591497332789e-05 0
1732099873621 4.309044379624538e-05 0
1732099889314 4.167965380474925e-05 0
1732099904933 4.090058428118937e-05 0
1732099920640 3.9266185922315344e-05 0
1732099936226 4.030259879073128e-05 0
1732099951936 3.907513746526092e-05 0
1732099967510 4.025544330943376e-05 0
1732099983236 4.017862738692202e-05 0
1732099998833 3.932991239707917e-05 0
1732100014566 3.888450737576932e-05 0
1732100030158 3.7784644518978894e-05 0
1732100045874 3.8031732401577756e-05 0
1732100061487 3.741577529581264e-05 0
1732100077525 3.747106165974401e-05 0
1732100093116 3.614332672441378e-05 0
1732100108846 3.6217377783032134e-05 0
1732100124486 3.480185114312917e-05 0
1732100140175 3.6446668673306704e-05 0
1732100155807 3.6776054912479594e-05 0
1732100171537 3.572598870960064e-05 0
1732100187181 3.5403707443038e-05 0
1732100202912 3.584262594813481e-05 0
1732100218525 3.5060231311945245e-05 0
1732100234263 3.4577908081701025e-05 0
1732100249863 3.557308446033858e-05 0
1732100265604 3.425813702051528e-05 0
1732100281256 3.508731970214285e-05 0
1732100296975 3.2243566238321364e-05 0
1732100312917 3.5613466025097296e-05 0
1732100328645 3.326606747577898e-05 0
1732100344265 3.507994915707968e-05 0
1732100359987 3.441474837018177e-05 0
1732100375625 3.220333383069374e-05 0
1732100391342 3.445533729973249e-05 0
1732100406993 3.1848030630499125e-05 0
1732100422731 3.2554500648984686e-05 0
1732100438367 3.2514759368496016e-05 0
1732100454101 3.291530447313562e-05 0
1732100469732 3.3332722523482516e-05 0
1732100485470 3.0647315725218505e-05 0
1732100501082 3.299177478766069e-05 0
1732100516814 3.165572343277745e-05 0
1732100532430 3.382936120033264e-05 0
1732100548485 3.2022417144617066e-05 0
1732100564103 3.092054248554632e-05 0
1732100579812 3.0021379643585533e-05 0
1732100595418 3.0490997232845984e-05 0
1732100611168 3.164695226587355e-05 0
1732100626777 3.0180488465703093e-05 0
1732100642496 3.096358341281302e-05 0
1732100658146 3.1563125958200544e-05 0
1732100673858 3.191033101757057e-05 0
1732100689485 3.062989344471134e-05 0
1732100705217 2.943539402622264e-05 0
1732100720841 2.9855731554562226e-05 0
1732100736557 3.092093174927868e-05 0
1732100752197 2.9805914891767316e-05 0
1732100767938 3.156869934173301e-05 0
1732100784008 2.9060451197437942e-05 0
1732100799744 3.047878090001177e-05 0
1732100815367 2.97445531032281e-05 0
1732100831081 2.9103814085829072e-05 0
1732100846685 2.964367922686506e-05 0
1732100862435 2.8347452825983055e-05 0
1732100878051 2.872812547138892e-05 0
1732100893803 2.856637365766801e-05 0
1732100909430 2.7530495572136715e-05 0
1732100925152 3.09879396809265e-05 0
1732100940760 3.0667317332699895e-05 0
1732100956482 3.1018254958326e-05 0
1732100972095 3.0161832910380326e-05 0
1732100987789 3.0043895094422624e-05 0
1732101003442 2.943838080682326e-05 0
1732101019540 2.872551340260543e-05 0
1732101035175 2.7557689463719726e-05 0
1732101050916 2.8106403988203965e-05 0
1732101066536 2.819474320858717e-05 0
1732101082291 2.921361920016352e-05 0
1732101097912 2.7968289941782132e-05 0
1732101113646 2.878039776987862e-05 0
1732101129285 2.8272814233787358e-05 0
1732101145031 2.7292324375594035e-05 0
1732101160657 2.5862524125841446e-05 0
1732101176397 2.711451998038683e-05 0
1732101192024 2.7991509341518395e-05 0
1732101207755 2.720198972383514e-05 0
1732101223394 2.6774410798680037e-05 0
1732101239485 2.671593574632425e-05 0
1732101255113 2.755523382802494e-05 0
1732101270857 2.6768873794935644e-05 0
1732101286493 2.678710370673798e-05 0
1732101302225 2.623994805617258e-05 0
1732101317871 2.6363786673755385e-05 0
1732101333632 2.6389257982373238e-05 0
1732101349271 2.6358466129750013e-05 0
1732101365013 2.757683068921324e-05 0
1732101380639 2.5494115106994286e-05 0
1732101396358 2.560506072768476e-05 0
1732101411977 2.679633143998217e-05 0
1732101427725 2.5789220671867952e-05 0
1732101444135 2.5570376237737946e-05 0
1732101459893 2.5595980332582258e-05 0
1732101475859 2.6023642931249924e-05 0
1732101491633 2.527961987652816e-05 0
1732101507294 2.5386925699422136e-05 0
1732101523052 2.5839788577286527e-05 0
1732101538700 2.4708162527531385e-05 0
1732101554466 2.4402666895184666e-05 0
1732101570112 2.4900009520933963e-05 0
1732101585859 2.549408054619562e-05 0
1732101601483 2.475924884492997e-05 0
1732101617218 2.470696381351445e-05 0
1732101632898 2.4712970116524957e-05 0
1732101648679 2.5521683710394427e-05 0
1732101664299 2.4321911041624844e-05 0
1732101680035 2.515884807507973e-05 0
1732101695699 2.396348281763494e-05 0
1732101711745 2.3437876734533347e-05 0
1732101727396 2.5600264052627608e-05 0
1732101743141 2.486712583049666e-05 0
1732101758775 2.494377076800447e-05 0
1732101774529 2.398984543106053e-05 0
1732101790199 2.4657421818119474e-05 0
1732101805941 2.5234156055375934e-05 0
1732101821599 2.4882254365365952e-05 0
1732101837324 2.3717908334219828e-05 0
1732101852974 2.5945344532374293e-05 0
1732101868710 2.363985186093487e-05 0
1732101884339 2.356552613491658e-05 0
1732101900080 2.283670073666144e-05 0
1732101915727 2.4261213184217922e-05 0
1732101931477 2.406065323157236e-05 0
1732101947439 2.459132701915223e-05 0
1732101963209 2.3421114747179672e-05 0
1732101978838 2.3103893909137696e-05 0
1732101994583 2.309852425241843e-05 0
1732102010200 2.3711663743597455e-05 0
1732102025927 2.3556374799227342e-05 0
1732102041563 2.2774116587243043e-05 0
1732102057293 2.3233635147335008e-05 0
1732102072943 2.3385033273370937e-05 0
1732102088704 2.360976577620022e-05 0
1732102104329 2.2134352548164316e-05 0
1732102120070 2.1584164642263204e-05 0
1732102135713 2.174655492126476e-05 0
1732102151450 2.3066353605827317e-05 0
1732102167098 2.3316379156312905e-05 0
