1732098609780 0.0006542938644997776 0
1732098629450 0.00013969821156933904 0
1732098649036 0.0001173667551483959 0
1732098668827 9.391780622536317e-05 0
1732098688562 8.538753900211304e-05 0
1732098708423 7.408849342027679e-05 0
1732098728294 7.900696073193103e-05 0
1732098748259 8.078329847194254e-05 0
1732098768164 7.864260987844318e-05 0
1732098788213 6.951928662601858e-05 0
1732098808200 7.96079111751169e-05 0
1732098828281 9.370863699587062e-05 0
1732098848299 7.732394442427903e-05 0
1732098868440 9.56859439611435e-05 0
1732098889859 0.00010631583427311853 0
1732098907700 0.0001136255232268013 0
1732098925529 9.690083970781416e-05 0
1732098943403 0.00010038242908194661 0
1732098961287 0.00011161810834892094 0
1732098979168 0.00011038202501367778 0
1732098997049 0.00011539544357219711 0
1732099014953 0.00010455593292135745 0
1732099032024 0.000111703498987481 0
1732099048648 0.00010951675358228385 0
1732099065479 0.00014556405949406326 0
1732099082275 0.0001614196371519938 0
1732099099065 0.00015293393516913056 0
1732099115754 0.00014624813047703356 0
1732099132555 0.00015034954412840307 0
1732099149390 0.00014835124602541327 0
1732099165471 0.00017200966249220073 0
1732099181581 0.00014180266589391977 0
1732099197678 0.00017206851043738425 0
1732099213778 0.00015330614405684173 0
1732099229923 0.00017238401051145047 0
1732099246005 0.00014732842100784183 0
1732099262358 0.0001913898449856788 0
1732099278045 0.00020519726967904717 0
1732099293720 0.0001696642575552687 0
1732099309317 0.0001881463686004281 0
1732099325001 0.00017886886780615896 0
1732099340601 0.000183617026777938 0
1732099356290 0.00016374685219489038 0
1732099371904 0.000158988666953519 0
1732099387887 0.00022109632845968008 0
1732099403482 0.00018382353300694376 0
1732099419173 0.00021663759252987802 0
1732099434747 0.00017362897051498294 0
1732099450420 0.0001855191949289292 0
1732099466007 0.00017052132170647383 0
1732099481720 0.0002177613932872191 0
1732099497306 0.0001843115605879575 0
1732099513002 0.00020934497297275811 0
1732099528614 0.0002315141464350745 0
1732099544323 0.00019967847038060427 0
1732099559917 0.00020076255896128714 0
1732099575649 0.0002030526811722666 0
1732099591219 0.00021379016106948256 0
1732099606926 0.00019880839681718498 0
1732099622837 0.00020150531781837344 0
1732099638562 0.00019820829038508236 0
1732099654172 0.00021652845316566527 0
1732099669900 0.00022878726304043084 0
1732099685483 0.00023941620020195842 0
1732099701193 0.00022180029191076756 0
1732099716780 0.0002227330842288211 0
1732099732486 0.0002495459048077464 0
1732099748071 0.00021999776072334498 0
1732099763796 0.00019953040464315563 0
1732099779388 0.00023267461801879108 0
1732099795104 0.00020247240900062025 0
1732099810694 0.00023593158402945846 0
1732099826400 0.0001918740599649027 0
1732099842016 0.00021984436898492277 0
1732099858011 0.00024962073075585067 0
1732099873621 0.0002157002018066123 0
1732099889314 0.00022588096908293664 0
1732099904933 0.0002346838009543717 0
1732099920640 0.00022569054272025824 0
1732099936226 0.0002161491574952379 0
1732099951936 0.0002267625677632168 0
1732099967510 0.0002477940870448947 0
1732099983236 0.00022053462453186512 0
1732099998833 0.00022739336418453604 0
1732100014566 0.0002759560593403876 0
1732100030158 0.00021546347124967724 0
1732100045874 0.00024544549523852766 0
1732100061487 0.0002500511473044753 0
1732100077525 0.00021339675004128367 0
1732100093116 0.00021585760987363756 0
1732100108846 0.00021160600590519607 0
1732100124486 0.00019505430827848613 0
1732100140175 0.00025058354367502034 0
1732100155807 0.00023149719345383346 0
1732100171537 0.0002287747774971649 0
1732100187181 0.00022460374748334289 0
1732100202912 0.0002508134057279676 0
1732100218525 0.000229357581702061 0
1732100234263 0.00023207496269606054 0
1732100249863 0.00024957043933682144 0
1732100265604 0.0002399114309810102 0
1732100281256 0.00025962345534935594 0
1732100296975 0.0002574167447164655 0
1732100312917 0.00027178548043593764 0
1732100328645 0.0002599536092020571 0
1732100344265 0.00027471507200971246 0
1732100359987 0.00023339288600254804 0
1732100375625 0.00022907182574272156 0
1732100391342 0.0002400324010523036 0
1732100406993 0.00023948849411681294 0
1732100422731 0.000228404242079705 0
1732100438367 0.0002646651118993759 0
1732100454101 0.0002701445482671261 0
1732100469732 0.00026601162971928716 0
1732100485470 0.00022366776829585433 0
1732100501082 0.00028141180519014597 0
1732100516814 0.00031005838536657393 0
1732100532430 0.00026092148618772626 0
1732100548485 0.00023688358487561345 0
1732100564103 0.00022009879467077553 0
1732100579812 0.0002615405828692019 0
1732100595418 0.00026063533732667565 0
1732100611168 0.00026456895284354687 0
1732100626777 0.0002482364361640066 0
1732100642496 0.0002761795185506344 0
1732100658146 0.00023848775890655816 0
1732100673858 0.0002570904034655541 0
1732100689485 0.00027629578835330904 0
1732100705217 0.00029091499163769186 0
1732100720841 0.0002631920506246388 0
1732100736557 0.0003002760640811175 0
1732100752197 0.0002628517395351082 0
1732100767938 0.00032047927379608154 0
1732100784008 0.00027224054792895913 0
1732100799744 0.0003183957887813449 0
1732100815367 0.00027419475372880697 0
1732100831081 0.00025742134312167764 0
1732100846685 0.0002916596131399274 0
1732100862435 0.00026642694137990475 0
1732100878051 0.0002697849995456636 0
1732100893803 0.0002624360495246947 0
1732100909430 0.00026786018861457705 0
1732100925152 0.00028369331266731024 0
1732100940760 0.0002750182757154107 0
1732100956482 0.000336803263053298 0
1732100972095 0.0002769929124042392 0
1732100987789 0.000275674945442006 0
1732101003442 0.00024375508655793965 0
1732101019540 0.00029895329498685896 0
1732101035175 0.00031289117760024965 0
1732101050916 0.00026926075224764645 0
1732101066536 0.0003064722695853561 0
1732101082291 0.0002776517649181187 0
1732101097912 0.000298710452625528 0
1732101113646 0.0003199158818461001 0
1732101129285 0.00029143609572201967 0
1732101145031 0.00028280631522648036 0
1732101160657 0.00026446362608112395 0
1732101176397 0.0002552253135945648 0
1732101192024 0.0003168934490531683 0
1732101207755 0.0002687611849978566 0
1732101223394 0.0002980759600177407 0
1732101239485 0.00031612906605005264 0
1732101255113 0.0003252352762501687 0
1732101270857 0.00035678077256307006 0
1732101286493 0.00027941400185227394 0
1732101302225 0.0002939315454568714 0
1732101317871 0.00029237743001431227 0
1732101333632 0.0003504346823319793 0
1732101349271 0.00029189762426540256 0
1732101365013 0.00032677935087122023 0
1732101380639 0.0003095713909715414 0
1732101396358 0.0002822750248014927 0
1732101411977 0.0003039661096408963 0
1732101427725 0.0002999152347911149 0
1732101444135 0.0002972129441332072 0
1732101459893 0.00030358723597601056 0
1732101475859 0.0003168289549648762 0
1732101491633 0.000349068344803527 0
1732101507294 0.000324056891258806 0
1732101523052 0.0003085560747422278 0
1732101538700 0.0002719019539654255 0
1732101554466 0.00027207002858631313 0
1732101570112 0.0002708360552787781 0
1732101585859 0.0003275458584539592 0
1732101601483 0.0003005654434673488 0
1732101617218 0.00031910225516185164 0
1732101632898 0.0003217567573301494 0
1732101648679 0.00034504401264712214 0
1732101664299 0.0002970733039546758 0
1732101680035 0.00028102417127229273 0
1732101695699 0.0002923334250226617 0
1732101711745 0.0002588147472124547 0
1732101727396 0.0003350242041051388 0
1732101743141 0.0003410950012039393 0
1732101758775 0.00032119761453941464 0
1732101774529 0.00031461476464755833 0
1732101790199 0.0002976034302264452 0
1732101805941 0.00031916264561004937 0
1732101821599 0.00037177573540247977 0
1732101837324 0.0003415680839680135 0
1732101852974 0.0003595537564251572 0
1732101868710 0.0003613356966525316 0
1732101884339 0.0003015794500242919 0
1732101900080 0.00031418169965036213 0
1732101915727 0.0003543425991665572 0
1732101931477 0.0003241784870624542 0
1732101947439 0.0003269574954174459 0
1732101963209 0.000340992643032223 0
1732101978838 0.0002844472764991224 0
1732101994583 0.00033515883842483163 0
1732102010200 0.00032133489730767906 0
1732102025927 0.00032010464929044247 0
1732102041563 0.00036767806159332395 0
1732102057293 0.0003040439332835376 0
1732102072943 0.0003468682407401502 0
1732102088704 0.00030425252043642104 0
1732102104329 0.0003241186204832047 0
1732102120070 0.00036019302206113935 0
1732102135713 0.00028706100420095026 0
1732102151450 0.0003503422485664487 0
1732102167098 0.0003002902667503804 0
