1732098609780 0.006847262382507324 0
1732098629450 0.005017564631998539 0
1732098649036 0.00469598826020956 0
1732098668827 0.003993154503405094 0
1732098688562 0.0038907404523342848 0
1732098708423 0.004141003824770451 0
1732098728294 0.00354390568099916 0
1732098748259 0.0032686362974345684 0
1732098768164 0.0032927400898188353 0
1732098788213 0.003413367085158825 0
1732098808200 0.003305543214082718 0
1732098828281 0.0037322542630136013 0
1732098848299 0.003161177970468998 0
1732098868440 0.003056188812479377 0
1732098889859 0.003145586233586073 0
1732098907700 0.0027525206096470356 0
1732098925529 0.0030529655050486326 0
1732098943403 0.0032823639921844006 0
1732098961287 0.0028797972481697798 0
1732098979168 0.003396044485270977 0
1732098997049 0.002907866146415472 0
1732099014953 0.0028232005424797535 0
1732099032024 0.0027597942389547825 0
1732099048648 0.0030706054531037807 0
1732099065479 0.0030486348550766706 0
1732099082275 0.003034356515854597 0
1732099099065 0.0028507753740996122 0
1732099115754 0.0025964900851249695 0
1732099132555 0.0029700053855776787 0
1732099149390 0.0025802217423915863 0
1732099165471 0.0028539157938212156 0
1732099181581 0.0027653644792735577 0
1732099197678 0.002764828270301223 0
1732099213778 0.002996120136231184 0
1732099229923 0.00256313756108284 0
1732099246005 0.0027654627338051796 0
1732099262358 0.0026701639872044325 0
1732099278045 0.0026917713694274426 0
1732099293720 0.002756585134193301 0
1732099309317 0.002739476040005684 0
1732099325001 0.0028872701805084944 0
1732099340601 0.002533549442887306 0
1732099356290 0.002614120487123728 0
1732099371904 0.0025958013720810413 0
1732099387887 0.0024909242056310177 0
1732099403482 0.002315928926691413 0
1732099419173 0.0027779764495790005 0
1732099434747 0.002332322532311082 0
1732099450420 0.002166329650208354 0
1732099466007 0.002350468887016177 0
1732099481720 0.002767526311799884 0
1732099497306 0.002957032760605216 0
1732099513002 0.002319467719644308 0
1732099528614 0.0022072279825806618 0
1732099544323 0.002631882205605507 0
1732099559917 0.0021363254636526108 0
1732099575649 0.0024474894162267447 0
1732099591219 0.002649370115250349 0
1732099606926 0.002614773577079177 0
1732099622837 0.0027702755760401487 0
1732099638562 0.0021141679026186466 0
1732099654172 0.0021188482642173767 0
1732099669900 0.002647676272317767 0
1732099685483 0.0022867112420499325 0
1732099701193 0.0023721482139080763 0
1732099716780 0.002383042126893997 0
1732099732486 0.0025546643882989883 0
1732099748071 0.0024243721272796392 0
1732099763796 0.002049239818006754 0
1732099779388 0.002482785377651453 0
1732099795104 0.0020133997313678265 0
1732099810694 0.0018882270669564605 0
1732099826400 0.002059310209006071 0
1732099842016 0.0019477314781397581 0
1732099858011 0.00235767662525177 0
1732099873621 0.002236533211544156 0
1732099889314 0.001993565820157528 0
1732099904933 0.0022212667390704155 0
1732099920640 0.0020272540859878063 0
1732099936226 0.00188368686940521 0
1732099951936 0.0020856221672147512 0
1732099967510 0.002105186227709055 0
1732099983236 0.002018709434196353 0
1732099998833 0.0021190305706113577 0
1732100014566 0.0019312308868393302 0
1732100030158 0.0018109622178599238 0
1732100045874 0.0018795847427099943 0
1732100061487 0.0021573565900325775 0
1732100077525 0.0018703427631407976 0
1732100093116 0.0019989218562841415 0
1732100108846 0.001974887680262327 0
1732100124486 0.0017646781634539366 0
1732100140175 0.001955399988219142 0
1732100155807 0.001961612608283758 0
1732100171537 0.0019806153140962124 0
1732100187181 0.002163907513022423 0
1732100202912 0.002006655093282461 0
1732100218525 0.0021046027541160583 0
1732100234263 0.0020264959894120693 0
1732100249863 0.0017263568006455898 0
1732100265604 0.0018815839430317283 0
1732100281256 0.002088293433189392 0
1732100296975 0.002020358806475997 0
1732100312917 0.001930794445797801 0
1732100328645 0.0016995063051581383 0
1732100344265 0.0021230101119726896 0
1732100359987 0.0017360820202156901 0
1732100375625 0.0018126943614333868 0
1732100391342 0.0017704538768157363 0
1732100406993 0.0016839246964082122 0
1732100422731 0.001646480057388544 0
1732100438367 0.0019036587327718735 0
1732100454101 0.0017605213215574622 0
1732100469732 0.0018484217580407858 0
1732100485470 0.001988092204555869 0
1732100501082 0.0017248004442080855 0
1732100516814 0.0017248662188649178 0
1732100532430 0.001727204187773168 0
1732100548485 0.0017988337203860283 0
1732100564103 0.0016367955831810832 0
1732100579812 0.0017752107232809067 0
1732100595418 0.002072866540402174 0
1732100611168 0.0015940542798489332 0
1732100626777 0.0016851408872753382 0
1732100642496 0.001619282877072692 0
1732100658146 0.001560870325192809 0
1732100673858 0.0017208205536007881 0
1732100689485 0.0015675211325287819 0
1732100705217 0.0015228678239509463 0
1732100720841 0.0017842527013272047 0
1732100736557 0.0017329908441752195 0
1732100752197 0.0017878198996186256 0
1732100767938 0.0016266012098640203 0
1732100784008 0.0015867127804085612 0
1732100799744 0.0017643667524680495 0
1732100815367 0.0017853116150945425 0
1732100831081 0.0016834945417940617 0
1732100846685 0.001762878498993814 0
1732100862435 0.0017840549116954207 0
1732100878051 0.0015301973326131701 0
1732100893803 0.0016460239421576262 0
1732100909430 0.0015525675844401121 0
1732100925152 0.0015522763133049011 0
1732100940760 0.0016495408490300179 0
1732100956482 0.0017345206579193473 0
1732100972095 0.0015734138432890177 0
1732100987789 0.0017474126070737839 0
1732101003442 0.001636510482057929 0
1732101019540 0.001551515655592084 0
1732101035175 0.0014983549481257796 0
1732101050916 0.0016709724441170692 0
1732101066536 0.0015064210165292025 0
1732101082291 0.001671897596679628 0
1732101097912 0.0014433434698730707 0
1732101113646 0.001705686328932643 0
1732101129285 0.001675093313679099 0
1732101145031 0.0017402091762050986 0
1732101160657 0.0014520022086799145 0
1732101176397 0.0015190120320767164 0
1732101192024 0.0015323401894420385 0
1732101207755 0.0015083819162100554 0
1732101223394 0.001745237736031413 0
1732101239485 0.0017144408775493503 0
1732101255113 0.0014893070328980684 0
1732101270857 0.0015018829144537449 0
1732101286493 0.0014954901998862624 0
1732101302225 0.0014036957873031497 0
1732101317871 0.0013618984958156943 0
1732101333632 0.0015735863707959652 0
1732101349271 0.0014208083739504218 0
1732101365013 0.0015804916620254517 0
1732101380639 0.0013153159525245428 0
1732101396358 0.0015033117961138487 0
1732101411977 0.0013946577673777938 0
1732101427725 0.0015502333408221602 0
1732101444135 0.0014153325464576483 0
1732101459893 0.0015395001973956823 0
1732101475859 0.0015150194521993399 0
1732101491633 0.0012318887747824192 0
1732101507294 0.0014049999881535769 0
1732101523052 0.0015304719563573599 0
1732101538700 0.0013085337122902274 0
1732101554466 0.001279626740142703 0
1732101570112 0.0012989765964448452 0
1732101585859 0.0013459399342536926 0
1732101601483 0.0015962751349434257 0
1732101617218 0.0013779400615021586 0
1732101632898 0.0014504784485325217 0
1732101648679 0.0013642277335748076 0
1732101664299 0.001313470653258264 0
1732101680035 0.0013731432845816016 0
1732101695699 0.0013996046036481857 0
1732101711745 0.0014695769641548395 0
1732101727396 0.0012513366527855396 0
1732101743141 0.0012915685074403882 0
1732101758775 0.0013524559326469898 0
1732101774529 0.0013495789607986808 0
1732101790199 0.0013485242379829288 0
1732101805941 0.0016052254941314459 0
1732101821599 0.0014061143156141043 0
1732101837324 0.0012321528047323227 0
1732101852974 0.0012910959776490927 0
1732101868710 0.0013260238338261843 0
1732101884339 0.0013364600017666817 0
1732101900080 0.001107386196963489 0
1732101915727 0.0014469949528574944 0
1732101931477 0.0013053605798631907 0
1732101947439 0.0013201757101342082 0
1732101963209 0.0010690762428566813 0
1732101978838 0.0014493211638182402 0
1732101994583 0.0012795006623491645 0
1732102010200 0.0014907338190823793 0
1732102025927 0.0013855022843927145 0
1732102041563 0.00118941068649292 0
1732102057293 0.00127222144510597 0
1732102072943 0.001238022348843515 0
1732102088704 0.001334644854068756 0
1732102104329 0.0012312334729358554 0
1732102120070 0.0012323982082307339 0
1732102135713 0.0012215111637488008 0
1732102151450 0.001129964366555214 0
1732102167098 0.001144922454841435 0
