1732098609780 0.0005780693609267473 0
1732098629450 0.00033223367063328624 0
1732098649036 0.0002498277463018894 0
1732098668827 0.0003010716463904828 0
1732098688562 0.00027659774059429765 0
1732098708423 0.00027511006919667125 0
1732098728294 0.00019888512906618416 0
1732098748259 0.0002490889164619148 0
1732098768164 0.00019990063447039574 0
1732098788213 0.0002486130688339472 0
1732098808200 0.00023097747180145234 0
1732098828281 0.00024233738076873124 0
1732098848299 0.000485112308524549 0
1732098868440 0.00017439326620660722 0
1732098889859 0.00016825945931486785 0
1732098907700 0.00019923524814657867 0
1732098925529 0.00015699243522249162 0
1732098943403 0.0001877790200524032 0
1732098961287 0.0002119512646459043 0
1732098979168 0.00020610098727047443 0
1732098997049 0.00016723100270610303 0
1732099014953 0.0002084014267893508 0
1732099032024 0.00032120069954544306 0
1732099048648 0.00024141272297129035 0
1732099065479 0.00015547449584119022 0
1732099082275 0.0002754595479927957 0
1732099099065 0.00019742196309380233 0
1732099115754 0.00019078966579400003 0
1732099132555 0.00014597798872273415 0
1732099149390 0.00018845286103896797 0
1732099165471 0.0001866923412308097 0
1732099181581 0.00020871500601060688 0
1732099197678 0.00014155401731841266 0
1732099213778 0.00021584812202490866 0
1732099229923 0.00014424383698496968 0
1732099246005 0.00016661184781696647 0
1732099262358 0.00014743319479748607 0
1732099278045 0.00014635763363912702 0
1732099293720 0.0002007956791203469 0
1732099309317 0.00017378677148371935 0
1732099325001 0.00016367036732845008 0
1732099340601 0.00012658290506806225 0
1732099356290 0.00020852437592111528 0
1732099371904 0.00016714073717594147 0
1732099387887 0.00015592316049151123 0
1732099403482 0.0001719408028293401 0
1732099419173 0.0002509142505005002 0
1732099434747 0.0001596875226823613 0
1732099450420 0.00018112597172148526 0
1732099466007 0.00018256375915370882 0
1732099481720 0.0001565123675391078 0
1732099497306 0.00013805917114950716 0
1732099513002 0.0002164448524126783 0
1732099528614 0.00012870589853264391 0
1732099544323 0.00015726062702015042 0
1732099559917 0.00016705624875612557 0
1732099575649 0.00015813266509212554 0
1732099591219 0.00017328007379546762 0
1732099606926 0.00017839629435911775 0
1732099622837 0.00012436258839443326 0
1732099638562 0.00016711809439584613 0
1732099654172 0.0001901071227621287 0
1732099669900 0.0001799763849703595 0
1732099685483 0.00010228029714198783 0
1732099701193 0.00012521090684458613 0
1732099716780 0.00013098190538585186 0
1732099732486 0.0001526424748590216 0
1732099748071 0.0001712332887109369 0
1732099763796 0.00013043489889241755 0
1732099779388 0.00016532218432985246 0
1732099795104 0.0001288081839447841 0
1732099810694 0.00012143921048846096 0
1732099826400 0.00012715092452708632 0
1732099842016 0.00011645191989373416 0
1732099858011 0.0001490519498474896 0
1732099873621 0.0001178961611003615 0
1732099889314 0.0001273465168196708 0
1732099904933 0.00014617203851230443 0
1732099920640 0.00011489923781482503 0
1732099936226 0.00013172876788303256 0
1732099951936 0.00014093612844590098 0
1732099967510 0.00011366645048838109 0
1732099983236 0.00015744095435366035 0
1732099998833 0.00014445559645537287 0
1732100014566 0.00012547758524306118 0
1732100030158 0.00014231509703677148 0
1732100045874 0.0001406063965987414 0
1732100061487 0.00015191624697763473 0
1732100077525 0.0001081392983905971 0
1732100093116 0.00010430394468130544 0
1732100108846 0.00013534539903048426 0
1732100124486 0.00011212936078663915 0
1732100140175 0.00012105354835512117 0
1732100155807 0.00013035265146754682 0
1732100171537 0.0001437623577658087 0
1732100187181 0.0001403406640747562 0
1732100202912 0.0001543547841720283 0
1732100218525 0.0001280979486182332 0
1732100234263 0.00014107109745964408 0
1732100249863 0.00012780175893567502 0
1732100265604 0.00012341421097517014 0
1732100281256 0.00014314116560854018 0
1732100296975 0.00011464071576483548 0
1732100312917 0.00014525963342748582 0
1732100328645 0.00011585108586587012 0
1732100344265 0.00012689299182966352 0
1732100359987 0.00010855427535716444 0
1732100375625 0.00011071727203670889 0
1732100391342 0.00011653328692773357 0
1732100406993 0.00010784354526549578 0
1732100422731 0.00013395101996138692 0
1732100438367 0.00011684872151818126 0
1732100454101 0.0001229170593433082 0
1732100469732 0.00012831142521463335 0
1732100485470 0.0001257566618733108 0
1732100501082 0.00012264554970897734 0
1732100516814 0.00010917691542999819 0
1732100532430 0.00012512582179624587 0
1732100548485 0.00012293120380491018 0
1732100564103 0.00010174607450608164 0
1732100579812 0.00012997211888432503 0
1732100595418 0.00014478362572845072 0
1732100611168 0.0001026454265229404 0
1732100626777 0.00013371408567763865 0
1732100642496 0.00011667063517961651 0
1732100658146 0.00012901303125545382 0
1732100673858 0.00010681102867238224 0
1732100689485 0.00012203237565699965 0
1732100705217 0.00013489574484992772 0
1732100720841 0.00011494556383695453 0
1732100736557 0.0001255694223800674 0
1732100752197 0.00011958467803196982 0
1732100767938 0.00010656428639777005 0
1732100784008 0.0001161081891041249 0
1732100799744 0.00013119279174134135 0
1732100815367 0.00010976102203130722 0
1732100831081 0.00012857047840952873 0
1732100846685 0.00012510220403783023 0
1732100862435 9.69021421042271e-05 0
1732100878051 0.0001334831613348797 0
1732100893803 0.00010022951755672693 0
1732100909430 0.0001266174076590687 0
1732100925152 0.00012433755910024047 0
1732100940760 0.00011378193448763341 0
1732100956482 9.411360952071846e-05 0
1732100972095 0.00011814852041425183 0
1732100987789 9.921763557940722e-05 0
1732101003442 9.56736839725636e-05 0
1732101019540 0.00012328955926932395 0
1732101035175 0.00012281314411666244 0
1732101050916 0.00010919867781922221 0
1732101066536 0.00010851994011318311 0
1732101082291 0.00011582099250517786 0
1732101097912 0.00010088164708577096 0
1732101113646 0.00011711588012985885 0
1732101129285 0.00011673581320792437 0
1732101145031 0.00010285619646310806 0
1732101160657 0.00010236448724754155 0
1732101176397 0.00012434727977961302 0
1732101192024 0.00011424476542742923 0
1732101207755 0.00011756869207601994 0
1732101223394 0.00011813562014140189 0
1732101239485 9.46128711802885e-05 0
1732101255113 0.0001431890850653872 0
1732101270857 9.341743134427816e-05 0
1732101286493 0.00012685524416156113 0
1732101302225 0.00010883659706450999 0
1732101317871 9.64742575888522e-05 0
1732101333632 0.00012623690417967737 0
1732101349271 0.0001415608130628243 0
1732101365013 0.00013101966760586947 0
1732101380639 0.00012192472058814019 0
1732101396358 0.00011072267807321623 0
1732101411977 0.00011016105418093503 0
1732101427725 0.00010089772695209831 0
1732101444135 9.261338709620759e-05 0
1732101459893 0.00010670399205991998 0
1732101475859 0.00011025887943105772 0
1732101491633 0.00014009972801432014 0
1732101507294 0.00011861846724059433 0
1732101523052 0.00011414122127462178 0
1732101538700 0.000100299934274517 0
1732101554466 9.620944911148399e-05 0
1732101570112 0.0001103223257814534 0
1732101585859 0.00011672509572235867 0
1732101601483 9.733039769344032e-05 0
1732101617218 0.0001015275192912668 0
1732101632898 8.727502427063882e-05 0
1732101648679 0.00010063605441246182 0
1732101664299 0.0001003163488348946 0
1732101680035 0.0001143477056757547 0
1732101695699 9.634870366426185e-05 0
1732101711745 0.00012043399328831583 0
1732101727396 0.00012475148832891136 0
1732101743141 0.00011099512630607933 0
1732101758775 0.00013460530317388475 0
1732101774529 0.00010362172179156914 0
1732101790199 0.00011197298590559512 0
1732101805941 0.00014887412544339895 0
1732101821599 0.00011294960859231651 0
1732101837324 0.00012940824672114104 0
1732101852974 0.00011428364086896181 0
1732101868710 8.33379162941128e-05 0
1732101884339 0.0001134148333221674 0
1732101900080 0.00010592844046186656 0
1732101915727 9.871147631201893e-05 0
1732101931477 9.376196248922497e-05 0
1732101947439 8.534392691217363e-05 0
1732101963209 0.00011643536709016189 0
1732101978838 0.00012595417501870543 0
1732101994583 9.37016011448577e-05 0
1732102010200 0.00010909231787081808 0
1732102025927 0.00011532947246450931 0
1732102041563 0.00012422648433130234 0
1732102057293 0.00010652252967702225 0
1732102072943 0.0001159756793640554 0
1732102088704 9.284700354328379e-05 0
1732102104329 0.0001026959580485709 0
1732102120070 9.783224231796339e-05 0
1732102135713 0.0001388966920785606 0
1732102151450 0.00010538958304096013 0
1732102167098 9.871461224975064e-05 0
