1731963682121 1.0650075674057007 0
1731963705485 1.0981254577636719 0
1731963728139 1.1071867942810059 0
1731963750705 1.137535810470581 0
1731963773070 1.1602860689163208 0
1731963795487 1.1852730512619019 0
1731963817741 1.1559048891067505 0
1731963840088 1.1310033798217773 0
1731963862295 1.1645658016204834 0
1731963884634 1.130950927734375 0
1731963906888 1.1399636268615723 0
1731963929271 1.17336905002594 0
1731963951569 1.1411340236663818 0
1731963974011 1.1675779819488525 0
1731963996096 1.1616795063018799 0
1731964015683 1.1637732982635498 0
1731964035298 1.1432757377624512 0
1731964054916 1.1527204513549805 0
1731964074529 1.148711919784546 0
1731964094135 1.1722328662872314 0
1731964113775 1.197187900543213 0
1731964133384 1.1693501472473145 0
1731964152047 1.1827080249786377 0
1731964170210 1.219761610031128 0
1731964188490 1.1849058866500854 0
1731964206791 1.1131035089492798 0
1731964225106 1.1316466331481934 0
1731964243330 1.1585071086883545 0
1731964261653 1.2266550064086914 0
1731964279942 1.2277382612228394 0
1731964297389 1.1623905897140503 0
1731964314855 1.1502068042755127 0
1731964332309 1.160722255706787 0
1731964349766 1.1634544134140015 0
1731964367251 1.153542160987854 0
1731964384722 1.164949655532837 0
1731964402195 1.1522854566574097 0
1731964419177 1.152100682258606 0
1731964436135 1.1819111108779907 0
1731964453002 1.1554664373397827 0
1731964469971 1.1991403102874756 0
1731964486850 1.1949150562286377 0
1731964503799 1.1834570169448853 0
1731964520638 1.1791139841079712 0
1731964537929 1.1723072528839111 0
1731964554774 1.2089259624481201 0
1731964571752 1.1709221601486206 0
1731964588619 1.1995785236358643 0
1731964605599 1.2075363397598267 0
1731964622467 1.194973349571228 0
1731964639446 1.17239511013031 0
1731964656325 1.214078426361084 0
1731964673310 1.1619619131088257 0
1731964690155 1.1742461919784546 0
1731964707127 1.176522135734558 0
1731964723961 1.1838111877441406 0
1731964740941 1.173890471458435 0
1731964757803 1.146330714225769 0
1731964774795 1.1952954530715942 0
1731964791980 1.1617164611816406 0
1731964808955 1.178125023841858 0
1731964825819 1.1887991428375244 0
1731964842786 1.1845735311508179 0
1731964859601 1.1752188205718994 0
1731964876541 1.170742154121399 0
1731964893374 1.2051231861114502 0
1731964910302 1.2014098167419434 0
1731964927134 1.2171269655227661 0
1731964944085 1.2100462913513184 0
1731964960935 1.1863112449645996 0
1731964977889 1.173405647277832 0
1731964994736 1.1919876337051392 0
1731965011701 1.1869643926620483 0
1731965028545 1.1910021305084229 0
1731965045825 1.1944313049316406 0
1731965062641 1.1959940195083618 0
1731965079599 1.1835955381393433 0
1731965096424 1.2038764953613281 0
1731965113391 1.19034743309021 0
1731965130198 1.211041808128357 0
1731965147113 1.1796942949295044 0
1731965163940 1.204415202140808 0
1731965180860 1.2390353679656982 0
1731965197698 1.1849416494369507 0
1731965214656 1.193870186805725 0
1731965231478 1.1960800886154175 0
1731965248405 1.2056896686553955 0
1731965265218 1.200318694114685 0
1731965282469 1.2279201745986938 0
1731965299304 1.22314453125 0
1731965316241 1.1926578283309937 0
1731965333048 1.1748046875 0
1731965349982 1.2024182081222534 0
1731965366763 1.1886036396026611 0
1731965383699 1.1900521516799927 0
1731965400498 1.182050108909607 0
1731965417432 1.1981546878814697 0
1731965434247 1.2018040418624878 0
1731965451166 1.2178181409835815 0
1731965467971 1.1917146444320679 0
1731965484891 1.194907307624817 0
1731965501679 1.2120808362960815 0
1731965518587 1.1957588195800781 0
1731965535718 1.1939386129379272 0
1731965552626 1.2025055885314941 0
1731965569427 1.1918790340423584 0
1731965586349 1.2053548097610474 0
1731965603126 1.213851809501648 0
1731965620083 1.1943353414535522 0
1731965636876 1.2197961807250977 0
1731965653801 1.20668363571167 0
1731965670626 1.2073744535446167 0
1731965687546 1.2156593799591064 0
1731965704342 1.1992716789245605 0
1731965721262 1.1851351261138916 0
1731965738052 1.1959813833236694 0
1731965754955 1.2119935750961304 0
1731965771728 1.1984717845916748 0
1731965788929 1.178733229637146 0
1731965805734 1.1946170330047607 0
1731965822678 1.2019671201705933 0
1731965839459 1.1885619163513184 0
1731965856352 1.2122474908828735 0
1731965873141 1.2051348686218262 0
1731965890044 1.2096613645553589 0
1731965906823 1.210240125656128 0
1731965923743 1.192569375038147 0
1731965940547 1.2112995386123657 0
1731965957470 1.1791050434112549 0
1731965974257 1.1902573108673096 0
1731965991159 1.183639645576477 0
1731966007941 1.2408431768417358 0
1731966024868 1.209004282951355 0
1731966041975 1.2123194932937622 0
1731966058880 1.1909096240997314 0
1731966075686 1.2034969329833984 0
1731966092623 1.204731822013855 0
1731966109397 1.22353994846344 0
1731966126319 1.2144030332565308 0
1731966143112 1.1947829723358154 0
1731966159999 1.2008992433547974 0
1731966176751 1.190280556678772 0
1731966193675 1.1930943727493286 0
1731966210448 1.2056430578231812 0
1731966227376 1.1903913021087646 0
1731966244170 1.1969499588012695 0
1731966261062 1.2070688009262085 0
1731966277859 1.2099717855453491 0
1731966295117 1.2069238424301147 0
1731966311918 1.2054499387741089 0
1731966328813 1.2158788442611694 0
1731966345614 1.2286605834960938 0
1731966362548 1.1890606880187988 0
1731966379345 1.224482774734497 0
1731966396266 1.2005658149719238 0
1731966413059 1.2127162218093872 0
1731966429961 1.2105463743209839 0
1731966446751 1.175741195678711 0
1731966463677 1.1792776584625244 0
1731966480437 1.2065373659133911 0
1731966497335 1.207633137702942 0
1731966514129 1.2085480690002441 0
1731966531340 1.2298980951309204 0
1731966548129 1.2252370119094849 0
1731966565030 1.2142915725708008 0
1731966581813 1.2187583446502686 0
1731966598713 1.196918249130249 0
1731966615502 1.2084983587265015 0
1731966632399 1.2174510955810547 0
1731966649167 1.2053576707839966 0
1731966666092 1.2178055047988892 0
1731966682833 1.215215802192688 0
1731966699730 1.2179994583129883 0
1731966716522 1.2174772024154663 0
1731966733431 1.2197257280349731 0
1731966750210 1.2006930112838745 0
1731966767132 1.2236336469650269 0
1731966784461 1.222177505493164 0
1731966801345 1.2045626640319824 0
1731966818154 1.207464575767517 0
1731966835058 1.2007660865783691 0
1731966851836 1.2149945497512817 0
1731966868727 1.2220114469528198 0
1731966885530 1.2142226696014404 0
1731966902418 1.2016680240631104 0
1731966919202 1.2051631212234497 0
1731966936100 1.2024370431900024 0
1731966952891 1.2150596380233765 0
1731966969779 1.2155481576919556 0
1731966986572 1.2131073474884033 0
1731967003505 1.217141032218933 0
1731967020302 1.2104133367538452 0
1731967037563 1.225204348564148 0
1731967054358 1.217974305152893 0
1731967071290 1.1991170644760132 0
1731967088068 1.2340925931930542 0
1731967104974 1.2103289365768433 0
1731967121756 1.2099931240081787 0
1731967138645 1.2102597951889038 0
1731967155424 1.2231755256652832 0
1731967172334 1.2047827243804932 0
1731967189095 1.2033898830413818 0
1731967205991 1.2207938432693481 0
1731967222780 1.204548954963684 0
1731967239709 1.211763620376587 0
1731967256501 1.2122565507888794 0
1731967273384 1.219905972480774 0
1731967290464 1.2145898342132568 0
1731967307383 1.2190351486206055 0
1731967324175 1.2060214281082153 0
1731967341068 1.2087997198104858 0
1731967357862 1.223373293876648 0
1731967374772 1.2154432535171509 0
1731967391555 1.2149434089660645 0
1731967408460 1.2124470472335815 0
1731967425265 1.2143192291259766 0
1731967442170 1.2172621488571167 0
1731967458955 1.2147432565689087 0
1731967475867 1.2060956954956055 0
1731967492653 1.2084484100341797 0
1731967509561 1.2231011390686035 0
1731967526363 1.2133758068084717 0
