1731963682121 0.00600847415626049 0
1731963705485 0.006234974600374699 0
1731963728139 0.006121435668319464 0
1731963750705 0.006206476129591465 0
1731963773070 0.006151968147605658 0
1731963795487 0.0060624023899436 0
1731963817741 0.006170143838971853 0
1731963840088 0.006025353446602821 0
1731963862295 0.0062211547046899796 0
1731963884634 0.006117898039519787 0
1731963906888 0.006290073040872812 0
1731963929271 0.006273944396525621 0
1731963951569 0.00604058476164937 0
1731963974011 0.006203354336321354 0
1731963996096 0.006134042516350746 0
1731964015683 0.0061268131248652935 0
1731964035298 0.006059442646801472 0
1731964054916 0.006314288359135389 0
1731964074529 0.006087138317525387 0
1731964094135 0.006166696548461914 0
1731964113775 0.0061017111875116825 0
1731964133384 0.006066455505788326 0
1731964152047 0.006111209746450186 0
1731964170210 0.006213473156094551 0
1731964188490 0.006154589354991913 0
1731964206791 0.006092031951993704 0
1731964225106 0.006032835226505995 0
1731964243330 0.006107510067522526 0
1731964261653 0.0061082178726792336 0
1731964279942 0.0061645410023629665 0
1731964297389 0.006274146493524313 0
1731964314855 0.006179849151521921 0
1731964332309 0.006201352924108505 0
1731964349766 0.0062153092585504055 0
1731964367251 0.006109847687184811 0
1731964384722 0.006145428400486708 0
1731964402195 0.006134850904345512 0
1731964419177 0.006234877742826939 0
1731964436135 0.0061829122714698315 0
1731964453002 0.00613259756937623 0
1731964469971 0.006195100490003824 0
1731964486850 0.006203196942806244 0
1731964503799 0.006170128937810659 0
1731964520638 0.006241025868803263 0
1731964537929 0.006221561226993799 0
1731964554774 0.0061974916607141495 0
1731964571752 0.006173970643430948 0
1731964588619 0.006206763908267021 0
1731964605599 0.006267218850553036 0
1731964622467 0.00611243536695838 0
1731964639446 0.006176788825541735 0
1731964656325 0.006161672528833151 0
1731964673310 0.006119570694863796 0
1731964690155 0.006292744539678097 0
1731964707127 0.006197007838636637 0
1731964723961 0.0061446321196854115 0
1731964740941 0.006246539298444986 0
1731964757803 0.006142881233245134 0
1731964774795 0.0061677442863583565 0
1731964791980 0.006183686666190624 0
1731964808955 0.006228345911949873 0
1731964825819 0.006176951806992292 0
1731964842786 0.006133228540420532 0
1731964859601 0.0061890482902526855 0
1731964876541 0.0061987051740288734 0
1731964893374 0.006129644811153412 0
1731964910302 0.006199447903782129 0
1731964927134 0.006211704574525356 0
1731964944085 0.006203658878803253 0
1731964960935 0.006190410349518061 0
1731964977889 0.00613956805318594 0
1731964994736 0.006075182463973761 0
1731965011701 0.006240470334887505 0
1731965028545 0.006162806414067745 0
1731965045825 0.006198962219059467 0
1731965062641 0.0062448387034237385 0
1731965079599 0.006177547853440046 0
1731965096424 0.006180824711918831 0
1731965113391 0.006151036359369755 0
1731965130198 0.006124795414507389 0
1731965147113 0.006227091420441866 0
1731965163940 0.006167309358716011 0
1731965180860 0.0061829471960663795 0
1731965197698 0.006163040176033974 0
1731965214656 0.006179225165396929 0
1731965231478 0.00615329435095191 0
1731965248405 0.0061299121007323265 0
1731965265218 0.006157587748020887 0
1731965282469 0.0061400034464895725 0
1731965299304 0.006191535387188196 0
1731965316241 0.006119739264249802 0
1731965333048 0.006179443560540676 0
1731965349982 0.006177287548780441 0
1731965366763 0.00615375442430377 0
1731965383699 0.006175388116389513 0
1731965400498 0.006182507611811161 0
1731965417432 0.006195608992129564 0
1731965434247 0.006095266435295343 0
1731965451166 0.00613033352419734 0
1731965467971 0.00615389458835125 0
1731965484891 0.006221430376172066 0
1731965501679 0.0061782351695001125 0
1731965518587 0.006127325352281332 0
1731965535718 0.006207019090652466 0
1731965552626 0.006162730976939201 0
1731965569427 0.006163267884403467 0
1731965586349 0.006157547701150179 0
1731965603126 0.006145523861050606 0
1731965620083 0.006193496286869049 0
1731965636876 0.006187676452100277 0
1731965653801 0.006178530864417553 0
1731965670626 0.006159566342830658 0
1731965687546 0.006191155407577753 0
1731965704342 0.006147379521280527 0
1731965721262 0.006203010678291321 0
1731965738052 0.006163023412227631 0
1731965754955 0.006160179618746042 0
1731965771728 0.006222522351890802 0
1731965788929 0.006150301545858383 0
1731965805734 0.006188603118062019 0
1731965822678 0.006206005811691284 0
1731965839459 0.006189862731844187 0
1731965856352 0.006175114773213863 0
1731965873141 0.006212695501744747 0
1731965890044 0.006157082039862871 0
1731965906823 0.0061808992177248 0
1731965923743 0.00616095308214426 0
1731965940547 0.0061395554803311825 0
1731965957470 0.0062038470059633255 0
1731965974257 0.006161909084767103 0
1731965991159 0.00615935493260622 0
1731966007941 0.006216179113835096 0
1731966024868 0.006204621866345406 0
1731966041975 0.006123387720435858 0
1731966058880 0.006122461520135403 0
1731966075686 0.006183147430419922 0
1731966092623 0.006125620566308498 0
1731966109397 0.006157109513878822 0
1731966126319 0.006191303487867117 0
1731966143112 0.006206808146089315 0
1731966159999 0.006176404654979706 0
1731966176751 0.006165255326777697 0
1731966193675 0.00617193290963769 0
1731966210448 0.006112875882536173 0
1731966227376 0.006178312003612518 0
1731966244170 0.006173275411128998 0
1731966261062 0.006125263869762421 0
1731966277859 0.006165200844407082 0
1731966295117 0.006167877931147814 0
1731966311918 0.0061665973626077175 0
1731966328813 0.006164667662233114 0
1731966345614 0.006205444224178791 0
1731966362548 0.00615800591185689 0
1731966379345 0.006176679395139217 0
1731966396266 0.006143262144178152 0
1731966413059 0.0061711035668849945 0
1731966429961 0.006137187127023935 0
1731966446751 0.006166871637105942 0
1731966463677 0.006151311099529266 0
1731966480437 0.006200131494551897 0
1731966497335 0.006150372326374054 0
1731966514129 0.006183824967592955 0
1731966531340 0.006179054733365774 0
1731966548129 0.00615951931104064 0
1731966565030 0.006174888927489519 0
1731966581813 0.006189043167978525 0
1731966598713 0.006156651768833399 0
1731966615502 0.006144373677670956 0
1731966632399 0.006171129178255796 0
1731966649167 0.0061590890400111675 0
1731966666092 0.006134469993412495 0
1731966682833 0.006186802405864 0
1731966699730 0.006171663757413626 0
1731966716522 0.006212435197085142 0
1731966733431 0.006177329923957586 0
1731966750210 0.006185436155647039 0
1731966767132 0.006186801008880138 0
1731966784461 0.006188061088323593 0
1731966801345 0.006156547926366329 0
1731966818154 0.006166466511785984 0
1731966835058 0.006161062512546778 0
1731966851836 0.006166903767734766 0
1731966868727 0.006175941321998835 0
1731966885530 0.0061950525268912315 0
1731966902418 0.0061590722762048244 0
1731966919202 0.006188387516885996 0
1731966936100 0.006177373230457306 0
1731966952891 0.006165573839098215 0
1731966969779 0.006195938680320978 0
1731966986572 0.006211012601852417 0
1731967003505 0.006188303232192993 0
1731967020302 0.006169178523123264 0
1731967037563 0.006175859831273556 0
1731967054358 0.006191740278154612 0
1731967071290 0.006176954600960016 0
1731967088068 0.006159370299428701 0
1731967104974 0.006173711270093918 0
1731967121756 0.006188945844769478 0
1731967138645 0.00619386974722147 0
1731967155424 0.006199358496814966 0
1731967172334 0.006144215818494558 0
1731967189095 0.006172372493892908 0
1731967205991 0.0061807227320969105 0
1731967222780 0.006168253719806671 0
1731967239709 0.006183607969433069 0
1731967256501 0.006185397505760193 0
1731967273384 0.006162757053971291 0
1731967290464 0.0061622438952326775 0
1731967307383 0.006161868572235107 0
1731967324175 0.006164358928799629 0
1731967341068 0.006149901542812586 0
1731967357862 0.006171116605401039 0
1731967374772 0.006177154835313559 0
1731967391555 0.00618999358266592 0
1731967408460 0.0061782607808709145 0
1731967425265 0.006191421765834093 0
1731967442170 0.006192898843437433 0
1731967458955 0.006180312018841505 0
1731967475867 0.006151507142931223 0
1731967492653 0.0061743007972836494 0
1731967509561 0.006166420876979828 0
1731967526363 0.006193025037646294 0
