1731963682420 0.00011550791532499716 0
1731963705490 9.42700935411267e-05 0
1731963728142 8.903417619876564e-05 0
1731963750707 8.644456829642877e-05 0
1731963773073 8.368131966562942e-05 0
1731963795490 8.492559572914615e-05 0
1731963817743 7.622202974744141e-05 0
1731963840090 7.098080823197961e-05 0
1731963862298 6.768348976038396e-05 0
1731963884636 6.850424688309431e-05 0
1731963906890 6.99406155035831e-05 0
1731963929274 6.343907443806529e-05 0
1731963951572 6.352856871671975e-05 0
1731963974013 6.052267053746618e-05 0
1731963996098 6.063527689548209e-05 0
1731964015685 5.974443047307432e-05 0
1731964035300 6.026354094501585e-05 0
1731964054918 5.9350222727516666e-05 0
1731964074531 5.928650716668926e-05 0
1731964094137 5.511782364919782e-05 0
1731964113777 5.587128543993458e-05 0
1731964133387 5.328567567630671e-05 0
1731964152049 5.068090104032308e-05 0
1731964170213 5.204385888646357e-05 0
1731964188493 5.2781091653741896e-05 0
1731964206793 4.9241079977946356e-05 0
1731964225108 4.892618744634092e-05 0
1731964243335 5.0313690735492855e-05 0
1731964261655 4.568776421365328e-05 0
1731964279944 4.6706230932613835e-05 0
1731964297392 4.561078458209522e-05 0
1731964314857 4.481488576857373e-05 0
1731964332311 4.636571975424886e-05 0
1731964349769 4.309672294766642e-05 0
1731964367253 4.2514409869909286e-05 0
1731964384724 4.31049193139188e-05 0
1731964402198 4.3209463910898194e-05 0
1731964419179 4.077047560713254e-05 0
1731964436137 4.103087121620774e-05 0
1731964453004 3.9760467188898474e-05 0
1731964469973 3.9983489841688424e-05 0
1731964486852 4.180829273536801e-05 0
1731964503801 3.745114736375399e-05 0
1731964520641 3.913609543815255e-05 0
1731964537931 3.903483957401477e-05 0
1731964554776 3.696995190693997e-05 0
1731964571755 3.675453626783565e-05 0
1731964588621 3.464697510935366e-05 0
1731964605601 3.612002910813317e-05 0
1731964622469 3.582592398743145e-05 0
1731964639448 3.356331944814883e-05 0
1731964656327 3.670879596029408e-05 0
1731964673312 3.2648556953063235e-05 0
1731964690157 3.218864003429189e-05 0
1731964707129 3.299319723737426e-05 0
1731964723963 3.1726380257168785e-05 0
1731964740943 3.268431100877933e-05 0
1731964757805 3.1105020752875134e-05 0
1731964774797 3.0508284908137284e-05 0
1731964791982 3.1540210329694673e-05 0
1731964808958 2.9426069886540063e-05 0
1731964825821 2.9364307920332067e-05 0
1731964842788 2.8621943783946335e-05 0
1731964859603 2.9550383260357194e-05 0
1731964876543 3.1524996302323416e-05 0
1731964893376 2.7891517675016075e-05 0
1731964910305 2.786283948807977e-05 0
1731964927137 2.9723609259235673e-05 0
1731964944087 2.7827803933178075e-05 0
1731964960937 2.7763531761593185e-05 0
1731964977891 2.7011083147954196e-05 0
1731964994738 2.665035572135821e-05 0
1731965011703 2.67302239080891e-05 0
1731965028547 2.666615546331741e-05 0
1731965045827 2.5440862373216078e-05 0
1731965062643 2.6744326532934792e-05 0
1731965079601 2.6561112463241443e-05 0
1731965096426 2.642577419464942e-05 0
1731965113393 2.4103259420371614e-05 0
1731965130200 2.4627188395243138e-05 0
1731965147115 2.436225076962728e-05 0
1731965163942 2.4698569177417085e-05 0
1731965180862 2.576371844043024e-05 0
1731965197700 2.4621447664685547e-05 0
1731965214658 2.366316766710952e-05 0
1731965231480 2.330471579625737e-05 0
1731965248407 2.3745486032566987e-05 0
1731965265220 2.4555363779654726e-05 0
1731965282471 2.3897078790469095e-05 0
1731965299307 2.2757953047403134e-05 0
1731965316243 2.2034568246454e-05 0
1731965333050 2.324025444977451e-05 0
1731965349985 2.2904243451193906e-05 0
1731965366765 2.3071877876645885e-05 0
1731965383702 2.2089530830271542e-05 0
1731965400500 2.3116906959330663e-05 0
1731965417434 2.1876921891816892e-05 0
1731965434249 2.097372453135904e-05 0
1731965451168 2.2170019292389043e-05 0
1731965467973 2.0027697246405296e-05 0
1731965484893 2.0542805941659026e-05 0
1731965501681 2.1308473151293583e-05 0
1731965518589 2.195770684920717e-05 0
1731965535720 2.1631853087455966e-05 0
1731965552628 2.032946576946415e-05 0
1731965569429 1.9794066247413866e-05 0
1731965586352 2.035944453382399e-05 0
1731965603129 2.0789486370631494e-05 0
1731965620086 2.0451194359338842e-05 0
1731965636878 1.9347742636455223e-05 0
1731965653803 2.0106539523112588e-05 0
1731965670628 2.2039555915398523e-05 0
1731965687549 1.995851198444143e-05 0
1731965704344 2.0148889234405942e-05 0
1731965721265 1.97246754396474e-05 0
1731965738055 1.897761285363231e-05 0
1731965754957 1.9244656868977472e-05 0
1731965771730 1.96701967070112e-05 0
1731965788931 1.9182072719559073e-05 0
1731965805736 1.8954429833684117e-05 0
1731965822680 1.9095023162662983e-05 0
1731965839462 1.8980494132847525e-05 0
1731965856354 1.9136135961161926e-05 0
1731965873143 1.95684187929146e-05 0
1731965890047 1.8850696505978703e-05 0
1731965906825 1.7514337741886266e-05 0
1731965923745 1.8058059140457772e-05 0
1731965940549 1.7664720871835016e-05 0
1731965957472 1.7766626115189865e-05 0
1731965974259 1.8365424693911336e-05 0
1731965991161 1.8433132936479524e-05 0
1731966007943 1.8893446394940838e-05 0
1731966024870 1.7976573872147128e-05 0
1731966041978 1.8361755792284384e-05 0
1731966058882 1.7678021322353743e-05 0
1731966075688 1.7591706637176685e-05 0
1731966092626 1.779377635102719e-05 0
1731966109399 1.8160377294407226e-05 0
1731966126321 1.7927904991665855e-05 0
1731966143115 1.7618973288335837e-05 0
1731966160001 1.6555004549445584e-05 0
1731966176753 1.6791822417872027e-05 0
1731966193677 1.705822069197893e-05 0
1731966210450 1.7862626918940805e-05 0
1731966227378 1.689573036856018e-05 0
1731966244172 1.6913698345888406e-05 0
1731966261064 1.6328545825672336e-05 0
1731966277862 1.769074697222095e-05 0
1731966295120 1.7483880583313294e-05 0
1731966311920 1.6382839021389373e-05 0
1731966328816 1.6174164557014592e-05 0
1731966345616 1.605523721082136e-05 0
1731966362550 1.60526415129425e-05 0
1731966379347 1.6255591617664322e-05 0
1731966396268 1.6040234186220914e-05 0
1731966413061 1.5657391486456618e-05 0
1731966429963 1.7383674276061356e-05 0
1731966446753 1.7134119843831286e-05 0
1731966463679 1.4875604392727837e-05 0
1731966480439 1.63123168022139e-05 0
1731966497337 1.6017258531064726e-05 0
1731966514131 1.6366244381060824e-05 0
1731966531342 1.688790689513553e-05 0
1731966548131 1.5441395589732565e-05 0
1731966565032 1.5698060451541096e-05 0
1731966581815 1.6122503438964486e-05 0
1731966598715 1.6118598068715073e-05 0
1731966615504 1.577084549353458e-05 0
1731966632401 1.624045216885861e-05 0
1731966649169 1.589293788128998e-05 0
1731966666094 1.6004119970602915e-05 0
1731966682836 1.5557197912130505e-05 0
1731966699732 1.586583130119834e-05 0
1731966716525 1.5967814761097543e-05 0
1731966733433 1.6445559595013037e-05 0
1731966750212 1.5048177374410443e-05 0
1731966767134 1.5067302228999324e-05 0
1731966784464 1.5357445590780117e-05 0
1731966801347 1.5477273336728103e-05 0
1731966818156 1.4974446457927115e-05 0
1731966835060 1.4691469004901592e-05 0
1731966851838 1.493081435910426e-05 0
1731966868729 1.4392279808816966e-05 0
1731966885532 1.5130019164644182e-05 0
1731966902420 1.4733853276993614e-05 0
1731966919205 1.4768959772482049e-05 0
1731966936102 1.4402179658645764e-05 0
1731966952893 1.5462608644156717e-05 0
1731966969782 1.4882950381434057e-05 0
1731966986575 1.4913533050275873e-05 0
1731967003507 1.4895597814756911e-05 0
1731967020305 1.4062645277590491e-05 0
1731967037566 1.4853570974082686e-05 0
1731967054360 1.5005924069555476e-05 0
1731967071292 1.488934867666103e-05 0
1731967088070 1.4934685168555006e-05 0
1731967104976 1.4109135918261018e-05 0
1731967121758 1.3491227036865894e-05 0
1731967138647 1.4672164979856461e-05 0
1731967155426 1.3346341802389361e-05 0
1731967172337 1.4390633623406757e-05 0
1731967189097 1.4698174709337763e-05 0
1731967205993 1.3355302144191228e-05 0
1731967222783 1.4381887922354508e-05 0
1731967239711 1.4299555004981812e-05 0
1731967256504 1.4067552911001258e-05 0
1731967273387 1.3763107745035086e-05 0
1731967290466 1.411516950611258e-05 0
1731967307385 1.459703707951121e-05 0
1731967324177 1.4710369214299135e-05 0
1731967341070 1.394921218889067e-05 0
1731967357864 1.3988724276714493e-05 0
1731967374774 1.3498515727405902e-05 0
1731967391557 1.3856603800377343e-05 0
1731967408462 1.3652228517457843e-05 0
1731967425267 1.4495951290882658e-05 0
1731967442172 1.3893027244193945e-05 0
1731967458957 1.3833459888701327e-05 0
1731967475870 1.4474867384706158e-05 0
1731967492655 1.4163804735289887e-05 0
1731967509563 1.3637785741593689e-05 0
1731967526365 1.4432348507398274e-05 0
