1731963682121 19.669292449951172 0
1731963705485 21.36451530456543 0
1731963728139 22.634859085083008 0
1731963750705 22.616352081298828 0
1731963773070 22.484254837036133 0
1731963795487 22.569828033447266 0
1731963817741 23.025774002075195 0
1731963840088 23.535688400268555 0
1731963862295 23.714832305908203 0
1731963884634 23.4527645111084 0
1731963906888 23.859296798706055 0
1731963929271 23.739389419555664 0
1731963951569 24.253520965576172 0
1731963974011 23.89727210998535 0
1731963996096 24.140653610229492 0
1731964015683 24.287979125976562 0
1731964035298 24.155162811279297 0
1731964054916 24.5524845123291 0
1731964074529 24.4619140625 0
1731964094135 24.102676391601562 0
1731964113775 24.16974449157715 0
1731964133384 24.49880599975586 0
1731964152047 24.646018981933594 0
1731964170210 24.9342098236084 0
1731964188490 24.325014114379883 0
1731964206791 25.137733459472656 0
1731964225106 24.843347549438477 0
1731964243330 25.29674530029297 0
1731964261653 25.034700393676758 0
1731964279942 24.61637306213379 0
1731964297389 25.508237838745117 0
1731964314855 25.357784271240234 0
1731964332309 24.917194366455078 0
1731964349766 25.49774169921875 0
1731964367251 25.510690689086914 0
1731964384722 25.851829528808594 0
1731964402195 25.257328033447266 0
1731964419177 25.451995849609375 0
1731964436135 25.684587478637695 0
1731964453002 25.919641494750977 0
1731964469971 25.52039909362793 0
1731964486850 25.182226181030273 0
1731964503799 26.62884521484375 0
1731964520638 25.39505958557129 0
1731964537929 25.446624755859375 0
1731964554774 25.907503128051758 0
1731964571752 25.904672622680664 0
1731964588619 26.219623565673828 0
1731964605599 25.957677841186523 0
1731964622467 26.457199096679688 0
1731964639446 26.00129508972168 0
1731964656325 26.543344497680664 0
1731964673310 25.68924903869629 0
1731964690155 26.128122329711914 0
1731964707127 27.75324058532715 0
1731964723961 26.04290199279785 0
1731964740941 25.62872886657715 0
1731964757803 25.854511260986328 0
1731964774795 26.52883529663086 0
1731964791980 26.875930786132812 0
1731964808955 27.287851333618164 0
1731964825819 26.354881286621094 0
1731964842786 27.19553565979004 0
1731964859601 26.631263732910156 0
1731964876541 26.54984474182129 0
1731964893374 26.50649070739746 0
1731964910302 26.710277557373047 0
1731964927134 25.57238006591797 0
1731964944085 26.79216194152832 0
1731964960935 25.82634735107422 0
1731964977889 25.861061096191406 0
1731964994736 27.334365844726562 0
1731965011701 27.318998336791992 0
1731965028545 26.969993591308594 0
1731965045825 27.115474700927734 0
1731965062641 27.72612762451172 0
1731965079599 26.95738410949707 0
1731965096424 26.484079360961914 0
1731965113391 27.328638076782227 0
1731965130198 27.46651840209961 0
1731965147113 26.932313919067383 0
1731965163940 27.28729820251465 0
1731965180860 27.62285041809082 0
1731965197698 26.606693267822266 0
1731965214656 27.775129318237305 0
1731965231478 28.364360809326172 0
1731965248405 27.991897583007812 0
1731965265218 27.784761428833008 0
1731965282469 27.430152893066406 0
1731965299304 26.67118263244629 0
1731965316241 27.945594787597656 0
1731965333048 28.16358757019043 0
1731965349982 28.49400520324707 0
1731965366763 27.837440490722656 0
1731965383699 26.849328994750977 0
1731965400498 27.789051055908203 0
1731965417432 27.39000129699707 0
1731965434247 27.857717514038086 0
1731965451166 27.930124282836914 0
1731965467971 27.381040573120117 0
1731965484891 27.686826705932617 0
1731965501679 27.797712326049805 0
1731965518587 27.75091552734375 0
1731965535718 28.3397159576416 0
1731965552626 28.387887954711914 0
1731965569427 28.173444747924805 0
1731965586349 28.120433807373047 0
1731965603126 28.334157943725586 0
1731965620083 27.539274215698242 0
1731965636876 27.957426071166992 0
1731965653801 28.14571189880371 0
1731965670626 27.936269760131836 0
1731965687546 28.555191040039062 0
1731965704342 28.61450958251953 0
1731965721262 28.5848445892334 0
1731965738052 28.988656997680664 0
1731965754955 28.169097900390625 0
1731965771728 28.802879333496094 0
1731965788929 28.220876693725586 0
1731965805734 28.032516479492188 0
1731965822678 28.41002655029297 0
1731965839459 28.610736846923828 0
1731965856352 28.6248722076416 0
1731965873141 29.07457733154297 0
1731965890044 28.385669708251953 0
1731965906823 28.603609085083008 0
1731965923743 29.027225494384766 0
1731965940547 28.9602108001709 0
1731965957470 28.412002563476562 0
1731965974257 28.385210037231445 0
1731965991159 28.948469161987305 0
1731966007941 29.510189056396484 0
1731966024868 28.878040313720703 0
1731966041975 29.395538330078125 0
1731966058880 29.559934616088867 0
1731966075686 29.628053665161133 0
1731966092623 28.74162483215332 0
1731966109397 28.97037124633789 0
1731966126319 28.13680648803711 0
1731966143112 30.01047706604004 0
1731966159999 29.33932876586914 0
1731966176751 29.71769905090332 0
1731966193675 28.758399963378906 0
1731966210448 28.992294311523438 0
1731966227376 29.67081069946289 0
1731966244170 29.256864547729492 0
1731966261062 29.72978973388672 0
1731966277859 28.083019256591797 0
1731966295117 30.265029907226562 0
1731966311918 29.483747482299805 0
1731966328813 30.122325897216797 0
1731966345614 29.918603897094727 0
1731966362548 28.497364044189453 0
1731966379345 29.280075073242188 0
1731966396266 29.784852981567383 0
1731966413059 29.95572280883789 0
1731966429961 29.89296531677246 0
1731966446751 29.837806701660156 0
1731966463677 29.882335662841797 0
1731966480437 29.68366241455078 0
1731966497335 30.124515533447266 0
1731966514129 30.34918975830078 0
1731966531340 29.870744705200195 0
1731966548129 30.441444396972656 0
1731966565030 30.449270248413086 0
1731966581813 29.825593948364258 0
1731966598713 29.60761070251465 0
1731966615502 29.16965675354004 0
1731966632399 29.603378295898438 0
1731966649167 30.512184143066406 0
1731966666092 30.114587783813477 0
1731966682833 29.993310928344727 0
1731966699730 29.867950439453125 0
1731966716522 30.623580932617188 0
1731966733431 30.24614906311035 0
1731966750210 30.01712989807129 0
1731966767132 31.293682098388672 0
1731966784461 30.629440307617188 0
1731966801345 30.44754409790039 0
1731966818154 30.00201416015625 0
1731966835058 30.6759090423584 0
1731966851836 30.8035888671875 0
1731966868727 30.690793991088867 0
1731966885530 30.554550170898438 0
1731966902418 30.227725982666016 0
1731966919202 30.23948097229004 0
1731966936100 30.224315643310547 0
1731966952891 30.334598541259766 0
1731966969779 30.77989387512207 0
1731966986572 30.533123016357422 0
1731967003505 30.306184768676758 0
1731967020302 30.73385238647461 0
1731967037563 30.933320999145508 0
1731967054358 31.134546279907227 0
1731967071290 31.3850154876709 0
1731967088068 30.72549819946289 0
1731967104974 30.244592666625977 0
1731967121756 31.16196060180664 0
1731967138645 30.806232452392578 0
1731967155424 30.884716033935547 0
1731967172334 30.97523307800293 0
1731967189095 31.20098304748535 0
1731967205991 30.568714141845703 0
1731967222780 30.952978134155273 0
1731967239709 30.601655960083008 0
1731967256501 30.156280517578125 0
1731967273384 31.4910831451416 0
1731967290464 31.39017677307129 0
1731967307383 30.58595848083496 0
1731967324175 31.7442684173584 0
1731967341068 31.346881866455078 0
1731967357862 30.72663116455078 0
1731967374772 31.713523864746094 0
1731967391555 31.201263427734375 0
1731967408460 31.14408302307129 0
1731967425265 31.816972732543945 0
1731967442170 31.55449867248535 0
1731967458955 31.477100372314453 0
1731967475867 30.982938766479492 0
1731967492653 31.390920639038086 0
1731967509561 31.51752471923828 0
1731967526363 31.252702713012695 0
