1731963682420 0.0002832902246154845 0
1731963705490 0.00016047294775489718 0
1731963728142 0.00015680817887187004 0
1731963750707 0.00013257226964924484 0
1731963773073 8.272430568467826e-05 0
1731963795490 8.658556907903403e-05 0
1731963817743 0.00014531757915392518 0
1731963840090 7.049771375022829e-05 0
1731963862298 7.164782437030226e-05 0
1731963884636 0.00015622779028490186 0
1731963906890 8.176248229574412e-05 0
1731963929274 6.453919195337221e-05 0
1731963951572 0.00036605942295864224 0
1731963974013 7.331659435294569e-05 0
1731963996098 0.00011980829731328413 0
1731964015685 4.7695168177597225e-05 0
1731964035300 9.391806088387966e-05 0
1731964054918 4.7463676310144365e-05 0
1731964074531 5.4998414270812646e-05 0
1731964094137 9.314117050962523e-05 0
1731964113777 5.0018854381050915e-05 0
1731964133387 0.00016093405429273844 0
1731964152049 5.9818234149133787e-05 0
1731964170213 7.044674566714093e-05 0
1731964188493 7.584670674987137e-05 0
1731964206793 4.169740714132786e-05 0
1731964225108 4.15363501815591e-05 0
1731964243335 7.86383607191965e-05 0
1731964261655 4.007505049230531e-05 0
1731964279944 4.8132082156371325e-05 0
1731964297392 6.7491753725335e-05 0
1731964314857 4.98746958328411e-05 0
1731964332311 4.9932743422687054e-05 0
1731964349769 3.486030982458033e-05 0
1731964367253 3.2016589102568105e-05 0
1731964384724 3.8521498936461285e-05 0
1731964402198 5.65651644137688e-05 0
1731964419179 4.237695975461975e-05 0
1731964436137 4.3929154344368726e-05 0
1731964453004 3.110006946371868e-05 0
1731964469973 3.5974553611595184e-05 0
1731964486852 4.487764090299606e-05 0
1731964503801 4.632838681573048e-05 0
1731964520641 5.19933455507271e-05 0
1731964537931 4.386837099445984e-05 0
1731964554776 3.314651257824153e-05 0
1731964571755 3.775460208998993e-05 0
1731964588621 4.535760672297329e-05 0
1731964605601 3.569442196749151e-05 0
1731964622469 3.723111149156466e-05 0
1731964639448 3.7176767364144325e-05 0
1731964656327 4.929479109705426e-05 0
1731964673312 2.3509643142460845e-05 0
1731964690157 3.348332393215969e-05 0
1731964707129 3.36194243573118e-05 0
1731964723963 3.63484286936e-05 0
1731964740943 3.1245672289514914e-05 0
1731964757805 3.1008501537144184e-05 0
1731964774797 3.5236706025898457e-05 0
1731964791982 2.7805263016489334e-05 0
1731964808958 3.7037843867437914e-05 0
1731964825821 2.7411542760091834e-05 0
1731964842788 3.943878982681781e-05 0
1731964859603 3.099183231825009e-05 0
1731964876543 3.0491955840261653e-05 0
1731964893376 2.5336878024972975e-05 0
1731964910305 2.8909329557791352e-05 0
1731964927137 5.049892206443474e-05 0
1731964944087 5.301531928125769e-05 0
1731964960937 3.07784321194049e-05 0
1731964977891 4.2312341975048184e-05 0
1731964994738 3.058318543480709e-05 0
1731965011703 2.72221805062145e-05 0
1731965028547 3.936555003747344e-05 0
1731965045827 2.800585025397595e-05 0
1731965062643 2.703121936065145e-05 0
1731965079601 2.6398483896628022e-05 0
1731965096426 3.0467877877526917e-05 0
1731965113393 2.2139922293717973e-05 0
1731965130200 2.743912955338601e-05 0
1731965147115 3.316681977594271e-05 0
1731965163942 2.4849336114129983e-05 0
1731965180862 2.943867730209604e-05 0
1731965197700 2.3875823899288662e-05 0
1731965214658 2.7908134143217467e-05 0
1731965231480 1.9391358364373446e-05 0
1731965248407 2.121618490491528e-05 0
1731965265220 2.722440694924444e-05 0
1731965282471 3.3964202884817496e-05 0
1731965299307 2.599565777927637e-05 0
1731965316243 2.3557397071272135e-05 0
1731965333050 2.0158622646704316e-05 0
1731965349985 2.3884485926828347e-05 0
1731965366765 1.820657416828908e-05 0
1731965383702 3.5689710784936324e-05 0
1731965400500 2.172962558688596e-05 0
1731965417434 2.3258082364918664e-05 0
1731965434249 2.4462086003040895e-05 0
1731965451168 2.455280628055334e-05 0
1731965467973 2.803732786560431e-05 0
1731965484893 2.879548628698103e-05 0
1731965501681 2.3622193111805245e-05 0
1731965518589 2.679345379874576e-05 0
1731965535720 3.2640811696182936e-05 0
1731965552628 1.6885076547623612e-05 0
1731965569429 1.682549191173166e-05 0
1731965586352 2.1620180632453412e-05 0
1731965603129 1.8960119632538408e-05 0
1731965620086 1.8160715626436286e-05 0
1731965636878 2.1175572328502312e-05 0
1731965653803 2.631861025292892e-05 0
1731965670628 2.2908001483301632e-05 0
1731965687549 2.5207600629073568e-05 0
1731965704344 1.761378371156752e-05 0
1731965721265 1.6655894796713255e-05 0
1731965738055 1.439235347788781e-05 0
1731965754957 2.651345857884735e-05 0
1731965771730 2.4128148652380332e-05 0
1731965788931 1.964303373824805e-05 0
1731965805736 1.9009650713996962e-05 0
1731965822680 2.6551324481260963e-05 0
1731965839462 2.0838961063418537e-05 0
1731965856354 2.479890827089548e-05 0
1731965873143 1.6489546396769583e-05 0
1731965890047 1.3888177818444092e-05 0
1731965906825 1.5003936823632102e-05 0
1731965923745 1.4930761608411558e-05 0
1731965940549 2.1162917619221844e-05 0
1731965957472 2.164732723031193e-05 0
1731965974259 1.7223852410097606e-05 0
1731965991161 2.3143333237385377e-05 0
1731966007943 1.618536225578282e-05 0
1731966024870 1.892394539027009e-05 0
1731966041978 1.665921081439592e-05 0
1731966058882 2.0836039766436443e-05 0
1731966075688 1.7206482880283147e-05 0
1731966092626 1.8265596736455336e-05 0
1731966109399 2.018643863266334e-05 0
1731966126321 1.2989712558919564e-05 0
1731966143115 1.677237196417991e-05 0
1731966160001 1.9149663785356097e-05 0
1731966176753 2.017700535361655e-05 0
1731966193677 1.9680162949953228e-05 0
1731966210450 2.170010884583462e-05 0
1731966227378 1.2732776667689905e-05 0
1731966244172 1.5556643120362423e-05 0
1731966261064 1.5671839719288982e-05 0
1731966277862 1.3951966138847638e-05 0
1731966295120 1.2139997124904767e-05 0
1731966311920 1.6195628631976433e-05 0
1731966328816 1.7878046492114663e-05 0
1731966345616 1.6894317013793625e-05 0
1731966362550 1.8576616639620624e-05 0
1731966379347 1.544232145533897e-05 0
1731966396268 1.4641291272710077e-05 0
1731966413061 1.663758303038776e-05 0
1731966429963 1.9888633687514812e-05 0
1731966446753 2.2730710043106228e-05 0
1731966463679 1.3272003343445249e-05 0
1731966480439 1.545663326396607e-05 0
1731966497337 1.1765590897994116e-05 0
1731966514131 1.3185132047510706e-05 0
1731966531342 1.2111628166167066e-05 0
1731966548131 2.2408454242395237e-05 0
1731966565032 1.709418575046584e-05 0
1731966581815 1.1883921615662985e-05 0
1731966598715 2.176249290641863e-05 0
1731966615504 1.5913592505967245e-05 0
1731966632401 1.4603840099880472e-05 0
1731966649169 1.7526679584989324e-05 0
1731966666094 1.763679028954357e-05 0
1731966682836 1.690218414296396e-05 0
1731966699732 1.0716175893321633e-05 0
1731966716525 1.0338615538785234e-05 0
1731966733433 1.8580922187538818e-05 0
1731966750212 1.0786990060296375e-05 0
1731966767134 1.0372647011536174e-05 0
1731966784464 1.5571120457025245e-05 0
1731966801347 1.4414948964258656e-05 0
1731966818156 1.354376581730321e-05 0
1731966835060 1.4087188901612535e-05 0
1731966851838 1.7252295947400853e-05 0
1731966868729 1.615825567569118e-05 0
1731966885532 1.635718217585236e-05 0
1731966902420 1.1598155651881825e-05 0
1731966919205 1.392819012835389e-05 0
1731966936102 1.207884542964166e-05 0
1731966952893 1.2513241017586552e-05 0
1731966969782 1.400925248162821e-05 0
1731966986575 1.2343269190751016e-05 0
1731967003507 1.2451285329007078e-05 0
1731967020305 1.0420365470054094e-05 0
1731967037566 9.353473615192343e-06 0
1731967054360 1.1685943718475755e-05 0
1731967071292 1.3019132893532515e-05 0
1731967088070 1.1476694453449454e-05 0
1731967104976 1.3176653737900779e-05 0
1731967121758 1.3159100490156561e-05 0
1731967138647 1.2682354281423613e-05 0
1731967155426 1.2815574336855207e-05 0
1731967172337 1.2771215551765636e-05 0
1731967189097 9.410699931322597e-06 0
1731967205993 1.2414426237228326e-05 0
1731967222783 9.518493243376724e-06 0
1731967239711 1.352264098386513e-05 0
1731967256504 1.1247854672546964e-05 0
1731967273387 1.1392066880944185e-05 0
1731967290466 1.2094649719074368e-05 0
1731967307385 1.2422260624589399e-05 0
1731967324177 1.166712445410667e-05 0
1731967341070 1.230219641001895e-05 0
1731967357864 9.44524617807474e-06 0
1731967374774 1.2286371202208102e-05 0
1731967391557 9.895621587929782e-06 0
1731967408462 1.2667902410612442e-05 0
1731967425267 8.78405808180105e-06 0
1731967442172 9.356828741147183e-06 0
1731967458957 1.1673029803205281e-05 0
1731967475870 1.0248821126879193e-05 0
1731967492655 1.0470725101185963e-05 0
1731967509563 8.709112989890855e-06 0
1731967526365 1.1074688700318802e-05 0
