1731946083080 0.7536450028419495 0
1731946125795 0.72927325963974 0
1731946173482 0.712251603603363 0
1731946222556 0.7188035249710083 0
1731946271478 0.7151971459388733 0
1731946320850 0.7230109572410583 0
1731946370028 0.7203230857849121 0
1731946419589 0.7096417546272278 0
1731946469582 0.7258003950119019 0
1731946519851 0.7318928241729736 0
1731946570317 0.7184716463088989 0
1731946621121 0.7269024848937988 0
1731946671813 0.732949435710907 0
1731946723363 0.7195889353752136 0
1731946773930 0.7240461111068726 0
1731946818240 0.7286232709884644 0
1731946862509 0.7064055800437927 0
1731946906732 0.728344202041626 0
1731946951310 0.7517473697662354 0
1731946995859 0.7284477353096008 0
1731947040572 0.7248646020889282 0
1731947085465 0.7298391461372375 0
1731947127311 0.7319484949111938 0
1731947167890 0.7290015816688538 0
1731947208981 0.7285947799682617 0
1731947250097 0.7248229384422302 0
1731947291032 0.7247006297111511 0
1731947331881 0.7288166880607605 0
1731947372773 0.7182695865631104 0
1731947413085 0.7368628978729248 0
1731947451635 0.7289323210716248 0
1731947490313 0.7173753380775452 0
1731947528970 0.7234188318252563 0
1731947567419 0.7347499132156372 0
1731947605928 0.7338080406188965 0
1731947644390 0.7192308902740479 0
1731947683140 0.7219184637069702 0
1731947720245 0.7251003980636597 0
1731947757435 0.7342931032180786 0
1731947794151 0.735435962677002 0
1731947831389 0.7372021079063416 0
1731947868158 0.7236001491546631 0
1731947905335 0.7209665179252625 0
1731947942223 0.7362815737724304 0
1731947979586 0.7258405089378357 0
1731948016275 0.724055826663971 0
1731948053375 0.7275046110153198 0
1731948090151 0.7326046228408813 0
1731948127337 0.7288431525230408 0
1731948164121 0.7216424942016602 0
1731948201263 0.7236906886100769 0
1731948238325 0.7237716317176819 0
1731948275484 0.7301136255264282 0
1731948312389 0.7152639031410217 0
1731948349588 0.7373031377792358 0
1731948386232 0.7174702286720276 0
1731948423578 0.7017196416854858 0
1731948460405 0.7431802749633789 0
1731948497697 0.7293165326118469 0
1731948535002 0.7307742238044739 0
1731948572143 0.7374577522277832 0
1731948609043 0.7521098256111145 0
1731948646151 0.7323957085609436 0
1731948682952 0.7264391183853149 0
1731948720127 0.7430630922317505 0
1731948756925 0.7282001972198486 0
1731948794031 0.7207284569740295 0
1731948830995 0.7296956777572632 0
1731948868235 0.7348654270172119 0
1731948905070 0.72687828540802 0
1731948942361 0.7205565571784973 0
1731948979360 0.716370701789856 0
1731949016545 0.718274712562561 0
1731949053349 0.7550821304321289 0
1731949090998 0.7347065210342407 0
1731949127903 0.718228816986084 0
1731949165119 0.7173886895179749 0
1731949202044 0.7270252704620361 0
1731949239332 0.7275880575180054 0
1731949276314 0.7371419072151184 0
1731949313415 0.7412794232368469 0
1731949350248 0.7222375869750977 0
1731949387480 0.7279428839683533 0
1731949424281 0.7269578576087952 0
1731949461511 0.734359860420227 0
1731949498297 0.7256626486778259 0
1731949535586 0.7268756031990051 0
1731949572245 0.7255496978759766 0
1731949609782 0.7338792085647583 0
1731949646735 0.7324711084365845 0
1731949684120 0.724940299987793 0
1731949720842 0.71851646900177 0
1731949758059 0.7208384275436401 0
1731949794911 0.7282565236091614 0
1731949832194 0.727900505065918 0
1731949869171 0.728791356086731 0
1731949906272 0.735420823097229 0
1731949943023 0.7287941575050354 0
1731949980349 0.7447313666343689 0
1731950017303 0.726925790309906 0
1731950054689 0.7367039918899536 0
1731950091719 0.717485785484314 0
1731950128945 0.7258108258247375 0
1731950165867 0.7445329427719116 0
1731950203011 0.7220458388328552 0
1731950239932 0.7208593487739563 0
1731950277112 0.7217355370521545 0
1731950313878 0.7228872179985046 0
1731950351125 0.7447322010993958 0
1731950388048 0.7177143692970276 0
1731950425279 0.7379218339920044 0
1731950462030 0.7389455437660217 0
1731950499217 0.7236937880516052 0
1731950536085 0.7342429161071777 0
1731950573284 0.7322100400924683 0
1731950610259 0.7257953882217407 0
1731950647457 0.7239684462547302 0
1731950684439 0.7213884592056274 0
1731950721882 0.7314815521240234 0
1731950758793 0.7270477414131165 0
1731950796023 0.7297759652137756 0
1731950832932 0.7204244136810303 0
1731950870128 0.7302009463310242 0
1731950906999 0.7372004985809326 0
1731950944178 0.7323862314224243 0
1731950980870 0.7279637455940247 0
1731951018271 0.7212518453598022 0
1731951055159 0.7221078872680664 0
1731951092333 0.7293877601623535 0
1731951129133 0.7233521938323975 0
1731951166277 0.7189346551895142 0
1731951203052 0.7344468832015991 0
1731951240371 0.7391208410263062 0
1731951277654 0.7276636362075806 0
1731951314994 0.7290964722633362 0
1731951351776 0.7278620004653931 0
1731951388957 0.731309175491333 0
1731951425820 0.7278746366500854 0
1731951463078 0.709839403629303 0
1731951499836 0.7291314601898193 0
1731951536990 0.7226302027702332 0
1731951573924 0.7305452823638916 0
1731951611202 0.7286455631256104 0
1731951647984 0.7282164096832275 0
1731951684994 0.7292985320091248 0
1731951721805 0.7251655459403992 0
1731951758894 0.7189380526542664 0
1731951795676 0.7276057600975037 0
1731951833305 0.7198331952095032 0
1731951870148 0.7311518788337708 0
1731951907208 0.7267147302627563 0
1731951944021 0.7203093767166138 0
1731951981221 0.7063984274864197 0
1731952018149 0.7306308746337891 0
1731952055247 0.7349835634231567 0
1731952092075 0.7185760736465454 0
1731952129357 0.740458607673645 0
1731952166063 0.7300891876220703 0
1731952203239 0.722446620464325 0
1731952240088 0.7210034132003784 0
1731952277259 0.735872209072113 0
1731952314100 0.7328528165817261 0
1731952351382 0.7196253538131714 0
1731952388183 0.7338266968727112 0
1731952425276 0.730903685092926 0
1731952461929 0.7402183413505554 0
1731952499040 0.7162511348724365 0
1731952535819 0.7091045379638672 0
1731952572920 0.7253433465957642 0
1731952609735 0.7303876876831055 0
1731952646812 0.7257079482078552 0
1731952683562 0.734217643737793 0
1731952720660 0.7232263088226318 0
1731952757443 0.7190511226654053 0
1731952794633 0.7261847853660583 0
1731952831411 0.7208002805709839 0
1731952868415 0.7212770581245422 0
1731952905946 0.732620358467102 0
1731952942964 0.7191256880760193 0
1731952979783 0.722741425037384 0
1731953016845 0.7151488065719604 0
1731953053622 0.7204746007919312 0
1731953090718 0.7306506633758545 0
1731953127479 0.7289442420005798 0
1731953164650 0.725155234336853 0
1731953201507 0.7274538278579712 0
1731953238589 0.7382605671882629 0
1731953275430 0.728009819984436 0
1731953312686 0.7347514629364014 0
1731953349408 0.7263679504394531 0
1731953386572 0.71329665184021 0
1731953423417 0.7311333417892456 0
1731953460918 0.7201072573661804 0
1731953497654 0.7351756691932678 0
1731953534694 0.7251059412956238 0
1731953571547 0.7324172854423523 0
1731953608515 0.7240726947784424 0
1731953645267 0.7372646927833557 0
1731953682416 0.7331860661506653 0
1731953719086 0.7322283983230591 0
1731953756197 0.7336577773094177 0
1731953792920 0.7377168536186218 0
1731953830016 0.7360645532608032 0
1731953866784 0.7460054755210876 0
1731953903984 0.7337115406990051 0
1731953940808 0.7296740412712097 0
1731953978088 0.7317500114440918 0
1731954015300 0.726263701915741 0
1731954052440 0.7182143926620483 0
1731954089171 0.7259904742240906 0
1731954126290 0.7276839017868042 0
1731954163052 0.7297959327697754 0
1731954200172 0.7264203429222107 0
1731954236924 0.7208648920059204 0
1731954274120 0.7251594066619873 0
1731954310825 0.7369428277015686 0
1731954348039 0.7275746464729309 0
1731954384790 0.7234008312225342 0
1731954421883 0.7388543486595154 0
1731954458649 0.733161449432373 0
1731954495745 0.7140486836433411 0
1731954532471 0.7252607941627502 0
