1731946083080 0.01566852442920208 0
1731946125795 0.015593063086271286 0
1731946173482 0.01515316404402256 0
1731946222556 0.014447967521846294 0
1731946271478 0.014577573165297508 0
1731946320850 0.01422563474625349 0
1731946370028 0.014372838661074638 0
1731946419589 0.014399157837033272 0
1731946469582 0.014126413501799107 0
1731946519851 0.01389834750443697 0
1731946570317 0.01393633522093296 0
1731946621121 0.01402202621102333 0
1731946671813 0.014102057553827763 0
1731946723363 0.014242681674659252 0
1731946773930 0.014177937060594559 0
1731946818240 0.013886752538383007 0
1731946862509 0.014282098971307278 0
1731946906732 0.014021928422152996 0
1731946951310 0.014226531609892845 0
1731946995859 0.01419227384030819 0
1731947040572 0.014236253686249256 0
1731947085465 0.013804450631141663 0
1731947127311 0.013742360286414623 0
1731947167890 0.013874060474336147 0
1731947208981 0.014193721115589142 0
1731947250097 0.013952496461570263 0
1731947291032 0.014349403791129589 0
1731947331881 0.01428565289825201 0
1731947372773 0.014327110722661018 0
1731947413085 0.013900639489293098 0
1731947451635 0.014157291501760483 0
1731947490313 0.014069732278585434 0
1731947528970 0.013855334371328354 0
1731947567419 0.013799859210848808 0
1731947605928 0.013639186508953571 0
1731947644390 0.013669895008206367 0
1731947683140 0.013604228384792805 0
1731947720245 0.013788084499537945 0
1731947757435 0.013592243194580078 0
1731947794151 0.014008136466145515 0
1731947831389 0.01396546047180891 0
1731947868158 0.013821071945130825 0
1731947905335 0.013860289007425308 0
1731947942223 0.013878241181373596 0
1731947979586 0.013551733456552029 0
1731948016275 0.01337768230587244 0
1731948053375 0.01363999955356121 0
1731948090151 0.013262351974844933 0
1731948127337 0.013349516317248344 0
1731948164121 0.013484367169439793 0
1731948201263 0.013392552733421326 0
1731948238325 0.01340700313448906 0
1731948275484 0.013513157144188881 0
1731948312389 0.013791908510029316 0
1731948349588 0.013593855313956738 0
1731948386232 0.01362925861030817 0
1731948423578 0.014113296754658222 0
1731948460405 0.013888039626181126 0
1731948497697 0.013543062843382359 0
1731948535002 0.013321648351848125 0
1731948572143 0.013592777773737907 0
1731948609043 0.01380209531635046 0
1731948646151 0.013638556003570557 0
1731948682952 0.013751077465713024 0
1731948720127 0.013628116808831692 0
1731948756925 0.013922568410634995 0
1731948794031 0.013857344165444374 0
1731948830995 0.013836431317031384 0
1731948868235 0.013688738457858562 0
1731948905070 0.013831358402967453 0
1731948942361 0.013762963935732841 0
1731948979360 0.013904872350394726 0
1731949016545 0.013765248470008373 0
1731949053349 0.01334255002439022 0
1731949090998 0.013219578191637993 0
1731949127903 0.013384855352342129 0
1731949165119 0.013235444203019142 0
1731949202044 0.0137352105230093 0
1731949239332 0.013616791926324368 0
1731949276314 0.01357848010957241 0
1731949313415 0.013489635661244392 0
1731949350248 0.013710632920265198 0
1731949387480 0.013946272432804108 0
1731949424281 0.013901167549192905 0
1731949461511 0.013519709929823875 0
1731949498297 0.013540321961045265 0
1731949535586 0.013775989413261414 0
1731949572245 0.013609410263597965 0
1731949609782 0.01362636312842369 0
1731949646735 0.013632922433316708 0
1731949684120 0.013462104834616184 0
1731949720842 0.012682675383985043 0
1731949758059 0.012890283949673176 0
1731949794911 0.013040246441960335 0
1731949832194 0.012837068177759647 0
1731949869171 0.013082209974527359 0
1731949906272 0.013144450262188911 0
1731949943023 0.013492947444319725 0
1731949980349 0.013699258677661419 0
1731950017303 0.013679206371307373 0
1731950054689 0.01358842570334673 0
1731950091719 0.013716881163418293 0
1731950128945 0.013592873699963093 0
1731950165867 0.013249464333057404 0
1731950203011 0.01328218262642622 0
1731950239932 0.013132917694747448 0
1731950277112 0.013215474784374237 0
1731950313878 0.013245648704469204 0
1731950351125 0.01348070427775383 0
1731950388048 0.013638594187796116 0
1731950425279 0.013565542176365852 0
1731950462030 0.013466494157910347 0
1731950499217 0.013670562766492367 0
1731950536085 0.013598950579762459 0
1731950573284 0.013649084605276585 0
1731950610259 0.013674830086529255 0
1731950647457 0.013733740895986557 0
1731950684439 0.013771879486739635 0
1731950721882 0.013850533403456211 0
1731950758793 0.013859865255653858 0
1731950796023 0.013841799460351467 0
1731950832932 0.013869510032236576 0
1731950870128 0.013935643248260021 0
1731950906999 0.013707630336284637 0
1731950944178 0.013798350468277931 0
1731950980870 0.013744520954787731 0
1731951018271 0.013718152418732643 0
1731951055159 0.01379587221890688 0
1731951092333 0.013832398690283298 0
1731951129133 0.013749238103628159 0
1731951166277 0.013705252669751644 0
1731951203052 0.013682336546480656 0
1731951240371 0.013733320869505405 0
1731951277654 0.013838927261531353 0
1731951314994 0.013746945187449455 0
1731951351776 0.013814263045787811 0
1731951388957 0.013681747019290924 0
1731951425820 0.013698301278054714 0
1731951463078 0.013900458812713623 0
1731951499836 0.013817651197314262 0
1731951536990 0.013696634210646152 0
1731951573924 0.01370647270232439 0
1731951611202 0.013629383407533169 0
1731951647984 0.0136184711009264 0
1731951684994 0.013656262308359146 0
1731951721805 0.013752087950706482 0
1731951758894 0.01360141672194004 0
1731951795676 0.013676455244421959 0
1731951833305 0.013560659252107143 0
1731951870148 0.01354970782995224 0
1731951907208 0.013426179066300392 0
1731951944021 0.013727732934057713 0
1731951981221 0.013556602410972118 0
1731952018149 0.01361908484250307 0
1731952055247 0.013529299758374691 0
1731952092075 0.013563751243054867 0
1731952129357 0.013553019613027573 0
1731952166063 0.013583133928477764 0
1731952203239 0.013496911153197289 0
1731952240088 0.013364024460315704 0
1731952277259 0.013203720562160015 0
1731952314100 0.01314786821603775 0
1731952351382 0.012845258228480816 0
1731952388183 0.012853379361331463 0
1731952425276 0.01298494078218937 0
1731952461929 0.013074489310383797 0
1731952499040 0.013128608465194702 0
1731952535819 0.013143427670001984 0
1731952572920 0.012887013144791126 0
1731952609735 0.012838502414524555 0
1731952646812 0.0128824757412076 0
1731952683562 0.012966237030923367 0
1731952720660 0.01291481964290142 0
1731952757443 0.012944696471095085 0
1731952794633 0.012893984094262123 0
1731952831411 0.012884770520031452 0
1731952868415 0.012904508970677853 0
1731952905946 0.012886417098343372 0
1731952942964 0.013013285584747791 0
1731952979783 0.013047422282397747 0
1731953016845 0.013134022243320942 0
1731953053622 0.013051394373178482 0
1731953090718 0.013045848347246647 0
1731953127479 0.012887518852949142 0
1731953164650 0.013036704622209072 0
1731953201507 0.013133767060935497 0
1731953238589 0.012994296848773956 0
1731953275430 0.012977789156138897 0
1731953312686 0.012887812219560146 0
1731953349408 0.012965566478669643 0
1731953386572 0.01300059538334608 0
1731953423417 0.01286705955862999 0
1731953460918 0.012970677576959133 0
1731953497654 0.01289331167936325 0
1731953534694 0.012994355522096157 0
1731953571547 0.012830286286771297 0
1731953608515 0.012938660569489002 0
1731953645267 0.012974933721125126 0
1731953682416 0.013008011505007744 0
1731953719086 0.012773587368428707 0
1731953756197 0.013045623898506165 0
1731953792920 0.012964229099452496 0
1731953830016 0.012871474958956242 0
1731953866784 0.012951336801052094 0
1731953903984 0.012982608750462532 0
1731953940808 0.012932401150465012 0
1731953978088 0.013035858981311321 0
1731954015300 0.012882111594080925 0
1731954052440 0.012859036214649677 0
1731954089171 0.012914539314806461 0
1731954126290 0.012985741719603539 0
1731954163052 0.01301423367112875 0
1731954200172 0.012944003567099571 0
1731954236924 0.013007640838623047 0
1731954274120 0.012959711253643036 0
1731954310825 0.012972237542271614 0
1731954348039 0.013058613985776901 0
1731954384790 0.01299253199249506 0
1731954421883 0.01306106522679329 0
1731954458649 0.013005152344703674 0
1731954495745 0.012987358495593071 0
1731954532471 0.013052960857748985 0
