1731946083080 0.2105391025543213 0
1731946125795 0.07651453465223312 0
1731946173482 0.04420751705765724 0
1731946222556 0.032663241028785706 0
1731946271478 0.027843553572893143 0
1731946320850 0.024787507951259613 0
1731946370028 0.02203252911567688 0
1731946419589 0.0209211353212595 0
1731946469582 0.019714947789907455 0
1731946519851 0.01795237883925438 0
1731946570317 0.01680917665362358 0
1731946621121 0.016204234212636948 0
1731946671813 0.01580735109746456 0
1731946723363 0.01546964980661869 0
1731946773930 0.014131403528153896 0
1731946818240 0.013952456414699554 0
1731946862509 0.014006199315190315 0
1731946906732 0.013814079575240612 0
1731946951310 0.013116348534822464 0
1731946995859 0.012796059250831604 0
1731947040572 0.012749307788908482 0
1731947085465 0.01237030141055584 0
1731947127311 0.012307548895478249 0
1731947167890 0.012110169976949692 0
1731947208981 0.011610716581344604 0
1731947250097 0.01181534118950367 0
1731947291032 0.011264760047197342 0
1731947331881 0.011371737346053123 0
1731947372773 0.011152667924761772 0
1731947413085 0.011518269777297974 0
1731947451635 0.010714424774050713 0
1731947490313 0.010785825550556183 0
1731947528970 0.010450070723891258 0
1731947567419 0.010472280904650688 0
1731947605928 0.010273342952132225 0
1731947644390 0.010391977615654469 0
1731947683140 0.0097942054271698 0
1731947720245 0.01035151258111 0
1731947757435 0.009944893419742584 0
1731947794151 0.010010264813899994 0
1731947831389 0.009950803592801094 0
1731947868158 0.009761206805706024 0
1731947905335 0.00979340635240078 0
1731947942223 0.009701283648610115 0
1731947979586 0.00977976992726326 0
1731948016275 0.009436676278710365 0
1731948053375 0.00941963866353035 0
1731948090151 0.009416804648935795 0
1731948127337 0.009119004011154175 0
1731948164121 0.00935562327504158 0
1731948201263 0.009167918004095554 0
1731948238325 0.008945779874920845 0
1731948275484 0.009118215180933475 0
1731948312389 0.008878566324710846 0
1731948349588 0.008747218176722527 0
1731948386232 0.009044218808412552 0
1731948423578 0.008884184993803501 0
1731948460405 0.008646714501082897 0
1731948497697 0.008480262011289597 0
1731948535002 0.00858529657125473 0
1731948572143 0.0084706861525774 0
1731948609043 0.008843774907290936 0
1731948646151 0.0083775594830513 0
1731948682952 0.0085393525660038 0
1731948720127 0.00847319234162569 0
1731948756925 0.008317988365888596 0
1731948794031 0.00827820599079132 0
1731948830995 0.008253033272922039 0
1731948868235 0.008232805877923965 0
1731948905070 0.008217106573283672 0
1731948942361 0.008059695363044739 0
1731948979360 0.00796096958220005 0
1731949016545 0.007899109274148941 0
1731949053349 0.008003141731023788 0
1731949090998 0.007944612763822079 0
1731949127903 0.007893686182796955 0
1731949165119 0.007756490726023912 0
1731949202044 0.007932236418128014 0
1731949239332 0.007779757026582956 0
1731949276314 0.007793080992996693 0
1731949313415 0.007557114586234093 0
1731949350248 0.007814917713403702 0
1731949387480 0.007699085399508476 0
1731949424281 0.007590009365230799 0
1731949461511 0.007520459592342377 0
1731949498297 0.0075274803675711155 0
1731949535586 0.007640227675437927 0
1731949572245 0.00740318838506937 0
1731949609782 0.007439678069204092 0
1731949646735 0.00730168167501688 0
1731949684120 0.007499626837670803 0
1731949720842 0.007179015316069126 0
1731949758059 0.007453889586031437 0
1731949794911 0.00737513042986393 0
1731949832194 0.007303868420422077 0
1731949869171 0.00727454200387001 0
1731949906272 0.007290381006896496 0
1731949943023 0.0075219119898974895 0
1731949980349 0.00706835649907589 0
1731950017303 0.007058311253786087 0
1731950054689 0.007199091836810112 0
1731950091719 0.006974527612328529 0
1731950128945 0.007017298135906458 0
1731950165867 0.00700718117877841 0
1731950203011 0.00705955782905221 0
1731950239932 0.00696736853569746 0
1731950277112 0.006890751887112856 0
1731950313878 0.007018547039479017 0
1731950351125 0.0070286644622683525 0
1731950388048 0.006909378804266453 0
1731950425279 0.006789451465010643 0
1731950462030 0.006780549418181181 0
1731950499217 0.006849012337625027 0
1731950536085 0.007011068053543568 0
1731950573284 0.006909695453941822 0
1731950610259 0.00683117751032114 0
1731950647457 0.006779926363378763 0
1731950684439 0.006886936724185944 0
1731950721882 0.006880099885165691 0
1731950758793 0.006849218159914017 0
1731950796023 0.006711508147418499 0
1731950832932 0.006596882361918688 0
1731950870128 0.006925662979483604 0
1731950906999 0.006688116583973169 0
1731950944178 0.006836620159447193 0
1731950980870 0.00645869318395853 0
1731951018271 0.006859391927719116 0
1731951055159 0.006470003165304661 0
1731951092333 0.006640082225203514 0
1731951129133 0.006553492043167353 0
1731951166277 0.00647561252117157 0
1731951203052 0.0064351968467235565 0
1731951240371 0.006475474219769239 0
1731951277654 0.006601728964596987 0
1731951314994 0.006143471226096153 0
1731951351776 0.006413485389202833 0
1731951388957 0.006419455632567406 0
1731951425820 0.006342618726193905 0
1731951463078 0.006616883911192417 0
1731951499836 0.006248141638934612 0
1731951536990 0.006469454150646925 0
1731951573924 0.006214168854057789 0
1731951611202 0.006494120694696903 0
1731951647984 0.006341154687106609 0
1731951684994 0.006410351954400539 0
1731951721805 0.00616514403373003 0
1731951758894 0.006396990269422531 0
1731951795676 0.00614085141569376 0
1731951833305 0.006303409114480019 0
1731951870148 0.006316930986940861 0
1731951907208 0.006364081054925919 0
1731951944021 0.006049232091754675 0
1731951981221 0.006212474778294563 0
1731952018149 0.006263028364628553 0
1731952055247 0.006108531728386879 0
1731952092075 0.006233677268028259 0
1731952129357 0.006208161823451519 0
1731952166063 0.0060650985687971115 0
1731952203239 0.006081146188080311 0
1731952240088 0.0061085522174835205 0
1731952277259 0.006100967060774565 0
1731952314100 0.006285404786467552 0
1731952351382 0.00604559201747179 0
1731952388183 0.006039345636963844 0
1731952425276 0.005956104025244713 0
1731952461929 0.006080319173634052 0
1731952499040 0.00601596012711525 0
1731952535819 0.006156804971396923 0
1731952572920 0.006086519453674555 0
1731952609735 0.006047080736607313 0
1731952646812 0.005852558650076389 0
1731952683562 0.005987274460494518 0
1731952720660 0.005948477424681187 0
1731952757443 0.0058780694380402565 0
1731952794633 0.006011077202856541 0
1731952831411 0.005947820842266083 0
1731952868415 0.005922800861299038 0
1731952905946 0.0058233472518622875 0
1731952942964 0.0059152571484446526 0
1731952979783 0.005737851839512587 0
1731953016845 0.005905547179281712 0
1731953053622 0.0058944192714989185 0
1731953090718 0.005780674517154694 0
1731953127479 0.0056885769590735435 0
1731953164650 0.005867042578756809 0
1731953201507 0.0057806470431387424 0
1731953238589 0.0059317369014024734 0
1731953275430 0.005855463910847902 0
1731953312686 0.005722978617995977 0
1731953349408 0.005786827765405178 0
1731953386572 0.005814116448163986 0
1731953423417 0.0057130735367536545 0
1731953460918 0.005706110503524542 0
1731953497654 0.005820628255605698 0
1731953534694 0.005787685979157686 0
1731953571547 0.005598592571914196 0
1731953608515 0.005739856977015734 0
1731953645267 0.005707301199436188 0
1731953682416 0.005646004341542721 0
1731953719086 0.00569244334474206 0
1731953756197 0.005759529769420624 0
1731953792920 0.005583822727203369 0
1731953830016 0.005632879212498665 0
1731953866784 0.00562271848320961 0
1731953903984 0.005514126271009445 0
1731953940808 0.005609224550426006 0
1731953978088 0.0055711581371724606 0
1731954015300 0.0055853379890322685 0
1731954052440 0.005504409316927195 0
1731954089171 0.00556142209097743 0
1731954126290 0.005565333645790815 0
1731954163052 0.005449110642075539 0
1731954200172 0.005585417617112398 0
1731954236924 0.005478548817336559 0
1731954274120 0.005483291577547789 0
1731954310825 0.005473073106259108 0
1731954348039 0.005458921194076538 0
1731954384790 0.005454312078654766 0
1731954421883 0.005521473474800587 0
1731954458649 0.00540712708607316 0
1731954495745 0.005468137562274933 0
1731954532471 0.005370983853936195 0
