1731946083080 22.51129150390625 0
1731946125795 23.06959342956543 0
1731946173482 23.538217544555664 0
1731946222556 24.805757522583008 0
1731946271478 25.775468826293945 0
1731946320850 25.042768478393555 0
1731946370028 25.829753875732422 0
1731946419589 26.230894088745117 0
1731946469582 26.288450241088867 0
1731946519851 25.986135482788086 0
1731946570317 27.58815574645996 0
1731946621121 24.802515029907227 0
1731946671813 26.754549026489258 0
1731946723363 27.230802536010742 0
1731946773930 27.261137008666992 0
1731946818240 26.501779556274414 0
1731946862509 26.096786499023438 0
1731946906732 26.079219818115234 0
1731946951310 27.298154830932617 0
1731946995859 26.76192283630371 0
1731947040572 25.55091667175293 0
1731947085465 27.76735496520996 0
1731947127311 26.097810745239258 0
1731947167890 25.060632705688477 0
1731947208981 26.486196517944336 0
1731947250097 26.835744857788086 0
1731947291032 26.1046142578125 0
1731947331881 27.037521362304688 0
1731947372773 27.932788848876953 0
1731947413085 26.538036346435547 0
1731947451635 28.382802963256836 0
1731947490313 26.54332733154297 0
1731947528970 27.566850662231445 0
1731947567419 26.434415817260742 0
1731947605928 28.071727752685547 0
1731947644390 27.48790740966797 0
1731947683140 27.36815643310547 0
1731947720245 27.603248596191406 0
1731947757435 25.572019577026367 0
1731947794151 26.350757598876953 0
1731947831389 26.995943069458008 0
1731947868158 26.494251251220703 0
1731947905335 27.86995506286621 0
1731947942223 25.72193145751953 0
1731947979586 25.98403549194336 0
1731948016275 27.604896545410156 0
1731948053375 25.265270233154297 0
1731948090151 25.95163345336914 0
1731948127337 28.16242027282715 0
1731948164121 28.248558044433594 0
1731948201263 27.918720245361328 0
1731948238325 27.174224853515625 0
1731948275484 27.31039810180664 0
1731948312389 27.346342086791992 0
1731948349588 27.153141021728516 0
1731948386232 27.095949172973633 0
1731948423578 26.825828552246094 0
1731948460405 26.60211753845215 0
1731948497697 27.8111629486084 0
1731948535002 27.583232879638672 0
1731948572143 26.854734420776367 0
1731948609043 27.71087074279785 0
1731948646151 27.452051162719727 0
1731948682952 27.932125091552734 0
1731948720127 27.256717681884766 0
1731948756925 28.294675827026367 0
1731948794031 25.39583969116211 0
1731948830995 29.104570388793945 0
1731948868235 28.323543548583984 0
1731948905070 27.00450897216797 0
1731948942361 27.778501510620117 0
1731948979360 28.584596633911133 0
1731949016545 26.97361183166504 0
1731949053349 27.99800682067871 0
1731949090998 28.425216674804688 0
1731949127903 27.540090560913086 0
1731949165119 27.5446834564209 0
1731949202044 27.484317779541016 0
1731949239332 27.977006912231445 0
1731949276314 28.10918617248535 0
1731949313415 27.680078506469727 0
1731949350248 27.1850643157959 0
1731949387480 27.372894287109375 0
1731949424281 27.41004180908203 0
1731949461511 27.880308151245117 0
1731949498297 28.117565155029297 0
1731949535586 25.566877365112305 0
1731949572245 28.763534545898438 0
1731949609782 28.991098403930664 0
1731949646735 28.393356323242188 0
1731949684120 27.58533477783203 0
1731949720842 26.44508171081543 0
1731949758059 28.351593017578125 0
1731949794911 27.466148376464844 0
1731949832194 28.868629455566406 0
1731949869171 29.137842178344727 0
1731949906272 27.424179077148438 0
1731949943023 26.97382354736328 0
1731949980349 28.686481475830078 0
1731950017303 28.07684898376465 0
1731950054689 27.816661834716797 0
1731950091719 28.82101821899414 0
1731950128945 28.89923858642578 0
1731950165867 27.533092498779297 0
1731950203011 28.43113136291504 0
1731950239932 26.746992111206055 0
1731950277112 27.451412200927734 0
1731950313878 27.769290924072266 0
1731950351125 28.415203094482422 0
1731950388048 28.659584045410156 0
1731950425279 27.986759185791016 0
1731950462030 28.53455352783203 0
1731950499217 28.898075103759766 0
1731950536085 29.341609954833984 0
1731950573284 27.95818519592285 0
1731950610259 28.295143127441406 0
1731950647457 28.026838302612305 0
1731950684439 28.19165802001953 0
1731950721882 28.85049819946289 0
1731950758793 27.68146324157715 0
1731950796023 28.332773208618164 0
1731950832932 28.163320541381836 0
1731950870128 27.968122482299805 0
1731950906999 29.027355194091797 0
1731950944178 28.7357120513916 0
1731950980870 28.176162719726562 0
1731951018271 29.102439880371094 0
1731951055159 27.409832000732422 0
1731951092333 28.26951026916504 0
1731951129133 28.48045539855957 0
1731951166277 27.967870712280273 0
1731951203052 29.471731185913086 0
1731951240371 28.979427337646484 0
1731951277654 26.283275604248047 0
1731951314994 29.08880615234375 0
1731951351776 28.024988174438477 0
1731951388957 28.608673095703125 0
1731951425820 29.622074127197266 0
1731951463078 28.285043716430664 0
1731951499836 28.774961471557617 0
1731951536990 28.194908142089844 0
1731951573924 29.17919158935547 0
1731951611202 28.2858943939209 0
1731951647984 28.767200469970703 0
1731951684994 28.895906448364258 0
1731951721805 28.577068328857422 0
1731951758894 29.613662719726562 0
1731951795676 28.538990020751953 0
1731951833305 29.597003936767578 0
1731951870148 28.240800857543945 0
1731951907208 27.98282241821289 0
1731951944021 27.946632385253906 0
1731951981221 29.47123908996582 0
1731952018149 26.891633987426758 0
1731952055247 28.02100944519043 0
1731952092075 28.769193649291992 0
1731952129357 28.552274703979492 0
1731952166063 28.007896423339844 0
1731952203239 28.645769119262695 0
1731952240088 29.711273193359375 0
1731952277259 27.3989315032959 0
1731952314100 29.350175857543945 0
1731952351382 26.833036422729492 0
1731952388183 28.055381774902344 0
1731952425276 28.68942642211914 0
1731952461929 27.180458068847656 0
1731952499040 28.281543731689453 0
1731952535819 26.963333129882812 0
1731952572920 29.153894424438477 0
1731952609735 28.840320587158203 0
1731952646812 28.528940200805664 0
1731952683562 29.553977966308594 0
1731952720660 28.326635360717773 0
1731952757443 28.087614059448242 0
1731952794633 29.380916595458984 0
1731952831411 29.141796112060547 0
1731952868415 29.05320930480957 0
1731952905946 27.984403610229492 0
1731952942964 29.1047306060791 0
1731952979783 29.627309799194336 0
1731953016845 26.97612762451172 0
1731953053622 27.83094024658203 0
1731953090718 28.614097595214844 0
1731953127479 29.210851669311523 0
1731953164650 27.653057098388672 0
1731953201507 27.918241500854492 0
1731953238589 29.237892150878906 0
1731953275430 28.396358489990234 0
1731953312686 29.031970977783203 0
1731953349408 28.631242752075195 0
1731953386572 28.44919204711914 0
1731953423417 28.756763458251953 0
1731953460918 30.315410614013672 0
1731953497654 27.373313903808594 0
1731953534694 28.789154052734375 0
1731953571547 29.03860855102539 0
1731953608515 27.837717056274414 0
1731953645267 29.234086990356445 0
1731953682416 27.778350830078125 0
1731953719086 29.397851943969727 0
1731953756197 28.09672737121582 0
1731953792920 29.33544921875 0
1731953830016 28.1881160736084 0
1731953866784 28.714502334594727 0
1731953903984 29.18575096130371 0
1731953940808 29.241628646850586 0
1731953978088 28.36521339416504 0
1731954015300 28.553808212280273 0
1731954052440 28.9267635345459 0
1731954089171 27.140724182128906 0
1731954126290 29.187442779541016 0
1731954163052 29.315872192382812 0
1731954200172 28.849258422851562 0
1731954236924 28.70456314086914 0
1731954274120 27.95119857788086 0
1731954310825 28.658214569091797 0
1731954348039 27.942384719848633 0
1731954384790 29.384857177734375 0
1731954421883 28.31430435180664 0
1731954458649 29.059425354003906 0
1731954495745 28.469837188720703 0
1731954532471 29.77783966064453 0
