1731946083083 0.005608809180557728 0
1731946125800 0.00493219867348671 0
1731946173485 0.004427699837833643 0
1731946222558 0.0033069222699850798 0
1731946271480 0.002645166590809822 0
1731946320853 0.003131288103759289 0
1731946370031 0.0026123085990548134 0
1731946419592 0.0023818283807486296 0
1731946469585 0.0023504707496613264 0
1731946519854 0.002519917907193303 0
1731946570319 0.0017425459809601307 0
1731946621123 0.0033093940000981092 0
1731946671816 0.0021112761460244656 0
1731946723366 0.0018919934518635273 0
1731946773933 0.0018788243178278208 0
1731946818242 0.0022378037683665752 0
1731946862512 0.002456525107845664 0
1731946906735 0.0024664821103215218 0
1731946951313 0.0018628782127052546 0
1731946995861 0.0021076935809105635 0
1731947040574 0.0027855336666107178 0
1731947085467 0.0016721081919968128 0
1731947127314 0.0024559451267123222 0
1731947167893 0.0031184335239231586 0
1731947208984 0.0022458478342741728 0
1731947250100 0.0020721708424389362 0
1731947291034 0.002452101092785597 0
1731947331884 0.001978097017854452 0
1731947372776 0.001609611208550632 0
1731947413088 0.002219198737293482 0
1731947451637 0.0014511741464957595 0
1731947490316 0.002216496504843235 0
1731947528972 0.0017511153127998114 0
1731947567422 0.0022727851755917072 0
1731947605930 0.0015589313115924597 0
1731947644393 0.0017832377925515175 0
1731947683143 0.0018330924212932587 0
1731947720248 0.0017365006497129798 0
1731947757438 0.0027720292564481497 0
1731947794154 0.002316990401595831 0
1731947831393 0.001997126964852214 0
1731947868161 0.0022416855208575726 0
1731947905338 0.001633068430237472 0
1731947942225 0.0026779770851135254 0
1731947979588 0.002521136775612831 0
1731948016278 0.0017358422046527267 0
1731948053378 0.0029749046079814434 0
1731948090154 0.0025400170125067234 0
1731948127340 0.0015267141861841083 0
1731948164124 0.0014967316528782248 0
1731948201266 0.0016148339491337538 0
1731948238327 0.0019168028375133872 0
1731948275486 0.001857634400948882 0
1731948312392 0.0018423229921609163 0
1731948349591 0.0019261306151747704 0
1731948386235 0.0019516631728038192 0
1731948423581 0.0020769070833921432 0
1731948460408 0.0021866941824555397 0
1731948497700 0.0016553265741094947 0
1731948535005 0.0017445225967094302 0
1731948572146 0.002063129562884569 0
1731948609046 0.0016939982306212187 0
1731948646153 0.0017980209086090326 0
1731948682955 0.0016098578926175833 0
1731948720130 0.0018807367887347937 0
1731948756928 0.0014809228014200926 0
1731948794034 0.0028867952059954405 0
1731948830997 0.0012289746664464474 0
1731948868238 0.0014711113180965185 0
1731948905073 0.0019931921269744635 0
1731948942364 0.0016678222455084324 0
1731948979362 0.001385288662277162 0
1731949016548 0.002007421338930726 0
1731949053352 0.0015856202226132154 0
1731949091001 0.0014370707795023918 0
1731949127905 0.0017619389109313488 0
1731949165122 0.0017600760329514742 0
1731949202047 0.001784711959771812 0
1731949239335 0.001593306427821517 0
1731949276317 0.0015455435495823622 0
1731949313417 0.0017060514073818922 0
1731949350251 0.0019120251527056098 0
1731949387482 0.0018310928717255592 0
1731949424284 0.001815497875213623 0
1731949461514 0.0016291795764118433 0
1731949498300 0.0015425648307427764 0
1731949535589 0.0027753133326768875 0
1731949572247 0.0013293717056512833 0
1731949609784 0.0012615083251148462 0
1731949646738 0.0014476522337645292 0
1731949684122 0.0017436787020415068 0
1731949720844 0.002267209580168128 0
1731949758061 0.0014616408152505755 0
1731949794914 0.0017921940889209509 0
1731949832197 0.0012975884601473808 0
1731949869173 0.0012195950839668512 0
1731949906275 0.0018095968989655375 0
1731949943025 0.0020073242485523224 0
1731949980352 0.0013531682780012488 0
1731950017305 0.0015570942778140306 0
1731950054691 0.0016532310983166099 0
1731950091722 0.0013118921779096127 0
1731950128948 0.0012884752359241247 0
1731950165870 0.0017647796776145697 0
1731950203014 0.0014351153513416648 0
1731950239935 0.00211495254188776 0
1731950277114 0.0017982861027121544 0
1731950313881 0.0016713626682758331 0
1731950351128 0.0014403884997591376 0
1731950388050 0.0013615748612210155 0
1731950425281 0.001589732593856752 0
1731950462032 0.0014013433828949928 0
1731950499219 0.001288820058107376 0
1731950536090 0.0011636944254860282 0
1731950573287 0.0016002267366275191 0
1731950610261 0.0014807635452598333 0
1731950647460 0.0015751285245642066 0
1731950684442 0.0015164710348472 0
1731950721885 0.0013030170230194926 0
1731950758796 0.0017055068165063858 0
1731950796025 0.0014679882442578673 0
1731950832934 0.0015263980021700263 0
1731950870133 0.001596568850800395 0
1731950907002 0.001251020235940814 0
1731950944181 0.0013379155425354838 0
1731950980872 0.0015218908665701747 0
1731951018273 0.0012295774649828672 0
1731951055162 0.001815585303120315 0
1731951092335 0.0014895291533321142 0
1731951129136 0.0014189084758982062 0
1731951166279 0.0015966619830578566 0
1731951203054 0.0011293453862890601 0
1731951240374 0.0012649026466533542 0
1731951277656 0.002353273332118988 0
1731951314997 0.0012334436178207397 0
1731951351778 0.0015757994260638952 0
1731951388959 0.0013776298146694899 0
1731951425823 0.00109091866761446 0
1731951463081 0.0014842106029391289 0
1731951499839 0.001325878780335188 0
1731951536993 0.0015153365675359964 0
1731951573926 0.0012080383021384478 0
1731951611204 0.0014839197974652052 0
1731951647987 0.0013282501604408026 0
1731951684996 0.001289463834837079 0
1731951721807 0.0013876920565962791 0
1731951758897 0.0010930337011814117 0
1731951795678 0.0013999121729284525 0
1731951833308 0.0010972346644848585 0
1731951870151 0.0014994079247117043 0
1731951907210 0.0015911742812022567 0
1731951944023 0.0016044884687289596 0
1731951981224 0.0011294730938971043 0
1731952018151 0.0020456742495298386 0
1731952055250 0.0015772441402077675 0
1731952092077 0.001327640376985073 0
1731952129359 0.0013956364709883928 0
1731952166065 0.0015820137923583388 0
1731952203242 0.0013659128453582525 0
1731952240090 0.001068741548806429 0
1731952277262 0.0018201482016593218 0
1731952314103 0.0011614011600613594 0
1731952351385 0.0020734628196805716 0
1731952388186 0.0015648104017600417 0
1731952425278 0.0013522509252652526 0
1731952461932 0.001914053107611835 0
1731952499043 0.0014854075852781534 0
1731952535821 0.002012179233133793 0
1731952572922 0.0012150956317782402 0
1731952609738 0.0013060744386166334 0
1731952646815 0.0014031552709639072 0
1731952683564 0.0011081588454544544 0
1731952720663 0.0014700647443532944 0
1731952757445 0.0015532393008470535 0
1731952794636 0.001153209712356329 0
1731952831414 0.0012184850638732314 0
1731952868417 0.001243595383130014 0
1731952905949 0.0015905946493148804 0
1731952942967 0.0012289293808862567 0
1731952979786 0.0010896048042923212 0
1731953016847 0.002006260212510824 0
1731953053625 0.0016478052129969 0
1731953090721 0.0013759105931967497 0
1731953127482 0.001199263846501708 0
1731953164653 0.0017166993347927928 0
1731953201509 0.0016150119481608272 0
1731953238591 0.0011918200179934502 0
1731953275433 0.0014466512948274612 0
1731953312688 0.0012496912386268377 0
1731953349410 0.001370489364489913 0
1731953386574 0.0014291598927229643 0
1731953423419 0.0013314459938555956 0
1731953460920 0.0009299481753259897 0
1731953497657 0.0018309156876057386 0
1731953534697 0.0013215522048994899 0
1731953571550 0.001247782725840807 0
1731953608517 0.0016452360432595015 0
1731953645269 0.0011928644962608814 0
1731953682418 0.0016678799875080585 0
1731953719089 0.0011487214360386133 0
1731953756199 0.0015499837463721633 0
1731953792922 0.0011653464753180742 0
1731953830019 0.0015177084133028984 0
1731953866787 0.0013444654177874327 0
1731953903987 0.001206215238198638 0
1731953940810 0.001190794981084764 0
1731953978090 0.0014570634812116623 0
1731954015303 0.0013951442670077085 0
1731954052442 0.0012803348945453763 0
1731954089173 0.001931645325385034 0
1731954126292 0.001205745618790388 0
1731954163054 0.00117061089258641 0
1731954200175 0.0013033892028033733 0
1731954236927 0.0013475455343723297 0
1731954274122 0.0016028023092076182 0
1731954310828 0.0013620037352666259 0
1731954348041 0.0016060583293437958 0
1731954384792 0.001152163720689714 0
1731954421885 0.001474244287237525 0
1731954458652 0.0012418165570124984 0
1731954495747 0.0014223817270249128 0
1731954532473 0.0010524848476052284 0
