1732098614555 1.9568328857421875 0
1732098652296 1.4148305654525757 0
1732098674474 1.5167970657348633 0
1732098696969 1.4980336427688599 0
1732098719393 1.5006340742111206 0
1732098741988 1.6534819602966309 0
1732098764497 1.6262925863265991 0
1732098787073 1.4772868156433105 0
1732098809596 1.439184308052063 0
1732098832304 1.5177966356277466 0
1732098854911 1.413786768913269 0
1732098877627 1.3640915155410767 0
1732098900221 1.4870539903640747 0
1732098922983 1.4257774353027344 0
1732098945621 1.241598129272461 0
1732098965657 1.4822089672088623 0
1732098985710 1.3879282474517822 0
1732099005775 1.416177749633789 0
1732099025812 1.4537304639816284 0
1732099045903 1.378317952156067 0
1732099066001 1.418987512588501 0
1732099086117 1.4110207557678223 0
1732099105266 1.3432811498641968 0
1732099123941 1.2509347200393677 0
1732099142749 1.3356831073760986 0
1732099161582 1.4225728511810303 0
1732099180407 1.3390295505523682 0
1732099199083 1.4090253114700317 0
1732099217924 1.3672120571136475 0
1732099236673 1.341370701789856 0
1732099254673 1.344724416732788 0
1732099272656 1.3678958415985107 0
1732099290633 1.2249339818954468 0
1732099308619 1.3238484859466553 0
1732099326604 1.35111403465271 0
1732099344602 1.2708842754364014 0
1732099362613 1.303132176399231 0
1732099380097 1.271584391593933 0
1732099397858 1.2823755741119385 0
1732099415249 1.1539556980133057 0
1732099432762 1.2829684019088745 0
1732099450171 1.307881474494934 0
1732099467663 1.2365645170211792 0
1732099485020 1.2811777591705322 0
1732099502795 1.163822054862976 0
1732099520177 1.2180631160736084 0
1732099537683 1.2473170757293701 0
1732099555063 1.2134008407592773 0
1732099572568 1.1445889472961426 0
1732099589951 1.2298016548156738 0
1732099607442 1.2456680536270142 0
1732099624817 1.2162376642227173 0
1732099642329 1.2570993900299072 0
1732099659713 1.240790605545044 0
1732099677205 1.2110028266906738 0
1732099694585 1.2420461177825928 0
1732099712098 1.1931034326553345 0
1732099729469 1.2078051567077637 0
1732099746980 1.1518652439117432 0
1732099764661 1.208031415939331 0
1732099782150 1.2480705976486206 0
1732099799529 1.2378554344177246 0
1732099817018 1.151479959487915 0
1732099834396 1.2223901748657227 0
1732099851899 1.1317318677902222 0
1732099869275 1.1209337711334229 0
1732099886791 1.1227225065231323 0
1732099904147 1.2184257507324219 0
1732099921626 1.182043194770813 0
1732099938996 1.1848111152648926 0
1732099956479 1.1663124561309814 0
1732099973857 1.1378597021102905 0
1732099991344 1.1329585313796997 0
1732100008676 1.1317294836044312 0
1732100026446 1.1927307844161987 0
1732100043809 1.13201105594635 0
1732100061300 1.2159923315048218 0
1732100078682 1.1646147966384888 0
1732100096136 1.1577309370040894 0
1732100113480 1.2073122262954712 0
1732100130969 1.2326414585113525 0
1732100148314 1.1425888538360596 0
1732100165802 1.1085447072982788 0
1732100183149 1.0858827829360962 0
1732100200659 1.177290439605713 0
1732100217997 1.176286220550537 0
1732100235470 1.1403542757034302 0
1732100252844 1.156823754310608 0
1732100270640 1.1301403045654297 0
1732100288003 1.1882357597351074 0
1732100305516 1.1343523263931274 0
1732100322903 1.13322114944458 0
1732100340391 1.182360053062439 0
1732100357781 1.184012532234192 0
1732100375291 1.1733462810516357 0
1732100392645 1.085301399230957 0
1732100410162 1.2001012563705444 0
1732100427520 1.136509656906128 0
1732100445025 1.1299551725387573 0
1732100462398 1.1747368574142456 0
1732100479920 1.1338224411010742 0
1732100497292 1.1529300212860107 0
1732100514790 1.1651605367660522 0
1732100532529 1.139805793762207 0
1732100550031 1.1350842714309692 0
1732100567405 1.077582836151123 0
1732100584900 1.1933013200759888 0
1732100602305 1.1629711389541626 0
1732100619815 1.2152601480484009 0
1732100637232 1.1301404237747192 0
1732100654737 1.1097021102905273 0
1732100672127 1.1219173669815063 0
1732100689599 1.1409809589385986 0
1732100706983 1.1147669553756714 0
1732100724482 1.2225028276443481 0
1732100741902 1.1702079772949219 0
1732100759407 1.1462407112121582 0
1732100776797 1.144248127937317 0
1732100794602 1.1119626760482788 0
1732100811957 1.1651017665863037 0
1732100829463 1.1792972087860107 0
1732100846847 1.1351876258850098 0
1732100864362 1.1385393142700195 0
1732100881759 1.1135237216949463 0
1732100899265 1.150646686553955 0
1732100916646 1.1765015125274658 0
1732100934152 1.1254034042358398 0
1732100951547 1.1242997646331787 0
1732100969051 1.1306086778640747 0
1732100986430 1.1398884057998657 0
1732101003911 1.1238555908203125 0
1732101021279 1.1188080310821533 0
1732101038757 1.1304465532302856 0
1732101056443 1.14555025100708 0
1732101073935 1.0829427242279053 0
1732101091305 1.1421990394592285 0
1732101108792 1.1341005563735962 0
1732101126180 1.119336724281311 0
1732101143660 1.129992127418518 0
1732101161017 1.130521297454834 0
1732101178526 1.1012367010116577 0
1732101195864 1.1334326267242432 0
1732101213336 1.1532275676727295 0
1732101230709 1.0946850776672363 0
1732101248189 1.1281636953353882 0
1732101265570 1.1091270446777344 0
1732101283054 1.1251873970031738 0
1732101300433 1.0755358934402466 0
1732101318222 1.0820890665054321 0
1732101335591 1.1646595001220703 0
1732101353072 1.0685198307037354 0
1732101370436 1.1304670572280884 0
1732101387928 1.1038248538970947 0
1732101405319 1.1449230909347534 0
1732101422822 1.0936156511306763 0
1732101440207 1.0920881032943726 0
1732101457705 1.1089861392974854 0
1732101475073 1.10479736328125 0
1732101492578 1.128396987915039 0
1732101509972 1.1346766948699951 0
1732101527436 1.1050037145614624 0
1732101544837 1.0980886220932007 0
1732101562613 1.1250064373016357 0
1732101579991 1.0992428064346313 0
1732101597480 1.1195383071899414 0
1732101614867 1.1417087316513062 0
1732101632361 1.1330198049545288 0
1732101649734 1.1329081058502197 0
1732101667251 1.1296234130859375 0
1732101684623 1.1303045749664307 0
1732101702132 1.1125264167785645 0
1732101719510 1.092382550239563 0
1732101737021 1.136170506477356 0
1732101754410 1.121760368347168 0
1732101771910 1.1118725538253784 0
1732101789270 1.1446027755737305 0
1732101806741 1.1181206703186035 0
1732101824456 1.104152798652649 0
1732101841966 1.1137089729309082 0
1732101859334 1.1074479818344116 0
1732101876831 1.1238489151000977 0
1732101894224 1.0906658172607422 0
1732101911712 1.075997233390808 0
1732101929099 1.1227303743362427 0
1732101946603 1.0791605710983276 0
1732101963989 1.1215893030166626 0
1732101981494 1.1053645610809326 0
1732101998867 1.0948728322982788 0
1732102016363 1.1228495836257935 0
1732102033738 1.1090980768203735 0
1732102051249 1.1015619039535522 0
1732102068632 1.094592571258545 0
1732102086483 1.1095004081726074 0
1732102103898 1.1132886409759521 0
1732102121381 1.1036689281463623 0
1732102138770 1.1396414041519165 0
1732102156277 1.116383671760559 0
1732102173671 1.1013013124465942 0
1732102191176 1.0950660705566406 0
1732102208557 1.1140556335449219 0
1732102226081 1.0957332849502563 0
1732102243460 1.114526629447937 0
1732102260968 1.0817580223083496 0
1732102278343 1.1030887365341187 0
1732102295828 1.1027549505233765 0
1732102313191 1.1031839847564697 0
1732102330685 1.1072368621826172 0
1732102348382 1.1023590564727783 0
1732102365901 1.093546986579895 0
1732102383274 1.0854716300964355 0
1732102400770 1.125597596168518 0
1732102418150 1.1199674606323242 0
1732102435650 1.0874871015548706 0
1732102453011 1.1148947477340698 0
1732102470514 1.0783824920654297 0
1732102487930 1.0993045568466187 0
1732102505443 1.1143949031829834 0
1732102522797 1.103571891784668 0
1732102540316 1.1016900539398193 0
1732102557702 1.0865726470947266 0
1732102575204 1.1038719415664673 0
1732102592588 1.0911940336227417 0
