1732098614555 0.7018387317657471 0
1732098652296 0.5868700742721558 0
1732098674474 0.5469864010810852 0
1732098696969 0.5202175378799438 0
1732098719393 0.5031449198722839 0
1732098741988 0.4956945478916168 0
1732098764497 0.49428027868270874 0
1732098787073 0.49236172437667847 0
1732098809596 0.4849914312362671 0
1732098832304 0.48124465346336365 0
1732098854911 0.4786173105239868 0
1732098877627 0.47962141036987305 0
1732098900221 0.47551146149635315 0
1732098922983 0.46459701657295227 0
1732098945621 0.46001988649368286 0
1732098965657 0.4481469392776489 0
1732098985710 0.4516731798648834 0
1732099005775 0.4558761417865753 0
1732099025812 0.45011505484580994 0
1732099045903 0.4454897940158844 0
1732099066001 0.4468730688095093 0
1732099086117 0.4514029622077942 0
1732099105266 0.43996307253837585 0
1732099123941 0.4423430860042572 0
1732099142749 0.4331863224506378 0
1732099161582 0.4297555983066559 0
1732099180407 0.43289756774902344 0
1732099199083 0.4276040196418762 0
1732099217924 0.4282666742801666 0
1732099236673 0.42809683084487915 0
1732099254673 0.4248565137386322 0
1732099272656 0.4323747456073761 0
1732099290633 0.4262685477733612 0
1732099308619 0.4181806743144989 0
1732099326604 0.41213473677635193 0
1732099344602 0.4191358983516693 0
1732099362613 0.41187918186187744 0
1732099380097 0.40625011920928955 0
1732099397858 0.4121326804161072 0
1732099415249 0.4240206480026245 0
1732099432762 0.42079755663871765 0
1732099450171 0.41590002179145813 0
1732099467663 0.40599605441093445 0
1732099485020 0.41383904218673706 0
1732099502795 0.41770321130752563 0
1732099520177 0.4152728319168091 0
1732099537683 0.4110232889652252 0
1732099555063 0.40728655457496643 0
1732099572568 0.403559148311615 0
1732099589951 0.40876948833465576 0
1732099607442 0.41148248314857483 0
1732099624817 0.40654802322387695 0
1732099642329 0.39628174901008606 0
1732099659713 0.40549159049987793 0
1732099677205 0.3963592052459717 0
1732099694585 0.40777450799942017 0
1732099712098 0.40496551990509033 0
1732099729469 0.41058212518692017 0
1732099746980 0.40375208854675293 0
1732099764661 0.4054970145225525 0
1732099782150 0.3972293436527252 0
1732099799529 0.4001089036464691 0
1732099817018 0.4023021161556244 0
1732099834396 0.39534831047058105 0
1732099851899 0.4060782492160797 0
1732099869275 0.401351660490036 0
1732099886791 0.3969923257827759 0
1732099904147 0.3969709575176239 0
1732099921626 0.40190833806991577 0
1732099938996 0.39954057335853577 0
1732099956479 0.40063440799713135 0
1732099973857 0.39515936374664307 0
1732099991344 0.3933376967906952 0
1732100008676 0.39229902625083923 0
1732100026446 0.3942245841026306 0
1732100043809 0.3960646688938141 0
1732100061300 0.39566126465797424 0
1732100078682 0.39277052879333496 0
1732100096136 0.3902387320995331 0
1732100113480 0.39267370104789734 0
1732100130969 0.39582857489585876 0
1732100148314 0.3921043276786804 0
1732100165802 0.3947764039039612 0
1732100183149 0.392018586397171 0
1732100200659 0.3904110789299011 0
1732100217997 0.3887490928173065 0
1732100235470 0.3900003135204315 0
1732100252844 0.385400652885437 0
1732100270640 0.39020612835884094 0
1732100288003 0.39003172516822815 0
1732100305516 0.3876028060913086 0
1732100322903 0.3905439078807831 0
1732100340391 0.3866315484046936 0
1732100357781 0.38927051424980164 0
1732100375291 0.3939815163612366 0
1732100392645 0.38981133699417114 0
1732100410162 0.39332669973373413 0
1732100427520 0.3895891010761261 0
1732100445025 0.3909379541873932 0
1732100462398 0.38888025283813477 0
1732100479920 0.3910410702228546 0
1732100497292 0.38830217719078064 0
1732100514790 0.3854541778564453 0
1732100532529 0.386681467294693 0
1732100550031 0.3854527771472931 0
1732100567405 0.38560816645622253 0
1732100584900 0.38833746314048767 0
1732100602305 0.38618648052215576 0
1732100619815 0.38633427023887634 0
1732100637232 0.3848418593406677 0
1732100654737 0.38468706607818604 0
1732100672127 0.3904474079608917 0
1732100689599 0.3875817060470581 0
1732100706983 0.3872266113758087 0
1732100724482 0.3901732563972473 0
1732100741902 0.3896799385547638 0
1732100759407 0.3857409656047821 0
1732100776797 0.3895576298236847 0
1732100794602 0.39029374718666077 0
1732100811957 0.38920700550079346 0
1732100829463 0.38974010944366455 0
1732100846847 0.3817956745624542 0
1732100864362 0.3838784396648407 0
1732100881759 0.3887839913368225 0
1732100899265 0.38885626196861267 0
1732100916646 0.38732174038887024 0
1732100934152 0.3878934979438782 0
1732100951547 0.3891441524028778 0
1732100969051 0.3874302804470062 0
1732100986430 0.3901827037334442 0
1732101003911 0.38301366567611694 0
1732101021279 0.3877222239971161 0
1732101038757 0.38550323247909546 0
1732101056443 0.38622385263442993 0
1732101073935 0.3808993399143219 0
1732101091305 0.3866414725780487 0
1732101108792 0.38338014483451843 0
1732101126180 0.3819662034511566 0
1732101143660 0.38346555829048157 0
1732101161017 0.3845556378364563 0
1732101178526 0.38254716992378235 0
1732101195864 0.3861721158027649 0
1732101213336 0.3857666552066803 0
1732101230709 0.38081851601600647 0
1732101248189 0.3828834593296051 0
1732101265570 0.38342761993408203 0
1732101283054 0.38398033380508423 0
1732101300433 0.38585764169692993 0
1732101318222 0.3836384415626526 0
1732101335591 0.38253253698349 0
1732101353072 0.38178619742393494 0
1732101370436 0.38361629843711853 0
1732101387928 0.3798717260360718 0
1732101405319 0.38245415687561035 0
1732101422822 0.3834870159626007 0
1732101440207 0.38312843441963196 0
1732101457705 0.3842090368270874 0
1732101475073 0.381089448928833 0
1732101492578 0.3809579610824585 0
1732101509972 0.3802288770675659 0
1732101527436 0.385431706905365 0
1732101544837 0.3823646605014801 0
1732101562613 0.3829841911792755 0
1732101579991 0.3819042444229126 0
1732101597480 0.38455647230148315 0
1732101614867 0.38281571865081787 0
1732101632361 0.3817260265350342 0
1732101649734 0.38041821122169495 0
1732101667251 0.3837060332298279 0
1732101684623 0.38393864035606384 0
1732101702132 0.3851214349269867 0
1732101719510 0.3835478723049164 0
1732101737021 0.3845650553703308 0
1732101754410 0.3836389183998108 0
1732101771910 0.38286739587783813 0
1732101789270 0.38508859276771545 0
1732101806741 0.38526684045791626 0
1732101824456 0.3841479420661926 0
1732101841966 0.3830619752407074 0
1732101859334 0.3807108402252197 0
1732101876831 0.3848511278629303 0
1732101894224 0.38260772824287415 0
1732101911712 0.38484278321266174 0
1732101929099 0.3861379027366638 0
1732101946603 0.38370949029922485 0
1732101963989 0.38332363963127136 0
1732101981494 0.3843981623649597 0
1732101998867 0.383071631193161 0
1732102016363 0.3831276297569275 0
1732102033738 0.3810463845729828 0
1732102051249 0.3815462291240692 0
1732102068632 0.3801611661911011 0
1732102086483 0.38286274671554565 0
1732102103898 0.38051798939704895 0
1732102121381 0.3808582127094269 0
1732102138770 0.38216647505760193 0
1732102156277 0.37904080748558044 0
1732102173671 0.3790988326072693 0
1732102191176 0.3803466260433197 0
1732102208557 0.38142919540405273 0
1732102226081 0.3797118663787842 0
1732102243460 0.38292229175567627 0
1732102260968 0.38182154297828674 0
1732102278343 0.3826623857021332 0
1732102295828 0.3804967403411865 0
1732102313191 0.3830266296863556 0
1732102330685 0.381467342376709 0
1732102348382 0.38162925839424133 0
1732102365901 0.38019558787345886 0
1732102383274 0.38245531916618347 0
1732102400770 0.38167428970336914 0
1732102418150 0.38100895285606384 0
1732102435650 0.38001418113708496 0
1732102453011 0.38255801796913147 0
1732102470514 0.38118234276771545 0
1732102487930 0.37921178340911865 0
1732102505443 0.38179507851600647 0
1732102522797 0.3800927698612213 0
1732102540316 0.3795301020145416 0
1732102557702 0.3793192505836487 0
1732102575204 0.3808985948562622 0
1732102592588 0.3784061074256897 0
