1732098614555 0.011514757759869099 0
1732098652296 0.011276349425315857 0
1732098674474 0.011394725181162357 0
1732098696969 0.011112336069345474 0
1732098719393 0.010998211801052094 0
1732098741988 0.010960551910102367 0
1732098764497 0.010784461162984371 0
1732098787073 0.010881325230002403 0
1732098809596 0.010876612737774849 0
1732098832304 0.010777201503515244 0
1732098854911 0.010763123631477356 0
1732098877627 0.010789572261273861 0
1732098900221 0.010597535409033298 0
1732098922983 0.010679734870791435 0
1732098945621 0.010737249627709389 0
1732098965657 0.010494842194020748 0
1732098985710 0.010489482432603836 0
1732099005775 0.010518014430999756 0
1732099025812 0.010408708825707436 0
1732099045903 0.010220607742667198 0
1732099066001 0.010258044116199017 0
1732099086117 0.010274004191160202 0
1732099105266 0.010284291580319405 0
1732099123941 0.010307470336556435 0
1732099142749 0.010399204678833485 0
1732099161582 0.010244478471577168 0
1732099180407 0.010215500369668007 0
1732099199083 0.010286610573530197 0
1732099217924 0.010148411616683006 0
1732099236673 0.010175367817282677 0
1732099254673 0.010113383643329144 0
1732099272656 0.010288459248840809 0
1732099290633 0.010137902572751045 0
1732099308619 0.010013110004365444 0
1732099326604 0.010121820494532585 0
1732099344602 0.010156049393117428 0
1732099362613 0.010107719339430332 0
1732099380097 0.01000924687832594 0
1732099397858 0.010220278054475784 0
1732099415249 0.009986748918890953 0
1732099432762 0.010111821815371513 0
1732099450171 0.009995469823479652 0
1732099467663 0.00997723639011383 0
1732099485020 0.009992716833949089 0
1732099502795 0.009973663836717606 0
1732099520177 0.010020786896348 0
1732099537683 0.01008450984954834 0
1732099555063 0.010052847675979137 0
1732099572568 0.009977167472243309 0
1732099589951 0.00995874684303999 0
1732099607442 0.009950949810445309 0
1732099624817 0.009869787842035294 0
1732099642329 0.009840541519224644 0
1732099659713 0.009846122935414314 0
1732099677205 0.009925850667059422 0
1732099694585 0.009926317259669304 0
1732099712098 0.009871246293187141 0
1732099729469 0.009948612190783024 0
1732099746980 0.010032364167273045 0
1732099764661 0.010063812136650085 0
1732099782150 0.01000571995973587 0
1732099799529 0.009975814260542393 0
1732099817018 0.010115612298250198 0
1732099834396 0.009984227828681469 0
1732099851899 0.00995127484202385 0
1732099869275 0.010026900097727776 0
1732099886791 0.009856738150119781 0
1732099904147 0.009855185635387897 0
1732099921626 0.00989560317248106 0
1732099938996 0.009861302562057972 0
1732099956479 0.00994183961302042 0
1732099973857 0.009958780370652676 0
1732099991344 0.009953315369784832 0
1732100008676 0.009984085336327553 0
1732100026446 0.009902645833790302 0
1732100043809 0.009904052130877972 0
1732100061300 0.009913595393300056 0
1732100078682 0.009920193813741207 0
1732100096136 0.009809751063585281 0
1732100113480 0.009872733615338802 0
1732100130969 0.009875592775642872 0
1732100148314 0.009796810336411 0
1732100165802 0.009939931333065033 0
1732100183149 0.009816237725317478 0
1732100200659 0.009844503365457058 0
1732100217997 0.00984569638967514 0
1732100235470 0.009984754025936127 0
1732100252844 0.009863397106528282 0
1732100270640 0.009839503094553947 0
1732100288003 0.009837992489337921 0
1732100305516 0.009837174788117409 0
1732100322903 0.009707060642540455 0
1732100340391 0.009924301877617836 0
1732100357781 0.009800968691706657 0
1732100375291 0.009906942024827003 0
1732100392645 0.009851581417024136 0
1732100410162 0.009878539480268955 0
1732100427520 0.009811799973249435 0
1732100445025 0.009882571175694466 0
1732100462398 0.009853440336883068 0
1732100479920 0.009865587577223778 0
1732100497292 0.009925325401127338 0
1732100514790 0.009872233495116234 0
1732100532529 0.009812770411372185 0
1732100550031 0.009777344763278961 0
1732100567405 0.009861551225185394 0
1732100584900 0.009794250130653381 0
1732100602305 0.009845484979450703 0
1732100619815 0.009886298328638077 0
1732100637232 0.009852551855146885 0
1732100654737 0.00974936131387949 0
1732100672127 0.009768429212272167 0
1732100689599 0.009802129119634628 0
1732100706983 0.009828190319240093 0
1732100724482 0.009742754511535168 0
1732100741902 0.009792748838663101 0
1732100759407 0.009870088659226894 0
1732100776797 0.009812111034989357 0
1732100794602 0.009831085801124573 0
1732100811957 0.009818298742175102 0
1732100829463 0.009818852879106998 0
1732100846847 0.00979775283485651 0
1732100864362 0.009768534451723099 0
1732100881759 0.009729132056236267 0
1732100899265 0.009749277494847775 0
1732100916646 0.009786794893443584 0
1732100934152 0.009741528891026974 0
1732100951547 0.009807323105633259 0
1732100969051 0.009787033312022686 0
1732100986430 0.009781258180737495 0
1732101003911 0.00980300735682249 0
1732101021279 0.009793003089725971 0
1732101038757 0.009750680066645145 0
1732101056443 0.009770502336323261 0
1732101073935 0.009757211431860924 0
1732101091305 0.009768546558916569 0
1732101108792 0.009782004170119762 0
1732101126180 0.009745275601744652 0
1732101143660 0.009767567738890648 0
1732101161017 0.009740014560520649 0
1732101178526 0.009762373752892017 0
1732101195864 0.009777012281119823 0
1732101213336 0.009757152758538723 0
1732101230709 0.00980028323829174 0
1732101248189 0.009737824089825153 0
1732101265570 0.009772399440407753 0
1732101283054 0.009739240631461143 0
1732101300433 0.009738595224916935 0
1732101318222 0.009744442999362946 0
1732101335591 0.009777763858437538 0
1732101353072 0.009746428579092026 0
1732101370436 0.009773237630724907 0
1732101387928 0.009744509123265743 0
1732101405319 0.009811236523091793 0
1732101422822 0.009806948713958263 0
1732101440207 0.009729728102684021 0
1732101457705 0.009737101383507252 0
1732101475073 0.009737204760313034 0
1732101492578 0.00978847499936819 0
1732101509972 0.009847017005085945 0
1732101527436 0.009787756018340588 0
1732101544837 0.009737580083310604 0
1732101562613 0.009759115055203438 0
1732101579991 0.009676368907094002 0
1732101597480 0.00975455529987812 0
1732101614867 0.009708313271403313 0
1732101632361 0.009758375585079193 0
1732101649734 0.00977190863341093 0
1732101667251 0.009760870598256588 0
1732101684623 0.009691363200545311 0
1732101702132 0.009720529429614544 0
1732101719510 0.009732348844408989 0
1732101737021 0.009693508967757225 0
1732101754410 0.00969790294766426 0
1732101771910 0.009704271331429482 0
1732101789270 0.009729865938425064 0
1732101806741 0.009659410454332829 0
1732101824456 0.009765655733644962 0
1732101841966 0.00969416368752718 0
1732101859334 0.009632117114961147 0
1732101876831 0.009671258740127087 0
1732101894224 0.009680038318037987 0
1732101911712 0.0096678975969553 0
1732101929099 0.00966089777648449 0
1732101946603 0.009647678583860397 0
1732101963989 0.009697586297988892 0
1732101981494 0.009711068123579025 0
1732101998867 0.009703516960144043 0
1732102016363 0.009695232845842838 0
1732102033738 0.009685655124485493 0
1732102051249 0.009668597020208836 0
1732102068632 0.009682703763246536 0
1732102086483 0.009704153053462505 0
1732102103898 0.009668790735304356 0
1732102121381 0.009709830395877361 0
1732102138770 0.009701174683868885 0
1732102156277 0.00968057382851839 0
1732102173671 0.009644145146012306 0
1732102191176 0.009663674980401993 0
1732102208557 0.009677328169345856 0
1732102226081 0.009713884443044662 0
1732102243460 0.009680776856839657 0
1732102260968 0.00967751257121563 0
1732102278343 0.009689673781394958 0
1732102295828 0.009669550694525242 0
1732102313191 0.009653875604271889 0
1732102330685 0.009652548469603062 0
1732102348382 0.009645834565162659 0
1732102365901 0.009677178226411343 0
1732102383274 0.009670263156294823 0
1732102400770 0.00965212844312191 0
1732102418150 0.009697357192635536 0
1732102435650 0.009686634875833988 0
1732102453011 0.00962485559284687 0
1732102470514 0.009615771472454071 0
1732102487930 0.009657471440732479 0
1732102505443 0.009661627002060413 0
1732102522797 0.00963648222386837 0
1732102540316 0.009610483422875404 0
1732102557702 0.009633621200919151 0
1732102575204 0.009658356197178364 0
1732102592588 0.009641854092478752 0
