1732098630221 0.0015276250196620822 0
1732098652299 0.0005353371379896998 0
1732098674477 0.00045803343527950346 0
1732098696972 0.0004081461811438203 0
1732098719396 0.0004040104686282575 0
1732098741991 0.000397857918869704 0
1732098764500 0.00037066766526550055 0
1732098787075 0.00034537026658654213 0
1732098809599 0.00031654047779738903 0
1732098832306 0.00029522343538701534 0
1732098854913 0.0003947752993553877 0
1732098877629 0.0003179250634275377 0
1732098900223 0.00026202178560197353 0
1732098922986 0.00028234056662768126 0
1732098945624 0.00029343500500544906 0
1732098965659 0.0002644092892296612 0
1732098985713 0.00031585892429575324 0
1732099005778 0.0003105175564996898 0
1732099025814 0.00029107448062859476 0
1732099045905 0.0002939366386272013 0
1732099066004 0.00028378848219290376 0
1732099086120 0.0003255252377130091 0
1732099105268 0.00028991798171773553 0
1732099123944 0.0003032567328773439 0
1732099142751 0.0002780098293442279 0
1732099161584 0.00030778127256780863 0
1732099180409 0.0002912472700700164 0
1732099199085 0.0002975562820211053 0
1732099217926 0.00028656612266786397 0
1732099236676 0.0002756767498794943 0
1732099254675 0.0002975332026835531 0
1732099272659 0.0002809483266901225 0
1732099290635 0.0002973462687805295 0
1732099308622 0.0002903366694226861 0
1732099326606 0.00026480481028556824 0
1732099344604 0.00027323077665641904 0
1732099362615 0.0002995763497892767 0
1732099380100 0.0003034571709576994 0
1732099397860 0.00032211042707785964 0
1732099415252 0.0002818659122567624 0
1732099432765 0.00031670212047174573 0
1732099450173 0.0002808215213008225 0
1732099467666 0.00028181925881654024 0
1732099485023 0.0003110258257947862 0
1732099502798 0.0003060962480958551 0
1732099520179 0.0003390018828213215 0
1732099537685 0.00032489627483300865 0
1732099555065 0.0002966500469483435 0
1732099572570 0.00027693656738847494 0
1732099589953 0.0003340918046887964 0
1732099607444 0.00030489719938486814 0
1732099624820 0.00032161432318389416 0
1732099642332 0.0002925250446423888 0
1732099659716 0.0003065113560296595 0
1732099677207 0.0003141384804621339 0
1732099694588 0.0003078840672969818 0
1732099712100 0.0003250066365581006 0
1732099729471 0.00030823040287941694 0
1732099746982 0.00029873597668483853 0
1732099764664 0.0003402055299375206 0
1732099782153 0.00028389040380716324 0
1732099799532 0.0003119990578852594 0
1732099817021 0.00032318918965756893 0
1732099834399 0.00030917979893274605 0
1732099851901 0.0003103179042227566 0
1732099869277 0.0003003773163072765 0
1732099886794 0.0003065799828618765 0
1732099904149 0.0002970959176309407 0
1732099921629 0.000320624269079417 0
1732099938999 0.0002964066807180643 0
1732099956481 0.0003137566091027111 0
1732099973859 0.00032791728153824806 0
1732099991347 0.00031455664429813623 0
1732100008678 0.0003208961570635438 0
1732100026448 0.00030451780185103416 0
1732100043812 0.00032581770210526884 0
1732100061302 0.00033933346276171505 0
1732100078684 0.000326529610902071 0
1732100096138 0.00032000784995034337 0
1732100113483 0.00031165240216068923 0
1732100130971 0.0003374636289663613 0
1732100148316 0.00033909856574609876 0
1732100165805 0.00030635815346613526 0
1732100183151 0.00030052539659664035 0
1732100200661 0.00035042845411226153 0
1732100217999 0.00031175347976386547 0
1732100235473 0.0003100358881056309 0
1732100252847 0.0003003723977599293 0
1732100270642 0.0003094486892223358 0
1732100288006 0.0003297703224234283 0
1732100305519 0.00033944309689104557 0
1732100322905 0.000337957899319008 0
1732100340394 0.000356113538146019 0
1732100357783 0.0003162881184834987 0
1732100375293 0.0003342562122270465 0
1732100392648 0.0003263312974013388 0
1732100410165 0.0003579844196792692 0
1732100427526 0.0003267964639235288 0
1732100445027 0.000372005277313292 0
1732100462401 0.0003704213595483452 0
1732100479922 0.00035502470564097166 0
1732100497294 0.00031163598760031164 0
1732100514792 0.00034768006298691034 0
1732100532532 0.0003763296699617058 0
1732100550034 0.0003465387271717191 0
1732100567407 0.00031349423807114363 0
1732100584902 0.0003728471929207444 0
1732100602308 0.0003360631235409528 0
1732100619818 0.00034212664468213916 0
1732100637234 0.00032592896604910493 0
1732100654740 0.00034344481537118554 0
1732100672129 0.00033777649514377117 0
1732100689603 0.0003852954541798681 0
1732100706985 0.00034587440313771367 0
1732100724486 0.000349635083694011 0
1732100741905 0.00035180937265977263 0
1732100759409 0.00035854190355166793 0
1732100776799 0.00032366582308895886 0
1732100794604 0.0003491883398965001 0
1732100811960 0.0003436629776842892 0
1732100829465 0.00039898406248539686 0
1732100846849 0.00038046474219299853 0
1732100864365 0.0003403543960303068 0
1732100881762 0.0003890477237291634 0
1732100899267 0.00033887085737660527 0
1732100916648 0.0003740894026122987 0
1732100934154 0.0003564470389392227 0
1732100951549 0.00034919916652143 0
1732100969053 0.00035209651105105877 0
1732100986433 0.00037018960574641824 0
1732101003914 0.0003424017922952771 0
1732101021282 0.00033005228033289313 0
1732101038760 0.00036724191159009933 0
1732101056445 0.00036014587385579944 0
1732101073937 0.0003766158188227564 0
1732101091308 0.00042713951552286744 0
1732101108794 0.0003376493405085057 0
1732101126182 0.0003586001112125814 0
1732101143662 0.00041559056262485683 0
1732101161020 0.0003814882948063314 0
1732101178529 0.0003545140498317778 0
1732101195867 0.00038440158823505044 0
1732101213339 0.0003673190076369792 0
1732101230711 0.00035533649497665465 0
1732101248191 0.0003188484988640994 0
1732101265573 0.00038107490399852395 0
1732101283056 0.0003829400520771742 0
1732101300436 0.0003658747882582247 0
1732101318225 0.0003868171479552984 0
1732101335593 0.00036588357761502266 0
1732101353074 0.00038749200757592916 0
1732101370438 0.0003868166240863502 0
1732101387930 0.00036930592614226043 0
1732101405321 0.0003992925048805773 0
1732101422824 0.0003738704544957727 0
1732101440209 0.0003705584676936269 0
1732101457707 0.0003708725271280855 0
1732101475075 0.00036124797770753503 0
1732101492581 0.00035943312104791403 0
1732101509974 0.0003586717648431659 0
1732101527438 0.00039227440720424056 0
1732101544839 0.0003706896095536649 0
1732101562616 0.00035580055555328727 0
1732101579993 0.0003766713198274374 0
1732101597482 0.00038766750367358327 0
1732101614869 0.0003893210960086435 0
1732101632363 0.000378497876226902 0
1732101649736 0.00038962665712460876 0
1732101667254 0.0004208197060506791 0
1732101684625 0.00040196007466875017 0
1732101702134 0.0003758644452318549 0
1732101719512 0.00039150420343503356 0
1732101737023 0.00037059796159155667 0
1732101754412 0.0003887050552293658 0
1732101771912 0.0003858532872982323 0
1732101789272 0.000398799340473488 0
1732101806743 0.00037667923606932163 0
1732101824458 0.00036732834996655583 0
1732101841968 0.0004267728072591126 0
1732101859336 0.00041685771429911256 0
1732101876833 0.00040000362787395716 0
1732101894226 0.0003645769611466676 0
1732101911714 0.00038397469324991107 0
1732101929101 0.0003633615851867944 0
1732101946605 0.00043365551391616464 0
1732101963991 0.0004071115981787443 0
1732101981496 0.0004108268767595291 0
1732101998869 0.00041734398109838367 0
1732102016365 0.0004150350287090987 0
1732102033740 0.0003838982083834708 0
1732102051251 0.0004461405915208161 0
1732102068634 0.0003903422621078789 0
1732102086486 0.0003756161604542285 0
1732102103900 0.00039773492608219385 0
1732102121383 0.0004055511381011456 0
1732102138772 0.0003819709818344563 0
1732102156279 0.00038953140028752387 0
1732102173673 0.00034787622280418873 0
1732102191178 0.00039907271275296807 0
1732102208559 0.0003755040233954787 0
1732102226083 0.0004092655726708472 0
1732102243462 0.00038003051304258406 0
1732102260970 0.00036941212601959705 0
1732102278345 0.00038871943252161145 0
1732102295830 0.00038369622780010104 0
1732102313193 0.0003556325100362301 0
1732102330687 0.0003747263690456748 0
1732102348384 0.0004113121540285647 0
1732102365903 0.00042333698365837336 0
1732102383276 0.00040877662831917405 0
1732102400772 0.00038518794463016093 0
1732102418152 0.00037543801590800285 0
1732102435652 0.00037554456503130496 0
1732102453013 0.0004032423021271825 0
1732102470516 0.0004027483519166708 0
1732102487932 0.0004057711339555681 0
1732102505445 0.00036091587389819324 0
1732102522799 0.0004033443401567638 0
1732102540319 0.00039372796891257167 0
1732102557704 0.0004132034373469651 0
1732102575206 0.0003980758192483336 0
1732102592591 0.0004177084774710238 0
