1732098614555 20.93928337097168 0
1732098652296 23.93259620666504 0
1732098674474 24.348363876342773 0
1732098696969 24.810348510742188 0
1732098719393 25.727500915527344 0
1732098741988 25.789228439331055 0
1732098764497 25.34827423095703 0
1732098787073 25.497512817382812 0
1732098809596 25.376243591308594 0
1732098832304 25.811809539794922 0
1732098854911 25.489227294921875 0
1732098877627 26.703807830810547 0
1732098900221 26.44183349609375 0
1732098922983 25.469924926757812 0
1732098945621 25.940767288208008 0
1732098965657 26.601268768310547 0
1732098985710 26.70766830444336 0
1732099005775 25.738603591918945 0
1732099025812 26.539209365844727 0
1732099045903 27.096506118774414 0
1732099066001 26.40958023071289 0
1732099086117 26.85536766052246 0
1732099105266 26.910215377807617 0
1732099123941 26.222599029541016 0
1732099142749 26.58405303955078 0
1732099161582 27.34341049194336 0
1732099180407 26.81214141845703 0
1732099199083 27.254907608032227 0
1732099217924 26.79412269592285 0
1732099236673 26.30839729309082 0
1732099254673 27.022899627685547 0
1732099272656 26.812484741210938 0
1732099290633 26.9367618560791 0
1732099308619 27.638792037963867 0
1732099326604 27.169050216674805 0
1732099344602 27.304119110107422 0
1732099362613 27.60186767578125 0
1732099380097 27.61684226989746 0
1732099397858 27.843942642211914 0
1732099415249 27.33428955078125 0
1732099432762 28.074222564697266 0
1732099450171 27.674705505371094 0
1732099467663 27.942195892333984 0
1732099485020 27.552337646484375 0
1732099502795 28.16978645324707 0
1732099520177 27.148738861083984 0
1732099537683 28.142850875854492 0
1732099555063 27.753339767456055 0
1732099572568 27.454151153564453 0
1732099589951 28.8341007232666 0
1732099607442 27.387855529785156 0
1732099624817 28.17592430114746 0
1732099642329 28.38778305053711 0
1732099659713 28.320545196533203 0
1732099677205 28.829498291015625 0
1732099694585 28.30125617980957 0
1732099712098 27.777151107788086 0
1732099729469 27.659961700439453 0
1732099746980 28.38210105895996 0
1732099764661 29.048006057739258 0
1732099782150 28.72684669494629 0
1732099799529 28.013891220092773 0
1732099817018 28.02600860595703 0
1732099834396 28.599504470825195 0
1732099851899 28.366554260253906 0
1732099869275 28.72811508178711 0
1732099886791 29.044757843017578 0
1732099904147 28.438932418823242 0
1732099921626 28.288944244384766 0
1732099938996 28.72911834716797 0
1732099956479 28.068313598632812 0
1732099973857 28.2563419342041 0
1732099991344 28.7676944732666 0
1732100008676 28.3603458404541 0
1732100026446 28.06437873840332 0
1732100043809 28.90004539489746 0
1732100061300 28.70168685913086 0
1732100078682 29.00253677368164 0
1732100096136 29.249706268310547 0
1732100113480 27.924983978271484 0
1732100130969 28.599407196044922 0
1732100148314 29.353988647460938 0
1732100165802 28.592845916748047 0
1732100183149 29.50704002380371 0
1732100200659 28.81367301940918 0
1732100217997 28.448143005371094 0
1732100235470 28.91164779663086 0
1732100252844 28.341550827026367 0
1732100270640 28.179861068725586 0
1732100288003 28.56383514404297 0
1732100305516 27.933570861816406 0
1732100322903 29.861886978149414 0
1732100340391 29.784805297851562 0
1732100357781 29.64147186279297 0
1732100375291 29.686859130859375 0
1732100392645 28.893632888793945 0
1732100410162 28.554296493530273 0
1732100427520 30.18307876586914 0
1732100445025 29.506738662719727 0
1732100462398 29.44713020324707 0
1732100479920 29.08722496032715 0
1732100497292 29.407649993896484 0
1732100514790 29.6332950592041 0
1732100532529 29.857458114624023 0
1732100550031 29.143190383911133 0
1732100567405 29.87458038330078 0
1732100584900 29.815711975097656 0
1732100602305 29.831327438354492 0
1732100619815 29.57779312133789 0
1732100637232 29.716327667236328 0
1732100654737 29.7182559967041 0
1732100672127 30.61976432800293 0
1732100689599 29.222227096557617 0
1732100706983 30.264835357666016 0
1732100724482 29.717514038085938 0
1732100741902 30.662338256835938 0
1732100759407 30.218168258666992 0
1732100776797 29.53053855895996 0
1732100794602 30.015186309814453 0
1732100811957 30.266691207885742 0
1732100829463 28.84233856201172 0
1732100846847 30.537334442138672 0
1732100864362 30.563495635986328 0
1732100881759 29.639816284179688 0
1732100899265 30.75366973876953 0
1732100916646 31.023725509643555 0
1732100934152 29.871646881103516 0
1732100951547 30.228328704833984 0
1732100969051 30.601736068725586 0
1732100986430 29.862083435058594 0
1732101003911 30.739503860473633 0
1732101021279 29.56947898864746 0
1732101038757 29.8048038482666 0
1732101056443 30.334775924682617 0
1732101073935 30.514114379882812 0
1732101091305 30.650115966796875 0
1732101108792 30.036266326904297 0
1732101126180 30.357372283935547 0
1732101143660 30.13096046447754 0
1732101161017 31.108198165893555 0
1732101178526 31.080535888671875 0
1732101195864 30.58553123474121 0
1732101213336 29.565786361694336 0
1732101230709 29.823820114135742 0
1732101248189 30.692724227905273 0
1732101265570 29.718172073364258 0
1732101283054 30.614856719970703 0
1732101300433 31.144535064697266 0
1732101318222 30.241546630859375 0
1732101335591 30.08855628967285 0
1732101353072 30.444913864135742 0
1732101370436 31.548736572265625 0
1732101387928 31.02240562438965 0
1732101405319 31.025646209716797 0
1732101422822 30.938934326171875 0
1732101440207 31.095970153808594 0
1732101457705 31.135501861572266 0
1732101475073 30.55058479309082 0
1732101492578 30.882064819335938 0
1732101509972 30.892972946166992 0
1732101527436 31.179227828979492 0
1732101544837 31.207731246948242 0
1732101562613 30.774188995361328 0
1732101579991 30.70547866821289 0
1732101597480 31.142560958862305 0
1732101614867 30.42762565612793 0
1732101632361 31.13490867614746 0
1732101649734 31.17017936706543 0
1732101667251 31.68939781188965 0
1732101684623 31.700408935546875 0
1732101702132 31.668155670166016 0
1732101719510 31.360937118530273 0
1732101737021 31.401535034179688 0
1732101754410 31.167024612426758 0
1732101771910 31.540224075317383 0
1732101789270 30.95996856689453 0
1732101806741 31.417879104614258 0
1732101824456 31.974637985229492 0
1732101841966 32.2468147277832 0
1732101859334 31.397035598754883 0
1732101876831 31.382387161254883 0
1732101894224 31.881000518798828 0
1732101911712 31.735187530517578 0
1732101929099 30.9342098236084 0
1732101946603 30.770051956176758 0
1732101963989 30.602140426635742 0
1732101981494 31.18181800842285 0
1732101998867 31.295621871948242 0
1732102016363 31.42454719543457 0
1732102033738 31.986265182495117 0
1732102051249 31.003398895263672 0
1732102068632 31.482227325439453 0
1732102086483 31.556652069091797 0
1732102103898 31.25434684753418 0
1732102121381 31.31218910217285 0
1732102138770 31.000782012939453 0
1732102156277 31.922327041625977 0
1732102173671 32.34811019897461 0
1732102191176 31.543285369873047 0
1732102208557 31.585838317871094 0
1732102226081 31.18401336669922 0
1732102243460 31.54973030090332 0
1732102260968 32.870792388916016 0
1732102278343 31.479442596435547 0
1732102295828 31.6682186126709 0
1732102313191 32.37495803833008 0
1732102330685 31.86800765991211 0
1732102348382 31.694429397583008 0
1732102365901 32.255043029785156 0
1732102383274 31.863426208496094 0
1732102400770 31.635517120361328 0
1732102418150 32.07292556762695 0
1732102435650 32.46112060546875 0
1732102453011 32.404022216796875 0
1732102470514 32.18393325805664 0
1732102487930 31.71139144897461 0
1732102505443 31.815343856811523 0
1732102522797 31.581035614013672 0
1732102540316 32.19770431518555 0
1732102557702 31.007516860961914 0
1732102575204 31.93446922302246 0
1732102592588 31.75869369506836 0
