1732098630221 0.0013857685262337327 0
1732098652299 0.0005943782743997872 0
1732098674477 0.0004804459458682686 0
1732098696972 0.00042395395576022565 0
1732098719396 0.0003451487864367664 0
1732098741991 0.00032355356961488724 0
1732098764500 0.0004317293060012162 0
1732098787075 0.0003308292361907661 0
1732098809599 0.0003183656372129917 0
1732098832306 0.0003074383712373674 0
1732098854913 0.00033384861308149993 0
1732098877629 0.0002504228614270687 0
1732098900223 0.00027203740319237113 0
1732098922986 0.00026717266882769763 0
1732098945624 0.00024752644822001457 0
1732098965659 0.00030910357600077987 0
1732098985713 0.00024513137759640813 0
1732099005778 0.00028447291697375476 0
1732099025814 0.0002609243674669415 0
1732099045905 0.00025354395620524883 0
1732099066004 0.00026989757316187024 0
1732099086120 0.0003148934047203511 0
1732099105268 0.00022031713160686195 0
1732099123944 0.00024009670596569777 0
1732099142751 0.0002446125145070255 0
1732099161584 0.00020942014816682786 0
1732099180409 0.00027942415908910334 0
1732099199085 0.00019989853899460286 0
1732099217926 0.00027738246717490256 0
1732099236676 0.0002978351549245417 0
1732099254675 0.00020645497716031969 0
1732099272659 0.00026113097555935383 0
1732099290635 0.00024263912928290665 0
1732099308622 0.00020821882935706526 0
1732099326606 0.00021954506519250572 0
1732099344604 0.0003274860209785402 0
1732099362615 0.00021560033201240003 0
1732099380100 0.00023243426403496414 0
1732099397860 0.0001961702946573496 0
1732099415252 0.00020587749895639718 0
1732099432765 0.00020741901244036853 0
1732099450173 0.00019423477351665497 0
1732099467666 0.0001876376918517053 0
1732099485023 0.00023020702064968646 0
1732099502798 0.00020867338753305376 0
1732099520179 0.00015734555199742317 0
1732099537685 0.00020840750948991627 0
1732099555065 0.00017510693578515202 0
1732099572570 0.0002987116458825767 0
1732099589953 0.00017932103946805 0
1732099607444 0.00020527455490082502 0
1732099624820 0.0002975655079353601 0
1732099642332 0.00022293830988928676 0
1732099659716 0.00018590601393952966 0
1732099677207 0.00019148626597598195 0
1732099694588 0.00018908092170022428 0
1732099712100 0.0002138174750143662 0
1732099729471 0.00018419447587803006 0
1732099746982 0.00017604909953661263 0
1732099764664 0.0002090643538394943 0
1732099782153 0.00020936480723321438 0
1732099799532 0.00018097713473252952 0
1732099817021 0.0001624503347557038 0
1732099834399 0.00021825449948664755 0
1732099851901 0.00017176070832647383 0
1732099869277 0.00016402645269408822 0
1732099886794 0.00017953399219550192 0
1732099904149 0.00016311432409565896 0
1732099921629 0.0001766631903592497 0
1732099938999 0.0001867010141722858 0
1732099956481 0.0002025991416303441 0
1732099973859 0.00017498715897090733 0
1732099991347 0.00025460729375481606 0
1732100008678 0.0001831940171541646 0
1732100026448 0.00016986601985991 0
1732100043812 0.00016314408276230097 0
1732100061302 0.00017202075105160475 0
1732100078684 0.00018365352298133075 0
1732100096138 0.00016022675845306367 0
1732100113483 0.00017850326548796147 0
1732100130971 0.0001691924117039889 0
1732100148316 0.00018573857960291207 0
1732100165805 0.00021470600040629506 0
1732100183151 0.00017501649563200772 0
1732100200661 0.00017994895461015403 0
1732100217999 0.0001518533390481025 0
1732100235473 0.00020563157158903778 0
1732100252847 0.00017397641204297543 0
1732100270642 0.00017015502089634538 0
1732100288006 0.00018734249169938266 0
1732100305519 0.00019589992007240653 0
1732100322905 0.0001683173031779006 0
1732100340394 0.00019442322081886232 0
1732100357783 0.00016938711632974446 0
1732100375293 0.0001810243702493608 0
1732100392648 0.00016842305194586515 0
1732100410165 0.00016496704483870417 0
1732100427526 0.00016429717652499676 0
1732100445027 0.00015453236119356006 0
1732100462401 0.0001580885291332379 0
1732100479922 0.00018219031335320324 0
1732100497294 0.00017986123566515744 0
1732100514792 0.00017281364125665277 0
1732100532532 0.00018437796097714454 0
1732100550034 0.00017713822307996452 0
1732100567407 0.0001872506836662069 0
1732100584902 0.00017827466945163906 0
1732100602308 0.00018246303079649806 0
1732100619818 0.0001843834761530161 0
1732100637234 0.00015760661335662007 0
1732100654740 0.00017764726362656802 0
1732100672129 0.00016935626626946032 0
1732100689603 0.0001858746982179582 0
1732100706985 0.00016944306844379753 0
1732100724486 0.00015753664774820209 0
1732100741905 0.00016898037574719638 0
1732100759409 0.00016138455248437822 0
1732100776799 0.0001717681298032403 0
1732100794604 0.00018029256898444146 0
1732100811960 0.0001672710059210658 0
1732100829465 0.00018492095114197582 0
1732100846849 0.00015211169375106692 0
1732100864365 0.00015998758317437023 0
1732100881762 0.00015401054406538606 0
1732100899267 0.00016948790289461613 0
1732100916648 0.00016461280756630003 0
1732100934154 0.00014389422722160816 0
1732100951549 0.00017856225895229727 0
1732100969053 0.00017870530427899212 0
1732100986433 0.00018857393297366798 0
1732101003914 0.00017084748833440244 0
1732101021282 0.0001653346116654575 0
1732101038760 0.00017275786376558244 0
1732101056445 0.00016733951633796096 0
1732101073937 0.0001723393506836146 0
1732101091308 0.00017761618073564023 0
1732101108794 0.00017359651974402368 0
1732101126182 0.00015260951477102935 0
1732101143662 0.00015497166896238923 0
1732101161020 0.00017629735521040857 0
1732101178529 0.00017392754671163857 0
1732101195867 0.00017229170771315694 0
1732101213339 0.00016785968909971416 0
1732101230711 0.00016968978161457926 0
1732101248191 0.00017319789913017303 0
1732101265573 0.00018890280625782907 0
1732101283056 0.00016196859360206872 0
1732101300436 0.00017011827731039375 0
1732101318225 0.00016029214020818472 0
1732101335593 0.00015960197197273374 0
1732101353074 0.00015507703938055784 0
1732101370438 0.00016876476001925766 0
1732101387930 0.00015611140406690538 0
1732101405321 0.00018423516303300858 0
1732101422824 0.0001893627195386216 0
1732101440209 0.00014914482017047703 0
1732101457707 0.0001556418719701469 0
1732101475075 0.00019629810412880033 0
1732101492581 0.0001652078062761575 0
1732101509974 0.00014900077076163143 0
1732101527438 0.0001590735773788765 0
1732101544839 0.00015567237278446555 0
1732101562616 0.0001740918669383973 0
1732101579993 0.0001633984938962385 0
1732101597482 0.00018146639922633767 0
1732101614869 0.00016380219312850386 0
1732101632363 0.0001494628086220473 0
1732101649736 0.00017998904513660818 0
1732101667254 0.00015650449495296925 0
1732101684625 0.0001559404918225482 0
1732101702134 0.00016177848738152534 0
1732101719512 0.00014043645933270454 0
1732101737023 0.0001728349889162928 0
1732101754412 0.0001682527654338628 0
1732101771912 0.0001541280362289399 0
1732101789272 0.0001754520199028775 0
1732101806743 0.00016246701125055552 0
1732101824458 0.0001530006993561983 0
1732101841968 0.00016064771625678986 0
1732101859336 0.00014995713718235493 0
1732101876833 0.00017360009951516986 0
1732101894226 0.00014764760271646082 0
1732101911714 0.0001498236379120499 0
1732101929101 0.00014435335469897836 0
1732101946605 0.00015481398440897465 0
1732101963991 0.00015766829892527312 0
1732101981496 0.0001561223907629028 0
1732101998869 0.00017780493362806737 0
1732102016365 0.00014731899136677384 0
1732102033740 0.00017246355128008872 0
1732102051251 0.00016500725178048015 0
1732102068634 0.00017848900461103767 0
1732102086486 0.00015915234689600766 0
1732102103900 0.00014597197878174484 0
1732102121383 0.00018184616055805236 0
1732102138772 0.00015350745525211096 0
1732102156279 0.00015806473675183952 0
1732102173673 0.00015474211249966174 0
1732102191178 0.0001559451484354213 0
1732102208559 0.0001617207599338144 0
1732102226083 0.00016052510181907564 0
1732102243462 0.00014734044088982046 0
1732102260970 0.0001604696735739708 0
1732102278345 0.00015414580411743373 0
1732102295830 0.00015770667232573032 0
1732102313193 0.00017432088498026133 0
1732102330687 0.0001677926047705114 0
1732102348384 0.00016717977996449918 0
1732102365903 0.00016872244304977357 0
1732102383276 0.00015276571502909064 0
1732102400772 0.00015400556731037796 0
1732102418152 0.00016318223788402975 0
1732102435652 0.0001807153457775712 0
1732102453013 0.00016122138185892254 0
1732102470516 0.0001618804526515305 0
1732102487932 0.00014970327902119607 0
1732102505445 0.00018075775005854666 0
1732102522799 0.00015717967471573502 0
1732102540319 0.00018572102999314666 0
1732102557704 0.00016598058573435992 0
1732102575206 0.00016026372031774372 0
1732102592591 0.0001471897412557155 0
