1731963702452 0.501569390296936 0
1731963726378 0.49738678336143494 0
1731963750349 0.509952962398529 0
1731963774279 0.5080690383911133 0
1731963797958 0.503811776638031 0
1731963821661 0.5059786438941956 0
1731963845162 0.5221731662750244 0
1731963868741 0.5158700346946716 0
1731963892175 0.5041968822479248 0
1731963915680 0.5095781087875366 0
1731963939071 0.5239359140396118 0
1731963962562 0.5196680426597595 0
1731963985910 0.5240327715873718 0
1731964009380 0.5216822624206543 0
1731964032523 0.506137490272522 0
1731964053013 0.5160199403762817 0
1731964073434 0.5075169801712036 0
1731964093884 0.5268347859382629 0
1731964114351 0.5149239897727966 0
1731964134804 0.5171675682067871 0
1731964155263 0.5116561651229858 0
1731964175699 0.516157329082489 0
1731964195088 0.5162440538406372 0
1731964213959 0.5138072967529297 0
1731964232999 0.5088396668434143 0
1731964252036 0.5210610628128052 0
1731964271093 0.5070313811302185 0
1731964290010 0.5098823308944702 0
1731964309085 0.5024579167366028 0
1731964328092 0.5150018334388733 0
1731964346235 0.514367401599884 0
1731964364409 0.5052273869514465 0
1731964382602 0.5082846283912659 0
1731964400793 0.5122959017753601 0
1731964419043 0.4962572455406189 0
1731964437263 0.5093505382537842 0
1731964455481 0.5033304691314697 0
1731964473199 0.5063304901123047 0
1731964490948 0.5027817487716675 0
1731964508568 0.49537405371665955 0
1731964526328 0.49680450558662415 0
1731964543939 0.5108417868614197 0
1731964561727 0.49319908022880554 0
1731964579387 0.5046316385269165 0
1731964597542 0.4938739836215973 0
1731964615221 0.5015479922294617 0
1731964633029 0.49706602096557617 0
1731964650687 0.49796393513679504 0
1731964668506 0.5065226554870605 0
1731964686216 0.5000532865524292 0
1731964704060 0.5003939270973206 0
1731964721784 0.48626163601875305 0
1731964739655 0.49653056263923645 0
1731964757392 0.49822255969047546 0
1731964775245 0.5062478184700012 0
1731964792962 0.4938133656978607 0
1731964810853 0.4920107424259186 0
1731964828578 0.48970356583595276 0
1731964846443 0.5025753974914551 0
1731964864467 0.4991318881511688 0
1731964882355 0.49899378418922424 0
1731964900143 0.4914734363555908 0
1731964918047 0.4971332252025604 0
1731964935807 0.5033561587333679 0
1731964953719 0.494751513004303 0
1731964971468 0.4934236705303192 0
1731964989344 0.5038435459136963 0
1731965007065 0.49806109070777893 0
1731965024973 0.49587416648864746 0
1731965042709 0.4965212643146515 0
1731965060589 0.49865853786468506 0
1731965078359 0.4896758198738098 0
1731965096224 0.4880485236644745 0
1731965114012 0.4899246394634247 0
1731965132207 0.5004732012748718 0
1731965149965 0.5053296685218811 0
1731965167913 0.49976059794425964 0
1731965185674 0.4951229393482208 0
1731965203603 0.49331411719322205 0
1731965221364 0.49970248341560364 0
1731965239269 0.49589887261390686 0
1731965257073 0.49586087465286255 0
1731965274982 0.49606674909591675 0
1731965292788 0.49721843004226685 0
1731965310682 0.4936479330062866 0
1731965328449 0.49238505959510803 0
1731965346340 0.4974727928638458 0
1731965364102 0.493941068649292 0
1731965382332 0.495209276676178 0
1731965400145 0.49385759234428406 0
1731965418080 0.48647651076316833 0
1731965435870 0.5015444159507751 0
1731965453768 0.49619466066360474 0
1731965471539 0.495897114276886 0
1731965489447 0.49297475814819336 0
1731965507225 0.4971834123134613 0
1731965525132 0.4903968870639801 0
1731965542898 0.49425646662712097 0
1731965560793 0.4920685589313507 0
1731965578583 0.5000834465026855 0
1731965596479 0.4952045977115631 0
1731965614205 0.4961484372615814 0
1731965632142 0.4988197982311249 0
1731965650214 0.4941277801990509 0
1731965668153 0.49966758489608765 0
1731965685915 0.49644577503204346 0
1731965703817 0.4961712062358856 0
1731965721585 0.49277612566947937 0
1731965739487 0.4922327697277069 0
1731965757252 0.49225249886512756 0
1731965775136 0.4899892508983612 0
1731965792898 0.4906085133552551 0
1731965810837 0.49818629026412964 0
1731965828628 0.4973333775997162 0
1731965846480 0.49865132570266724 0
1731965864247 0.49389734864234924 0
1731965882156 0.4992366433143616 0
1731965899952 0.4941994845867157 0
1731965918202 0.4995473027229309 0
1731965935963 0.4951341450214386 0
1731965953837 0.4895569980144501 0
1731965971616 0.4956304728984833 0
1731965989528 0.49582988023757935 0
1731966007276 0.4941609501838684 0
1731966025206 0.49385935068130493 0
1731966043015 0.4937172532081604 0
1731966060945 0.4902153015136719 0
1731966078772 0.49315381050109863 0
1731966096680 0.49313145875930786 0
1731966114457 0.4939602017402649 0
1731966132372 0.4937420189380646 0
1731966150116 0.4946805238723755 0
1731966168058 0.4936150908470154 0
1731966186149 0.4897230565547943 0
1731966204057 0.48953190445899963 0
1731966221809 0.4929009974002838 0
1731966239673 0.49464675784111023 0
1731966257410 0.49494776129722595 0
1731966275309 0.49489307403564453 0
1731966293080 0.49081575870513916 0
1731966310986 0.4945978820323944 0
1731966328736 0.49709394574165344 0
1731966346653 0.49571532011032104 0
1731966364425 0.49565446376800537 0
1731966382368 0.4938783049583435 0
1731966400184 0.4906729757785797 0
1731966418089 0.4902251064777374 0
1731966435885 0.4961714446544647 0
1731966454093 0.4934629499912262 0
1731966471870 0.4934524893760681 0
1731966489780 0.495214581489563 0
1731966507561 0.49603110551834106 0
1731966525440 0.4946461021900177 0
1731966543203 0.4953300952911377 0
1731966561113 0.49648359417915344 0
1731966578888 0.49461421370506287 0
1731966596787 0.494554340839386 0
1731966614603 0.4930764436721802 0
1731966632520 0.4964544177055359 0
1731966650262 0.4948991537094116 0
1731966668189 0.49675238132476807 0
1731966685957 0.49475565552711487 0
1731966704186 0.4982081651687622 0
1731966721976 0.49706244468688965 0
1731966739884 0.4887560307979584 0
1731966757667 0.4939498007297516 0
1731966775579 0.4946843087673187 0
1731966793349 0.49758201837539673 0
1731966811249 0.4950731098651886 0
1731966829009 0.4913095533847809 0
1731966846930 0.48703840374946594 0
1731966864683 0.4951138198375702 0
1731966882592 0.49195539951324463 0
1731966900376 0.49260213971138 0
1731966918296 0.4929998219013214 0
1731966936054 0.4946676194667816 0
1731966953966 0.493129163980484 0
1731966972040 0.4936200976371765 0
1731966989955 0.49383002519607544 0
1731967007725 0.4957911968231201 0
1731967025596 0.4967762231826782 0
1731967043316 0.4958249032497406 0
1731967061159 0.49213019013404846 0
1731967078856 0.4937235713005066 0
1731967096704 0.49179476499557495 0
1731967114448 0.4945821464061737 0
1731967132304 0.4916907846927643 0
1731967150057 0.4929010570049286 0
1731967167931 0.49319133162498474 0
1731967185643 0.49344465136528015 0
1731967203527 0.4954890012741089 0
1731967221278 0.49530336260795593 0
1731967239492 0.49350932240486145 0
1731967257227 0.49292171001434326 0
1731967275100 0.4952802062034607 0
1731967292792 0.4929136037826538 0
1731967310640 0.49141836166381836 0
1731967328373 0.4949226379394531 0
1731967346222 0.49144861102104187 0
1731967363977 0.49021488428115845 0
1731967381830 0.4931430518627167 0
1731967399522 0.4963952302932739 0
1731967417356 0.4940878450870514 0
1731967435084 0.49517133831977844 0
1731967452946 0.4933363199234009 0
1731967470662 0.49296173453330994 0
1731967488511 0.49325814843177795 0
1731967506580 0.49076908826828003 0
1731967524460 0.4955868721008301 0
1731967542158 0.4957644045352936 0
1731967559953 0.49481216073036194 0
1731967577651 0.4963839650154114 0
1731967595470 0.4949954152107239 0
1731967613153 0.49560603499412537 0
1731967630962 0.4964869022369385 0
1731967648689 0.4952671229839325 0
1731967666576 0.4953814148902893 0
1731967684286 0.4981382191181183 0
1731967702121 0.49683210253715515 0
1731967719837 0.49464836716651917 0
1731967737661 0.4928710162639618 0
1731967755333 0.4952152669429779 0
