1731963702452 0.008098927326500416 0
1731963726378 0.007778747007250786 0
1731963750349 0.00769640551880002 0
1731963774279 0.007479552645236254 0
1731963797958 0.007370308041572571 0
1731963821661 0.007282063830643892 0
1731963845162 0.00735533656552434 0
1731963868741 0.0072102672420442104 0
1731963892175 0.007217986509203911 0
1731963915680 0.0069877514615654945 0
1731963939071 0.007276749238371849 0
1731963962562 0.007069278974086046 0
1731963985910 0.007094764616340399 0
1731964009380 0.006955202668905258 0
1731964032523 0.006889391224831343 0
1731964053013 0.007037775591015816 0
1731964073434 0.006985226180404425 0
1731964093884 0.006815152708441019 0
1731964114351 0.006777570117264986 0
1731964134804 0.006857642438262701 0
1731964155263 0.006828491576015949 0
1731964175699 0.006887329742312431 0
1731964195088 0.006739978678524494 0
1731964213959 0.0067091891542077065 0
1731964232999 0.00673253508284688 0
1731964252036 0.0067624798975884914 0
1731964271093 0.006821411661803722 0
1731964290010 0.006687610410153866 0
1731964309085 0.006679527461528778 0
1731964328092 0.006762453820556402 0
1731964346235 0.006669973488897085 0
1731964364409 0.006754344329237938 0
1731964382602 0.006726669147610664 0
1731964400793 0.006567656993865967 0
1731964419043 0.006604436319321394 0
1731964437263 0.006748202256858349 0
1731964455481 0.006650665309280157 0
1731964473199 0.006742008961737156 0
1731964490948 0.006855982355773449 0
1731964508568 0.006843507289886475 0
1731964526328 0.006722201593220234 0
1731964543939 0.006733735557645559 0
1731964561727 0.006623901426792145 0
1731964579387 0.006631269119679928 0
1731964597542 0.006689096335321665 0
1731964615221 0.006668989080935717 0
1731964633029 0.006652734242379665 0
1731964650687 0.006563151720911264 0
1731964668506 0.006674045231193304 0
1731964686216 0.006691611837595701 0
1731964704060 0.006590439006686211 0
1731964721784 0.006663421168923378 0
1731964739655 0.006661075633019209 0
1731964757392 0.006640670355409384 0
1731964775245 0.0066184960305690765 0
1731964792962 0.006654857192188501 0
1731964810853 0.006540659349411726 0
1731964828578 0.006591031793504953 0
1731964846443 0.006608295254409313 0
1731964864467 0.006570420693606138 0
1731964882355 0.006642051972448826 0
1731964900143 0.006695479154586792 0
1731964918047 0.006569954566657543 0
1731964935807 0.006569403689354658 0
1731964953719 0.006520865950733423 0
1731964971468 0.006648641545325518 0
1731964989344 0.006596060935407877 0
1731965007065 0.0067056333646178246 0
1731965024973 0.006704931613057852 0
1731965042709 0.006622925866395235 0
1731965060589 0.0064981430768966675 0
1731965078359 0.0065373885445296764 0
1731965096224 0.006556161679327488 0
1731965114012 0.006621736101806164 0
1731965132207 0.006590231321752071 0
1731965149965 0.006576951593160629 0
1731965167913 0.006627771537750959 0
1731965185674 0.006561317481100559 0
1731965203603 0.00658454280346632 0
1731965221364 0.006534759420901537 0
1731965239269 0.006542746443301439 0
1731965257073 0.006540289148688316 0
1731965274982 0.006569020450115204 0
1731965292788 0.0066042435355484486 0
1731965310682 0.006580434273928404 0
1731965328449 0.006512859370559454 0
1731965346340 0.006562050897628069 0
1731965364102 0.006542815361171961 0
1731965382332 0.006605924107134342 0
1731965400145 0.006584082264453173 0
1731965418080 0.0066553023643791676 0
1731965435870 0.006511945743113756 0
1731965453768 0.006621740758419037 0
1731965471539 0.006586897186934948 0
1731965489447 0.006726853549480438 0
1731965507225 0.006453219335526228 0
1731965525132 0.006599926855415106 0
1731965542898 0.006667641922831535 0
1731965560793 0.006555129308253527 0
1731965578583 0.0065817516297101974 0
1731965596479 0.006545207463204861 0
1731965614205 0.006459822878241539 0
1731965632142 0.006609493400901556 0
1731965650214 0.006627208553254604 0
1731965668153 0.0065428344532847404 0
1731965685915 0.006620550993829966 0
1731965703817 0.0065641989931464195 0
1731965721585 0.0065823993645608425 0
1731965739487 0.006600453518331051 0
1731965757252 0.00658416748046875 0
1731965775136 0.0064964317716658115 0
1731965792898 0.006583508104085922 0
1731965810837 0.006539896596223116 0
1731965828628 0.006534889806061983 0
1731965846480 0.0064837513491511345 0
1731965864247 0.006555160507559776 0
1731965882156 0.006565018091350794 0
1731965899952 0.00650560250505805 0
1731965918202 0.006646497640758753 0
1731965935963 0.006519576534628868 0
1731965953837 0.006516751367598772 0
1731965971616 0.006519039627164602 0
1731965989528 0.006461367476731539 0
1731966007276 0.006542221177369356 0
1731966025206 0.006529290694743395 0
1731966043015 0.006563093513250351 0
1731966060945 0.006548777688294649 0
1731966078772 0.006536127999424934 0
1731966096680 0.006629853043705225 0
1731966114457 0.006576341111212969 0
1731966132372 0.006554902531206608 0
1731966150116 0.006529847159981728 0
1731966168058 0.006508884951472282 0
1731966186149 0.006543303374201059 0
1731966204057 0.006503003649413586 0
1731966221809 0.006498231086879969 0
1731966239673 0.00653674453496933 0
1731966257410 0.006522481795400381 0
1731966275309 0.006533331703394651 0
1731966293080 0.006546451710164547 0
1731966310986 0.006546369753777981 0
1731966328736 0.006547753233462572 0
1731966346653 0.006617222912609577 0
1731966364425 0.006491519510746002 0
1731966382368 0.006550706457346678 0
1731966400184 0.006543761119246483 0
1731966418089 0.006515525281429291 0
1731966435885 0.006484738551080227 0
1731966454093 0.0065334634855389595 0
1731966471870 0.006585875991731882 0
1731966489780 0.006571786478161812 0
1731966507561 0.006546298041939735 0
1731966525440 0.006510941777378321 0
1731966543203 0.0064996168948709965 0
1731966561113 0.0065052080899477005 0
1731966578888 0.006519235670566559 0
1731966596787 0.0065385811030864716 0
1731966614603 0.006576095707714558 0
1731966632520 0.006573588587343693 0
1731966650262 0.006544077303260565 0
1731966668189 0.006500942632555962 0
1731966685957 0.0065270112827420235 0
1731966704186 0.006552850361913443 0
1731966721976 0.006516335532069206 0
1731966739884 0.006587722804397345 0
1731966757667 0.006519252900034189 0
1731966775579 0.00647096848115325 0
1731966793349 0.006563155446201563 0
1731966811249 0.00652941083535552 0
1731966829009 0.006544322241097689 0
1731966846930 0.00647791987285018 0
1731966864683 0.006535692606121302 0
1731966882592 0.0065309032797813416 0
1731966900376 0.006474299356341362 0
1731966918296 0.006549801677465439 0
1731966936054 0.006546640768647194 0
1731966953966 0.006531138438731432 0
1731966972040 0.006495338398963213 0
1731966989955 0.006530840881168842 0
1731967007725 0.00659511424601078 0
1731967025596 0.006477584596723318 0
1731967043316 0.00647361483424902 0
1731967061159 0.006494822446256876 0
1731967078856 0.006502062547951937 0
1731967096704 0.006536578293889761 0
1731967114448 0.006484947167336941 0
1731967132304 0.0065085613168776035 0
1731967150057 0.0064942240715026855 0
1731967167931 0.006542655173689127 0
1731967185643 0.006507562473416328 0
1731967203527 0.006525325123220682 0
1731967221278 0.006543911062180996 0
1731967239492 0.006551407277584076 0
1731967257227 0.006463262718170881 0
1731967275100 0.006540575996041298 0
1731967292792 0.006499619223177433 0
1731967310640 0.006525123957544565 0
1731967328373 0.006517825182527304 0
1731967346222 0.006516038440167904 0
1731967363977 0.006537843029946089 0
1731967381830 0.0065237353555858135 0
1731967399522 0.006523356307297945 0
1731967417356 0.006503778975456953 0
1731967435084 0.006524823606014252 0
1731967452946 0.006513471249490976 0
1731967470662 0.006520310882478952 0
1731967488511 0.006486526690423489 0
1731967506580 0.0065216561779379845 0
1731967524460 0.006496187765151262 0
1731967542158 0.006534033454954624 0
1731967559953 0.006531313061714172 0
1731967577651 0.006513217464089394 0
1731967595470 0.0065383026376366615 0
1731967613153 0.00653133075684309 0
1731967630962 0.006481262389570475 0
1731967648689 0.006540358066558838 0
1731967666576 0.006524697411805391 0
1731967684286 0.006512918975204229 0
1731967702121 0.006541844457387924 0
1731967719837 0.00652562128379941 0
1731967737661 0.006524865515530109 0
1731967755333 0.006506440695375204 0
