1731963702456 0.0007596238283440471 0
1731963726383 0.0005732872523367405 0
1731963750352 0.0005345236277207732 0
1731963774282 0.0004897508770227432 0
1731963797961 0.0004701640282291919 0
1731963821664 0.00046762439887970686 0
1731963845164 0.0004091195878572762 0
1731963868744 0.00042487934115342796 0
1731963892177 0.00043217570055276155 0
1731963915683 0.00044835120206698775 0
1731963939073 0.0004038363404106349 0
1731963962564 0.0004355640849098563 0
1731963985913 0.0004382769693620503 0
1731964009382 0.0004404261417221278 0
1731964032525 0.00043965206714347005 0
1731964053016 0.0004695107345469296 0
1731964073436 0.00048384489491581917 0
1731964093886 0.00046366892638616264 0
1731964114353 0.0005024794954806566 0
1731964134806 0.0005033806664869189 0
1731964155265 0.0005113584920763969 0
1731964175701 0.0004868454998359084 0
1731964195091 0.0005088635953143239 0
1731964213962 0.0005172256496734917 0
1731964233001 0.0005317560862749815 0
1731964252041 0.0005415579071268439 0
1731964271095 0.000539395899977535 0
1731964290012 0.0005532477516680956 0
1731964309088 0.0005493203643709421 0
1731964328095 0.000572051911149174 0
1731964346237 0.0006234014290384948 0
1731964364412 0.0006300505483523011 0
1731964382604 0.0006088019581511617 0
1731964400795 0.0005707994569092989 0
1731964419046 0.0006675348849967122 0
1731964437266 0.0005793287418782711 0
1731964455483 0.0006021311273798347 0
1731964473201 0.000632231414783746 0
1731964490950 0.0006284016417339444 0
1731964508571 0.000626792258117348 0
1731964526330 0.0006425222964026034 0
1731964543942 0.0006096363067626953 0
1731964561729 0.0006173667497932911 0
1731964579389 0.0006932422984391451 0
1731964597544 0.0006678871577605605 0
1731964615223 0.0006543562049046159 0
1731964633031 0.0006872700760141015 0
1731964650690 0.0007019363110885024 0
1731964668509 0.0007157557411119342 0
1731964686218 0.0006646009860560298 0
1731964704063 0.0006586052477359772 0
1731964721786 0.000628731562756002 0
1731964739657 0.0006749467574991286 0
1731964757395 0.0006803990690968931 0
1731964775247 0.0007211387855932117 0
1731964792964 0.0007174594793468714 0
1731964810856 0.0007198933744803071 0
1731964828580 0.0007047413382679224 0
1731964846445 0.0007052542641758919 0
1731964864470 0.0007426561205647886 0
1731964882357 0.0007050372660160065 0
1731964900145 0.0006987859960645437 0
1731964918049 0.0007285833125934005 0
1731964935810 0.0007039622287265956 0
1731964953721 0.0007279577548615634 0
1731964971470 0.0007602336117997766 0
1731964989346 0.0007079015485942364 0
1731965007067 0.0007658199174329638 0
1731965024975 0.0007462938665412366 0
1731965042712 0.0007051014108583331 0
1731965060591 0.0007567093707621098 0
1731965078361 0.0007413359708152711 0
1731965096227 0.0007942767115309834 0
1731965114014 0.0007779627339914441 0
1731965132209 0.0007637518574483693 0
1731965149968 0.0007331751985475421 0
1731965167915 0.0007344318437390029 0
1731965185676 0.0007474793819710612 0
1731965203605 0.0007475635502487421 0
1731965221366 0.0007242577848955989 0
1731965239271 0.000793664192315191 0
1731965257076 0.0007754945545457304 0
1731965274985 0.000780324568040669 0
1731965292790 0.0007438873872160912 0
1731965310684 0.0007946467958390713 0
1731965328452 0.0007724591996520758 0
1731965346342 0.000778842659201473 0
1731965364105 0.0008111778297461569 0
1731965382335 0.0007865695515647531 0
1731965400147 0.0007896962342783809 0
1731965418083 0.0007985333213582635 0
1731965435873 0.0007825000211596489 0
1731965453770 0.0008186286431737244 0
1731965471542 0.0008212592802010477 0
1731965489449 0.00082033546641469 0
1731965507227 0.0008070407784543931 0
1731965525135 0.0007422799244523048 0
1731965542900 0.0008548572659492493 0
1731965560795 0.0007585556013509631 0
1731965578585 0.0008171913214027882 0
1731965596481 0.0008480348624289036 0
1731965614207 0.0007960627553984523 0
1731965632145 0.000758276495616883 0
1731965650217 0.0008049668977037072 0
1731965668155 0.000796021893620491 0
1731965685917 0.0008245583157986403 0
1731965703819 0.000798178487457335 0
1731965721588 0.0007824157364666462 0
1731965739490 0.0008675347198732197 0
1731965757255 0.0008403973188251257 0
1731965775138 0.0007636356167495251 0
1731965792900 0.0008298844331875443 0
1731965810840 0.0008670996176078916 0
1731965828631 0.0007989635923877358 0
1731965846483 0.0008142390288412571 0
1731965864249 0.000837883329950273 0
1731965882158 0.000831168086733669 0
1731965899954 0.0008550133788958192 0
1731965918205 0.0007988701108843088 0
1731965935965 0.0007901788922026753 0
1731965953839 0.0008762760553508997 0
1731965971618 0.000815330829937011 0
1731965989531 0.0008244815398938954 0
1731966007278 0.0009083949262276292 0
1731966025209 0.0008657279540784657 0
1731966043017 0.0008725924417376518 0
1731966060947 0.00086197693599388 0
1731966078774 0.0008430046727880836 0
1731966096682 0.0008336952887475491 0
1731966114459 0.0008617541752755642 0
1731966132374 0.0009199271444231272 0
1731966150119 0.0008580767898820341 0
1731966168060 0.0008706232765689492 0
1731966186151 0.000875755853485316 0
1731966204060 0.0008795378380455077 0
1731966221811 0.0009123715572059155 0
1731966239675 0.0008537162211723626 0
1731966257413 0.0009033017558977008 0
1731966275311 0.0008403119281865656 0
1731966293082 0.0009214290184900165 0
1731966310989 0.0008939170511439443 0
1731966328738 0.0009010803769342601 0
1731966346655 0.0008719455800019205 0
1731966364428 0.0009028785862028599 0
1731966382370 0.000889261660631746 0
1731966400186 0.0009205759852193296 0
1731966418091 0.0009252008167095482 0
1731966435887 0.0008977068355306983 0
1731966454095 0.0009995867731049657 0
1731966471873 0.0009469371871091425 0
1731966489782 0.0009506125934422016 0
1731966507563 0.0008583774324506521 0
1731966525442 0.0008545532473362982 0
1731966543206 0.0009167061652988195 0
1731966561115 0.0008940352709032595 0
1731966578890 0.0009278202196583152 0
1731966596789 0.0009026547195389867 0
1731966614605 0.000942735408898443 0
1731966632522 0.0008960150880739093 0
1731966650264 0.0009751174366101623 0
1731966668191 0.0008835243643261492 0
1731966685959 0.0008944778237491846 0
1731966704188 0.0009038184653036296 0
1731966721978 0.0009247043635696173 0
1731966739885 0.0008537139510735869 0
1731966757670 0.0009213712182827294 0
1731966775581 0.0009688791469670832 0
1731966793351 0.0009345811558887362 0
1731966811251 0.0009173655998893082 0
1731966829011 0.0009584130020812154 0
1731966846932 0.0009756336221471429 0
1731966864686 0.0009388155303895473 0
1731966882594 0.0008851654129102826 0
1731966900379 0.0009520092280581594 0
1731966918298 0.0009827278554439545 0
1731966936056 0.0009194751037284732 0
1731966953968 0.0009973032865673304 0
1731966972042 0.0009438458946533501 0
1731966989957 0.0009728773147799075 0
1731967007727 0.0009490307420492172 0
1731967025598 0.0009202121873386204 0
1731967043318 0.0010026948293671012 0
1731967061161 0.0009764767019078135 0
1731967078858 0.0009313048212788999 0
1731967096706 0.0010336292907595634 0
1731967114450 0.0009910420048981905 0
1731967132306 0.0009797019883990288 0
1731967150059 0.0009904721518978477 0
1731967167933 0.0009715795167721808 0
1731967185645 0.0009458549320697784 0
1731967203530 0.0009605215163901448 0
1731967221280 0.000976688927039504 0
1731967239495 0.0009782095439732075 0
1731967257229 0.0009459853172302246 0
1731967275102 0.0009315150091424584 0
1731967292794 0.0009348367457278073 0
1731967310643 0.001038645044900477 0
1731967328376 0.0010252812644466758 0
1731967346224 0.001013738103210926 0
1731967363979 0.0009910331573337317 0
1731967381832 0.0009952940745279193 0
1731967399524 0.0010221130214631557 0
1731967417359 0.0010211998596787453 0
1731967435087 0.001007850281894207 0
1731967452948 0.0009563774219714105 0
1731967470664 0.0009904287289828062 0
1731967488513 0.0009564977372065187 0
1731967506582 0.0009713186882436275 0
1731967524463 0.000954988703597337 0
1731967542160 0.0010402258485555649 0
1731967559955 0.0009956298163160682 0
1731967577653 0.0010453718714416027 0
1731967595472 0.000997080933302641 0
1731967613155 0.0009857144905254245 0
1731967630964 0.0009787243325263262 0
1731967648691 0.0010514582972973585 0
1731967666578 0.001011754502542317 0
1731967684288 0.0010326678166165948 0
1731967702123 0.0009794461075216532 0
1731967719839 0.0010821898467838764 0
1731967737663 0.0009624966769479215 0
1731967755335 0.0010613759513944387 0
