1731963702452 22.826431274414062 0
1731963726378 24.499446868896484 0
1731963750349 25.08098030090332 0
1731963774279 25.646333694458008 0
1731963797958 26.202714920043945 0
1731963821661 26.592050552368164 0
1731963845162 26.247358322143555 0
1731963868741 26.70431137084961 0
1731963892175 26.548267364501953 0
1731963915680 27.185274124145508 0
1731963939071 26.87316131591797 0
1731963962562 27.16908073425293 0
1731963985910 27.14104461669922 0
1731964009380 27.607860565185547 0
1731964032523 27.806222915649414 0
1731964053013 26.47981834411621 0
1731964073434 27.289339065551758 0
1731964093884 27.060104370117188 0
1731964114351 27.922189712524414 0
1731964134804 28.092674255371094 0
1731964155263 28.339405059814453 0
1731964175699 28.381515502929688 0
1731964195088 27.572568893432617 0
1731964213959 28.09771728515625 0
1731964232999 28.259824752807617 0
1731964252036 28.417203903198242 0
1731964271093 28.37098503112793 0
1731964290010 27.690059661865234 0
1731964309085 28.999725341796875 0
1731964328092 27.567663192749023 0
1731964346235 28.490203857421875 0
1731964364409 28.076942443847656 0
1731964382602 27.804332733154297 0
1731964400793 29.6756591796875 0
1731964419043 27.57042121887207 0
1731964437263 28.663707733154297 0
1731964455481 28.741300582885742 0
1731964473199 27.85704231262207 0
1731964490948 28.329904556274414 0
1731964508568 29.57078742980957 0
1731964526328 28.93630599975586 0
1731964543939 29.4072322845459 0
1731964561727 29.445531845092773 0
1731964579387 29.59015655517578 0
1731964597542 28.423377990722656 0
1731964615221 30.10066795349121 0
1731964633029 28.860454559326172 0
1731964650687 29.349645614624023 0
1731964668506 29.62980842590332 0
1731964686216 28.827756881713867 0
1731964704060 29.484655380249023 0
1731964721784 29.540447235107422 0
1731964739655 29.111026763916016 0
1731964757392 29.231218338012695 0
1731964775245 29.836097717285156 0
1731964792962 29.503204345703125 0
1731964810853 29.365795135498047 0
1731964828578 29.844633102416992 0
1731964846443 30.01482582092285 0
1731964864467 30.683666229248047 0
1731964882355 30.24959945678711 0
1731964900143 29.758142471313477 0
1731964918047 29.653430938720703 0
1731964935807 30.273527145385742 0
1731964953719 29.776647567749023 0
1731964971468 30.12703514099121 0
1731964989344 30.093095779418945 0
1731965007065 30.3096923828125 0
1731965024973 29.77031135559082 0
1731965042709 30.67641258239746 0
1731965060589 30.5137882232666 0
1731965078359 29.69806480407715 0
1731965096224 29.926515579223633 0
1731965114012 30.459430694580078 0
1731965132207 29.866117477416992 0
1731965149965 30.743186950683594 0
1731965167913 29.8519229888916 0
1731965185674 31.04358673095703 0
1731965203603 30.989974975585938 0
1731965221364 30.37876319885254 0
1731965239269 30.20896339416504 0
1731965257073 30.33673858642578 0
1731965274982 30.868865966796875 0
1731965292788 30.077592849731445 0
1731965310682 29.732133865356445 0
1731965328449 30.47722625732422 0
1731965346340 30.524789810180664 0
1731965364102 30.921133041381836 0
1731965382332 31.04039192199707 0
1731965400145 30.431169509887695 0
1731965418080 30.417499542236328 0
1731965435870 31.52399253845215 0
1731965453768 30.950977325439453 0
1731965471539 31.06702423095703 0
1731965489447 30.545989990234375 0
1731965507225 30.573768615722656 0
1731965525132 30.40001678466797 0
1731965542898 30.386159896850586 0
1731965560793 31.628162384033203 0
1731965578583 31.18398666381836 0
1731965596479 31.045358657836914 0
1731965614205 31.178720474243164 0
1731965632142 31.125234603881836 0
1731965650214 31.019487380981445 0
1731965668153 30.15639877319336 0
1731965685915 31.054821014404297 0
1731965703817 32.18408203125 0
1731965721585 32.33900833129883 0
1731965739487 31.488357543945312 0
1731965757252 31.624887466430664 0
1731965775136 31.59539794921875 0
1731965792898 31.71782684326172 0
1731965810837 31.97888946533203 0
1731965828628 30.762836456298828 0
1731965846480 31.43987274169922 0
1731965864247 31.06764793395996 0
1731965882156 31.86136817932129 0
1731965899952 31.630752563476562 0
1731965918202 31.861820220947266 0
1731965935963 31.74310874938965 0
1731965953837 31.868633270263672 0
1731965971616 31.874788284301758 0
1731965989528 31.923418045043945 0
1731966007276 32.44453811645508 0
1731966025206 31.224510192871094 0
1731966043015 32.0136604309082 0
1731966060945 32.986595153808594 0
1731966078772 31.49243927001953 0
1731966096680 32.428550720214844 0
1731966114457 32.05023193359375 0
1731966132372 32.268802642822266 0
1731966150116 32.96623229980469 0
1731966168058 32.564849853515625 0
1731966186149 32.500282287597656 0
1731966204057 32.15589141845703 0
1731966221809 31.583354949951172 0
1731966239673 32.84062576293945 0
1731966257410 32.036376953125 0
1731966275309 32.2988395690918 0
1731966293080 32.558677673339844 0
1731966310986 32.58503723144531 0
1731966328736 31.8668212890625 0
1731966346653 32.492431640625 0
1731966364425 32.17133712768555 0
1731966382368 31.986940383911133 0
1731966400184 31.931663513183594 0
1731966418089 32.5223274230957 0
1731966435885 33.35734939575195 0
1731966454093 33.03668975830078 0
1731966471870 33.211978912353516 0
1731966489780 32.39644241333008 0
1731966507561 32.37589645385742 0
1731966525440 33.07139205932617 0
1731966543203 32.739505767822266 0
1731966561113 32.26420974731445 0
1731966578888 32.38473129272461 0
1731966596787 33.423912048339844 0
1731966614603 32.68080520629883 0
1731966632520 32.838958740234375 0
1731966650262 32.93104934692383 0
1731966668189 32.448116302490234 0
1731966685957 33.336952209472656 0
1731966704186 33.597496032714844 0
1731966721976 33.62647247314453 0
1731966739884 33.19364547729492 0
1731966757667 33.38020706176758 0
1731966775579 33.273643493652344 0
1731966793349 33.792747497558594 0
1731966811249 32.178524017333984 0
1731966829009 32.29064178466797 0
1731966846930 32.88947677612305 0
1731966864683 33.26870346069336 0
1731966882592 32.679954528808594 0
1731966900376 33.06638717651367 0
1731966918296 33.75960922241211 0
1731966936054 33.38543701171875 0
1731966953966 33.47119903564453 0
1731966972040 32.0945930480957 0
1731966989955 33.50332260131836 0
1731967007725 34.47575378417969 0
1731967025596 33.564693450927734 0
1731967043316 34.09463119506836 0
1731967061159 33.607383728027344 0
1731967078856 33.39983367919922 0
1731967096704 33.5148811340332 0
1731967114448 33.74188995361328 0
1731967132304 33.78656768798828 0
1731967150057 33.774574279785156 0
1731967167931 33.92919158935547 0
1731967185643 33.85059356689453 0
1731967203527 33.746559143066406 0
1731967221278 33.64255142211914 0
1731967239492 33.03827667236328 0
1731967257227 33.89933776855469 0
1731967275100 33.98170471191406 0
1731967292792 33.87205123901367 0
1731967310640 33.06300735473633 0
1731967328373 34.111289978027344 0
1731967346222 33.9367790222168 0
1731967363977 33.970497131347656 0
1731967381830 34.12553405761719 0
1731967399522 33.867557525634766 0
1731967417356 33.7339973449707 0
1731967435084 34.04639434814453 0
1731967452946 33.6656494140625 0
1731967470662 34.21556091308594 0
1731967488511 34.18467330932617 0
1731967506580 33.05855178833008 0
1731967524460 33.69453048706055 0
1731967542158 34.228824615478516 0
1731967559953 34.56618118286133 0
1731967577651 35.025184631347656 0
1731967595470 34.19816207885742 0
1731967613153 33.8768196105957 0
1731967630962 34.551788330078125 0
1731967648689 34.18724822998047 0
1731967666576 34.486026763916016 0
1731967684286 33.87438201904297 0
1731967702121 35.12257385253906 0
1731967719837 34.4786262512207 0
1731967737661 34.31312942504883 0
1731967755333 34.74394226074219 0
