1731963702456 0.00521622970700264 0
1731963726383 0.0035485848784446716 0
1731963750352 0.00310385855846107 0
1731963774282 0.002725000958889723 0
1731963797961 0.0023973342031240463 0
1731963821664 0.0021917689591646194 0
1731963845164 0.0023728159721940756 0
1731963868744 0.0021358404774218798 0
1731963892177 0.0022139770444482565 0
1731963915683 0.0019119314383715391 0
1731963939073 0.002054394455626607 0
1731963962564 0.0019190744496881962 0
1731963985913 0.0019315024837851524 0
1731964009382 0.0017346583772450686 0
1731964032525 0.0016572097083553672 0
1731964053016 0.002249147742986679 0
1731964073436 0.0018666638061404228 0
1731964093886 0.0019678384996950626 0
1731964114353 0.001613544300198555 0
1731964134806 0.0015514311380684376 0
1731964155265 0.0014657482970505953 0
1731964175701 0.0014516047667711973 0
1731964195091 0.0017488121520727873 0
1731964213962 0.0015496298437938094 0
1731964233001 0.0014928545570001006 0
1731964252041 0.0014397248160094023 0
1731964271095 0.0014551286585628986 0
1731964290012 0.0017021347302943468 0
1731964309088 0.0012590042315423489 0
1731964328095 0.0017507881857454777 0
1731964346237 0.0014157274272292852 0
1731964364412 0.0015570612158626318 0
1731964382604 0.0016579313669353724 0
1731964400795 0.0010775418486446142 0
1731964419046 0.0017496768850833178 0
1731964437266 0.001360282301902771 0
1731964455483 0.00133619480766356 0
1731964473201 0.001637931214645505 0
1731964490950 0.001468957751058042 0
1731964508571 0.0011038784869015217 0
1731964526330 0.001277524745091796 0
1731964543942 0.0011462429538369179 0
1731964561729 0.0011361786164343357 0
1731964579389 0.0010989662259817123 0
1731964597544 0.0014376796316355467 0
1731964615223 0.0009770863689482212 0
1731964633031 0.0013000331819057465 0
1731964650690 0.0011615430703386664 0
1731964668509 0.001088978024199605 0
1731964686218 0.0013098579365760088 0
1731964704063 0.001125989481806755 0
1731964721786 0.0011116170790046453 0
1731964739657 0.001227148692123592 0
1731964757395 0.0011936528608202934 0
1731964775247 0.0010384609922766685 0
1731964792964 0.0011211910750716925 0
1731964810856 0.0011572320945560932 0
1731964828580 0.0010364217450842261 0
1731964846445 0.0009965914068743587 0
1731964864470 0.0008543450385332108 0
1731964882357 0.0009441475849598646 0
1731964900145 0.0010572690516710281 0
1731964918049 0.0010830705286934972 0
1731964935810 0.0009389602346345782 0
1731964953721 0.0010527739068493247 0
1731964971470 0.0009711724705994129 0
1731964989346 0.0009787918534129858 0
1731965007067 0.0009311733301728964 0
1731965024975 0.001054310705512762 0
1731965042712 0.0008557732217013836 0
1731965060591 0.000888425565790385 0
1731965078361 0.00107199652120471 0
1731965096227 0.0010170642053708434 0
1731965114014 0.0008996151154860854 0
1731965132209 0.0010313076199963689 0
1731965149968 0.0008427158463746309 0
1731965167915 0.0010346834314987063 0
1731965185676 0.0007863957434892654 0
1731965203605 0.0007961636292748153 0
1731965221366 0.0009164813673123717 0
1731965239271 0.0009530234383419156 0
1731965257076 0.0009253927273675799 0
1731965274985 0.0008186781778931618 0
1731965292790 0.0009822919964790344 0
1731965310684 0.0010636202059686184 0
1731965328452 0.0008959366823546588 0
1731965346342 0.0008861776441335678 0
1731965364105 0.0008088846225291491 0
1731965382335 0.000786974560469389 0
1731965400147 0.0009054883266799152 0
1731965418083 0.0009083430049940944 0
1731965435873 0.0007040451164357364 0
1731965453770 0.000803345232270658 0
1731965471542 0.0007821632316336036 0
1731965489449 0.0008818625356070697 0
1731965507227 0.0008762399666011333 0
1731965525135 0.0009120073518715799 0
1731965542900 0.0009149218676611781 0
1731965560795 0.0006873590173199773 0
1731965578585 0.0007613796624355018 0
1731965596481 0.0007860747864469886 0
1731965614207 0.0007623035926371813 0
1731965632145 0.000771749415434897 0
1731965650217 0.0007907717954367399 0
1731965668155 0.0009646284161135554 0
1731965685917 0.0007843644125387073 0
1731965703819 0.0006047720089554787 0
1731965721588 0.000583578017540276 0
1731965739490 0.0007098460337147117 0
1731965757255 0.0006878775311633945 0
1731965775138 0.0006925642373971641 0
1731965792900 0.0006733132759109139 0
1731965810840 0.000634031486697495 0
1731965828631 0.000838911859318614 0
1731965846483 0.0007178151863627136 0
1731965864249 0.0007820508326403797 0
1731965882158 0.0006514230626635253 0
1731965899954 0.0006869490607641637 0
1731965918205 0.000651355367153883 0
1731965935965 0.0006694050971418619 0
1731965953839 0.0006503342883661389 0
1731965971618 0.0006494128610938787 0
1731965989531 0.0006421819562092423 0
1731966007278 0.0005695687723346055 0
1731966025209 0.0007543081301264465 0
1731966043017 0.0006289758021011949 0
1731966060947 0.0005027365987189114 0
1731966078774 0.0007091790321283042 0
1731966096682 0.0005716692539863288 0
1731966114459 0.0006237013731151819 0
1731966132374 0.0005930887418799102 0
1731966150119 0.0005050994222983718 0
1731966168060 0.0005540067213587463 0
1731966186151 0.0005623047472909093 0
1731966204060 0.000608710222877562 0
1731966221811 0.0006944875931367278 0
1731966239675 0.000519920838996768 0
1731966257413 0.0006256941705942154 0
1731966275311 0.0005890008760616183 0
1731966293082 0.0005547944456338882 0
1731966310989 0.0005514371441677213 0
1731966328738 0.0006506057106889784 0
1731966346655 0.0005633218679577112 0
1731966364428 0.0006065494380891323 0
1731966382370 0.0006328573799692094 0
1731966400186 0.0006409638444893062 0
1731966418091 0.0005594576941803098 0
1731966435887 0.0004615990910679102 0
1731966454095 0.0004969708970747888 0
1731966471873 0.0004773116670548916 0
1731966489782 0.0005759114865213633 0
1731966507563 0.0005786424735561013 0
1731966525442 0.0004930155701003969 0
1731966543206 0.000532168778590858 0
1731966561115 0.0005937159876339138 0
1731966578890 0.000577466213144362 0
1731966596789 0.00045457849046215415 0
1731966614605 0.0005394103354774415 0
1731966632522 0.0005201204912737012 0
1731966650264 0.0005092077190056443 0
1731966668191 0.0005690994439646602 0
1731966685959 0.00046377209946513176 0
1731966704188 0.0004367674409877509 0
1731966721978 0.0004338629951234907 0
1731966739885 0.00047933083260431886 0
1731966757670 0.00045917610987089574 0
1731966775581 0.0004705822793766856 0
1731966793351 0.0004175658104941249 0
1731966811251 0.0006055466365069151 0
1731966829011 0.0005901139229536057 0
1731966846932 0.0005141054280102253 0
1731966864686 0.0004711176734417677 0
1731966882594 0.0005395160987973213 0
1731966900379 0.000493583909701556 0
1731966918298 0.00042076437966898084 0
1731966936056 0.0004586234863381833 0
1731966953968 0.0004496558103710413 0
1731966972042 0.0006173631991259754 0
1731966989957 0.0004463420482352376 0
1731967007727 0.0003567995736375451 0
1731967025598 0.00044007887481711805 0
1731967043318 0.0003895260742865503 0
1731967061161 0.0004357743018772453 0
1731967078858 0.00045710563426837325 0
1731967096706 0.0004451556014828384 0
1731967114450 0.00042248470708727837 0
1731967132306 0.00041816040175035596 0
1731967150059 0.00041931704618036747 0
1731967167933 0.00040465121855959296 0
1731967185645 0.0004120410594623536 0
1731967203530 0.00042203054181300104 0
1731967221280 0.0004322594904806465 0
1731967239495 0.0004967893473803997 0
1731967257229 0.0004074422759003937 0
1731967275102 0.00039978756103664637 0
1731967292794 0.0004100103978998959 0
1731967310643 0.0004939683713018894 0
1731967328376 0.00038803493953309953 0
1731967346224 0.00040394457755610347 0
1731967363979 0.0004008206888101995 0
1731967381832 0.00038676452822983265 0
1731967399524 0.00041043476085178554 0
1731967417359 0.00042325316462665796 0
1731967435087 0.0003938766894862056 0
1731967452948 0.00042996666161343455 0
1731967470664 0.0003788294270634651 0
1731967488513 0.0003815334930550307 0
1731967506582 0.0004944754182361066 0
1731967524463 0.0004271168727427721 0
1731967542160 0.00037767435424029827 0
1731967559955 0.00034944730577990413 0
1731967577653 0.00031439930899068713 0
1731967595472 0.00038035036413930357 0
1731967613155 0.00040956027805805206 0
1731967630964 0.00035060741356574 0
1731967648691 0.0003813071525655687 0
1731967666578 0.00035595669760368764 0
1731967684288 0.0004097904893569648 0
1731967702123 0.0003074275446124375 0
1731967719839 0.0003565635997802019 0
1731967737663 0.0003704135015141219 0
1731967755335 0.0003354327636770904 0
