1731968612161 0.00014740267943125218 0
1731968638586 0.00011697792797349393 0
1731968664217 9.738443623064086e-05 0
1731968689637 8.158331183949485e-05 0
1731968714697 8.273047569673508e-05 0
1731968739771 7.534283940913156e-05 0
1731968764644 6.891942757647485e-05 0
1731968789536 6.569718243554235e-05 0
1731968814329 6.25756656518206e-05 0
1731968839212 6.365388981066644e-05 0
1731968864004 6.113574636401609e-05 0
1731968888913 5.605985643342137e-05 0
1731968913681 5.338571281754412e-05 0
1731968938553 5.3391107940115035e-05 0
1731968962985 5.016255454393104e-05 0
1731968984344 5.288681495585479e-05 0
1731969005718 4.687807086156681e-05 0
1731969027065 4.8660738684702665e-05 0
1731969048421 4.35662004747428e-05 0
1731969069794 4.6474564442178234e-05 0
1731969091100 4.69495244033169e-05 0
1731969112438 4.7680619900347665e-05 0
1731969132540 4.299922875361517e-05 0
1731969152045 4.170836109551601e-05 0
1731969171701 4.355695273261517e-05 0
1731969191308 4.112061651539989e-05 0
1731969210944 4.3682313844328746e-05 0
1731969230379 4.242697832523845e-05 0
1731969249991 4.038626138935797e-05 0
1731969269477 4.0181468648370355e-05 0
1731969288008 4.2299892811570317e-05 0
1731969306552 3.9592381654074416e-05 0
1731969325093 3.8545102142961696e-05 0
1731969343677 3.521431426634081e-05 0
1731969362220 3.674723120639101e-05 0
1731969380774 3.6087796615902334e-05 0
1731969399338 3.781079067266546e-05 0
1731969417243 3.484010085230693e-05 0
1731969435166 3.4595395845826715e-05 0
1731969452946 3.436327097006142e-05 0
1731969470844 3.5481272789184004e-05 0
1731969488628 3.548131644492969e-05 0
1731969506603 3.549636312527582e-05 0
1731969524382 3.534377538016997e-05 0
1731969542629 3.423766975174658e-05 0
1731969560406 3.2212290534516796e-05 0
1731969578340 3.3271229767706245e-05 0
1731969596123 3.212016963516362e-05 0
1731969614097 3.3325144613627344e-05 0
1731969631898 3.1900504836812615e-05 0
1731969649818 3.15133438562043e-05 0
1731969667616 3.177245889673941e-05 0
1731969685571 3.103584094787948e-05 0
1731969703361 3.181378269800916e-05 0
1731969721241 3.097861917922273e-05 0
1731969739029 3.0097282433416694e-05 0
1731969756989 3.105880750808865e-05 0
1731969774753 3.126239971606992e-05 0
1731969792658 3.073280822718516e-05 0
1731969810734 3.0291783332359046e-05 0
1731969828655 2.8969010600121692e-05 0
1731969846429 3.1356739782495424e-05 0
1731969864380 3.0620296456618235e-05 0
1731969882164 2.9459581128321588e-05 0
1731969900077 2.9002059818594716e-05 0
1731969917872 3.054547050851397e-05 0
1731969935789 2.933774703706149e-05 0
1731969953561 3.0422652343986556e-05 0
1731969971475 3.058694346691482e-05 0
1731969989268 2.8073480279999785e-05 0
1731970007186 2.7346379283699207e-05 0
1731970024954 3.0398288799915463e-05 0
1731970042865 2.9616785468533635e-05 0
1731970060647 2.7546167984837666e-05 0
1731970078861 2.7269223210169002e-05 0
1731970096649 2.767925070656929e-05 0
1731970114578 2.800485526677221e-05 0
1731970132348 2.704389589780476e-05 0
1731970150265 2.675426731002517e-05 0
1731970168044 2.8588441637111828e-05 0
1731970185924 2.774429776764009e-05 0
1731970203713 2.6867732231039554e-05 0
1731970221644 2.802657036227174e-05 0
1731970239405 2.871625474654138e-05 0
1731970257332 2.557062907726504e-05 0
1731970275079 2.6024688850156963e-05 0
1731970293004 2.5971365175792016e-05 0
1731970310745 2.7111396775580943e-05 0
1731970328972 2.7880907509825192e-05 0
1731970346721 2.599563595140353e-05 0
1731970364647 2.7318452339386567e-05 0
1731970382386 2.520782800274901e-05 0
1731970400294 2.6853942472371273e-05 0
1731970418064 2.506076270947233e-05 0
1731970435951 2.6449677534401417e-05 0
1731970453725 2.5711318812682293e-05 0
1731970471644 2.4776338250376284e-05 0
1731970489421 2.650596434250474e-05 0
1731970507363 2.527993274270557e-05 0
1731970525178 2.5353294404339977e-05 0
1731970543108 2.6412126317154616e-05 0
1731970560874 2.729099833231885e-05 0
1731970578797 2.3990405679796822e-05 0
1731970596880 2.2454607460531406e-05 0
1731970614777 2.4736566047067754e-05 0
1731970632564 2.3600961867487058e-05 0
1731970650465 2.2025889848009683e-05 0
1731970668206 2.386582491453737e-05 0
1731970686107 2.298850449733436e-05 0
1731970703846 2.4827269953675568e-05 0
1731970721775 2.3950402464834042e-05 0
1731970739525 2.4286993721034378e-05 0
1731970757428 2.4385286451433785e-05 0
1731970775182 2.2235955839278176e-05 0
1731970793049 2.4418439352302812e-05 0
1731970810799 2.327494803466834e-05 0
1731970828701 2.3706163119641133e-05 0
1731970846456 2.4348186343559064e-05 0
1731970864740 2.2461636035586707e-05 0
1731970882491 2.6303672711947e-05 0
1731970900400 2.3891278033261187e-05 0
1731970918114 2.3352289645117708e-05 0
1731970936018 2.326971480215434e-05 0
1731970953762 2.2217816876946017e-05 0
1731970971637 2.23539555008756e-05 0
1731970989353 2.125468381564133e-05 0
1731971007214 2.3873337340774015e-05 0
1731971024936 2.325309469597414e-05 0
1731971042848 2.205524651799351e-05 0
1731971060574 2.25223702727817e-05 0
1731971078452 2.1667827240889892e-05 0
1731971096208 2.2894064386491664e-05 0
1731971114060 2.2647180230706e-05 0
1731971132143 2.2092719518695958e-05 0
1731971150010 2.2393198378267698e-05 0
1731971167745 2.3297054212889634e-05 0
1731971185609 2.1309087969711982e-05 0
1731971203318 2.061630948446691e-05 0
1731971221198 2.3085645807441324e-05 0
1731971238894 2.2491172785521485e-05 0
1731971256747 2.0399318600539118e-05 0
1731971274437 2.1161393306101672e-05 0
1731971292292 2.129422500729561e-05 0
1731971309989 2.2492864445666783e-05 0
1731971327852 2.1697393094655126e-05 0
1731971345565 2.2068012185627595e-05 0
1731971363479 2.0529594621621072e-05 0
1731971381223 2.1554094928433187e-05 0
1731971399426 2.1789905076730065e-05 0
1731971417138 2.006075192184653e-05 0
1731971435024 2.1622972781187855e-05 0
1731971452747 2.0376623069751076e-05 0
1731971470640 2.0715606297017075e-05 0
1731971488366 1.9701135897776112e-05 0
1731971506270 2.075938209600281e-05 0
1731971523983 1.9626942957984284e-05 0
1731971541840 1.99886089831125e-05 0
1731971559555 2.1611729607684538e-05 0
1731971577432 2.0165407477179542e-05 0
1731971595153 2.0001123630208895e-05 0
1731971613039 2.0424515241757035e-05 0
1731971630718 1.906670513562858e-05 0
1731971648949 1.9565333786886185e-05 0
1731971666683 1.9051562048844062e-05 0
1731971684591 2.0401577785378322e-05 0
1731971702290 2.1519985239137895e-05 0
1731971720165 2.117601252393797e-05 0
1731971737874 2.017121914832387e-05 0
1731971755708 1.984668597287964e-05 0
1731971773462 1.9013770724995993e-05 0
1731971791311 1.9590468582464382e-05 0
1731971809035 1.914374115585815e-05 0
1731971826937 1.9686454834300093e-05 0
1731971844650 2.0050745661137626e-05 0
1731971862517 1.952150159922894e-05 0
1731971880263 1.881224670796655e-05 0
1731971898124 1.8714195903157815e-05 0
1731971916140 1.749669354467187e-05 0
1731971933957 1.921719558595214e-05 0
1731971951662 1.9513301594997756e-05 0
1731971969530 1.836152841860894e-05 0
1731971987254 2.0575946109602228e-05 0
1731972005138 1.8127233488485217e-05 0
1731972022853 1.9119344869977795e-05 0
1731972040714 2.0158735424047336e-05 0
1731972058443 1.8243332306155935e-05 0
1731972076327 1.9057879399042577e-05 0
1731972094072 1.9390305169508792e-05 0
1731972111944 2.0083889467059635e-05 0
1731972129642 1.8364058632869273e-05 0
1731972147506 1.848157262429595e-05 0
1731972165213 1.8382301277597435e-05 0
1731972183384 1.860787597252056e-05 0
1731972201079 1.8925846234196797e-05 0
1731972218905 1.8848300896934234e-05 0
1731972236607 1.7837202904047444e-05 0
1731972254487 2.049304202955682e-05 0
1731972272182 1.7883063264889643e-05 0
1731972290068 1.806894397304859e-05 0
1731972307848 1.98927828023443e-05 0
1731972325712 1.8525506675359793e-05 0
1731972343405 1.8668815755518153e-05 0
1731972361284 1.8648221157491207e-05 0
1731972379003 1.8815102521330118e-05 0
1731972396881 1.834787690313533e-05 0
1731972414581 1.8169086615671404e-05 0
1731972432435 1.9061793864239007e-05 0
1731972450446 1.8145927242585458e-05 0
1731972468320 1.766552850313019e-05 0
1731972486014 1.7515983927296475e-05 0
1731972503859 1.7803844457375817e-05 0
1731972521559 1.7708369341562502e-05 0
1731972539419 1.8603470380185172e-05 0
1731972557119 1.839878132159356e-05 0
1731972574980 1.7564088921062648e-05 0
1731972592721 1.8073369574267417e-05 0
1731972610597 1.8725548216025345e-05 0
1731972628306 1.8476270270184614e-05 0
1731972646134 1.8273176465299912e-05 0
1731972663833 1.7819655113271438e-05 0
1731972681715 1.8608534446684644e-05 0
1731972699416 1.9011518816114403e-05 0
