1731968612161 0.0016306736506521702 0
1731968638586 0.0007276323740370572 0
1731968664217 0.0007622928824275732 0
1731968689637 0.0009695948101580143 0
1731968714697 0.0006745592691004276 0
1731968739771 0.0007677404209971428 0
1731968764644 0.0008090062765404582 0
1731968789536 0.0007321987068280578 0
1731968814329 0.0006465088808909059 0
1731968839212 0.0005883900448679924 0
1731968864004 0.0005445913411676884 0
1731968888913 0.0005696434527635574 0
1731968913681 0.000573700584936887 0
1731968938553 0.0005270132096484303 0
1731968962985 0.0006592886056751013 0
1731968984344 0.0005086453747935593 0
1731969005718 0.0008428874425590038 0
1731969027065 0.0007161425892263651 0
1731969048421 0.0008403203100897372 0
1731969069794 0.0005868303123861551 0
1731969091100 0.0006282284157350659 0
1731969112438 0.0005609296495094895 0
1731969132540 0.0006787136662751436 0
1731969152045 0.0005804504035040736 0
1731969171701 0.0006543406052514911 0
1731969191308 0.0006332676857709885 0
1731969210944 0.0006599311018362641 0
1731969230379 0.0006174850859679282 0
1731969249991 0.0006927966023795307 0
1731969269477 0.0006383605650626123 0
1731969288008 0.0006899926229380071 0
1731969306552 0.0006602526409551501 0
1731969325093 0.0007234350778162479 0
1731969343677 0.0009362531127408147 0
1731969362220 0.000573260011151433 0
1731969380774 0.000645774242002517 0
1731969399338 0.0006863315356895328 0
1731969417243 0.0007354730041697621 0
1731969435166 0.0007144579431042075 0
1731969452946 0.0007095130858942866 0
1731969470844 0.0007273691589944065 0
1731969488628 0.0006436725379899144 0
1731969506603 0.000764922471717 0
1731969524382 0.000702686607837677 0
1731969542629 0.0008130830246955156 0
1731969560406 0.0008480650139972568 0
1731969578340 0.0007329796208068728 0
1731969596123 0.0008513341890648007 0
1731969614097 0.0007659412221983075 0
1731969631898 0.0008204733021557331 0
1731969649818 0.0007364106131717563 0
1731969667616 0.0007469700649380684 0
1731969685571 0.0008981520077213645 0
1731969703361 0.0007750865770503879 0
1731969721241 0.0006775854853913188 0
1731969739029 0.0008329674601554871 0
1731969756989 0.000858386280015111 0
1731969774753 0.00082090322393924 0
1731969792658 0.0007707570330239832 0
1731969810734 0.0008013408514671028 0
1731969828655 0.0007646384183317423 0
1731969846429 0.0007611613254994154 0
1731969864380 0.0007076972397044301 0
1731969882164 0.0008109912741929293 0
1731969900077 0.001030557556077838 0
1731969917872 0.000835704558994621 0
1731969935789 0.000756343244574964 0
1731969953561 0.000827306997962296 0
1731969971475 0.0007614755304530263 0
1731969989268 0.0007712403312325478 0
1731970007186 0.0008248548838309944 0
1731970024954 0.0007240416016429663 0
1731970042865 0.0007514349999837577 0
1731970060647 0.0009446633048355579 0
1731970078861 0.0008545396267436445 0
1731970096649 0.0008286539232358336 0
1731970114578 0.0008321225759573281 0
1731970132348 0.0007452884456142783 0
1731970150265 0.0008641404565423727 0
1731970168044 0.000852051773108542 0
1731970185924 0.0008949508192017674 0
1731970203713 0.0009334530332125723 0
1731970221644 0.0010431294795125723 0
1731970239405 0.0008055669022724032 0
1731970257332 0.0008660590974614024 0
1731970275079 0.0008420089725404978 0
1731970293004 0.0008101663552224636 0
1731970310745 0.0009188947733491659 0
1731970328972 0.0007986437412910163 0
1731970346721 0.0008900350658223033 0
1731970364647 0.0009698833455331624 0
1731970382386 0.0009375367080792785 0
1731970400294 0.0007848444511182606 0
1731970418064 0.0009721547248773277 0
1731970435951 0.0009793314384296536 0
1731970453725 0.0008927243761718273 0
1731970471644 0.0009920201264321804 0
1731970489421 0.0009479988366365433 0
1731970507363 0.0008888358133845031 0
1731970525178 0.000986255705356598 0
1731970543108 0.0008654494304209948 0
1731970560874 0.000931791088078171 0
1731970578797 0.001011005137115717 0
1731970596880 0.0010634858626872301 0
1731970614777 0.0009383903816342354 0
1731970632564 0.0009189465781673789 0
1731970650465 0.0009661696385592222 0
1731970668206 0.0009852596558630466 0
1731970686107 0.0009610121487639844 0
1731970703846 0.00099565414711833 0
1731970721775 0.0008562736911699176 0
1731970739525 0.001003567478619516 0
1731970757428 0.0008595520630478859 0
1731970775182 0.001002993667498231 0
1731970793049 0.0008605473558418453 0
1731970810799 0.0010513203451409936 0
1731970828701 0.0010520868236199021 0
1731970846456 0.000984309590421617 0
1731970864740 0.0009916655253618956 0
1731970882491 0.0011003469116985798 0
1731970900400 0.0010209428146481514 0
1731970918114 0.000936733151320368 0
1731970936018 0.000999041018076241 0
1731970953762 0.0011091859778389335 0
1731970971637 0.0009856420801952481 0
1731970989353 0.0011291506234556437 0
1731971007214 0.0009441523579880595 0
1731971024936 0.0010958733037114143 0
1731971042848 0.0011117779649794102 0
1731971060574 0.0011113908840343356 0
1731971078452 0.0011666497448459268 0
1731971096208 0.0010455360170453787 0
1731971114060 0.0010452173883095384 0
1731971132143 0.00108122278470546 0
1731971150010 0.0010985444532707334 0
1731971167745 0.0009525606874376535 0
1731971185609 0.0012441141298040748 0
1731971203318 0.0012334923958405852 0
1731971221198 0.0011599386343732476 0
1731971238894 0.0011914405040442944 0
1731971256747 0.0012024517636746168 0
1731971274437 0.0010747696505859494 0
1731971292292 0.0013416772708296776 0
1731971309989 0.0010934923775494099 0
1731971327852 0.0010133761679753661 0
1731971345565 0.001233001472428441 0
1731971363479 0.001257888157851994 0
1731971381223 0.0011481918627396226 0
1731971399426 0.0011615552939474583 0
1731971417138 0.0012721107341349125 0
1731971435024 0.0011238153092563152 0
1731971452747 0.001144567271694541 0
1731971470640 0.0011887853033840656 0
1731971488366 0.0012190545676276088 0
1731971506270 0.0012846759054809809 0
1731971523983 0.0012687661219388247 0
1731971541840 0.0012749736197292805 0
1731971559555 0.0012207883410155773 0
1731971577432 0.0012236018665134907 0
1731971595153 0.0011750778649002314 0
1731971613039 0.0012188570108264685 0
1731971630718 0.0012381961569190025 0
1731971648949 0.0012731155147776008 0
1731971666683 0.0012295441702008247 0
1731971684591 0.0012726305285468698 0
1731971702290 0.0010805863421410322 0
1731971720165 0.0012040778528898954 0
1731971737874 0.001246628467924893 0
1731971755708 0.0012236748589202762 0
1731971773462 0.0014352368889376521 0
1731971791311 0.0013426541117951274 0
1731971809035 0.0012848542537540197 0
1731971826937 0.00138700264506042 0
1731971844650 0.0013689035549759865 0
1731971862517 0.0012434294912964106 0
1731971880263 0.0014124889858067036 0
1731971898124 0.0013371820095926523 0
1731971916140 0.001272552297450602 0
1731971933957 0.0013291467912495136 0
1731971951662 0.0012855727691203356 0
1731971969530 0.0014463241677731276 0
1731971987254 0.0013860268518328667 0
1731972005138 0.0014044849667698145 0
1731972022853 0.0013147592544555664 0
1731972040714 0.0011434059124439955 0
1731972058443 0.0014116071397438645 0
1731972076327 0.0013091199798509479 0
1731972094072 0.0012287632562220097 0
1731972111944 0.0013457173481583595 0
1731972129642 0.001327286590822041 0
1731972147506 0.0013512733858078718 0
1731972165213 0.0015093846013769507 0
1731972183384 0.0013235928490757942 0
1731972201079 0.0014254278503358364 0
1731972218905 0.0014518884709104896 0
1731972236607 0.001251302775926888 0
1731972254487 0.0013617405202239752 0
1731972272182 0.0013939536875113845 0
1731972290068 0.0014997926773503423 0
1731972307848 0.001367197255603969 0
1731972325712 0.0013243819121271372 0
1731972343405 0.0013321390142664313 0
1731972361284 0.0014302207855507731 0
1731972379003 0.0013772724196314812 0
1731972396881 0.0014077485539019108 0
1731972414581 0.0013794940896332264 0
1731972432435 0.0014318852918222547 0
1731972450446 0.0015516445273533463 0
1731972468320 0.0015009734779596329 0
1731972486014 0.0013748856727033854 0
1731972503859 0.0014784446684643626 0
1731972521559 0.0014919753884896636 0
1731972539419 0.001461244304664433 0
1731972557119 0.0014363983646035194 0
1731972574980 0.001475258730351925 0
1731972592721 0.001453313627280295 0
1731972610597 0.0014491835609078407 0
1731972628306 0.0014804889215156436 0
1731972646134 0.0013730220962315798 0
1731972663833 0.0013124210527166724 0
1731972681715 0.0015489511424675584 0
1731972699416 0.0016050884732976556 0
