1731869957514 0.0417291633784771 0
1731869977286 0.052302826195955276 0
1731869996911 0.07075078040361404 0
1731870016644 0.08926943689584732 0
1731870036265 0.10290376842021942 0
1731870056012 0.10149969160556793 0
1731870075638 0.11017609387636185 0
1731870095376 0.10513891279697418 0
1731870115008 0.10742147266864777 0
1731870134751 0.1032063364982605 0
1731870154373 0.1098572388291359 0
1731870174073 0.10962915420532227 0
1731870193684 0.10917529463768005 0
1731870213414 0.11278034001588821 0
