1731869957514 0.016325227916240692 0
1731869977286 0.017672302201390266 0
1731869996911 0.01859336532652378 0
1731870016644 0.019051361829042435 0
1731870036265 0.019335435703396797 0
1731870056012 0.019533850252628326 0
1731870075638 0.019928066059947014 0
1731870095376 0.01988881267607212 0
1731870115008 0.019734088331460953 0
1731870134751 0.020072661340236664 0
1731870154373 0.020172879099845886 0
1731870174073 0.02047552354633808 0
1731870193684 0.020421102643013 0
1731870213414 0.02031729742884636 0
