1731869957516 0.001729797339066863 0
1731869977288 0.0003416987892705947 0
1731869996914 0.00032208857010118663 0
1731870016647 0.0002762275980785489 0
1731870036268 0.00025099157937802374 0
1731870056014 0.0002474368375260383 0
1731870075640 0.00026935554342344403 0
1731870095378 0.00023206928744912148 0
1731870115011 0.00028464963543228805 0
1731870134753 0.00025479914620518684 0
1731870154375 0.00026735151186585426 0
1731870174075 0.00025848642690107226 0
1731870193687 0.000268888717982918 0
1731870213416 0.00026769781834445894 0
