1731253768382 0.03866343945264816 0
1731253788873 0.04303359612822533 0
1731253809235 0.04419726878404617 0
1731253829607 0.04308168217539787 0
1731253849808 0.04214882478117943 0
1731253869995 0.04383033886551857 0
1731253890062 0.04735909402370453 0
1731253910208 0.0478171706199646 0
1731253930233 0.04792013391852379 0
1731253950249 0.04742784798145294 0
1731253970225 0.04806908592581749 0
1731253990189 0.049406781792640686 0
1731254010102 0.0499495267868042 0
1731254030100 0.047915779054164886 0
1731254050261 0.048680100589990616 0
1731254068169 0.0487692691385746 0
1731254086078 0.04896202310919762 0
1731254103990 0.04862014949321747 0
1731254121908 0.04787338897585869 0
1731254139791 0.048322491347789764 0
1731254157663 0.047232989221811295 0
1731254175575 0.04858909174799919 0
1731254192712 0.04826598986983299 0
1731254209471 0.048180658370256424 0
1731254226314 0.04947781190276146 0
1731254243179 0.04962506517767906 0
1731254260068 0.048718225210905075 0
1731254276837 0.04891268536448479 0
1731254293700 0.0488588847219944 0
1731254310640 0.04817553237080574 0
1731254326882 0.047730885446071625 0
1731254343078 0.04815713316202164 0
1731254359290 0.05048340931534767 0
1731254375504 0.04880566895008087 0
1731254391727 0.0481894426047802 0
1731254407941 0.04775255173444748 0
1731254424119 0.04823540151119232 0
1731254439956 0.047776442021131516 0
1731254455805 0.048954833298921585 0
1731254471559 0.048190612345933914 0
1731254487408 0.04687221348285675 0
1731254503162 0.047721970826387405 0
1731254519016 0.047894254326820374 0
1731254534772 0.04876329377293587 0
1731254550970 0.04847566410899162 0
1731254566726 0.04853147640824318 0
1731254582568 0.04891349747776985 0
1731254598308 0.048441145569086075 0
1731254614169 0.04787826165556908 0
1731254629902 0.04820777103304863 0
1731254645749 0.04784594103693962 0
1731254661469 0.04782410338521004 0
1731254677315 0.0484885647892952 0
1731254693027 0.04799334704875946 0
1731254708849 0.04837246239185333 0
1731254724589 0.04894727095961571 0
1731254740433 0.048144690692424774 0
1731254756164 0.04797852411866188 0
1731254771999 0.04831623286008835 0
1731254788114 0.04856695979833603 0
1731254803937 0.04781153425574303 0
1731254819648 0.04884762689471245 0
1731254835473 0.04894877225160599 0
1731254851195 0.047946903854608536 0
1731254867016 0.048118408769369125 0
1731254882720 0.04769863933324814 0
1731254898556 0.047481097280979156 0
1731254914249 0.04814528673887253 0
1731254930050 0.04857910796999931 0
1731254945772 0.048388220369815826 0
1731254961617 0.04838178679347038 0
1731254977324 0.04793309047818184 0
1731254993156 0.04815342649817467 0
1731255008881 0.04770885780453682 0
1731255025016 0.04758168011903763 0
1731255040732 0.047481633722782135 0
1731255056561 0.0480024591088295 0
1731255072268 0.04790787771344185 0
1731255088101 0.04734783247113228 0
1731255103837 0.04805532842874527 0
1731255119646 0.047103963792324066 0
1731255135378 0.046805836260318756 0
1731255151174 0.04740572348237038 0
1731255166892 0.0480600968003273 0
1731255182727 0.04719168692827225 0
1731255198425 0.047589316964149475 0
1731255214251 0.04785057157278061 0
1731255229977 0.04747004061937332 0
1731255246121 0.04747447371482849 0
1731255261830 0.047843169420957565 0
1731255277635 0.047593094408512115 0
1731255293345 0.04758794233202934 0
1731255309171 0.04801517724990845 0
1731255324885 0.04753914475440979 0
1731255340701 0.04765848070383072 0
1731255356418 0.04767094925045967 0
1731255372214 0.04795327037572861 0
1731255387941 0.04730130732059479 0
1731255403730 0.04764857888221741 0
1731255419450 0.04746532812714577 0
1731255435280 0.047845542430877686 0
1731255451001 0.04790783300995827 0
1731255466832 0.04767206683754921 0
1731255482860 0.047645483165979385 0
1731255498642 0.0474332720041275 0
1731255514384 0.046784739941358566 0
1731255530195 0.04784703999757767 0
1731255545922 0.04727897420525551 0
1731255561734 0.04718514159321785 0
1731255577481 0.047234732657670975 0
1731255593286 0.047136761248111725 0
1731255609014 0.04784877225756645 0
1731255624823 0.0475761853158474 0
1731255640566 0.047167692333459854 0
1731255656396 0.047252871096134186 0
1731255672127 0.04721450433135033 0
1731255687940 0.04739111661911011 0
1731255703670 0.04713555797934532 0
1731255719811 0.04773342236876488 0
1731255735538 0.0472693108022213 0
1731255751351 0.048119958490133286 0
1731255767071 0.04728927090764046 0
1731255782879 0.04732772707939148 0
1731255798574 0.04728241264820099 0
1731255814382 0.047347426414489746 0
1731255830088 0.04676559939980507 0
1731255845879 0.04669465497136116 0
1731255861563 0.04685213044285774 0
1731255877378 0.04713253304362297 0
1731255893093 0.0473964624106884 0
1731255908894 0.04681429639458656 0
1731255924611 0.04700647294521332 0
1731255940433 0.04718109592795372 0
1731255956549 0.0473419651389122 0
1731255972346 0.04699494689702988 0
1731255988033 0.047307491302490234 0
1731256003812 0.04767151549458504 0
1731256019506 0.04771038144826889 0
1731256035315 0.04737170413136482 0
1731256051030 0.04692808911204338 0
1731256066813 0.04722962900996208 0
1731256082546 0.046990782022476196 0
1731256098328 0.04722428321838379 0
1731256114030 0.04763099551200867 0
1731256129824 0.04719846695661545 0
1731256145526 0.04700661823153496 0
1731256161286 0.046562351286411285 0
1731256176957 0.047098733484745026 0
1731256193068 0.04698967561125755 0
1731256208735 0.04681965336203575 0
1731256224487 0.04702403396368027 0
1731256240150 0.04679860547184944 0
1731256255899 0.047293443232774734 0
1731256271552 0.04694283381104469 0
1731256287321 0.04707640781998634 0
1731256302980 0.04719379171729088 0
1731256318735 0.046902600675821304 0
1731256334412 0.0468863807618618 0
1731256350151 0.046626389026641846 0
1731256365795 0.046810269355773926 0
1731256381534 0.04739757627248764 0
1731256397183 0.046842023730278015 0
1731256413286 0.04677262902259827 0
1731256428964 0.04684743285179138 0
1731256444712 0.046909067779779434 0
1731256460371 0.046715959906578064 0
1731256476088 0.04667218029499054 0
1731256491738 0.046932999044656754 0
1731256507503 0.046804893761873245 0
1731256523157 0.04688650742173195 0
1731256538880 0.04707714542746544 0
1731256554543 0.04700939357280731 0
1731256570290 0.04698706790804863 0
1731256585924 0.047124575823545456 0
1731256601645 0.046853356063365936 0
1731256617273 0.04713251814246178 0
1731256633010 0.046857863664627075 0
1731256648987 0.046592675149440765 0
1731256664722 0.046376168727874756 0
1731256680388 0.046795804053545 0
1731256696100 0.04678866267204285 0
1731256711721 0.04681210592389107 0
1731256727444 0.046991780400276184 0
1731256743065 0.04671197012066841 0
1731256758783 0.04668537899851799 0
1731256774408 0.04650544002652168 0
1731256790134 0.046429164707660675 0
1731256805770 0.04689498990774155 0
1731256821470 0.04689089581370354 0
1731256837094 0.046999625861644745 0
1731256852803 0.04701709747314453 0
1731256868408 0.046651408076286316 0
1731256884505 0.04661988466978073 0
1731256900133 0.04664897546172142 0
1731256915832 0.04689376801252365 0
1731256931448 0.04669637605547905 0
1731256947167 0.046723946928977966 0
1731256962819 0.04681980237364769 0
1731256978521 0.046678587794303894 0
1731256994136 0.04655516892671585 0
1731257009848 0.04676646739244461 0
1731257025472 0.04683101922273636 0
1731257041201 0.046710480004549026 0
1731257056827 0.04653583839535713 0
1731257072554 0.04672226309776306 0
1731257088173 0.04678638279438019 0
1731257103882 0.04663319140672684 0
1731257119832 0.04654991254210472 0
1731257135537 0.046506188809871674 0
1731257151147 0.0466495044529438 0
1731257166870 0.04662313684821129 0
1731257182497 0.04644349217414856 0
1731257198227 0.04699360579252243 0
1731257213853 0.04652925208210945 0
1731257229562 0.04682033881545067 0
1731257245203 0.046782784163951874 0
1731257260925 0.046616822481155396 0
1731257276539 0.04661606252193451 0
1731257292272 0.04660755768418312 0
1731257307886 0.04669390991330147 0
1731257323620 0.04664748162031174 0
1731257339236 0.04663890600204468 0
