1731253768382 0.016024824231863022 0
1731253788873 0.017922060564160347 0
1731253809235 0.017862413078546524 0
1731253829607 0.018181465566158295 0
1731253849808 0.01842636801302433 0
1731253869995 0.018668651580810547 0
1731253890062 0.018924515694379807 0
1731253910208 0.018958887085318565 0
1731253930233 0.018986405804753304 0
1731253950249 0.019125081598758698 0
1731253970225 0.018915139138698578 0
1731253990189 0.019230449572205544 0
1731254010102 0.01927071064710617 0
1731254030100 0.019309546798467636 0
1731254050261 0.019107939675450325 0
1731254068169 0.019107095897197723 0
1731254086078 0.01924573816359043 0
1731254103990 0.019091689959168434 0
1731254121908 0.019043773412704468 0
1731254139791 0.018919004127383232 0
1731254157663 0.019016999751329422 0
1731254175575 0.019131610170006752 0
1731254192712 0.019110864028334618 0
1731254209471 0.019049759954214096 0
1731254226314 0.019016660749912262 0
1731254243179 0.018944615498185158 0
1731254260068 0.019069498404860497 0
1731254276837 0.018972288817167282 0
1731254293700 0.018993839621543884 0
1731254310640 0.018872208893299103 0
1731254326882 0.018886901438236237 0
1731254343078 0.018913598731160164 0
1731254359290 0.019059494137763977 0
1731254375504 0.01904890313744545 0
1731254391727 0.01907823048532009 0
1731254407941 0.019096333533525467 0
1731254424119 0.019051996991038322 0
1731254439956 0.019032161682844162 0
1731254455805 0.019012393429875374 0
1731254471559 0.019019002094864845 0
1731254487408 0.01906156912446022 0
1731254503162 0.01898769661784172 0
1731254519016 0.019154150038957596 0
1731254534772 0.01903359778225422 0
1731254550970 0.018889257684350014 0
1731254566726 0.018987547606229782 0
1731254582568 0.01901712641119957 0
1731254598308 0.019126156345009804 0
1731254614169 0.018888304010033607 0
1731254629902 0.018897483125329018 0
1731254645749 0.019018150866031647 0
1731254661469 0.01893800124526024 0
1731254677315 0.01908448524773121 0
1731254693027 0.019002674147486687 0
1731254708849 0.019025204703211784 0
1731254724589 0.019065769389271736 0
1731254740433 0.019031483680009842 0
1731254756164 0.019016383215785027 0
1731254771999 0.019064083695411682 0
1731254788114 0.01902112178504467 0
1731254803937 0.019116392359137535 0
1731254819648 0.019020047038793564 0
1731254835473 0.019021617248654366 0
1731254851195 0.019053230062127113 0
1731254867016 0.01903938129544258 0
1731254882720 0.019056914374232292 0
1731254898556 0.01905754581093788 0
1731254914249 0.01899098791182041 0
1731254930050 0.019018977880477905 0
1731254945772 0.01910375989973545 0
1731254961617 0.019132591784000397 0
1731254977324 0.019074980169534683 0
1731254993156 0.01906036026775837 0
1731255008881 0.019157543778419495 0
1731255025016 0.019009804353117943 0
1731255040732 0.019049519672989845 0
1731255056561 0.01912030018866062 0
1731255072268 0.019049454480409622 0
1731255088101 0.01905612275004387 0
1731255103837 0.019057048484683037 0
1731255119646 0.01910395175218582 0
1731255135378 0.019140450283885002 0
1731255151174 0.019119786098599434 0
1731255166892 0.01910017430782318 0
1731255182727 0.019043559208512306 0
1731255198425 0.019184434786438942 0
1731255214251 0.019085977226495743 0
1731255229977 0.019000722095370293 0
1731255246121 0.01909983903169632 0
1731255261830 0.01893836446106434 0
1731255277635 0.01907750591635704 0
1731255293345 0.01898818276822567 0
1731255309171 0.01912049576640129 0
1731255324885 0.019052617251873016 0
1731255340701 0.01902139000594616 0
1731255356418 0.019020847976207733 0
1731255372214 0.019135065376758575 0
1731255387941 0.019032305106520653 0
1731255403730 0.018980171531438828 0
1731255419450 0.01904890686273575 0
1731255435280 0.018954703584313393 0
1731255451001 0.018998118117451668 0
1731255466832 0.019086383283138275 0
1731255482860 0.019027823582291603 0
1731255498642 0.018967393785715103 0
1731255514384 0.019059190526604652 0
1731255530195 0.019018050283193588 0
1731255545922 0.01901843585073948 0
1731255561734 0.018993575125932693 0
1731255577481 0.018998319283127785 0
1731255593286 0.01906927302479744 0
1731255609014 0.019036825746297836 0
1731255624823 0.019001876935362816 0
1731255640566 0.01903185062110424 0
1731255656396 0.019129756838083267 0
1731255672127 0.01903764344751835 0
1731255687940 0.019047992303967476 0
1731255703670 0.01893654838204384 0
1731255719811 0.019058670848608017 0
1731255735538 0.01904037594795227 0
1731255751351 0.01902708224952221 0
1731255767071 0.019030729308724403 0
1731255782879 0.018998080864548683 0
1731255798574 0.01904834434390068 0
1731255814382 0.018969332799315453 0
1731255830088 0.018986385315656662 0
1731255845879 0.01896686665713787 0
1731255861563 0.01902993582189083 0
1731255877378 0.019020801410079002 0
1731255893093 0.01899958774447441 0
1731255908894 0.019037218764424324 0
1731255924611 0.019014757126569748 0
1731255940433 0.01896943897008896 0
1731255956549 0.019029052928090096 0
1731255972346 0.018995128571987152 0
1731255988033 0.01897606998682022 0
1731256003812 0.019007932394742966 0
1731256019506 0.0190105102956295 0
1731256035315 0.01903684064745903 0
1731256051030 0.019076598808169365 0
1731256066813 0.01906699314713478 0
1731256082546 0.019063526764512062 0
1731256098328 0.019063280895352364 0
1731256114030 0.019024021923542023 0
1731256129824 0.01905447244644165 0
1731256145526 0.019028473645448685 0
1731256161286 0.018953824415802956 0
1731256176957 0.01903163082897663 0
1731256193068 0.019034819677472115 0
1731256208735 0.019072270020842552 0
1731256224487 0.019052570685744286 0
1731256240150 0.019010504707694054 0
1731256255899 0.01903955265879631 0
1731256271552 0.019045189023017883 0
1731256287321 0.01904129423201084 0
1731256302980 0.019066113978624344 0
1731256318735 0.018992768600583076 0
1731256334412 0.01901059038937092 0
1731256350151 0.01901373080909252 0
1731256365795 0.01898355595767498 0
1731256381534 0.01901164837181568 0
1731256397183 0.01902424916625023 0
1731256413286 0.01902252808213234 0
1731256428964 0.019011111930012703 0
1731256444712 0.01898297481238842 0
1731256460371 0.019023993983864784 0
1731256476088 0.01900814287364483 0
1731256491738 0.01901792548596859 0
1731256507503 0.01898231729865074 0
1731256523157 0.019009243696928024 0
1731256538880 0.019044101238250732 0
1731256554543 0.019039275124669075 0
1731256570290 0.019021734595298767 0
1731256585924 0.01895221136510372 0
1731256601645 0.019004184752702713 0
1731256617273 0.019017644226551056 0
1731256633010 0.01900125853717327 0
1731256648987 0.019010309129953384 0
1731256664722 0.019006099551916122 0
1731256680388 0.019002346321940422 0
1731256696100 0.018987581133842468 0
1731256711721 0.01901341788470745 0
1731256727444 0.01903141289949417 0
1731256743065 0.01903619058430195 0
1731256758783 0.019011741504073143 0
1731256774408 0.018994610756635666 0
1731256790134 0.018983477726578712 0
1731256805770 0.019020678475499153 0
1731256821470 0.019035737961530685 0
1731256837094 0.01902160793542862 0
1731256852803 0.019015653058886528 0
1731256868408 0.01900189183652401 0
1731256884505 0.018987851217389107 0
1731256900133 0.01903451234102249 0
1731256915832 0.019021818414330482 0
1731256931448 0.019011907279491425 0
1731256947167 0.018987668678164482 0
1731256962819 0.019023079425096512 0
1731256978521 0.019008701667189598 0
1731256994136 0.019025349989533424 0
1731257009848 0.01900646649301052 0
1731257025472 0.019005989655852318 0
1731257041201 0.018976794555783272 0
1731257056827 0.019035354256629944 0
1731257072554 0.018993401899933815 0
1731257088173 0.01900303177535534 0
1731257103882 0.018988512456417084 0
1731257119832 0.019040076062083244 0
1731257135537 0.019018089398741722 0
1731257151147 0.019016120582818985 0
1731257166870 0.019024740904569626 0
1731257182497 0.01898609846830368 0
1731257198227 0.019014203920960426 0
1731257213853 0.019015079364180565 0
1731257229562 0.01901194639503956 0
1731257245203 0.019037364050745964 0
1731257260925 0.01900496892631054 0
1731257276539 0.01900961436331272 0
1731257292272 0.018979037180542946 0
1731257307886 0.018977215513586998 0
1731257323620 0.019003091380000114 0
1731257339236 0.01901695877313614 0
