1731253768384 0.00033488834742456675 0
1731253788876 0.00023938358935993165 0
1731253809237 0.00019247994350735098 0
1731253829609 0.0001730499934637919 0
1731253849810 0.00015772818005643785 0
1731253869998 0.0001498011260991916 0
1731253890065 0.00013913912698626518 0
1731253910210 0.00012859285925514996 0
1731253930236 0.00012580084148794413 0
1731253950251 0.00011911039473488927 0
1731253970227 0.00011560337588889524 0
1731253990192 0.00010756513802334666 0
1731254010104 0.00010586574353510514 0
1731254030102 0.00010158920485991985 0
1731254050264 9.874657553154975e-05 0
1731254068172 9.35426214709878e-05 0
1731254086081 9.68148815445602e-05 0
1731254103992 9.223294182447717e-05 0
1731254121911 9.005647007143125e-05 0
1731254139793 9.152381244348362e-05 0
1731254157665 8.96263518370688e-05 0
1731254175578 8.876791980583221e-05 0
1731254192714 8.635494305053726e-05 0
1731254209473 8.37539482745342e-05 0
1731254226316 8.02174981799908e-05 0
1731254243182 8.105129381874576e-05 0
1731254260071 7.820742030162364e-05 0
1731254276839 7.671529601793736e-05 0
1731254293702 7.621901022503152e-05 0
1731254310643 7.964256656123325e-05 0
1731254326885 7.678497058805078e-05 0
1731254343081 7.434230064973235e-05 0
1731254359293 7.353514956776053e-05 0
1731254375507 7.048924453556538e-05 0
1731254391730 7.111540617188439e-05 0
1731254407943 7.351371459662914e-05 0
1731254424121 7.263890438480303e-05 0
1731254439958 7.240858394652605e-05 0
1731254455808 7.066945545375347e-05 0
1731254471562 6.828629557276145e-05 0
1731254487410 7.036939496174455e-05 0
1731254503164 6.574918370461091e-05 0
1731254519019 7.021046621957794e-05 0
1731254534774 6.639177445322275e-05 0
1731254550973 7.045062375254929e-05 0
1731254566729 6.896717968629673e-05 0
1731254582570 6.544774805661291e-05 0
1731254598310 7.114780601114035e-05 0
1731254614171 6.379970000125468e-05 0
1731254629905 6.547544035129249e-05 0
1731254645752 6.606288661714643e-05 0
1731254661471 6.0617148847086355e-05 0
1731254677317 6.164830119814724e-05 0
1731254693030 5.923838762100786e-05 0
1731254708852 6.460492295445874e-05 0
1731254724591 6.233705062186345e-05 0
1731254740436 6.113712879596278e-05 0
1731254756167 6.221833609743044e-05 0
1731254772002 6.136336014606059e-05 0
1731254788116 6.189049599925056e-05 0
1731254803939 5.927674283157103e-05 0
1731254819650 6.007180854794569e-05 0
1731254835476 6.0958493122598156e-05 0
1731254851197 5.77387327211909e-05 0
1731254867018 5.9489775594556704e-05 0
1731254882722 6.103688792791218e-05 0
1731254898558 6.081536048441194e-05 0
1731254914252 5.955855885986239e-05 0
1731254930052 5.825276821269654e-05 0
1731254945774 5.8609341067494825e-05 0
1731254961620 5.720488115912303e-05 0
1731254977327 5.790018622064963e-05 0
1731254993158 5.868234075023793e-05 0
1731255008883 5.9407215303508565e-05 0
1731255025019 5.576241164817475e-05 0
1731255040735 5.903487544856034e-05 0
1731255056563 5.474578938446939e-05 0
1731255072270 5.881020115339197e-05 0
1731255088104 5.3916937758913264e-05 0
1731255103839 5.466305810841732e-05 0
1731255119649 5.352200969355181e-05 0
1731255135380 5.406879063230008e-05 0
1731255151176 5.6414195569232106e-05 0
1731255166895 5.598620919045061e-05 0
1731255182730 5.437064828583971e-05 0
1731255198428 5.43257083336357e-05 0
1731255214253 5.3880790801486e-05 0
1731255229979 5.352264633984305e-05 0
1731255246123 5.186819180380553e-05 0
1731255261832 5.348326885723509e-05 0
1731255277637 5.273121496429667e-05 0
1731255293347 5.200128362048417e-05 0
1731255309174 5.1866321882698685e-05 0
1731255324887 5.483901622937992e-05 0
1731255340704 5.207724461797625e-05 0
1731255356421 5.2008697821293026e-05 0
1731255372216 5.422802496468648e-05 0
1731255387943 5.1609713409561664e-05 0
1731255403732 4.979281948180869e-05 0
1731255419452 5.445254282676615e-05 0
1731255435282 5.427900396171026e-05 0
1731255451003 5.163899913895875e-05 0
1731255466834 5.099951886222698e-05 0
1731255482863 5.261913247522898e-05 0
1731255498644 5.223855987424031e-05 0
1731255514387 5.1798735512420535e-05 0
1731255530197 5.115557723911479e-05 0
1731255545925 4.995880226488225e-05 0
1731255561738 4.911297946819104e-05 0
1731255577484 5.011510074837133e-05 0
1731255593289 4.977933713234961e-05 0
1731255609017 5.3024155931780115e-05 0
1731255624825 5.088613761472516e-05 0
1731255640568 5.072629573987797e-05 0
1731255656399 4.903155058855191e-05 0
1731255672130 5.097432585898787e-05 0
1731255687943 4.6723995183128864e-05 0
1731255703672 4.762012395076454e-05 0
1731255719813 4.995212293579243e-05 0
1731255735540 4.5595345000037923e-05 0
1731255751353 4.9282898544333875e-05 0
1731255767073 4.8960115236695856e-05 0
1731255782881 4.7683523007435724e-05 0
1731255798576 4.59990042145364e-05 0
1731255814384 4.7311717935372144e-05 0
1731255830090 4.954624455422163e-05 0
1731255845881 4.807290679309517e-05 0
1731255861565 4.837719097849913e-05 0
1731255877381 4.8619232984492555e-05 0
1731255893096 4.886628084932454e-05 0
1731255908896 4.802601324627176e-05 0
1731255924613 4.930287832394242e-05 0
1731255940435 4.8043781134765595e-05 0
1731255956551 4.86612698296085e-05 0
1731255972348 4.601766340783797e-05 0
1731255988035 4.94336782139726e-05 0
1731256003815 4.6901033783797175e-05 0
1731256019508 4.798832014785148e-05 0
1731256035317 4.541888483799994e-05 0
1731256051032 4.707144762505777e-05 0
1731256066815 4.5463399146683514e-05 0
1731256082548 4.58389004052151e-05 0
1731256098330 4.7965448175091296e-05 0
1731256114032 4.537546919891611e-05 0
1731256129826 4.264216113369912e-05 0
1731256145529 4.6391316573135555e-05 0
1731256161288 4.708527194452472e-05 0
1731256176959 4.718999480246566e-05 0
1731256193070 4.60751834907569e-05 0
1731256208737 4.5865836000302806e-05 0
1731256224489 4.576667561195791e-05 0
1731256240152 4.536753476713784e-05 0
1731256255901 4.566764255287126e-05 0
1731256271555 4.4139818783150986e-05 0
1731256287324 4.571582030621357e-05 0
1731256302982 4.689035631599836e-05 0
1731256318737 4.675667514675297e-05 0
1731256334415 4.6314798964885995e-05 0
1731256350154 4.682879807660356e-05 0
1731256365797 4.5633834815816954e-05 0
1731256381536 4.478791743167676e-05 0
1731256397186 4.353830809122883e-05 0
1731256413289 4.4498265197034925e-05 0
1731256428966 4.5786291593685746e-05 0
1731256444715 4.280158464098349e-05 0
1731256460374 4.3885873310500756e-05 0
1731256476091 4.660413469537161e-05 0
1731256491740 4.436742892721668e-05 0
1731256507505 4.6651890443172306e-05 0
1731256523159 4.482400618144311e-05 0
1731256538882 4.309318319428712e-05 0
1731256554546 4.307707422412932e-05 0
1731256570292 4.3079529859824106e-05 0
1731256585927 4.429414912010543e-05 0
1731256601648 4.376919605419971e-05 0
1731256617275 4.269522469257936e-05 0
1731256633013 4.510114376898855e-05 0
1731256648990 4.504271055338904e-05 0
1731256664724 4.225819429848343e-05 0
1731256680390 4.4533702748594806e-05 0
1731256696102 4.575079947244376e-05 0
1731256711723 4.23997626057826e-05 0
1731256727446 4.396996519062668e-05 0
1731256743067 4.597024235408753e-05 0
1731256758786 4.344771514297463e-05 0
1731256774411 4.2113737436011434e-05 0
1731256790136 4.349026858108118e-05 0
1731256805773 4.170629472355358e-05 0
1731256821472 4.30630607297644e-05 0
1731256837096 4.2416002543177456e-05 0
1731256852805 4.3306245061103255e-05 0
1731256868411 4.238936162437312e-05 0
1731256884508 4.350327799329534e-05 0
1731256900135 4.083341627847403e-05 0
1731256915834 4.34172798122745e-05 0
1731256931450 4.366337088868022e-05 0
1731256947170 3.9827315049478784e-05 0
1731256962821 4.1657167457742617e-05 0
1731256978524 4.2461873817956075e-05 0
1731256994138 4.0081584302242845e-05 0
1731257009850 4.145556522416882e-05 0
1731257025474 4.2995619878638536e-05 0
1731257041204 4.14931564591825e-05 0
1731257056830 4.271797661203891e-05 0
1731257072556 4.4253425585338846e-05 0
1731257088176 4.112416718271561e-05 0
1731257103884 4.1043313103727996e-05 0
1731257119834 4.118100696359761e-05 0
1731257135539 3.983731585321948e-05 0
1731257151149 4.093880852451548e-05 0
1731257166873 4.151255780016072e-05 0
1731257182500 4.116588752367534e-05 0
1731257198230 4.208046448184177e-05 0
1731257213855 4.146559149376117e-05 0
1731257229564 4.222850839141756e-05 0
1731257245206 4.212286148685962e-05 0
1731257260927 3.993851350969635e-05 0
1731257276541 4.07740481023211e-05 0
1731257292274 4.2764753743540496e-05 0
1731257307889 4.372799230623059e-05 0
1731257323622 4.1188817704096437e-05 0
1731257339239 4.395413998281583e-05 0
