1731253768382 18.9090576171875 0
1731253788873 21.413589477539062 0
1731253809235 22.414731979370117 0
1731253829607 22.666566848754883 0
1731253849808 23.024282455444336 0
1731253869995 22.97404670715332 0
1731253890062 24.091894149780273 0
1731253910208 23.71356201171875 0
1731253930233 23.82364845275879 0
1731253950249 23.51341438293457 0
1731253970225 24.014984130859375 0
1731253990189 24.441041946411133 0
1731254010102 24.082660675048828 0
1731254030100 24.695011138916016 0
1731254050261 24.325855255126953 0
1731254068169 24.92530632019043 0
1731254086078 24.658876419067383 0
1731254103990 24.308921813964844 0
1731254121908 25.0799560546875 0
1731254139791 24.380571365356445 0
1731254157663 24.96009635925293 0
1731254175575 24.779552459716797 0
1731254192712 24.278518676757812 0
1731254209471 25.524789810180664 0
1731254226314 24.904800415039062 0
1731254243179 24.803335189819336 0
1731254260068 24.713842391967773 0
1731254276837 24.82880973815918 0
1731254293700 25.206298828125 0
1731254310640 24.85322380065918 0
1731254326882 24.974876403808594 0
1731254343078 25.15422248840332 0
1731254359290 24.67742919921875 0
1731254375504 25.873699188232422 0
1731254391727 25.02277946472168 0
1731254407941 25.863374710083008 0
1731254424119 25.640907287597656 0
1731254439956 25.852066040039062 0
1731254455805 25.559192657470703 0
1731254471559 25.42160987854004 0
1731254487408 25.641124725341797 0
1731254503162 25.681079864501953 0
1731254519016 25.690074920654297 0
1731254534772 25.770057678222656 0
1731254550970 25.677547454833984 0
1731254566726 25.508277893066406 0
1731254582568 26.115520477294922 0
1731254598308 24.993038177490234 0
1731254614169 26.412179946899414 0
1731254629902 26.154817581176758 0
1731254645749 25.760908126831055 0
1731254661469 25.708637237548828 0
1731254677315 25.726482391357422 0
1731254693027 25.82594871520996 0
1731254708849 25.43931770324707 0
1731254724589 25.685081481933594 0
1731254740433 25.73456382751465 0
1731254756164 26.118162155151367 0
1731254771999 26.204030990600586 0
1731254788114 26.23530387878418 0
1731254803937 26.311420440673828 0
1731254819648 26.670982360839844 0
1731254835473 26.416366577148438 0
1731254851195 26.392589569091797 0
1731254867016 25.555723190307617 0
1731254882720 26.390979766845703 0
1731254898556 26.612821578979492 0
1731254914249 26.046772003173828 0
1731254930050 26.631956100463867 0
1731254945772 26.153478622436523 0
1731254961617 25.960346221923828 0
1731254977324 26.58780288696289 0
1731254993156 26.78754997253418 0
1731255008881 26.551603317260742 0
1731255025016 26.395353317260742 0
1731255040732 26.251985549926758 0
1731255056561 26.999649047851562 0
1731255072268 26.92514991760254 0
1731255088101 27.453954696655273 0
1731255103837 26.14560317993164 0
1731255119646 26.66887092590332 0
1731255135378 26.954679489135742 0
1731255151174 26.628555297851562 0
1731255166892 26.76448631286621 0
1731255182727 27.87066078186035 0
1731255198425 26.423398971557617 0
1731255214251 27.171327590942383 0
1731255229977 27.73762321472168 0
1731255246121 26.838411331176758 0
1731255261830 26.85455322265625 0
1731255277635 27.131845474243164 0
1731255293345 27.26668930053711 0
1731255309171 26.916824340820312 0
1731255324885 26.927614212036133 0
1731255340701 26.80948257446289 0
1731255356418 26.780263900756836 0
1731255372214 26.941028594970703 0
1731255387941 27.41144561767578 0
1731255403730 27.124004364013672 0
1731255419450 26.483062744140625 0
1731255435280 26.621639251708984 0
1731255451001 26.70001792907715 0
1731255466832 27.09910011291504 0
1731255482860 27.762882232666016 0
1731255498642 27.895896911621094 0
1731255514384 27.133724212646484 0
1731255530195 27.63519287109375 0
1731255545922 27.50094223022461 0
1731255561734 27.40327262878418 0
1731255577481 27.368955612182617 0
1731255593286 27.841405868530273 0
1731255609014 27.7429256439209 0
1731255624823 27.52650260925293 0
1731255640566 27.27863883972168 0
1731255656396 27.652429580688477 0
1731255672127 27.376249313354492 0
1731255687940 27.945194244384766 0
1731255703670 27.748306274414062 0
1731255719811 27.85201072692871 0
1731255735538 27.41952133178711 0
1731255751351 27.86116600036621 0
1731255767071 26.741334915161133 0
1731255782879 27.785310745239258 0
1731255798574 27.463842391967773 0
1731255814382 28.004640579223633 0
1731255830088 27.433979034423828 0
1731255845879 28.017784118652344 0
1731255861563 28.266563415527344 0
1731255877378 28.24541473388672 0
1731255893093 27.17771339416504 0
1731255908894 27.86781120300293 0
1731255924611 27.745899200439453 0
1731255940433 27.60459327697754 0
1731255956549 28.704179763793945 0
1731255972346 27.794599533081055 0
1731255988033 27.959182739257812 0
1731256003812 28.082460403442383 0
1731256019506 28.166532516479492 0
1731256035315 27.8724308013916 0
1731256051030 28.608760833740234 0
1731256066813 28.552997589111328 0
1731256082546 27.635995864868164 0
1731256098328 28.321147918701172 0
1731256114030 28.25739288330078 0
1731256129824 28.2238826751709 0
1731256145526 28.047290802001953 0
1731256161286 28.670246124267578 0
1731256176957 28.254581451416016 0
1731256193068 28.7171688079834 0
1731256208735 27.91575813293457 0
1731256224487 28.073026657104492 0
1731256240150 27.98118782043457 0
1731256255899 28.159093856811523 0
1731256271552 28.37381362915039 0
1731256287321 28.195247650146484 0
1731256302980 28.694955825805664 0
1731256318735 28.287199020385742 0
1731256334412 28.308359146118164 0
1731256350151 28.384292602539062 0
1731256365795 28.55381965637207 0
1731256381534 27.813329696655273 0
1731256397183 28.6398868560791 0
1731256413286 28.154590606689453 0
1731256428964 28.633480072021484 0
1731256444712 28.803281784057617 0
1731256460371 28.662031173706055 0
1731256476088 28.836658477783203 0
1731256491738 28.466781616210938 0
1731256507503 28.324176788330078 0
1731256523157 28.19855499267578 0
1731256538880 28.964515686035156 0
1731256554543 28.89841651916504 0
1731256570290 28.801471710205078 0
1731256585924 28.385889053344727 0
1731256601645 28.956886291503906 0
1731256617273 28.5905818939209 0
1731256633010 28.80103302001953 0
1731256648987 29.496185302734375 0
1731256664722 28.826412200927734 0
1731256680388 29.24186134338379 0
1731256696100 28.62999725341797 0
1731256711721 28.311525344848633 0
1731256727444 28.867189407348633 0
1731256743065 28.90240478515625 0
1731256758783 29.06812286376953 0
1731256774408 29.114418029785156 0
1731256790134 29.065099716186523 0
1731256805770 29.539567947387695 0
1731256821470 28.625049591064453 0
1731256837094 29.20677375793457 0
1731256852803 29.189706802368164 0
1731256868408 28.86327362060547 0
1731256884505 28.286821365356445 0
1731256900133 29.0919246673584 0
1731256915832 29.1562442779541 0
1731256931448 29.317272186279297 0
1731256947167 29.31395721435547 0
1731256962819 29.03960418701172 0
1731256978521 29.1328125 0
1731256994136 28.778427124023438 0
1731257009848 29.4482421875 0
1731257025472 29.463024139404297 0
1731257041201 28.992765426635742 0
1731257056827 28.764074325561523 0
1731257072554 28.809141159057617 0
1731257088173 29.520610809326172 0
1731257103882 29.277658462524414 0
1731257119832 29.54286766052246 0
1731257135537 29.142850875854492 0
1731257151147 28.838626861572266 0
1731257166870 29.575275421142578 0
1731257182497 29.492727279663086 0
1731257198227 29.6782283782959 0
1731257213853 29.456432342529297 0
1731257229562 29.596742630004883 0
1731257245203 29.219985961914062 0
1731257260925 29.581708908081055 0
1731257276539 29.751522064208984 0
1731257292272 29.03748893737793 0
1731257307886 28.83453369140625 0
1731257323620 29.389347076416016 0
1731257339236 29.237157821655273 0
