1731253768384 0.012855658307671547 0
1731253788876 0.007221726235002279 0
1731253809237 0.005734912119805813 0
1731253829609 0.005411818623542786 0
1731253849810 0.004983928985893726 0
1731253869998 0.005041911732405424 0
1731253890065 0.003897719085216522 0
1731253910210 0.004252494312822819 0
1731253930236 0.004146054852753878 0
1731253950251 0.00445306021720171 0
1731253970227 0.003967359662055969 0
1731253990192 0.003596629947423935 0
1731254010104 0.0039060129784047604 0
1731254030102 0.003392335493117571 0
1731254050264 0.003693298902362585 0
1731254068172 0.0032171353232115507 0
1731254086081 0.0034206777345389128 0
1731254103992 0.003707726253196597 0
1731254121911 0.003104589879512787 0
1731254139793 0.0036470587365329266 0
1731254157665 0.003191465511918068 0
1731254175578 0.0033269375562667847 0
1731254192714 0.003733773482963443 0
1731254209473 0.002802340080961585 0
1731254226316 0.003232361748814583 0
1731254243182 0.0033087690826505423 0
1731254260071 0.0033776573836803436 0
1731254276839 0.003289417363703251 0
1731254293702 0.0030155745334923267 0
1731254310643 0.0032709769438952208 0
1731254326885 0.0031806237529963255 0
1731254343081 0.0030519510619342327 0
1731254359293 0.003406096249818802 0
1731254375507 0.002586009446531534 0
1731254391730 0.003145732916891575 0
1731254407943 0.0025921640917658806 0
1731254424121 0.0027284063398838043 0
1731254439958 0.002598921535536647 0
1731254455808 0.002780229551717639 0
1731254471562 0.0028697154484689236 0
1731254487410 0.002728269901126623 0
1731254503164 0.0027032848447561264 0
1731254519019 0.0026976927183568478 0
1731254534774 0.002648463938385248 0
1731254550973 0.002705485327169299 0
1731254566729 0.0028130151331424713 0
1731254582570 0.0024459525011479855 0
1731254598310 0.003167349612340331 0
1731254614171 0.0022844523191452026 0
1731254629905 0.002423920203000307 0
1731254645752 0.002654049079865217 0
1731254661471 0.0026861857622861862 0
1731254677317 0.0026751719415187836 0
1731254693030 0.002614598721265793 0
1731254708852 0.002858038991689682 0
1731254724591 0.00270079611800611 0
1731254740436 0.002670198678970337 0
1731254756167 0.002444463549181819 0
1731254772002 0.0023966063745319843 0
1731254788116 0.0023794109001755714 0
1731254803939 0.0023380720522254705 0
1731254819650 0.002152294386178255 0
1731254835476 0.002282249741256237 0
1731254851197 0.0022947797551751137 0
1731254867018 0.0027824523858726025 0
1731254882722 0.0022956307511776686 0
1731254898558 0.0021813111379742622 0
1731254914252 0.002484978176653385 0
1731254930052 0.002171723172068596 0
1731254945774 0.0024246666580438614 0
1731254961620 0.0025349257048219442 0
1731254977327 0.0021939147263765335 0
1731254993158 0.002095293253660202 0
1731255008883 0.002212278079241514 0
1731255025019 0.002293319907039404 0
1731255040735 0.002370288362726569 0
1731255056563 0.0019954233430325985 0
1731255072270 0.002029947703704238 0
1731255088104 0.0017972334753721952 0
1731255103839 0.002429066924378276 0
1731255119649 0.002153341192752123 0
1731255135380 0.0020161927677690983 0
1731255151176 0.0021734237670898438 0
1731255166895 0.002106449566781521 0
1731255182730 0.0016328028868883848 0
1731255198428 0.0022785577457398176 0
1731255214253 0.0019180815434083343 0
1731255229979 0.001683594542555511 0
1731255246123 0.0020708979573100805 0
1731255261832 0.0020632147789001465 0
1731255277637 0.0019355987897142768 0
1731255293347 0.0018764242995530367 0
1731255309174 0.0020338427275419235 0
1731255324887 0.0020287958905100822 0
1731255340704 0.0020847381092607975 0
1731255356421 0.002098812023177743 0
1731255372216 0.002022539032623172 0
1731255387943 0.0018149109091609716 0
1731255403732 0.0019390969537198544 0
1731255419452 0.00224746810272336 0
1731255435282 0.0021768873557448387 0
1731255451003 0.0021379529498517513 0
1731255466834 0.0019502488430589437 0
1731255482863 0.0016738313715904951 0
1731255498644 0.0016233425121754408 0
1731255514387 0.0019347615307196975 0
1731255530197 0.0017237747088074684 0
1731255545925 0.0017778932815417647 0
1731255561738 0.001818329794332385 0
1731255577484 0.0018327547004446387 0
1731255593289 0.0016438390593975782 0
1731255609017 0.001681540859863162 0
1731255624825 0.0017674606060609221 0
1731255640568 0.0018712686141952872 0
1731255656399 0.0017169469501823187 0
1731255672130 0.0018296794733032584 0
1731255687943 0.0016050203703343868 0
1731255703672 0.0016794584225863218 0
1731255719813 0.0016398299485445023 0
1731255735540 0.001811538590118289 0
1731255751353 0.0016363769536837935 0
1731255767073 0.0021177101880311966 0
1731255782881 0.001665209187194705 0
1731255798576 0.0017931460170075297 0
1731255814384 0.0015832001809030771 0
1731255830090 0.0018055187538266182 0
1731255845881 0.0015784157440066338 0
1731255861565 0.0014905398711562157 0
1731255877381 0.0014978160616010427 0
1731255893096 0.0019152633612975478 0
1731255908896 0.0016338748391717672 0
1731255924613 0.0016803898615762591 0
1731255940435 0.0017359638586640358 0
1731255956551 0.0013476647436618805 0
1731255972348 0.0016616516513749957 0
1731255988035 0.0015998583985492587 0
1731256003815 0.0015550844836980104 0
1731256019508 0.0015252692392095923 0
1731256035317 0.0016321375733241439 0
1731256051032 0.001377602107822895 0
1731256066815 0.00139540433883667 0
1731256082548 0.0017234564293175936 0
1731256098330 0.0014719231985509396 0
1731256114032 0.0014936903025954962 0
1731256129826 0.001505260239355266 0
1731256145529 0.0015677288174629211 0
1731256161288 0.0013582365354523063 0
1731256176959 0.0014946581795811653 0
1731256193070 0.0013436403824016452 0
1731256208737 0.0016159354709088802 0
1731256224489 0.001558465650305152 0
1731256240152 0.0015917726559564471 0
1731256255901 0.0015278842765837908 0
1731256271555 0.0014541809214279056 0
1731256287324 0.0015152174746617675 0
1731256302982 0.0013505307724699378 0
1731256318737 0.0014834738103672862 0
1731256334415 0.0014762639766559005 0
1731256350154 0.0014506764709949493 0
1731256365797 0.00139514054171741 0
1731256381536 0.0016544999089092016 0
1731256397186 0.0013677639653906226 0
1731256413289 0.0015294698532670736 0
1731256428966 0.001369783072732389 0
1731256444715 0.0013172602048143744 0
1731256460374 0.0013608071021735668 0
1731256476091 0.001307175843976438 0
1731256491740 0.0014233828987926245 0
1731256507505 0.001470897113904357 0
1731256523159 0.001514064846560359 0
1731256538882 0.0012692534364759922 0
1731256554546 0.0012887190096080303 0
1731256570292 0.001317809335887432 0
1731256585927 0.0014501431724056602 0
1731256601648 0.0012714852346107364 0
1731256617275 0.0013833800330758095 0
1731256633013 0.0013179425150156021 0
1731256648990 0.0011230038944631815 0
1731256664724 0.0013102636439725757 0
1731256680390 0.0011907313019037247 0
1731256696102 0.0013708820333704352 0
1731256711723 0.0014751877170056105 0
1731256727446 0.0012980187311768532 0
1731256743067 0.0012875362299382687 0
1731256758786 0.0012393319047987461 0
1731256774411 0.0012261910596862435 0
1731256790136 0.001240195007994771 0
1731256805773 0.001111841993406415 0
1731256821472 0.0013724444434046745 0
1731256837096 0.00120038993190974 0
1731256852805 0.0012051172088831663 0
1731256868411 0.0012991895200684667 0
1731256884508 0.0014836029149591923 0
1731256900135 0.001232558162882924 0
1731256915834 0.0012144383508712053 0
1731256931450 0.0011702337069436908 0
1731256947170 0.0011711273109540343 0
1731256962821 0.0012474968098104 0
1731256978524 0.001221008482389152 0
1731256994138 0.0013248203322291374 0
1731257009850 0.0011354699963703752 0
1731257025474 0.001131611643359065 0
1731257041204 0.0012610238045454025 0
1731257056830 0.001329206395894289 0
1731257072556 0.0013154849875718355 0
1731257088176 0.0011167058255523443 0
1731257103884 0.0011809567222371697 0
1731257119834 0.001110997749492526 0
1731257135539 0.001218189368955791 0
1731257151149 0.00130658398848027 0
1731257166873 0.0011027383152395487 0
1731257182500 0.0011238984297960997 0
1731257198230 0.0010769040090963244 0
1731257213855 0.0011333307484164834 0
1731257229564 0.0010973007883876562 0
1731257245206 0.0011967438040301204 0
1731257260927 0.001101105590350926 0
1731257276541 0.0010588821023702621 0
1731257292274 0.0012481044977903366 0
1731257307889 0.0013078151969239116 0
1731257323622 0.0011509733740240335 0
1731257339239 0.0011920215329155326 0
