1731856316657 1.167630910873413 0
1731856336655 0.8100249171257019 0
1731856356321 0.9147001504898071 0
1731856376137 1.013939380645752 0
1731856395857 0.8426627516746521 0
1731856415718 0.8861467838287354 0
1731856435462 0.8956145644187927 0
1731856455329 0.9352747201919556 0
1731856475105 0.9350977540016174 0
1731856494976 1.0476523637771606 0
1731856514738 0.9180230498313904 0
1731856534621 0.9584836959838867 0
1731856554411 0.8886581659317017 0
1731856574287 0.8245230317115784 0
1731856594021 0.9825977683067322 0
1731856611512 0.9101717472076416 0
1731856629019 0.8949166536331177 0
1731856646498 0.8337071537971497 0
1731856663985 0.7989827394485474 0
1731856681455 1.0041699409484863 0
1731856698940 0.9182890057563782 0
1731856716428 0.82454913854599 0
1731856733061 0.9138715863227844 0
1731856749291 0.9416441917419434 0
1731856765629 0.9948718547821045 0
1731856781960 0.8568546175956726 0
1731856798294 0.8944426774978638 0
1731856814538 0.9905282855033875 0
1731856830837 0.8777177333831787 0
1731856847206 0.8998742699623108 0
1731856862827 0.9124045968055725 0
1731856878416 1.118839144706726 0
1731856894003 0.8626950979232788 0
1731856909622 0.8865982294082642 0
1731856925258 0.8295935392379761 0
1731856940851 0.944983959197998 0
1731856956473 0.9085052013397217 0
1731856971666 1.0093380212783813 0
1731856986827 0.9515942931175232 0
1731857001898 0.9346511363983154 0
1731857017099 0.9769155979156494 0
1731857032156 0.8923041820526123 0
1731857047320 0.8103492856025696 0
1731857062407 0.8793074488639832 0
1731857077945 1.0224179029464722 0
1731857093031 0.8926141858100891 0
1731857108206 0.8686412572860718 0
1731857123285 0.9286248087882996 0
1731857138464 0.9333835244178772 0
1731857153532 0.9637393355369568 0
1731857168700 1.0203099250793457 0
1731857183766 0.8713663220405579 0
1731857198953 0.9889345169067383 0
1731857214028 0.9379968643188477 0
1731857229236 1.0705015659332275 0
1731857244307 0.8682538866996765 0
1731857259504 0.87999027967453 0
1731857274582 0.9282643795013428 0
1731857289768 0.8228776454925537 0
1731857305202 0.8991329669952393 0
1731857320371 0.9535510540008545 0
1731857335450 0.8573987483978271 0
1731857350642 1.0042273998260498 0
1731857365709 0.8904813528060913 0
1731857380876 0.9751788377761841 0
1731857395937 0.8002781867980957 0
1731857411120 0.9634732604026794 0
1731857426171 1.0220890045166016 0
1731857441371 0.9666429758071899 0
1731857456443 1.0453757047653198 0
1731857471625 0.9814256429672241 0
1731857486692 0.9306623339653015 0
1731857501873 0.8817735314369202 0
1731857516950 0.8992351293563843 0
1731857532517 0.8762640953063965 0
1731857547585 0.8938051462173462 0
1731857562782 0.9354180693626404 0
1731857577868 0.9173210263252258 0
1731857593045 0.9595945477485657 0
1731857608114 0.9123155474662781 0
1731857623297 0.8592458367347717 0
1731857638368 0.8962914347648621 0
1731857653567 0.8399456739425659 0
1731857668658 0.8923413753509521 0
1731857683835 0.8792133331298828 0
1731857698907 0.8677129745483398 0
1731857714104 0.9183339476585388 0
1731857729184 0.9708378911018372 0
1731857744701 0.9677575826644897 0
1731857759783 0.9102296829223633 0
1731857774989 0.797152578830719 0
1731857790049 0.8096423149108887 0
1731857805222 0.9118096232414246 0
1731857820297 0.8364889621734619 0
1731857835497 0.8953680396080017 0
1731857850568 1.0080054998397827 0
1731857865748 0.9627630114555359 0
1731857880824 0.8831461071968079 0
1731857896005 1.0083160400390625 0
1731857911071 0.9266074299812317 0
1731857926241 0.961286723613739 0
1731857941309 0.9489075541496277 0
1731857956481 0.9414993524551392 0
1731857971914 0.9401028156280518 0
1731857987108 0.942204475402832 0
1731858002167 0.8990823030471802 0
1731858017376 0.9130226969718933 0
1731858032468 0.8805547952651978 0
1731858047662 0.8345687389373779 0
1731858062719 0.9146286845207214 0
1731858077914 0.9062069058418274 0
1731858093019 1.0762091875076294 0
1731858108190 0.9785001277923584 0
1731858123277 0.9678975343704224 0
1731858138455 1.0032668113708496 0
1731858153530 0.894838273525238 0
1731858168703 0.9643887281417847 0
1731858183785 0.9243437647819519 0
1731858199351 0.9568914175033569 0
1731858214429 0.9045233726501465 0
1731858229625 0.8913289308547974 0
1731858244724 0.9512000679969788 0
1731858259912 0.9420192241668701 0
1731858274985 0.905605673789978 0
1731858290184 0.9140989184379578 0
1731858305266 0.9267683625221252 0
1731858320453 0.8842988610267639 0
1731858335541 0.8990936279296875 0
1731858350743 0.9456769824028015 0
1731858365825 0.9074787497520447 0
1731858381011 0.9629958868026733 0
1731858396107 0.9700510501861572 0
1731858411315 0.9468647241592407 0
1731858426722 0.9418960809707642 0
1731858441862 0.8869338631629944 0
1731858456944 0.9255139827728271 0
1731858472111 0.9312717914581299 0
1731858487142 0.8978350162506104 0
1731858502321 0.8648852109909058 0
1731858517390 0.9256846308708191 0
1731858532544 0.9648814797401428 0
1731858547584 0.8812082409858704 0
1731858562751 0.9742108583450317 0
1731858577816 0.9254069924354553 0
1731858592976 0.9440156817436218 0
1731858608059 0.8644649386405945 0
1731858623248 0.9404045939445496 0
1731858638319 0.8993828296661377 0
1731858653818 0.9038963913917542 0
1731858668909 0.9509057402610779 0
1731858684066 0.9406194686889648 0
1731858699119 0.9051816463470459 0
1731858714283 0.8847898244857788 0
1731858729348 0.9721290469169617 0
1731858744505 0.935524046421051 0
1731858759549 0.8774610757827759 0
1731858774728 0.9362648725509644 0
1731858789810 0.93110191822052 0
1731858804970 0.944480836391449 0
1731858820029 0.8833313584327698 0
1731858835197 0.9497122168540955 0
1731858850244 0.9110782146453857 0
1731858865766 0.9014491438865662 0
1731858880831 0.930134654045105 0
1731858895972 0.9392111301422119 0
1731858911020 0.8756946325302124 0
1731858926171 0.9664721488952637 0
1731858941213 0.9656440615653992 0
1731858956352 0.9202947020530701 0
1731858971397 0.9427086114883423 0
1731858986534 0.9485052227973938 0
1731859001591 0.9347553849220276 0
1731859016715 0.9489419460296631 0
1731859031758 0.9412052631378174 0
1731859046910 0.9656522870063782 0
1731859061956 0.9571633338928223 0
1731859077091 0.9504755139350891 0
1731859092493 0.9378843903541565 0
1731859107630 0.9650765657424927 0
1731859122673 0.9253204464912415 0
1731859137815 0.9421083331108093 0
1731859152846 0.9403230547904968 0
1731859167991 0.97575843334198 0
1731859183011 0.9534966945648193 0
1731859198132 0.9207620620727539 0
1731859213183 0.9040208458900452 0
1731859228312 0.9286738634109497 0
1731859243362 0.9282636642456055 0
1731859258488 0.9497030377388 0
1731859273523 0.9509310126304626 0
1731859288658 0.9292019605636597 0
1731859303677 0.9371877908706665 0
1731859319169 0.904739499092102 0
1731859334208 0.9459083676338196 0
1731859349343 0.9295497536659241 0
1731859364393 0.9439637660980225 0
1731859379544 0.9790369272232056 0
1731859394559 0.9491119384765625 0
1731859409700 0.9602058529853821 0
1731859424750 0.9450887441635132 0
1731859439893 0.930266261100769 0
1731859454911 0.951194703578949 0
1731859470048 0.8968139290809631 0
1731859485085 0.9247683882713318 0
1731859500216 0.9325892925262451 0
1731859515262 0.929520308971405 0
1731859530393 0.9471775889396667 0
1731859545883 0.9659033417701721 0
1731859561028 0.9320659041404724 0
1731859576076 0.960060715675354 0
1731859591204 0.894328236579895 0
1731859606215 0.9408364295959473 0
1731859621381 0.9260789155960083 0
1731859636427 0.9345490336418152 0
1731859651547 0.9506820440292358 0
1731859666594 0.9205239415168762 0
1731859681747 0.9141877889633179 0
1731859696773 0.9274466037750244 0
1731859711914 0.9628682732582092 0
1731859726941 0.9443532228469849 0
1731859742102 0.9148239493370056 0
1731859757113 0.961042582988739 0
