1731856316657 0.038691964000463486 0
1731856336655 0.03796055167913437 0
1731856356321 0.03340424597263336 0
1731856376137 0.03471595421433449 0
1731856395857 0.03636747598648071 0
1731856415718 0.036813683807849884 0
1731856435462 0.0414479561150074 0
1731856455329 0.041142575442790985 0
1731856475105 0.047132719308137894 0
1731856494976 0.046289145946502686 0
1731856514738 0.0464860163629055 0
1731856534621 0.05350329354405403 0
1731856554411 0.05221956595778465 0
1731856574287 0.050448644906282425 0
1731856594021 0.04933270812034607 0
1731856611512 0.05272790044546127 0
1731856629019 0.04649705812335014 0
1731856646498 0.0483485646545887 0
1731856663985 0.05067937821149826 0
1731856681455 0.05103876814246178 0
1731856698940 0.047087978571653366 0
1731856716428 0.05032408609986305 0
1731856733061 0.04640303924679756 0
1731856749291 0.050406500697135925 0
1731856765629 0.05148567259311676 0
1731856781960 0.05143937095999718 0
1731856798294 0.048097483813762665 0
1731856814538 0.05295347049832344 0
1731856830837 0.05213983356952667 0
1731856847206 0.05213868245482445 0
1731856862827 0.05273165553808212 0
1731856878416 0.049995046108961105 0
1731856894003 0.050467975437641144 0
1731856909622 0.051701609045267105 0
1731856925258 0.05144958570599556 0
1731856940851 0.052565425634384155 0
1731856956473 0.05252101644873619 0
1731856971666 0.05279712751507759 0
1731856986827 0.05234077200293541 0
1731857001898 0.0541754774749279 0
1731857017099 0.05039876699447632 0
1731857032156 0.0473613478243351 0
1731857047320 0.052214495837688446 0
1731857062407 0.05499902367591858 0
1731857077945 0.05587587133049965 0
1731857093031 0.04993490129709244 0
1731857108206 0.05482262372970581 0
1731857123285 0.051959916949272156 0
1731857138464 0.053650569170713425 0
1731857153532 0.05274340137839317 0
1731857168700 0.05432204157114029 0
1731857183766 0.053326915949583054 0
1731857198953 0.05502031370997429 0
1731857214028 0.05238902568817139 0
1731857229236 0.05189771205186844 0
1731857244307 0.05432615056633949 0
1731857259504 0.053740859031677246 0
1731857274582 0.052844274789094925 0
1731857289768 0.05140037089586258 0
1731857305202 0.050924766808748245 0
1731857320371 0.050782278180122375 0
1731857335450 0.051919806748628616 0
1731857350642 0.052809763699769974 0
1731857365709 0.05395471304655075 0
1731857380876 0.05135340243577957 0
1731857395937 0.05484198406338692 0
1731857411120 0.0512833334505558 0
1731857426171 0.05638786032795906 0
1731857441371 0.053905341774225235 0
1731857456443 0.053866662085056305 0
1731857471625 0.05230613797903061 0
1731857486692 0.053913965821266174 0
1731857501873 0.053783588111400604 0
1731857516950 0.054518621414899826 0
1731857532517 0.05390495806932449 0
1731857547585 0.051444362848997116 0
1731857562782 0.05428219586610794 0
1731857577868 0.053601332008838654 0
1731857593045 0.052983254194259644 0
1731857608114 0.05252455919981003 0
1731857623297 0.05140918120741844 0
1731857638368 0.05438753962516785 0
1731857653567 0.052997469902038574 0
1731857668658 0.054961882531642914 0
1731857683835 0.056273095309734344 0
1731857698907 0.055146634578704834 0
1731857714104 0.05368230491876602 0
1731857729184 0.05173567682504654 0
1731857744701 0.050039153546094894 0
1731857759783 0.05032389238476753 0
1731857774989 0.05326968431472778 0
1731857790049 0.053337082266807556 0
1731857805222 0.053562380373477936 0
1731857820297 0.05271785706281662 0
1731857835497 0.05408307537436485 0
1731857850568 0.05358446016907692 0
1731857865748 0.054344747215509415 0
1731857880824 0.05200430750846863 0
1731857896005 0.05217200517654419 0
1731857911071 0.05257442221045494 0
1731857926241 0.05617908760905266 0
1731857941309 0.05318213999271393 0
1731857956481 0.051190100610256195 0
1731857971914 0.05409955233335495 0
1731857987108 0.055004898458719254 0
1731858002167 0.053012099117040634 0
1731858017376 0.05445140600204468 0
1731858032468 0.053972091525793076 0
1731858047662 0.05417738854885101 0
1731858062719 0.05599014833569527 0
1731858077914 0.05439219996333122 0
1731858093019 0.05407246574759483 0
1731858108190 0.053928155452013016 0
1731858123277 0.055193498730659485 0
1731858138455 0.05394115671515465 0
1731858153530 0.05422527343034744 0
1731858168703 0.05249113216996193 0
1731858183785 0.05537516623735428 0
1731858199351 0.05577090010046959 0
1731858214429 0.055358197540044785 0
1731858229625 0.05664040148258209 0
1731858244724 0.053084585815668106 0
1731858259912 0.05322793498635292 0
1731858274985 0.05401323735713959 0
1731858290184 0.05487830564379692 0
1731858305266 0.053953979164361954 0
1731858320453 0.05579780042171478 0
1731858335541 0.05483752116560936 0
1731858350743 0.05623525753617287 0
1731858365825 0.055467262864112854 0
1731858381011 0.05607970803976059 0
1731858396107 0.05490186810493469 0
1731858411315 0.05418572202324867 0
1731858426722 0.053635865449905396 0
1731858441862 0.05433882400393486 0
1731858456944 0.0547717846930027 0
1731858472111 0.055110637098550797 0
1731858487142 0.05539551377296448 0
1731858502321 0.054600153118371964 0
1731858517390 0.05433212220668793 0
1731858532544 0.053498830646276474 0
1731858547584 0.05457982420921326 0
1731858562751 0.05532803386449814 0
1731858577816 0.05435556173324585 0
1731858592976 0.05382192134857178 0
1731858608059 0.054578378796577454 0
1731858623248 0.05451429262757301 0
1731858638319 0.05387507379055023 0
1731858653818 0.054543763399124146 0
1731858668909 0.05526604875922203 0
1731858684066 0.0555817075073719 0
1731858699119 0.0557091049849987 0
1731858714283 0.0550956055521965 0
1731858729348 0.05344099551439285 0
1731858744505 0.055710792541503906 0
1731858759549 0.054969727993011475 0
1731858774728 0.05410901829600334 0
1731858789810 0.05464661866426468 0
1731858804970 0.05532854050397873 0
1731858820029 0.05467648804187775 0
1731858835197 0.05499162897467613 0
1731858850244 0.05595745891332626 0
1731858865766 0.05471085384488106 0
1731858880831 0.054596126079559326 0
1731858895972 0.05275662988424301 0
1731858911020 0.05301377549767494 0
1731858926171 0.05375882610678673 0
1731858941213 0.05334961786866188 0
1731858956352 0.05325422063469887 0
1731858971397 0.05373740941286087 0
1731858986534 0.05454724654555321 0
1731859001591 0.05444836989045143 0
1731859016715 0.05438115447759628 0
1731859031758 0.053975410759449005 0
1731859046910 0.05471232160925865 0
1731859061956 0.05458648502826691 0
1731859077091 0.05504347011446953 0
1731859092493 0.05425819009542465 0
1731859107630 0.054597653448581696 0
1731859122673 0.055199794471263885 0
1731859137815 0.05515996366739273 0
1731859152846 0.055280651897192 0
1731859167991 0.05485774576663971 0
1731859183011 0.0547415167093277 0
1731859198132 0.05485545098781586 0
1731859213183 0.05459276959300041 0
1731859228312 0.05397949367761612 0
1731859243362 0.05383925139904022 0
1731859258488 0.05411112681031227 0
1731859273523 0.05440979823470116 0
1731859288658 0.05450214073061943 0
1731859303677 0.054413970559835434 0
1731859319169 0.05476405844092369 0
1731859334208 0.05464190989732742 0
1731859349343 0.055035386234521866 0
1731859364393 0.054975710809230804 0
1731859379544 0.05445178598165512 0
1731859394559 0.054684314876794815 0
1731859409700 0.054858751595020294 0
1731859424750 0.05505163222551346 0
1731859439893 0.05432832986116409 0
1731859454911 0.05493978410959244 0
1731859470048 0.05530581623315811 0
1731859485085 0.05430368334054947 0
1731859500216 0.05489029735326767 0
1731859515262 0.054578524082899094 0
1731859530393 0.05425569787621498 0
1731859545883 0.05476483330130577 0
1731859561028 0.05458259582519531 0
1731859576076 0.054404206573963165 0
1731859591204 0.05537283048033714 0
1731859606215 0.055205848067998886 0
1731859621381 0.05452946946024895 0
1731859636427 0.054486263543367386 0
1731859651547 0.05525980517268181 0
1731859666594 0.05570369213819504 0
1731859681747 0.055190570652484894 0
1731859696773 0.05480234697461128 0
1731859711914 0.05446603149175644 0
1731859726941 0.05521072447299957 0
1731859742102 0.054723694920539856 0
1731859757113 0.05465513840317726 0
