1731856316660 0.0004970566369593143 0
1731856336659 0.00021212620777077973 0
1731856356326 0.00020107737509533763 0
1731856376140 0.00017492212646175176 0
1731856395859 0.0002074623480439186 0
1731856415720 0.00018168962560594082 0
1731856435464 0.00019681219418998808 0
1731856455332 0.0002242191112600267 0
1731856475107 0.00018607274978421628 0
1731856494978 0.0001939493085956201 0
1731856514740 0.0002499890106264502 0
1731856534623 0.00018924821051768959 0
1731856554413 0.00022675376385450363 0
1731856574289 0.00019949482521042228 0
1731856594023 0.00021149369422346354 0
1731856611514 0.0002234444546047598 0
1731856629021 0.000298043160000816 0
1731856646500 0.0002700338955037296 0
1731856663987 0.00027245451929047704 0
1731856681457 0.00029282926698215306 0
1731856698942 0.00029098684899508953 0
1731856716430 0.00028258655220270157 0
1731856733064 0.0002650571695994586 0
1731856749294 0.0002551777579355985 0
1731856765631 0.00034098926698789 0
1731856781962 0.00026517093647271395 0
1731856798297 0.0003796912496909499 0
1731856814540 0.00032229063799604774 0
1731856830839 0.0003925125056412071 0
1731856847208 0.00032519761589355767 0
1731856862829 0.00038164632860571146 0
1731856878418 0.0003601069620344788 0
1731856894005 0.00034915690775960684 0
1731856909624 0.00034881700412370265 0
1731856925260 0.00034440422314219177 0
1731856940853 0.00033410798641853034 0
1731856956475 0.0003831833600997925 0
1731856971669 0.00041222304571419954 0
1731856986829 0.00041796721052378416 0
1731857001900 0.00040412682574242353 0
1731857017101 0.000390154542401433 0
1731857032158 0.0004224693402647972 0
1731857047322 0.0003724226844497025 0
1731857062409 0.0003795013763010502 0
1731857077947 0.0003754080389626324 0
1731857093033 0.00047017543693073094 0
1731857108208 0.00039834395283833146 0
1731857123287 0.00041857929318211973 0
1731857138467 0.0004179007955826819 0
1731857153534 0.00044169981265440583 0
1731857168702 0.00040405854815617204 0
1731857183768 0.0003849118947982788 0
1731857198955 0.0004180865071248263 0
1731857214030 0.0004409627290442586 0
1731857229239 0.0004933605086989701 0
1731857244309 0.0004483556840568781 0
1731857259507 0.00039995467523112893 0
1731857274584 0.0003954535932280123 0
1731857289770 0.000400845252443105 0
1731857305205 0.0004372438124846667 0
1731857320374 0.00037315645022317767 0
1731857335452 0.0004738126299344003 0
1731857350644 0.00043935084249824286 0
1731857365711 0.0004422325873747468 0
1731857380878 0.0003990205004811287 0
1731857395939 0.0004321684828028083 0
1731857411122 0.0004486427060328424 0
1731857426174 0.0004268899792805314 0
1731857441373 0.00044120961683802307 0
1731857456445 0.0004955664044246078 0
1731857471627 0.000437441049143672 0
1731857486695 0.0004542716487776488 0
1731857501875 0.0004759620933327824 0
1731857516952 0.0004702084115706384 0
1731857532519 0.000428317638579756 0
1731857547588 0.0003927917859982699 0
1731857562784 0.0004732839879579842 0
1731857577870 0.00039011426270008087 0
1731857593048 0.0004778748843818903 0
1731857608116 0.0004236164386384189 0
1731857623299 0.0004654890508390963 0
1731857638370 0.0004229418991599232 0
1731857653569 0.0004611448966898024 0
1731857668660 0.0005084255244582891 0
1731857683837 0.00045431681792251766 0
1731857698909 0.0004283157177269459 0
1731857714107 0.00041289045475423336 0
1731857729186 0.0005209723021835089 0
1731857744703 0.0004676397074945271 0
1731857759785 0.0004534786567091942 0
1731857774991 0.0004470264248084277 0
1731857790051 0.0004887391114607453 0
1731857805224 0.00048713976866565645 0
1731857820299 0.0004571791796479374 0
1731857835500 0.0004710641223937273 0
1731857850571 0.0004626935115084052 0
1731857865750 0.0004662873107008636 0
1731857880827 0.00047327487845905125 0
1731857896007 0.00047678445116616786 0
1731857911073 0.00047187544987536967 0
1731857926243 0.00044902568333782256 0
1731857941312 0.0005077237728983164 0
1731857956483 0.00047177710803225636 0
1731857971916 0.0004745922051370144 0
1731857987110 0.0004303267924115062 0
1731858002170 0.0005003814585506916 0
1731858017378 0.00048634756240062416 0
1731858032470 0.0004473371373023838 0
1731858047664 0.0005174321122467518 0
1731858062722 0.0004885868402197957 0
1731858077916 0.0004745815531350672 0
1731858093022 0.00052842270815745 0
1731858108192 0.0005101466085761786 0
1731858123280 0.000555535894818604 0
1731858138458 0.00047485149116255343 0
1731858153532 0.0005177156999707222 0
1731858168705 0.0005067934398539364 0
1731858183787 0.0005045508733019233 0
1731858199353 0.00047882506623864174 0
1731858214431 0.00045911368215456605 0
1731858229627 0.00043591775465756655 0
1731858244726 0.0005589879583567381 0
1731858259913 0.00045105291064828634 0
1731858274988 0.0004898710758425295 0
1731858290187 0.000495689979288727 0
1731858305268 0.0004934117314405739 0
1731858320455 0.0005042623961344361 0
1731858335543 0.000576173304580152 0
1731858350745 0.0005351309082470834 0
1731858365827 0.0004769720253534615 0
1731858381013 0.0005757503095082939 0
1731858396110 0.0004661758430302143 0
1731858411317 0.0005112479557283223 0
1731858426724 0.0004763169854413718 0
1731858441864 0.00048592578968964517 0
1731858456946 0.000552799494471401 0
1731858472113 0.000512839644216001 0
1731858487144 0.000512880040332675 0
1731858502323 0.0005032959743402898 0
1731858517392 0.0005257074953988194 0
1731858532546 0.0005384589312598109 0
1731858547586 0.0005103381117805839 0
1731858562753 0.0005020588869228959 0
1731858577818 0.0004709842032752931 0
1731858592978 0.0004774494736921042 0
1731858608061 0.0005196551792323589 0
1731858623251 0.0004478686023503542 0
1731858638321 0.00043184985406696796 0
1731858653820 0.0004918834893032908 0
1731858668912 0.0005640483577735722 0
1731858684068 0.0005401101661846042 0
1731858699121 0.0005374524043872952 0
1731858714285 0.0005093083018437028 0
1731858729350 0.0005555739626288414 0
1731858744507 0.0005440625827759504 0
1731858759551 0.0005119733395986259 0
1731858774730 0.00047336568241007626 0
1731858789813 0.0005087591707706451 0
1731858804972 0.0005107360193505883 0
1731858820031 0.000491845712531358 0
1731858835199 0.0005133379600010812 0
1731858850247 0.000488318910356611 0
1731858865768 0.0005835076444782317 0
1731858880833 0.0005155529361218214 0
1731858895974 0.0005145983886905015 0
1731858911025 0.0005218477454036474 0
1731858926173 0.000509785080794245 0
1731858941215 0.0005230838432908058 0
1731858956354 0.0005663607735186815 0
1731858971399 0.00047741993330419064 0
1731858986536 0.00046867935452610254 0
1731859001593 0.0005359817878343165 0
1731859016717 0.0005440969252958894 0
1731859031760 0.0004767758946400136 0
1731859046911 0.0005387482233345509 0
1731859061959 0.0005026634316891432 0
1731859077093 0.0005108390469104052 0
1731859092494 0.0005307341925799847 0
1731859107632 0.000576504273340106 0
1731859122675 0.0005255423602648079 0
1731859137817 0.000530047167558223 0
1731859152848 0.0004917337791994214 0
1731859167994 0.000555562146473676 0
1731859183013 0.000544549897313118 0
1731859198134 0.0005099211120977998 0
1731859213186 0.0005365295801311731 0
1731859228314 0.0005626920028589666 0
1731859243364 0.0005673250998370349 0
1731859258490 0.0005012023611925542 0
1731859273526 0.000540063891094178 0
1731859288660 0.0005067257443442941 0
1731859303679 0.00047453443403355777 0
1731859319171 0.0005576609983108938 0
1731859334210 0.0005886494182050228 0
1731859349345 0.0005280782352201641 0
1731859364396 0.0005044922581873834 0
1731859379546 0.0005252353148534894 0
1731859394561 0.0005081022391095757 0
1731859409702 0.00048392213648185134 0
1731859424753 0.0004942933446727693 0
1731859439895 0.0005251935799606144 0
1731859454912 0.00054180808365345 0
1731859470051 0.0005052309716120362 0
1731859485087 0.0005246462533250451 0
1731859500218 0.0005286869127303362 0
1731859515264 0.0005723666399717331 0
1731859530396 0.000522303453180939 0
1731859545885 0.0005567240295931697 0
1731859561030 0.0005224661435931921 0
1731859576078 0.0005487337475642562 0
1731859591206 0.0005453969934023917 0
1731859606217 0.0005344371311366558 0
1731859621383 0.0005581157747656107 0
1731859636429 0.0005526686436496675 0
1731859651549 0.0005519862752407789 0
1731859666596 0.0005518937250599265 0
1731859681749 0.0004956912016496062 0
1731859696775 0.0005418870132416487 0
1731859711916 0.0005677316803485155 0
1731859726944 0.0005214929115027189 0
1731859742104 0.0005274966242723167 0
1731859757115 0.0005414472543634474 0
