1731856316657 19.578025817871094 0
1731856336655 20.46746063232422 0
1731856356321 21.14069366455078 0
1731856376137 21.38142967224121 0
1731856395857 21.416648864746094 0
1731856415718 21.36983871459961 0
1731856435462 21.72975730895996 0
1731856455329 21.24465560913086 0
1731856475105 22.276683807373047 0
1731856494976 21.564678192138672 0
1731856514738 22.007020950317383 0
1731856534621 22.310352325439453 0
1731856554411 22.02892303466797 0
1731856574287 22.511110305786133 0
1731856594021 22.65128517150879 0
1731856611512 22.61040687561035 0
1731856629019 22.27604866027832 0
1731856646498 22.349306106567383 0
1731856663985 22.503786087036133 0
1731856681455 22.86465072631836 0
1731856698940 22.60985565185547 0
1731856716428 22.7763671875 0
1731856733061 22.886737823486328 0
1731856749291 22.970144271850586 0
1731856765629 22.62127113342285 0
1731856781960 23.398073196411133 0
1731856798294 22.83182716369629 0
1731856814538 22.68788719177246 0
1731856830837 23.06784439086914 0
1731856847206 22.770849227905273 0
1731856862827 22.56155776977539 0
1731856878416 22.634258270263672 0
1731856894003 23.018396377563477 0
1731856909622 23.13935661315918 0
1731856925258 22.43793487548828 0
1731856940851 22.822656631469727 0
1731856956473 23.034561157226562 0
1731856971666 23.65412139892578 0
1731856986827 23.17469596862793 0
1731857001898 23.137310028076172 0
1731857017099 23.10295867919922 0
1731857032156 22.75735855102539 0
1731857047320 23.347734451293945 0
1731857062407 23.40949249267578 0
1731857077945 23.710275650024414 0
1731857093031 23.11822509765625 0
1731857108206 23.023494720458984 0
1731857123285 23.36943817138672 0
1731857138464 23.283748626708984 0
1731857153532 23.664430618286133 0
1731857168700 23.486398696899414 0
1731857183766 23.045820236206055 0
1731857198953 24.08896827697754 0
1731857214028 23.297576904296875 0
1731857229236 23.244117736816406 0
1731857244307 23.614717483520508 0
1731857259504 23.60011863708496 0
1731857274582 23.268823623657227 0
1731857289768 23.366958618164062 0
1731857305202 23.39548683166504 0
1731857320371 23.04034423828125 0
1731857335450 23.58564567565918 0
1731857350642 23.140729904174805 0
1731857365709 23.367019653320312 0
1731857380876 24.114797592163086 0
1731857395937 23.497961044311523 0
1731857411120 23.82369613647461 0
1731857426171 23.816192626953125 0
1731857441371 24.231060028076172 0
1731857456443 23.696203231811523 0
1731857471625 24.266796112060547 0
1731857486692 23.69963264465332 0
1731857501873 23.779123306274414 0
1731857516950 23.610523223876953 0
1731857532517 24.78989601135254 0
1731857547585 23.558795928955078 0
1731857562782 23.84632682800293 0
1731857577868 24.245159149169922 0
1731857593045 24.014869689941406 0
1731857608114 24.78422737121582 0
1731857623297 24.20635223388672 0
1731857638368 24.142913818359375 0
1731857653567 24.454204559326172 0
1731857668658 24.427040100097656 0
1731857683835 24.11627769470215 0
1731857698907 24.159589767456055 0
1731857714104 24.22907066345215 0
1731857729184 24.669830322265625 0
1731857744701 24.563552856445312 0
1731857759783 24.69464111328125 0
1731857774989 24.40449333190918 0
1731857790049 24.314353942871094 0
1731857805222 24.4351863861084 0
1731857820297 24.413423538208008 0
1731857835497 24.10698890686035 0
1731857850568 24.764232635498047 0
1731857865748 24.328392028808594 0
1731857880824 24.575803756713867 0
1731857896005 24.765727996826172 0
1731857911071 24.680051803588867 0
1731857926241 24.747007369995117 0
1731857941309 25.17535972595215 0
1731857956481 24.442964553833008 0
1731857971914 24.383607864379883 0
1731857987108 24.503454208374023 0
1731858002167 25.10487174987793 0
1731858017376 24.64989471435547 0
1731858032468 25.046361923217773 0
1731858047662 24.528820037841797 0
1731858062719 24.454870223999023 0
1731858077914 24.563562393188477 0
1731858093019 24.904394149780273 0
1731858108190 24.474414825439453 0
1731858123277 25.322132110595703 0
1731858138455 24.873062133789062 0
1731858153530 24.70872688293457 0
1731858168703 24.476716995239258 0
1731858183785 24.82291603088379 0
1731858199351 24.91396713256836 0
1731858214429 24.927621841430664 0
1731858229625 25.348569869995117 0
1731858244724 24.837411880493164 0
1731858259912 24.60051727294922 0
1731858274985 25.665063858032227 0
1731858290184 25.236968994140625 0
1731858305266 25.073148727416992 0
1731858320453 25.711828231811523 0
1731858335541 24.896554946899414 0
1731858350743 25.492650985717773 0
1731858365825 25.327295303344727 0
1731858381011 24.290424346923828 0
1731858396107 26.00117301940918 0
1731858411315 25.273513793945312 0
1731858426722 25.164043426513672 0
1731858441862 24.83268165588379 0
1731858456944 25.191024780273438 0
1731858472111 25.017074584960938 0
1731858487142 25.339202880859375 0
1731858502321 25.079408645629883 0
1731858517390 25.20431137084961 0
1731858532544 25.313993453979492 0
1731858547584 24.670068740844727 0
1731858562751 24.693859100341797 0
1731858577816 25.758989334106445 0
1731858592976 25.12717056274414 0
1731858608059 24.17436981201172 0
1731858623248 25.31214714050293 0
1731858638319 24.975263595581055 0
1731858653818 25.911157608032227 0
1731858668909 25.86722183227539 0
1731858684066 25.093097686767578 0
1731858699119 25.689687728881836 0
1731858714283 25.59600257873535 0
1731858729348 25.01176643371582 0
1731858744505 25.386823654174805 0
1731858759549 25.302980422973633 0
1731858774728 25.587425231933594 0
1731858789810 25.98223876953125 0
1731858804970 25.213455200195312 0
1731858820029 24.884435653686523 0
1731858835197 25.75791358947754 0
1731858850244 25.501066207885742 0
1731858865766 25.11488914489746 0
1731858880831 25.618772506713867 0
1731858895972 26.464237213134766 0
1731858911020 25.395774841308594 0
1731858926171 25.542633056640625 0
1731858941213 25.422344207763672 0
1731858956352 25.610523223876953 0
1731858971397 25.41423225402832 0
1731858986534 25.102310180664062 0
1731859001591 25.656343460083008 0
1731859016715 25.526281356811523 0
1731859031758 25.754474639892578 0
1731859046910 25.709144592285156 0
1731859061956 25.61766242980957 0
1731859077091 25.621789932250977 0
1731859092493 26.146657943725586 0
1731859107630 25.830333709716797 0
1731859122673 26.191495895385742 0
1731859137815 25.816423416137695 0
1731859152846 25.970684051513672 0
1731859167991 26.082534790039062 0
1731859183011 26.19330596923828 0
1731859198132 25.545669555664062 0
1731859213183 25.84695053100586 0
1731859228312 25.27682113647461 0
1731859243362 25.775964736938477 0
1731859258488 25.89469337463379 0
1731859273523 25.818897247314453 0
1731859288658 25.664663314819336 0
1731859303677 25.91944122314453 0
1731859319169 25.875213623046875 0
1731859334208 26.380836486816406 0
1731859349343 25.879226684570312 0
1731859364393 25.8123779296875 0
1731859379544 25.76982879638672 0
1731859394559 25.64091682434082 0
1731859409700 25.981382369995117 0
1731859424750 26.174571990966797 0
1731859439893 26.551782608032227 0
1731859454911 26.08470916748047 0
1731859470048 25.865371704101562 0
1731859485085 26.129413604736328 0
1731859500216 26.403972625732422 0
1731859515262 26.14853286743164 0
1731859530393 26.265291213989258 0
1731859545883 25.81083106994629 0
1731859561028 26.1656551361084 0
1731859576076 26.52056121826172 0
1731859591204 25.510662078857422 0
1731859606215 25.836505889892578 0
1731859621381 27.21022605895996 0
1731859636427 25.705415725708008 0
1731859651547 26.463394165039062 0
1731859666594 26.457433700561523 0
1731859681747 25.92570686340332 0
1731859696773 26.195255279541016 0
1731859711914 26.6997013092041 0
1731859726941 25.622711181640625 0
1731859742102 26.25118064880371 0
1731859757113 25.875818252563477 0
