1731856316660 0.0007086406694725156 0
1731856336659 0.0004187535960227251 0
1731856356326 0.00040924636414274573 0
1731856376140 0.0005278247990645468 0
1731856395859 0.00044599364628084004 0
1731856415720 0.00039446045411750674 0
1731856435464 0.0004465447855181992 0
1731856455332 0.0003641321090981364 0
1731856475107 0.00041400844929739833 0
1731856494978 0.0003545474319253117 0
1731856514740 0.0005512206116691232 0
1731856534623 0.00042953487718477845 0
1731856554413 0.0005502306157723069 0
1731856574289 0.0003403868468012661 0
1731856594023 0.00032207975164055824 0
1731856611514 0.0003237339551560581 0
1731856629021 0.0002646659850142896 0
1731856646500 0.0004975596675649285 0
1731856663987 0.00035624299198389053 0
1731856681457 0.0006465580081567168 0
1731856698942 0.0003847275220323354 0
1731856716430 0.00034449645318090916 0
1731856733064 0.0003260746889282018 0
1731856749294 0.00032547328737564385 0
1731856765631 0.0003137396997772157 0
1731856781962 0.00035516530624590814 0
1731856798297 0.00033694430021569133 0
1731856814540 0.0003219492791686207 0
1731856830839 0.00033393132616765797 0
1731856847208 0.0004460469353944063 0
1731856862829 0.00038503477117046714 0
1731856878418 0.00036763132084161043 0
1731856894005 0.000301526568364352 0
1731856909624 0.000321439525578171 0
1731856925260 0.0003258008509874344 0
1731856940853 0.00035534767084755003 0
1731856956475 0.000291080039460212 0
1731856971669 0.0003269968437962234 0
1731856986829 0.0003778092213906348 0
1731857001900 0.0003054935368709266 0
1731857017101 0.0003260135417804122 0
1731857032158 0.0002873502380680293 0
1731857047322 0.0003730284224729985 0
1731857062409 0.000301259831758216 0
1731857077947 0.000371782633010298 0
1731857093033 0.0003916198620572686 0
1731857108208 0.0002783378295134753 0
1731857123287 0.00031954917358234525 0
1731857138467 0.00034546799724921584 0
1731857153534 0.0002808387507684529 0
1731857168702 0.0003430021461099386 0
1731857183768 0.000318466336466372 0
1731857198955 0.0002939063124358654 0
1731857214030 0.00025818715221248567 0
1731857229239 0.00027736328775063157 0
1731857244309 0.0002943031722679734 0
1731857259507 0.00028739095432683825 0
1731857274584 0.00028352084336802363 0
1731857289770 0.0002606298075988889 0
1731857305205 0.00031232734909281135 0
1731857320374 0.0003640659269876778 0
1731857335452 0.0002902206324506551 0
1731857350644 0.0002831237216014415 0
1731857365711 0.00033720763167366385 0
1731857380878 0.0002584141620900482 0
1731857395939 0.0002970318018924445 0
1731857411122 0.0002634540433064103 0
1731857426174 0.00027193260029889643 0
1731857441373 0.00026695168344303966 0
1731857456445 0.00034108629915863276 0
1731857471627 0.0002964995801448822 0
1731857486695 0.00027012272039428353 0
1731857501875 0.0003081480390392244 0
1731857516952 0.0002593730459921062 0
1731857532519 0.00029740703757852316 0
1731857547588 0.0002506246673874557 0
1731857562784 0.00026797642931342125 0
1731857577870 0.00026983735733665526 0
1731857593048 0.00026315171271562576 0
1731857608116 0.0002453667693771422 0
1731857623299 0.00025546469260007143 0
1731857638370 0.0002658363082446158 0
1731857653569 0.0002431687607895583 0
1731857668660 0.0002671142865438014 0
1731857683837 0.00025200570235028863 0
1731857698909 0.00030247675022110343 0
1731857714107 0.00027072368538938463 0
1731857729186 0.00030958285788074136 0
1731857744703 0.0002545524330344051 0
1731857759785 0.00025106078828684986 0
1731857774991 0.00029950670432299376 0
1731857790051 0.0002583984169177711 0
1731857805224 0.00022166577400639653 0
1731857820299 0.00025861640460789204 0
1731857835500 0.0002781274961307645 0
1731857850571 0.0002707720850594342 0
1731857865750 0.00026487221475690603 0
1731857880827 0.000250643992330879 0
1731857896007 0.00028774543898180127 0
1731857911073 0.0002656704164110124 0
1731857926243 0.00030373333720490336 0
1731857941312 0.00025114137679338455 0
1731857956483 0.0002590254880487919 0
1731857971916 0.00022921577328816056 0
1731857987110 0.0002581811568234116 0
1731858002170 0.00027049239724874496 0
1731858017378 0.00022671668557450175 0
1731858032470 0.0002864972339011729 0
1731858047664 0.0002569346397649497 0
1731858062722 0.0002651758259162307 0
1731858077916 0.00030202779453247786 0
1731858093022 0.00024681148352101445 0
1731858108192 0.0002364609099458903 0
1731858123280 0.00029502209508791566 0
1731858138458 0.00026735771098174155 0
1731858153532 0.00026338110910728574 0
1731858168705 0.00026124532450921834 0
1731858183787 0.0002660411992110312 0
1731858199353 0.0002617131976876408 0
1731858214431 0.00022155937040224671 0
1731858229627 0.00027948612114414573 0
1731858244726 0.0002627377398312092 0
1731858259913 0.00024872319772839546 0
1731858274988 0.00023006090486887842 0
1731858290187 0.00023129346664063632 0
1731858305268 0.00022533067385666072 0
1731858320455 0.0002578177663963288 0
1731858335543 0.0002585167239885777 0
1731858350745 0.00024904380552470684 0
1731858365827 0.0002596612903289497 0
1731858381013 0.00027631432749331 0
1731858396110 0.00025881818146444857 0
1731858411317 0.00023669248912483454 0
1731858426724 0.0002488275058567524 0
1731858441864 0.00026197853730991483 0
1731858456946 0.0002587254857644439 0
1731858472113 0.00024062249576672912 0
1731858487144 0.0002555946703068912 0
1731858502323 0.0002279954351251945 0
1731858517392 0.00027223495999351144 0
1731858532546 0.00026228593196719885 0
1731858547586 0.00024090077204164118 0
1731858562753 0.00023663385945837945 0
1731858577818 0.0002403261314611882 0
1731858592978 0.0002227798686362803 0
1731858608061 0.00019907848036382347 0
1731858623251 0.00022075834567658603 0
1731858638321 0.0002373460156377405 0
1731858653820 0.0002289806870976463 0
1731858668912 0.00023208462516777217 0
1731858684068 0.00026250636437907815 0
1731858699121 0.0002234161365777254 0
1731858714285 0.00023108789173420519 0
1731858729350 0.0002329855487914756 0
1731858744507 0.0002485864097252488 0
1731858759551 0.0002330159768462181 0
1731858774730 0.00023745393264107406 0
1731858789813 0.00025618739891797304 0
1731858804972 0.0002250399993499741 0
1731858820031 0.00026262737810611725 0
1731858835199 0.00022513876319862902 0
1731858850247 0.0002167791099054739 0
1731858865768 0.000249349104706198 0
1731858880833 0.00038367591332644224 0
1731858895974 0.00020931666949763894 0
1731858911025 0.00021082558669149876 0
1731858926173 0.000215047926758416 0
1731858941215 0.000223110182560049 0
1731858956354 0.0002473400963936001 0
1731858971399 0.00023792526917532086 0
1731858986536 0.00020918641530442983 0
1731859001593 0.00021409749751910567 0
1731859016717 0.00021488944184966385 0
1731859031760 0.00023627254995517433 0
1731859046911 0.00023913038603495806 0
1731859061959 0.00021574799029622227 0
1731859077093 0.00023058864462655038 0
1731859092494 0.00021912623196840286 0
1731859107632 0.0002094574156217277 0
1731859122675 0.00021151914552319795 0
1731859137817 0.0002253132261103019 0
1731859152848 0.00023559428518638015 0
1731859167994 0.00021524354815483093 0
1731859183013 0.00023767606762703508 0
1731859198134 0.0002381805534241721 0
1731859213186 0.00021364580607041717 0
1731859228314 0.0002124651800841093 0
1731859243364 0.0002340008068131283 0
1731859258490 0.0002341928193345666 0
1731859273526 0.00022052807617001235 0
1731859288660 0.00021911854855716228 0
1731859303679 0.00023189671628642827 0
1731859319171 0.00023794203298166394 0
1731859334210 0.00022493494907394052 0
1731859349345 0.00019577713101170957 0
1731859364396 0.00025268946774303913 0
1731859379546 0.00023679278092458844 0
1731859394561 0.0002983946760650724 0
1731859409702 0.00022936829191166908 0
1731859424753 0.00022210297174751759 0
1731859439895 0.00022612576140090823 0
1731859454912 0.0002358366036787629 0
1731859470051 0.0002205621567554772 0
1731859485087 0.0002021361724473536 0
1731859500218 0.00020932343613822013 0
1731859515264 0.0002223993797088042 0
1731859530396 0.0002781905059237033 0
1731859545885 0.0001994205522350967 0
1731859561030 0.0002059119287878275 0
1731859576078 0.00021747767459601164 0
1731859591206 0.0002158851857529953 0
1731859606217 0.00022233504569157958 0
1731859621383 0.0002513569197617471 0
1731859636429 0.00019834318663924932 0
1731859651549 0.0002324596280232072 0
1731859666596 0.0002446446451358497 0
1731859681749 0.00023410969879478216 0
1731859696775 0.00020898290676996112 0
1731859711916 0.0002531094942241907 0
1731859726944 0.00021674239542335272 0
1731859742104 0.00019856315338984132 0
1731859757115 0.0004051564901601523 0
