1731879798984 0.6527922749519348 0
1731879821570 0.6200260519981384 0
1731879843893 0.5874232053756714 0
1731879866159 0.5839391946792603 0
1731879888177 0.5580213069915771 0
1731879910315 0.5504339933395386 0
1731879932168 0.574691653251648 0
1731879954113 0.5423173904418945 0
1731879975895 0.5497561097145081 0
1731879997845 0.5727258324623108 0
1731880019741 0.5423861145973206 0
1731880041726 0.5594139695167542 0
1731880063614 0.5582044124603271 0
1731880085586 0.5413903594017029 0
1731880107268 0.5386073589324951 0
1731880126542 0.5446668267250061 0
1731880145792 0.5511877536773682 0
1731880165014 0.540894627571106 0
1731880184274 0.5373988151550293 0
1731880203550 0.5450867414474487 0
1731880222777 0.5570432543754578 0
1731880241975 0.5412625670433044 0
1731880260267 0.543034553527832 0
1731880278067 0.5265613198280334 0
1731880295992 0.5460283756256104 0
1731880313920 0.5483676195144653 0
1731880331834 0.5338796377182007 0
1731880349637 0.5327475666999817 0
1731880367568 0.5348337292671204 0
1731880385474 0.536960780620575 0
1731880402546 0.5497844219207764 0
1731880419609 0.5371769070625305 0
1731880436669 0.5258814096450806 0
1731880453786 0.5264078974723816 0
1731880470861 0.5425928831100464 0
1731880487975 0.5408338308334351 0
1731880505071 0.5411954522132874 0
1731880521706 0.5422163009643555 0
1731880538328 0.5346621870994568 0
1731880554842 0.528281033039093 0
1731880571477 0.5305917263031006 0
1731880587978 0.5241788625717163 0
1731880604634 0.5304201245307922 0
1731880621169 0.5419806241989136 0
1731880638152 0.5346081852912903 0
1731880654695 0.5250397324562073 0
1731880671337 0.5346172451972961 0
1731880687869 0.5408375859260559 0
1731880704509 0.539970338344574 0
1731880721038 0.5339154005050659 0
1731880737702 0.5305602550506592 0
1731880754216 0.5370880365371704 0
1731880770872 0.5392158627510071 0
1731880787391 0.5286340117454529 0
1731880804034 0.527312159538269 0
1731880820565 0.5331110954284668 0
1731880837186 0.5342655181884766 0
1731880853720 0.5371457934379578 0
1731880870356 0.5372208952903748 0
1731880887238 0.5309292078018188 0
1731880903884 0.5299819111824036 0
1731880920399 0.5362425446510315 0
1731880937049 0.526530921459198 0
1731880953582 0.5298590660095215 0
1731880970207 0.5338196754455566 0
1731880986736 0.5312310457229614 0
1731881003385 0.5358798503875732 0
1731881019903 0.5394774079322815 0
1731881036558 0.5392298698425293 0
1731881053082 0.5363000631332397 0
1731881069718 0.5388405323028564 0
1731881086236 0.5315461158752441 0
1731881102882 0.5243172645568848 0
1731881119427 0.5375621914863586 0
1731881136429 0.5348638892173767 0
1731881152957 0.5317593812942505 0
1731881169625 0.5311412811279297 0
1731881186136 0.5311506390571594 0
1731881202775 0.5305259227752686 0
1731881219334 0.5330886840820312 0
1731881235986 0.5328822731971741 0
1731881252534 0.5384495854377747 0
1731881269178 0.532717227935791 0
1731881285719 0.5365871787071228 0
1731881302375 0.5381169319152832 0
1731881318906 0.5352839827537537 0
1731881335549 0.5308325290679932 0
1731881352088 0.5399795770645142 0
1731881369077 0.5371501445770264 0
1731881385614 0.5297369360923767 0
1731881402275 0.5326465368270874 0
1731881418817 0.5227974653244019 0
1731881435465 0.5359410047531128 0
1731881451994 0.5328783392906189 0
1731881468661 0.5351570844650269 0
1731881485183 0.530867874622345 0
1731881501859 0.5300258994102478 0
1731881518374 0.536954939365387 0
1731881535066 0.5259825587272644 0
1731881551606 0.5337116718292236 0
1731881568276 0.5280429720878601 0
1731881584803 0.5296034216880798 0
1731881601456 0.5316511392593384 0
1731881618317 0.5378267168998718 0
1731881634971 0.534109890460968 0
1731881651521 0.5332889556884766 0
1731881668174 0.5263356566429138 0
1731881684684 0.532960057258606 0
1731881701386 0.5254051685333252 0
1731881717946 0.5342584252357483 0
1731881735192 0.5295002460479736 0
1731881751771 0.5388416051864624 0
1731881768414 0.535214364528656 0
1731881784937 0.5332827568054199 0
1731881801576 0.5324641466140747 0
1731881818103 0.5310415625572205 0
1731881834767 0.5310028195381165 0
1731881851320 0.5368463397026062 0
1731881868370 0.5349661707878113 0
1731881884913 0.5356477499008179 0
1731881901592 0.5360415577888489 0
1731881918151 0.5354469418525696 0
1731881934828 0.5366564989089966 0
1731881951378 0.531352698802948 0
1731881968060 0.5328194499015808 0
1731881984640 0.5372161269187927 0
1731882001332 0.5339829921722412 0
1731882017910 0.5418027639389038 0
1731882034614 0.5353098511695862 0
1731882051184 0.5344723463058472 0
1731882067878 0.5331590175628662 0
1731882084463 0.5349487662315369 0
1731882101161 0.5313032865524292 0
1731882118073 0.5309728384017944 0
1731882134744 0.5397650599479675 0
1731882151293 0.5327373743057251 0
1731882167977 0.5339037179946899 0
1731882184527 0.5303839445114136 0
1731882201213 0.5379605293273926 0
1731882217789 0.5288546085357666 0
1731882234484 0.538167417049408 0
1731882251034 0.5346290469169617 0
1731882267728 0.5349423885345459 0
1731882284305 0.5378469228744507 0
1731882301024 0.5358224511146545 0
1731882317602 0.5348604321479797 0
1731882334306 0.531971275806427 0
1731882350859 0.5356117486953735 0
1731882367906 0.5330812335014343 0
1731882384464 0.5347374081611633 0
1731882401173 0.5367319583892822 0
1731882417730 0.5362626314163208 0
1731882434425 0.5352974534034729 0
1731882450995 0.5366501212120056 0
1731882467704 0.5338296890258789 0
1731882484271 0.535048246383667 0
1731882500967 0.5393760800361633 0
1731882517544 0.5351221561431885 0
1731882534421 0.5361969470977783 0
1731882550995 0.5329379439353943 0
1731882567679 0.5300527215003967 0
1731882584260 0.5351426005363464 0
1731882601337 0.5337944626808167 0
1731882617939 0.5320878028869629 0
1731882634639 0.5324190855026245 0
1731882651225 0.5340800285339355 0
1731882667934 0.5341656804084778 0
1731882684499 0.5347208976745605 0
1731882701179 0.5308820605278015 0
1731882717760 0.536429226398468 0
1731882734457 0.5351206660270691 0
1731882751048 0.5337920784950256 0
1731882767739 0.5358614921569824 0
1731882784325 0.5324447154998779 0
1731882801025 0.5330352187156677 0
1731882817615 0.5338935256004333 0
1731882834318 0.5317537784576416 0
1731882851251 0.5341880321502686 0
1731882867985 0.530349850654602 0
1731882884569 0.5353162884712219 0
1731882901254 0.534239649772644 0
1731882917844 0.5325842499732971 0
1731882934530 0.5347447395324707 0
1731882951115 0.5337648391723633 0
1731882967802 0.5297896265983582 0
1731882984377 0.533599317073822 0
1731883001058 0.5373799800872803 0
1731883017641 0.5332242846488953 0
1731883034353 0.5343735218048096 0
1731883050938 0.5334161520004272 0
1731883067655 0.5337582230567932 0
1731883084229 0.5344905853271484 0
1731883101298 0.5336906909942627 0
1731883117897 0.5352185964584351 0
1731883134605 0.5338889360427856 0
1731883151182 0.5344871282577515 0
1731883167894 0.5315141677856445 0
1731883184483 0.5349101424217224 0
1731883201190 0.5347720980644226 0
1731883217825 0.5339118838310242 0
1731883234555 0.5357087850570679 0
1731883251135 0.5332745313644409 0
1731883267846 0.532896101474762 0
1731883284434 0.5359903573989868 0
1731883301139 0.5322056412696838 0
1731883317718 0.5345044136047363 0
1731883334433 0.5373376607894897 0
1731883351372 0.5363631248474121 0
1731883368071 0.5331450700759888 0
1731883384705 0.534196138381958 0
1731883401430 0.5338969230651855 0
1731883418049 0.5325462222099304 0
1731883434771 0.5347916483879089 0
1731883451391 0.5363805890083313 0
1731883468086 0.5325268507003784 0
1731883484709 0.5358567833900452 0
1731883501440 0.5358467102050781 0
1731883518028 0.535163938999176 0
1731883534735 0.5341386795043945 0
1731883551320 0.5340515971183777 0
1731883568032 0.5355281233787537 0
1731883584624 0.5333027243614197 0
