1731879798984 0.018188446760177612 0
1731879821570 0.019939269870519638 0
1731879843893 0.019557978957891464 0
1731879866159 0.020122701302170753 0
1731879888177 0.02059890143573284 0
1731879910315 0.019032010808587074 0
1731879932168 0.018206549808382988 0
1731879954113 0.0188322514295578 0
1731879975895 0.018994655460119247 0
1731879997845 0.019129931926727295 0
1731880019741 0.01823386922478676 0
1731880041726 0.019742099568247795 0
1731880063614 0.018822530284523964 0
1731880085586 0.01882898434996605 0
1731880107268 0.018757376819849014 0
1731880126542 0.018132835626602173 0
1731880145792 0.018023960292339325 0
1731880165014 0.01837959699332714 0
1731880184274 0.018281368538737297 0
1731880203550 0.018468817695975304 0
1731880222777 0.018587937578558922 0
1731880241975 0.018863515928387642 0
1731880260267 0.019045136868953705 0
1731880278067 0.019249634817242622 0
1731880295992 0.019168710336089134 0
1731880313920 0.01860973984003067 0
1731880331834 0.019142568111419678 0
1731880349637 0.01923009194433689 0
1731880367568 0.01876845769584179 0
1731880385474 0.01906757801771164 0
1731880402546 0.018749235197901726 0
1731880419609 0.019289974123239517 0
1731880436669 0.019478553906083107 0
1731880453786 0.018956320360302925 0
1731880470861 0.019248541444540024 0
1731880487975 0.019424835219979286 0
1731880505071 0.0195002481341362 0
1731880521706 0.019679253920912743 0
1731880538328 0.019277026876807213 0
1731880554842 0.019310293719172478 0
1731880571477 0.019079560413956642 0
1731880587978 0.019198313355445862 0
1731880604634 0.019069071859121323 0
1731880621169 0.019473819062113762 0
1731880638152 0.019231606274843216 0
1731880654695 0.019302787259221077 0
1731880671337 0.019562847912311554 0
1731880687869 0.019695280119776726 0
1731880704509 0.01943177357316017 0
1731880721038 0.019773297011852264 0
1731880737702 0.019116410985589027 0
1731880754216 0.019676122814416885 0
1731880770872 0.01920960657298565 0
1731880787391 0.019101303070783615 0
1731880804034 0.019742637872695923 0
1731880820565 0.019729331135749817 0
1731880837186 0.02006716839969158 0
1731880853720 0.019455289468169212 0
1731880870356 0.019526876509189606 0
1731880887238 0.01936858519911766 0
1731880903884 0.01930880732834339 0
1731880920399 0.01919478550553322 0
1731880937049 0.019954420626163483 0
1731880953582 0.019980227574706078 0
1731880970207 0.019992435351014137 0
1731880986736 0.019819412380456924 0
1731881003385 0.019625330343842506 0
1731881019903 0.01925579458475113 0
1731881036558 0.019950687885284424 0
1731881053082 0.020173639059066772 0
1731881069718 0.019856970757246017 0
1731881086236 0.01963425986468792 0
1731881102882 0.019903281703591347 0
1731881119427 0.01916724257171154 0
1731881136429 0.019577376544475555 0
1731881152957 0.019952652975916862 0
1731881169625 0.018946267664432526 0
1731881186136 0.020012415945529938 0
1731881202775 0.019622990861535072 0
1731881219334 0.02025580033659935 0
1731881235986 0.019210202619433403 0
1731881252534 0.01966000907123089 0
1731881269178 0.019355203956365585 0
1731881285719 0.019343389198184013 0
1731881302375 0.019647525623440742 0
1731881318906 0.019860144704580307 0
1731881335549 0.019552575424313545 0
1731881352088 0.019424039870500565 0
1731881369077 0.01941688545048237 0
1731881385614 0.01985481008887291 0
1731881402275 0.020182276144623756 0
1731881418817 0.01992453634738922 0
1731881435465 0.019700272008776665 0
1731881451994 0.019802402704954147 0
1731881468661 0.020016564056277275 0
1731881485183 0.019525699317455292 0
1731881501859 0.02032448537647724 0
1731881518374 0.019571395590901375 0
1731881535066 0.019689183682203293 0
1731881551606 0.019610056653618813 0
1731881568276 0.01991943269968033 0
1731881584803 0.019979426637291908 0
1731881601456 0.01965339668095112 0
1731881618317 0.019646450877189636 0
1731881634971 0.019916370511054993 0
1731881651521 0.019588449969887733 0
1731881668174 0.019694484770298004 0
1731881684684 0.019741322845220566 0
1731881701386 0.01971612311899662 0
1731881717946 0.019703958183526993 0
1731881735192 0.019604938104748726 0
1731881751771 0.01934603787958622 0
1731881768414 0.019816718995571136 0
1731881784937 0.019645484164357185 0
1731881801576 0.01956186257302761 0
1731881818103 0.0199882872402668 0
1731881834767 0.01992546208202839 0
1731881851320 0.01982429064810276 0
1731881868370 0.019896598532795906 0
1731881884913 0.019528748467564583 0
1731881901592 0.020072072744369507 0
1731881918151 0.019531238824129105 0
1731881934828 0.019874801859259605 0
1731881951378 0.019805574789643288 0
1731881968060 0.01976848393678665 0
1731881984640 0.01955283060669899 0
1731882001332 0.019428882747888565 0
1731882017910 0.019793786108493805 0
1731882034614 0.019731849431991577 0
1731882051184 0.019819580018520355 0
1731882067878 0.01968044973909855 0
1731882084463 0.01926175318658352 0
1731882101161 0.019574452191591263 0
1731882118073 0.02001064084470272 0
1731882134744 0.01986405998468399 0
1731882151293 0.020401595160365105 0
1731882167977 0.0195937380194664 0
1731882184527 0.020018573850393295 0
1731882201213 0.019835887476801872 0
1731882217789 0.019786877557635307 0
1731882234484 0.019799504429101944 0
1731882251034 0.01974979043006897 0
1731882267728 0.01955702342092991 0
1731882284305 0.01985749416053295 0
1731882301024 0.019729716703295708 0
1731882317602 0.019778160378336906 0
1731882334306 0.019845522940158844 0
1731882350859 0.019740210846066475 0
1731882367906 0.01975320838391781 0
1731882384464 0.01989181712269783 0
1731882401173 0.019891509786248207 0
1731882417730 0.019799022004008293 0
1731882434425 0.019734971225261688 0
1731882450995 0.01985606551170349 0
1731882467704 0.01997196115553379 0
1731882484271 0.019780488684773445 0
1731882500967 0.019709669053554535 0
1731882517544 0.020000511780381203 0
1731882534421 0.019881153479218483 0
1731882550995 0.019858838990330696 0
1731882567679 0.019994260743260384 0
1731882584260 0.01944534294307232 0
1731882601337 0.019630583003163338 0
1731882617939 0.01967868208885193 0
1731882634639 0.019804401323199272 0
1731882651225 0.01985541544854641 0
1731882667934 0.019772037863731384 0
1731882684499 0.019623136147856712 0
1731882701179 0.01985202357172966 0
1731882717760 0.019723614677786827 0
1731882734457 0.019737649708986282 0
1731882751048 0.01989544741809368 0
1731882767739 0.019863411784172058 0
1731882784325 0.01977832429111004 0
1731882801025 0.01996009796857834 0
1731882817615 0.019704582169651985 0
1731882834318 0.019731709733605385 0
1731882851251 0.019902488216757774 0
1731882867985 0.019674226641654968 0
1731882884569 0.01983434520661831 0
1731882901254 0.019844504073262215 0
1731882917844 0.01976734958589077 0
1731882934530 0.019938362762331963 0
1731882951115 0.019682826474308968 0
1731882967802 0.01960722915828228 0
1731882984377 0.020043060183525085 0
1731883001058 0.019824203103780746 0
1731883017641 0.019956137984991074 0
1731883034353 0.019891763105988503 0
1731883050938 0.019885485991835594 0
1731883067655 0.020091895014047623 0
1731883084229 0.019896386191248894 0
1731883101298 0.01966753415763378 0
1731883117897 0.01975814439356327 0
1731883134605 0.01955767534673214 0
1731883151182 0.019826319068670273 0
1731883167894 0.019879981875419617 0
1731883184483 0.019868697971105576 0
1731883201190 0.019909923896193504 0
1731883217825 0.019943812862038612 0
1731883234555 0.019802046939730644 0
1731883251135 0.019747179001569748 0
1731883267846 0.019661374390125275 0
1731883284434 0.019567079842090607 0
1731883301139 0.02002052590250969 0
1731883317718 0.01972845196723938 0
1731883334433 0.01984124444425106 0
1731883351372 0.01986221969127655 0
1731883368071 0.0197964645922184 0
1731883384705 0.019826553761959076 0
1731883401430 0.019991151988506317 0
1731883418049 0.019821513444185257 0
1731883434771 0.019766412675380707 0
1731883451391 0.01977340131998062 0
1731883468086 0.019773369655013084 0
1731883484709 0.019815552979707718 0
1731883501440 0.019928669556975365 0
1731883518028 0.019630366936326027 0
1731883534735 0.019784852862358093 0
1731883551320 0.01994488760828972 0
1731883568032 0.0197317972779274 0
1731883584624 0.019735241308808327 0
