1731879798984 2.179816961288452 0
1731879821570 2.0739097595214844 0
1731879843893 1.9304815530776978 0
1731879866159 1.861150860786438 0
1731879888177 1.7529950141906738 0
1731879910315 1.7254811525344849 0
1731879932168 2.045419692993164 0
1731879954113 1.7391741275787354 0
1731879975895 1.8015978336334229 0
1731879997845 1.8036445379257202 0
1731880019741 1.7897194623947144 0
1731880041726 1.8343844413757324 0
1731880063614 2.010939121246338 0
1731880085586 1.7343838214874268 0
1731880107268 1.6859400272369385 0
1731880126542 1.8055135011672974 0
1731880145792 1.7305821180343628 0
1731880165014 1.6310398578643799 0
1731880184274 1.7138508558273315 0
1731880203550 1.7029602527618408 0
1731880222777 1.71552574634552 0
1731880241975 1.692391276359558 0
1731880260267 1.6100009679794312 0
1731880278067 1.6980115175247192 0
1731880295992 1.687817931175232 0
1731880313920 1.683496117591858 0
1731880331834 1.6598904132843018 0
1731880349637 1.7339434623718262 0
1731880367568 1.6863818168640137 0
1731880385474 1.6939716339111328 0
1731880402546 1.6481910943984985 0
1731880419609 1.688117504119873 0
1731880436669 1.5707930326461792 0
1731880453786 1.6468828916549683 0
1731880470861 1.6177750825881958 0
1731880487975 1.66586172580719 0
1731880505071 1.6355998516082764 0
1731880521706 1.6202735900878906 0
1731880538328 1.6292744874954224 0
1731880554842 1.601733684539795 0
1731880571477 1.5716898441314697 0
1731880587978 1.5543444156646729 0
1731880604634 1.632045030593872 0
1731880621169 1.7222657203674316 0
1731880638152 1.557504653930664 0
1731880654695 1.5464036464691162 0
1731880671337 1.6188534498214722 0
1731880687869 1.5957962274551392 0
1731880704509 1.6781349182128906 0
1731880721038 1.6268107891082764 0
1731880737702 1.5358641147613525 0
1731880754216 1.6352198123931885 0
1731880770872 1.6267842054367065 0
1731880787391 1.6579371690750122 0
1731880804034 1.507567048072815 0
1731880820565 1.5361952781677246 0
1731880837186 1.6359952688217163 0
1731880853720 1.6014578342437744 0
1731880870356 1.6023859977722168 0
1731880887238 1.6279343366622925 0
1731880903884 1.6579428911209106 0
1731880920399 1.6073331832885742 0
1731880937049 1.5555825233459473 0
1731880953582 1.5879952907562256 0
1731880970207 1.5928298234939575 0
1731880986736 1.6042523384094238 0
1731881003385 1.5605697631835938 0
1731881019903 1.6478930711746216 0
1731881036558 1.6798673868179321 0
1731881053082 1.6419349908828735 0
1731881069718 1.6120340824127197 0
1731881086236 1.6098707914352417 0
1731881102882 1.6358814239501953 0
1731881119427 1.6296478509902954 0
1731881136429 1.6213287115097046 0
1731881152957 1.6372473239898682 0
1731881169625 1.5857588052749634 0
1731881186136 1.5780529975891113 0
1731881202775 1.5896023511886597 0
1731881219334 1.6346216201782227 0
1731881235986 1.6005672216415405 0
1731881252534 1.6131041049957275 0
1731881269178 1.5940592288970947 0
1731881285719 1.6329143047332764 0
1731881302375 1.6189590692520142 0
1731881318906 1.6373472213745117 0
1731881335549 1.582684874534607 0
1731881352088 1.588963508605957 0
1731881369077 1.67348051071167 0
1731881385614 1.5702142715454102 0
1731881402275 1.5754648447036743 0
1731881418817 1.624922513961792 0
1731881435465 1.6185309886932373 0
1731881451994 1.5912771224975586 0
1731881468661 1.6158009767532349 0
1731881485183 1.5682750940322876 0
1731881501859 1.603163480758667 0
1731881518374 1.582156777381897 0
1731881535066 1.5985770225524902 0
1731881551606 1.5523030757904053 0
1731881568276 1.5856120586395264 0
1731881584803 1.6013356447219849 0
1731881601456 1.6076107025146484 0
1731881618317 1.6032960414886475 0
1731881634971 1.554906964302063 0
1731881651521 1.5891565084457397 0
1731881668174 1.560868263244629 0
1731881684684 1.5864589214324951 0
1731881701386 1.5448715686798096 0
1731881717946 1.5927538871765137 0
1731881735192 1.5664680004119873 0
1731881751771 1.6187864542007446 0
1731881768414 1.595611572265625 0
1731881784937 1.5609321594238281 0
1731881801576 1.5961700677871704 0
1731881818103 1.598319411277771 0
1731881834767 1.562029480934143 0
1731881851320 1.6041591167449951 0
1731881868370 1.6267248392105103 0
1731881884913 1.5884417295455933 0
1731881901592 1.5589238405227661 0
1731881918151 1.5802582502365112 0
1731881934828 1.625006079673767 0
1731881951378 1.6080201864242554 0
1731881968060 1.5866061449050903 0
1731881984640 1.60091233253479 0
1731882001332 1.595383882522583 0
1731882017910 1.617430567741394 0
1731882034614 1.6257710456848145 0
1731882051184 1.6257039308547974 0
1731882067878 1.5998845100402832 0
1731882084463 1.5993211269378662 0
1731882101161 1.596416711807251 0
1731882118073 1.6180347204208374 0
1731882134744 1.5798132419586182 0
1731882151293 1.576529622077942 0
1731882167977 1.5816668272018433 0
1731882184527 1.5913084745407104 0
1731882201213 1.6498908996582031 0
1731882217789 1.5943176746368408 0
1731882234484 1.5700633525848389 0
1731882251034 1.5849595069885254 0
1731882267728 1.584194302558899 0
1731882284305 1.6073384284973145 0
1731882301024 1.585248351097107 0
1731882317602 1.5956224203109741 0
1731882334306 1.5845403671264648 0
1731882350859 1.5889842510223389 0
1731882367906 1.575109839439392 0
1731882384464 1.587986946105957 0
1731882401173 1.588205337524414 0
1731882417730 1.5713026523590088 0
1731882434425 1.606081485748291 0
1731882450995 1.5903749465942383 0
1731882467704 1.5582904815673828 0
1731882484271 1.5962939262390137 0
1731882500967 1.5825914144515991 0
1731882517544 1.6023629903793335 0
1731882534421 1.5715187788009644 0
1731882550995 1.5482650995254517 0
1731882567679 1.5607590675354004 0
1731882584260 1.5554600954055786 0
1731882601337 1.5792282819747925 0
1731882617939 1.5717655420303345 0
1731882634639 1.5640246868133545 0
1731882651225 1.5805097818374634 0
1731882667934 1.5803149938583374 0
1731882684499 1.5869191884994507 0
1731882701179 1.5791232585906982 0
1731882717760 1.5814063549041748 0
1731882734457 1.5884019136428833 0
1731882751048 1.5838799476623535 0
1731882767739 1.5970185995101929 0
1731882784325 1.588464379310608 0
1731882801025 1.5758507251739502 0
1731882817615 1.5823371410369873 0
1731882834318 1.573315143585205 0
1731882851251 1.5815653800964355 0
1731882867985 1.579516887664795 0
1731882884569 1.5634222030639648 0
1731882901254 1.5922045707702637 0
1731882917844 1.5676350593566895 0
1731882934530 1.5823498964309692 0
1731882951115 1.56717848777771 0
1731882967802 1.5705522298812866 0
1731882984377 1.5844875574111938 0
1731883001058 1.5691726207733154 0
1731883017641 1.5810883045196533 0
1731883034353 1.5853266716003418 0
1731883050938 1.5737247467041016 0
1731883067655 1.5887792110443115 0
1731883084229 1.58155357837677 0
1731883101298 1.5661978721618652 0
1731883117897 1.5760759115219116 0
1731883134605 1.5747963190078735 0
1731883151182 1.5690027475357056 0
1731883167894 1.59601628780365 0
1731883184483 1.5771852731704712 0
1731883201190 1.5826964378356934 0
1731883217825 1.5700520277023315 0
1731883234555 1.594699501991272 0
1731883251135 1.5647003650665283 0
1731883267846 1.5764870643615723 0
1731883284434 1.5837618112564087 0
1731883301139 1.5749592781066895 0
1731883317718 1.5900706052780151 0
1731883334433 1.5785199403762817 0
1731883351372 1.5846859216690063 0
1731883368071 1.5753228664398193 0
1731883384705 1.5809307098388672 0
1731883401430 1.5782562494277954 0
1731883418049 1.5737087726593018 0
1731883434771 1.583395004272461 0
1731883451391 1.5689234733581543 0
1731883468086 1.5733230113983154 0
1731883484709 1.5752675533294678 0
1731883501440 1.5770527124404907 0
1731883518028 1.592814326286316 0
1731883534735 1.5806633234024048 0
1731883551320 1.5784305334091187 0
1731883568032 1.5741780996322632 0
1731883584624 1.566421627998352 0
