1731879798984 19.6489200592041 0
1731879821570 20.03595542907715 0
1731879843893 20.55508804321289 0
1731879866159 20.753204345703125 0
1731879888177 21.215768814086914 0
1731879910315 20.880088806152344 0
1731879932168 21.228607177734375 0
1731879954113 21.66769027709961 0
1731879975895 21.47496223449707 0
1731879997845 21.426939010620117 0
1731880019741 21.51209831237793 0
1731880041726 21.972251892089844 0
1731880063614 21.841930389404297 0
1731880085586 21.822593688964844 0
1731880107268 22.05291748046875 0
1731880126542 21.95602798461914 0
1731880145792 22.27409553527832 0
1731880165014 22.3950138092041 0
1731880184274 22.34877586364746 0
1731880203550 22.50303077697754 0
1731880222777 21.836278915405273 0
1731880241975 22.710233688354492 0
1731880260267 22.45686149597168 0
1731880278067 23.239871978759766 0
1731880295992 22.798372268676758 0
1731880313920 22.94962501525879 0
1731880331834 22.31045913696289 0
1731880349637 23.005165100097656 0
1731880367568 23.208654403686523 0
1731880385474 23.002952575683594 0
1731880402546 23.331592559814453 0
1731880419609 22.830846786499023 0
1731880436669 22.71504783630371 0
1731880453786 23.248411178588867 0
1731880470861 22.689260482788086 0
1731880487975 23.36421775817871 0
1731880505071 23.56638526916504 0
1731880521706 23.073591232299805 0
1731880538328 24.04508399963379 0
1731880554842 23.327672958374023 0
1731880571477 23.50127410888672 0
1731880587978 22.930160522460938 0
1731880604634 23.566303253173828 0
1731880621169 23.673675537109375 0
1731880638152 22.887174606323242 0
1731880654695 23.4755802154541 0
1731880671337 23.766155242919922 0
1731880687869 23.942182540893555 0
1731880704509 23.44636344909668 0
1731880721038 23.688383102416992 0
1731880737702 23.978633880615234 0
1731880754216 24.27166175842285 0
1731880770872 23.326894760131836 0
1731880787391 24.092239379882812 0
1731880804034 23.884925842285156 0
1731880820565 24.49673080444336 0
1731880837186 23.496742248535156 0
1731880853720 24.066993713378906 0
1731880870356 23.73464012145996 0
1731880887238 24.323585510253906 0
1731880903884 24.703140258789062 0
1731880920399 24.464752197265625 0
1731880937049 23.74952507019043 0
1731880953582 24.299959182739258 0
1731880970207 24.143163681030273 0
1731880986736 25.003986358642578 0
1731881003385 24.405242919921875 0
1731881019903 24.23533821105957 0
1731881036558 24.309045791625977 0
1731881053082 24.18329620361328 0
1731881069718 24.122915267944336 0
1731881086236 24.663766860961914 0
1731881102882 24.100696563720703 0
1731881119427 24.717056274414062 0
1731881136429 24.7032413482666 0
1731881152957 24.631637573242188 0
1731881169625 24.602323532104492 0
1731881186136 25.403322219848633 0
1731881202775 25.387128829956055 0
1731881219334 24.844099044799805 0
1731881235986 24.416921615600586 0
1731881252534 24.985170364379883 0
1731881269178 24.878095626831055 0
1731881285719 24.395503997802734 0
1731881302375 24.348770141601562 0
1731881318906 24.67112922668457 0
1731881335549 25.012733459472656 0
1731881352088 25.14204978942871 0
1731881369077 25.014394760131836 0
1731881385614 25.251712799072266 0
1731881402275 24.43032455444336 0
1731881418817 24.972572326660156 0
1731881435465 25.37146759033203 0
1731881451994 24.890960693359375 0
1731881468661 25.37373924255371 0
1731881485183 25.541053771972656 0
1731881501859 25.53120231628418 0
1731881518374 25.27743911743164 0
1731881535066 25.435497283935547 0
1731881551606 25.648094177246094 0
1731881568276 24.911157608032227 0
1731881584803 25.490293502807617 0
1731881601456 24.89606475830078 0
1731881618317 25.19879150390625 0
1731881634971 25.951967239379883 0
1731881651521 26.138383865356445 0
1731881668174 25.215673446655273 0
1731881684684 26.067045211791992 0
1731881701386 25.48309326171875 0
1731881717946 25.816158294677734 0
1731881735192 25.1949520111084 0
1731881751771 25.340415954589844 0
1731881768414 25.590620040893555 0
1731881784937 25.991907119750977 0
1731881801576 25.82355308532715 0
1731881818103 25.341041564941406 0
1731881834767 25.571516036987305 0
1731881851320 26.358760833740234 0
1731881868370 26.484298706054688 0
1731881884913 25.694103240966797 0
1731881901592 25.68694305419922 0
1731881918151 25.741069793701172 0
1731881934828 25.58274269104004 0
1731881951378 26.058975219726562 0
1731881968060 26.210710525512695 0
1731881984640 26.107284545898438 0
1731882001332 26.413326263427734 0
1731882017910 25.98301887512207 0
1731882034614 25.826122283935547 0
1731882051184 25.941579818725586 0
1731882067878 25.803701400756836 0
1731882084463 25.48874855041504 0
1731882101161 26.53151512145996 0
1731882118073 26.072952270507812 0
1731882134744 25.937461853027344 0
1731882151293 26.40325164794922 0
1731882167977 25.911029815673828 0
1731882184527 26.16533088684082 0
1731882201213 26.206811904907227 0
1731882217789 26.66884422302246 0
1731882234484 26.022371292114258 0
1731882251034 27.332284927368164 0
1731882267728 25.827787399291992 0
1731882284305 26.215347290039062 0
1731882301024 26.42231559753418 0
1731882317602 26.491479873657227 0
1731882334306 26.847972869873047 0
1731882350859 26.94074821472168 0
1731882367906 26.832990646362305 0
1731882384464 26.65068244934082 0
1731882401173 26.357860565185547 0
1731882417730 26.938962936401367 0
1731882434425 26.707950592041016 0
1731882450995 26.996973037719727 0
1731882467704 26.42905616760254 0
1731882484271 26.44140625 0
1731882500967 26.89771842956543 0
1731882517544 26.412527084350586 0
1731882534421 26.851009368896484 0
1731882550995 26.827322006225586 0
1731882567679 27.204160690307617 0
1731882584260 27.356977462768555 0
1731882601337 26.86766815185547 0
1731882617939 27.15019416809082 0
1731882634639 27.363636016845703 0
1731882651225 26.7720890045166 0
1731882667934 26.67186164855957 0
1731882684499 27.537521362304688 0
1731882701179 26.26125144958496 0
1731882717760 26.453283309936523 0
1731882734457 26.76071548461914 0
1731882751048 26.960773468017578 0
1731882767739 27.00872230529785 0
1731882784325 27.269262313842773 0
1731882801025 27.446773529052734 0
1731882817615 27.033655166625977 0
1731882834318 26.95957374572754 0
1731882851251 27.36724853515625 0
1731882867985 27.308080673217773 0
1731882884569 27.637914657592773 0
1731882901254 26.626928329467773 0
1731882917844 27.434307098388672 0
1731882934530 27.08564567565918 0
1731882951115 27.214332580566406 0
1731882967802 26.639617919921875 0
1731882984377 26.97036361694336 0
1731883001058 27.260669708251953 0
1731883017641 27.15008544921875 0
1731883034353 27.889909744262695 0
1731883050938 27.94544792175293 0
1731883067655 27.585905075073242 0
1731883084229 27.024778366088867 0
1731883101298 27.15545082092285 0
1731883117897 27.858430862426758 0
1731883134605 27.621919631958008 0
1731883151182 27.41149139404297 0
1731883167894 27.24552345275879 0
1731883184483 27.195392608642578 0
1731883201190 26.752382278442383 0
1731883217825 27.039695739746094 0
1731883234555 27.444751739501953 0
1731883251135 27.388568878173828 0
1731883267846 27.990036010742188 0
1731883284434 27.95130729675293 0
1731883301139 27.721607208251953 0
1731883317718 27.684812545776367 0
1731883334433 27.955413818359375 0
1731883351372 27.855592727661133 0
1731883368071 27.075185775756836 0
1731883384705 27.15652847290039 0
1731883401430 28.145307540893555 0
1731883418049 27.558860778808594 0
1731883434771 27.473039627075195 0
1731883451391 27.96184539794922 0
1731883468086 28.64380645751953 0
1731883484709 27.746524810791016 0
1731883501440 28.136276245117188 0
1731883518028 27.826417922973633 0
1731883534735 27.69310760498047 0
1731883551320 28.13851547241211 0
1731883568032 27.575477600097656 0
1731883584624 27.912071228027344 0
