1731946066062 0.01228352915495634 0
1731946088502 0.011597965843975544 0
1731946111239 0.010991306975483894 0
1731946134385 0.010629594326019287 0
1731946157699 0.010372473858296871 0
1731946181315 0.009984700009226799 0
1731946205044 0.009804529137909412 0
1731946228971 0.009725076146423817 0
1731946252867 0.009725255891680717 0
1731946277009 0.009522899053990841 0
1731946301056 0.009603148326277733 0
1731946325272 0.009341052733361721 0
1731946349417 0.009260300546884537 0
1731946373751 0.00930042751133442 0
1731946397790 0.009281734935939312 0
1731946419212 0.009170985780656338 0
1731946440610 0.009091510437428951 0
1731946462065 0.008942912332713604 0
1731946483538 0.008840851485729218 0
1731946505004 0.0088612399995327 0
1731946526451 0.009091723710298538 0
1731946547919 0.008865129202604294 0
1731946568395 0.008775499649345875 0
1731946588284 0.008750785142183304 0
1731946608359 0.008991558104753494 0
1731946628439 0.0086695346981287 0
1731946648499 0.00867981556802988 0
1731946668482 0.008840181864798069 0
1731946688535 0.008794832043349743 0
1731946708525 0.008589711971580982 0
1731946727715 0.008593304082751274 0
1731946746919 0.008712009526789188 0
1731946766124 0.008580988273024559 0
1731946785328 0.008507108315825462 0
1731946804512 0.008568101562559605 0
1731946823698 0.008433965034782887 0
1731946842874 0.008407765068113804 0
1731946861584 0.008468753658235073 0
1731946880236 0.008424244821071625 0
1731946898743 0.008387123234570026 0
1731946917435 0.008373008109629154 0
1731946935996 0.008369280956685543 0
1731946954613 0.00831294059753418 0
1731946973188 0.00833401083946228 0
1731946992207 0.008366298861801624 0
1731947010790 0.008446497842669487 0
1731947029444 0.008423630148172379 0
1731947047973 0.008314568549394608 0
1731947066638 0.008243666030466557 0
1731947085159 0.008451416157186031 0
1731947103838 0.008261638693511486 0
1731947122371 0.008356262929737568 0
1731947140988 0.008327457122504711 0
1731947159503 0.008269975893199444 0
1731947178188 0.008255228400230408 0
1731947196765 0.008225751109421253 0
1731947215476 0.008250902406871319 0
1731947234036 0.008209156803786755 0
1731947252736 0.008400005288422108 0
1731947271606 0.008289068005979061 0
1731947290262 0.008119896054267883 0
1731947308815 0.008130954578518867 0
1731947327469 0.008236093446612358 0
1731947345987 0.008205698803067207 0
1731947364684 0.008181287907063961 0
1731947383230 0.008249655365943909 0
1731947401908 0.008202063851058483 0
1731947420418 0.00814990233629942 0
1731947439117 0.008300691843032837 0
1731947457673 0.008217524737119675 0
1731947476352 0.008239146322011948 0
1731947494887 0.008152536116540432 0
1731947513527 0.008191650733351707 0
1731947532065 0.008108921349048615 0
1731947551107 0.0080814054235816 0
1731947569677 0.00814296305179596 0
1731947588343 0.008172695524990559 0
1731947606878 0.008242686279118061 0
1731947625588 0.008022128604352474 0
1731947644153 0.008148372173309326 0
1731947662806 0.008160262368619442 0
1731947681297 0.008102846331894398 0
1731947699992 0.00824501272290945 0
1731947718561 0.0081578204408288 0
1731947737292 0.008133824914693832 0
1731947755830 0.008032028563320637 0
1731947774511 0.008080719970166683 0
1731947793080 0.008093850687146187 0
1731947812098 0.008133194409310818 0
1731947830671 0.008005735464394093 0
1731947849330 0.008155952207744122 0
1731947867914 0.007996667176485062 0
1731947886607 0.008160659112036228 0
1731947905160 0.008024442009627819 0
1731947923879 0.008097332902252674 0
1731947942452 0.008042692206799984 0
1731947961126 0.008012895472347736 0
1731947979674 0.008031253702938557 0
1731947998360 0.00805986113846302 0
1731948016920 0.008002622053027153 0
1731948035674 0.007996776141226292 0
1731948054238 0.007995936088263988 0
1731948072937 0.007914193905889988 0
1731948091809 0.008018490858376026 0
1731948110493 0.008044423535466194 0
1731948128996 0.008101963438093662 0
1731948147674 0.008128170855343342 0
1731948166200 0.00802460964769125 0
1731948184895 0.008018473163247108 0
1731948203468 0.007930700667202473 0
1731948222164 0.008020319975912571 0
1731948240737 0.008012236095964909 0
1731948259426 0.008003988303244114 0
1731948278006 0.007980660535395145 0
1731948296670 0.007935704663395882 0
1731948315245 0.007952534593641758 0
1731948333914 0.008051796816289425 0
1731948352473 0.007952189072966576 0
1731948371498 0.007962827570736408 0
1731948390038 0.007920346222817898 0
1731948408718 0.007986589334905148 0
1731948427262 0.007968710735440254 0
1731948445895 0.00795940961688757 0
1731948464440 0.007951650768518448 0
1731948483099 0.00791959185153246 0
1731948501647 0.00788112636655569 0
1731948520262 0.00792279839515686 0
1731948538819 0.007937424816191196 0
1731948557448 0.007990779355168343 0
1731948576020 0.007958958856761456 0
1731948594709 0.007935806177556515 0
1731948613260 0.007990093901753426 0
1731948631910 0.007959462702274323 0
1731948650759 0.007978400215506554 0
1731948669422 0.00795251689851284 0
1731948687931 0.007922464050352573 0
1731948706635 0.007976610213518143 0
1731948725183 0.007869066670536995 0
1731948743843 0.007907922379672527 0
1731948762379 0.007921558804810047 0
1731948781015 0.0079403817653656 0
1731948799519 0.007936759851872921 0
1731948818159 0.007904286496341228 0
1731948836677 0.007890813983976841 0
1731948855374 0.00785982608795166 0
1731948873916 0.007912649773061275 0
1731948892587 0.007901056669652462 0
1731948911062 0.007945824414491653 0
1731948930048 0.00787113606929779 0
1731948948591 0.007839185185730457 0
1731948967266 0.007906563580036163 0
1731948985782 0.00783708319067955 0
1731949004416 0.007908088155090809 0
1731949022928 0.007881862111389637 0
1731949041573 0.00789465382695198 0
1731949060086 0.007886110804975033 0
1731949078748 0.007904279045760632 0
1731949097279 0.007860833778977394 0
1731949115927 0.007814580574631691 0
1731949134454 0.007898463867604733 0
1731949153072 0.007886550389230251 0
1731949171591 0.007854231633245945 0
1731949190565 0.007864385843276978 0
1731949209073 0.007816798985004425 0
1731949227716 0.007877829484641552 0
1731949246214 0.007847734726965427 0
1731949264851 0.007834265939891338 0
1731949283333 0.007818127050995827 0
1731949301989 0.007856087759137154 0
1731949320512 0.007854401133954525 0
1731949339153 0.007853853516280651 0
1731949357695 0.007859304547309875 0
1731949376328 0.007808595895767212 0
1731949394822 0.007822126150131226 0
1731949413449 0.007839860394597054 0
1731949431994 0.007832671515643597 0
1731949450626 0.007814647629857063 0
1731949469485 0.007828830741345882 0
1731949488140 0.007857034914195538 0
1731949506666 0.007839844562113285 0
1731949525292 0.00784569513052702 0
1731949543845 0.00783689133822918 0
1731949562538 0.00781872309744358 0
1731949581068 0.0078013017773628235 0
1731949599711 0.007841463200747967 0
1731949618247 0.007816493511199951 0
1731949636855 0.00781284924596548 0
1731949655398 0.007813910022377968 0
1731949674058 0.00783459935337305 0
1731949692555 0.007810269482433796 0
1731949711191 0.007830370217561722 0
1731949729733 0.007825511507689953 0
1731949748697 0.007838197983801365 0
1731949767206 0.007867640815675259 0
1731949785801 0.007829735055565834 0
1731949804290 0.007850850000977516 0
1731949822947 0.007839205674827099 0
1731949841464 0.007862437516450882 0
1731949860109 0.007838322781026363 0
1731949878621 0.007806800305843353 0
1731949897281 0.0078104292042553425 0
1731949915812 0.007812708616256714 0
1731949934458 0.0078396275639534 0
1731949952937 0.007864204235374928 0
1731949971596 0.007799934130162001 0
1731949990176 0.007844025269150734 0
1731950008801 0.007835119031369686 0
1731950027648 0.007826519198715687 0
1731950046307 0.00782180204987526 0
1731950064797 0.007823843508958817 0
1731950083460 0.007820514030754566 0
1731950101983 0.007815896533429623 0
1731950120634 0.007783303037285805 0
1731950139147 0.007832054048776627 0
1731950157798 0.007834292016923428 0
1731950176303 0.007819252088665962 0
1731950194934 0.007811640854924917 0
1731950213462 0.0078304847702384 0
1731950232140 0.007808081805706024 0
1731950250656 0.007809264585375786 0
1731950269245 0.007842423394322395 0
1731950287751 0.007807409390807152 0
