1731946066062 0.6653886437416077 0
1731946088502 0.6182726621627808 0
1731946111239 0.5808085799217224 0
1731946134385 0.5687491297721863 0
1731946157699 0.5412256717681885 0
1731946181315 0.524662971496582 0
1731946205044 0.5091029405593872 0
1731946228971 0.5074027180671692 0
1731946252867 0.5019288063049316 0
1731946277009 0.5028130412101746 0
1731946301056 0.4987638592720032 0
1731946325272 0.4938727617263794 0
1731946349417 0.49074235558509827 0
1731946373751 0.47790372371673584 0
1731946397790 0.4768628776073456 0
1731946419212 0.49210432171821594 0
1731946440610 0.48046135902404785 0
1731946462065 0.49437418580055237 0
1731946483538 0.48482435941696167 0
1731946505004 0.47445443272590637 0
1731946526451 0.4761410057544708 0
1731946547919 0.4719935357570648 0
1731946568395 0.47172731161117554 0
1731946588284 0.47551432251930237 0
1731946608359 0.4667220711708069 0
1731946628439 0.4713776409626007 0
1731946648499 0.46206873655319214 0
1731946668482 0.46327731013298035 0
1731946688535 0.4640943706035614 0
1731946708525 0.46096500754356384 0
1731946727715 0.45510584115982056 0
1731946746919 0.4604625105857849 0
1731946766124 0.4634695053100586 0
1731946785328 0.4613918960094452 0
1731946804512 0.4526808559894562 0
1731946823698 0.45266297459602356 0
1731946842874 0.4522242248058319 0
1731946861584 0.44998031854629517 0
1731946880236 0.46312078833580017 0
1731946898743 0.4578123986721039 0
1731946917435 0.45803844928741455 0
1731946935996 0.44839927554130554 0
1731946954613 0.44455188512802124 0
1731946973188 0.45982885360717773 0
1731946992207 0.4404489994049072 0
1731947010790 0.4544157087802887 0
1731947029444 0.4387556314468384 0
1731947047973 0.4321199655532837 0
1731947066638 0.4461984932422638 0
1731947085159 0.4437139928340912 0
1731947103838 0.4415757954120636 0
1731947122371 0.44329291582107544 0
1731947140988 0.4466366767883301 0
1731947159503 0.4280264675617218 0
1731947178188 0.44122326374053955 0
1731947196765 0.44836530089378357 0
1731947215476 0.44084420800209045 0
1731947234036 0.4398478865623474 0
1731947252736 0.43298956751823425 0
1731947271606 0.4388294219970703 0
1731947290262 0.4408668875694275 0
1731947308815 0.436513751745224 0
1731947327469 0.43833932280540466 0
1731947345987 0.4362027049064636 0
1731947364684 0.4400368928909302 0
1731947383230 0.44430041313171387 0
1731947401908 0.43293681740760803 0
1731947420418 0.4509764015674591 0
1731947439117 0.4344734251499176 0
1731947457673 0.4376392662525177 0
1731947476352 0.44209423661231995 0
1731947494887 0.4424840211868286 0
1731947513527 0.43441128730773926 0
1731947532065 0.4339110553264618 0
1731947551107 0.4341815710067749 0
1731947569677 0.4397556781768799 0
1731947588343 0.4390183687210083 0
1731947606878 0.4396575391292572 0
1731947625588 0.431977778673172 0
1731947644153 0.4409242570400238 0
1731947662806 0.4318656325340271 0
1731947681297 0.43639421463012695 0
1731947699992 0.4344451129436493 0
1731947718561 0.43674373626708984 0
1731947737292 0.4355405271053314 0
1731947755830 0.43264684081077576 0
1731947774511 0.4327290654182434 0
1731947793080 0.4417658746242523 0
1731947812098 0.4352115988731384 0
1731947830671 0.4347318112850189 0
1731947849330 0.43344438076019287 0
1731947867914 0.43444597721099854 0
1731947886607 0.429249107837677 0
1731947905160 0.43837255239486694 0
1731947923879 0.435653954744339 0
1731947942452 0.4282170236110687 0
1731947961126 0.4369550347328186 0
1731947979674 0.4364873766899109 0
1731947998360 0.4329693615436554 0
1731948016920 0.43547093868255615 0
1731948035674 0.4368990659713745 0
1731948054238 0.4392772912979126 0
1731948072937 0.4309854507446289 0
1731948091809 0.4312777817249298 0
1731948110493 0.434165358543396 0
1731948128996 0.43812915682792664 0
1731948147674 0.4238276183605194 0
1731948166200 0.4318920075893402 0
1731948184895 0.4309980869293213 0
1731948203468 0.43358954787254333 0
1731948222164 0.4328811466693878 0
1731948240737 0.42904335260391235 0
1731948259426 0.4327238202095032 0
1731948278006 0.4349350929260254 0
1731948296670 0.432664692401886 0
1731948315245 0.43383556604385376 0
1731948333914 0.4281700551509857 0
1731948352473 0.4276891350746155 0
1731948371498 0.42702025175094604 0
1731948390038 0.43403977155685425 0
1731948408718 0.4350626766681671 0
1731948427262 0.43381091952323914 0
1731948445895 0.42766886949539185 0
1731948464440 0.43210914731025696 0
1731948483099 0.4363860785961151 0
1731948501647 0.43439966440200806 0
1731948520262 0.4358132779598236 0
1731948538819 0.4265851676464081 0
1731948557448 0.42481160163879395 0
1731948576020 0.4325468838214874 0
1731948594709 0.43352773785591125 0
1731948613260 0.42757633328437805 0
1731948631910 0.42946353554725647 0
1731948650759 0.43132489919662476 0
1731948669422 0.4307878911495209 0
1731948687931 0.43032440543174744 0
1731948706635 0.4322216808795929 0
1731948725183 0.42719167470932007 0
1731948743843 0.4336158037185669 0
1731948762379 0.42747971415519714 0
1731948781015 0.43091481924057007 0
1731948799519 0.43036678433418274 0
1731948818159 0.4302119314670563 0
1731948836677 0.4305676817893982 0
1731948855374 0.4305395781993866 0
1731948873916 0.42742499709129333 0
1731948892587 0.4290659427642822 0
1731948911062 0.4293062686920166 0
1731948930048 0.43317875266075134 0
1731948948591 0.4277602434158325 0
1731948967266 0.43473780155181885 0
1731948985782 0.42658886313438416 0
1731949004416 0.42977893352508545 0
1731949022928 0.42807435989379883 0
1731949041573 0.4258466064929962 0
1731949060086 0.4308517277240753 0
1731949078748 0.4299379587173462 0
1731949097279 0.43061956763267517 0
1731949115927 0.4273425042629242 0
1731949134454 0.42542287707328796 0
1731949153072 0.42882049083709717 0
1731949171591 0.4268733859062195 0
1731949190565 0.4300779104232788 0
1731949209073 0.42500507831573486 0
1731949227716 0.42680343985557556 0
1731949246214 0.425541490316391 0
1731949264851 0.4268951117992401 0
1731949283333 0.43015503883361816 0
1731949301989 0.42624637484550476 0
1731949320512 0.4294016659259796 0
1731949339153 0.4264626204967499 0
1731949357695 0.43044811487197876 0
1731949376328 0.4275389611721039 0
1731949394822 0.4268413484096527 0
1731949413449 0.4277220666408539 0
1731949431994 0.43132224678993225 0
1731949450626 0.4283240735530853 0
1731949469485 0.4338233768939972 0
1731949488140 0.4271104037761688 0
1731949506666 0.4277612566947937 0
1731949525292 0.42840340733528137 0
1731949543845 0.429951012134552 0
1731949562538 0.4259525537490845 0
1731949581068 0.4285854995250702 0
1731949599711 0.4298241138458252 0
1731949618247 0.42872893810272217 0
1731949636855 0.4283319115638733 0
1731949655398 0.4297609329223633 0
1731949674058 0.42842942476272583 0
1731949692555 0.4309939444065094 0
1731949711191 0.42882195115089417 0
1731949729733 0.42956170439720154 0
1731949748697 0.4304104149341583 0
1731949767206 0.4297237694263458 0
1731949785801 0.43234944343566895 0
1731949804290 0.42917850613594055 0
1731949822947 0.42487189173698425 0
1731949841464 0.42841261625289917 0
1731949860109 0.42898494005203247 0
1731949878621 0.42808249592781067 0
1731949897281 0.42824941873550415 0
1731949915812 0.42612597346305847 0
1731949934458 0.42604148387908936 0
1731949952937 0.4287789463996887 0
1731949971596 0.4260614514350891 0
1731949990176 0.42717093229293823 0
1731950008801 0.4246596693992615 0
1731950027648 0.4281022250652313 0
1731950046307 0.42737501859664917 0
1731950064797 0.426179438829422 0
1731950083460 0.42725440859794617 0
1731950101983 0.4271654486656189 0
1731950120634 0.42606401443481445 0
1731950139147 0.4289569556713104 0
1731950157798 0.4274786114692688 0
1731950176303 0.42766523361206055 0
1731950194934 0.424252450466156 0
1731950213462 0.42865055799484253 0
1731950232140 0.42710602283477783 0
1731950250656 0.4311862289905548 0
1731950269245 0.4286356568336487 0
1731950287751 0.42832082509994507 0
