1731946066079 0.0003850461798720062 0
1731946088514 0.00033557770075276494 0
1731946111242 0.0003054883854929358 0
1731946134388 0.00027878410764969885 0
1731946157702 0.0002556977269705385 0
1731946181317 0.00024352743639610708 0
1731946205047 0.0002325905952602625 0
1731946228973 0.00021976484276819974 0
1731946252870 0.00020733202109113336 0
1731946277011 0.00020277596195228398 0
1731946301059 0.00019460507610347122 0
1731946325274 0.00018957639986183494 0
1731946349419 0.00018238047778140754 0
1731946373753 0.0001779298618203029 0
1731946397793 0.00018097429710906 0
1731946419215 0.0001725723996059969 0
1731946440612 0.00016321298608090729 0
1731946462067 0.00016474367293994874 0
1731946483541 0.00016058435721788555 0
1731946505006 0.00015974802954588085 0
1731946526453 0.000154672990902327 0
1731946547922 0.00015582815103698522 0
1731946568397 0.0001558004441903904 0
1731946588286 0.00014955840015318245 0
1731946608361 0.0001431330165360123 0
1731946628441 0.00014557271788362414 0
1731946648502 0.00014751743583474308 0
1731946668484 0.0001394902792526409 0
1731946688537 0.0001378105953335762 0
1731946708528 0.00013948595733381808 0
1731946727717 0.00013789553486276418 0
1731946746921 0.00013112107990309596 0
1731946766127 0.0001276440598303452 0
1731946785330 0.00013236138329375535 0
1731946804514 0.00013090301945339888 0
1731946823701 0.00012597694876603782 0
1731946842876 0.0001247143081855029 0
1731946861586 0.000126908635138534 0
1731946880238 0.00012632945436052978 0
1731946898745 0.0001258529518963769 0
1731946917437 0.00011869219451909885 0
1731946935998 0.00012176989548606798 0
1731946954615 0.00012040393630741164 0
1731946973190 0.00011744720541173592 0
1731946992209 0.00011598477431107312 0
1731947010792 0.00011525694571901113 0
1731947029447 0.00011408235877752304 0
1731947047975 0.00011455200728960335 0
1731947066640 0.0001156413636635989 0
1731947085161 0.00011385987454559654 0
1731947103840 0.00011069209722336382 0
1731947122373 0.00011027943401131779 0
1731947140990 0.00010149221634492278 0
1731947159506 0.0001090415971702896 0
1731947178190 0.00010458918404765427 0
1731947196767 0.00010400688915979117 0
1731947215478 0.00010898391337832436 0
1731947234038 0.00010723662126110867 0
1731947252739 0.00010612108599161729 0
1731947271609 0.00010292632941855118 0
1731947290264 0.00010373649274697527 0
1731947308817 0.00010236821981379762 0
1731947327471 0.00010176836076425388 0
1731947345989 9.679760842118412e-05 0
1731947364686 0.00010016514715971425 0
1731947383233 9.838608093559742e-05 0
1731947401910 9.630506247049198e-05 0
1731947420420 9.676529589341953e-05 0
1731947439120 9.70404944382608e-05 0
1731947457675 9.429858619114384e-05 0
1731947476354 9.161597699858248e-05 0
1731947494890 9.112316911341622e-05 0
1731947513529 9.218357445206493e-05 0
1731947532067 9.057144052349031e-05 0
1731947551110 9.206682443618774e-05 0
1731947569679 8.943780267145485e-05 0
1731947588345 8.910936594475061e-05 0
1731947606881 9.246305853594095e-05 0
1731947625589 8.462325058644637e-05 0
1731947644155 8.783167868386954e-05 0
1731947662809 8.441880345344543e-05 0
1731947681299 8.511007035849616e-05 0
1731947699994 8.516829257132486e-05 0
1731947718563 8.270554098999128e-05 0
1731947737295 8.649397204862908e-05 0
1731947755832 8.60218278830871e-05 0
1731947774514 8.273690036730841e-05 0
1731947793082 8.319169864989817e-05 0
1731947812100 8.184276521205902e-05 0
1731947830675 7.9287143307738e-05 0
1731947849332 8.011173486011103e-05 0
1731947867916 8.197506394935772e-05 0
1731947886610 7.906211976660416e-05 0
1731947905162 8.017811342142522e-05 0
1731947923881 7.888933032518253e-05 0
1731947942454 7.826315413694829e-05 0
1731947961129 7.943865784909576e-05 0
1731947979676 7.880842895247042e-05 0
1731947998363 7.731599180260673e-05 0
1731948016922 7.580130477435887e-05 0
1731948035676 7.696294051129371e-05 0
1731948054240 7.81140843173489e-05 0
1731948072939 7.400649337796494e-05 0
1731948091811 7.423217903124169e-05 0
1731948110495 7.281744910869747e-05 0
1731948128998 7.277789700310677e-05 0
1731948147676 7.274248491739854e-05 0
1731948166203 7.42957490729168e-05 0
1731948184897 7.293676026165485e-05 0
1731948203471 7.165167335188016e-05 0
1731948222166 7.039886259008199e-05 0
1731948240739 7.192206248873845e-05 0
1731948259428 7.049042324069887e-05 0
1731948278009 6.79427248542197e-05 0
1731948296673 7.267242472153157e-05 0
1731948315247 6.738249066984281e-05 0
1731948333916 6.887335621286184e-05 0
1731948352475 6.984080391703174e-05 0
1731948371500 6.741518882336095e-05 0
1731948390041 6.758960080333054e-05 0
1731948408720 6.456732080550864e-05 0
1731948427264 6.820861744927242e-05 0
1731948445897 6.65914049022831e-05 0
1731948464442 6.575063162017614e-05 0
1731948483101 6.69499859213829e-05 0
1731948501649 6.622940418310463e-05 0
1731948520264 6.747068982804194e-05 0
1731948538821 6.671516894130036e-05 0
1731948557451 6.39987483737059e-05 0
1731948576022 6.511982064694166e-05 0
1731948594711 6.39447316643782e-05 0
1731948613262 6.444480095524341e-05 0
1731948631912 6.433821545215324e-05 0
1731948650761 6.365860463120043e-05 0
1731948669424 6.460461008828133e-05 0
1731948687933 6.402323197107762e-05 0
1731948706637 6.541470065712929e-05 0
1731948725185 6.332862540148199e-05 0
1731948743845 6.241046503419057e-05 0
1731948762381 6.13695738138631e-05 0
1731948781017 6.400108395610005e-05 0
1731948799521 6.0720685723936185e-05 0
1731948818161 6.0466416471172124e-05 0
1731948836679 5.985029201838188e-05 0
1731948855376 6.28982306807302e-05 0
1731948873918 6.0448641306720674e-05 0
1731948892590 6.14291857345961e-05 0
1731948911064 6.155636219773442e-05 0
1731948930051 5.8311889006290585e-05 0
1731948948594 6.023439345881343e-05 0
1731948967268 6.007253614370711e-05 0
1731948985784 5.918961323914118e-05 0
1731949004418 5.9043279179604724e-05 0
1731949022930 5.7568664487916976e-05 0
1731949041575 5.920817784499377e-05 0
1731949060088 5.9105033869855106e-05 0
1731949078750 5.6578752264613286e-05 0
1731949097281 5.858088479726575e-05 0
1731949115929 5.7124394515994936e-05 0
1731949134456 5.8506291679805145e-05 0
1731949153074 5.5659416830167174e-05 0
1731949171594 5.6813711125869304e-05 0
1731949190567 5.9225145378150046e-05 0
1731949209075 5.910176696488634e-05 0
1731949227719 5.6502547522541136e-05 0
1731949246216 5.802459054393694e-05 0
1731949264854 5.713805148843676e-05 0
1731949283335 5.650660386891104e-05 0
1731949301991 5.655411951011047e-05 0
1731949320515 5.779794810223393e-05 0
1731949339155 5.654563574353233e-05 0
1731949357697 5.78892941121012e-05 0
1731949376330 5.520130434888415e-05 0
1731949394824 5.4625521443085745e-05 0
1731949413451 5.321266144164838e-05 0
1731949431996 5.48201278434135e-05 0
1731949450628 5.495990262716077e-05 0
1731949469488 5.398741996032186e-05 0
1731949488142 5.431336830952205e-05 0
1731949506668 5.262181366560981e-05 0
1731949525294 5.40537184861023e-05 0
1731949543847 5.3652231144951656e-05 0
1731949562540 5.4704829381080344e-05 0
1731949581070 5.3949672292219475e-05 0
1731949599713 5.286877785692923e-05 0
1731949618249 5.213254189584404e-05 0
1731949636857 5.459351450554095e-05 0
1731949655400 5.1713661378016695e-05 0
1731949674061 5.106562457513064e-05 0
1731949692557 5.1785431423923e-05 0
1731949711193 5.392406092141755e-05 0
1731949729735 5.120537753100507e-05 0
1731949748699 5.2696195780299604e-05 0
1731949767208 5.361895091482438e-05 0
1731949785803 5.137407060828991e-05 0
1731949804292 5.3380499593913555e-05 0
1731949822949 5.1725419325521216e-05 0
1731949841466 5.128314660396427e-05 0
1731949860111 5.0528469728305936e-05 0
1731949878623 5.145330578670837e-05 0
1731949897283 5.10293357365299e-05 0
1731949915814 5.1288741815369576e-05 0
1731949934460 4.987117790733464e-05 0
1731949952939 5.0106940761907026e-05 0
1731949971599 4.8235320718958974e-05 0
1731949990179 4.932135561830364e-05 0
1731950008803 5.0063099479302764e-05 0
1731950027650 5.048447928857058e-05 0
1731950046309 5.105881791678257e-05 0
1731950064799 5.073123247711919e-05 0
1731950083462 4.9315658543491736e-05 0
1731950101985 4.963344690622762e-05 0
1731950120636 4.797137080458924e-05 0
1731950139149 5.297968164086342e-05 0
1731950157800 5.089402839075774e-05 0
1731950176305 4.8805093683768064e-05 0
1731950194936 5.043437340646051e-05 0
1731950213464 5.0009646656690165e-05 0
1731950232142 4.934864045935683e-05 0
1731950250659 5.044947101850994e-05 0
1731950269247 5.058984606876038e-05 0
1731950287753 4.861453999183141e-05 0
