1731946066062 0.1925230771303177 0
1731946088502 0.16778884828090668 0
1731946111239 0.15274418890476227 0
1731946134385 0.13939204812049866 0
1731946157699 0.12784886360168457 0
1731946181315 0.12176371365785599 0
1731946205044 0.11629529297351837 0
1731946228971 0.1098824143409729 0
1731946252867 0.10366600751876831 0
1731946277009 0.10138797760009766 0
1731946301056 0.09730253368616104 0
1731946325272 0.09478819370269775 0
1731946349417 0.09119023382663727 0
1731946373751 0.08896492421627045 0
1731946397790 0.09048714488744736 0
1731946419212 0.08628619462251663 0
1731946440610 0.08160649240016937 0
1731946462065 0.08237183094024658 0
1731946483538 0.08029217272996902 0
1731946505004 0.07987400889396667 0
1731946526451 0.07733649015426636 0
1731946547919 0.07791407406330109 0
1731946568395 0.07790021598339081 0
1731946588284 0.0747791975736618 0
1731946608359 0.07156650722026825 0
1731946628439 0.0727863535284996 0
1731946648499 0.07375871390104294 0
1731946668482 0.06974513828754425 0
1731946688535 0.0689052939414978 0
1731946708525 0.06974297761917114 0
1731946727715 0.06894776225090027 0
1731946746919 0.06556053459644318 0
1731946766124 0.06382202357053757 0
1731946785328 0.06618069112300873 0
1731946804512 0.06545151025056839 0
1731946823698 0.06298847496509552 0
1731946842874 0.06235715374350548 0
1731946861584 0.06345431506633759 0
1731946880236 0.06316472589969635 0
1731946898743 0.06292647123336792 0
1731946917435 0.059346094727516174 0
1731946935996 0.06088494509458542 0
1731946954613 0.060201965272426605 0
1731946973188 0.05872359871864319 0
1731946992207 0.05799238383769989 0
1731947010790 0.05762847140431404 0
1731947029444 0.05704117566347122 0
1731947047973 0.05727599933743477 0
1731947066638 0.057820677757263184 0
1731947085159 0.05692993476986885 0
1731947103838 0.0553460456430912 0
1731947122371 0.05513971298933029 0
1731947140988 0.05074610561132431 0
1731947159503 0.05452079698443413 0
1731947178188 0.05229458957910538 0
1731947196765 0.052003443241119385 0
1731947215476 0.054491955786943436 0
1731947234036 0.053618308156728745 0
1731947252736 0.053060539066791534 0
1731947271606 0.051463160663843155 0
1731947290262 0.051868245005607605 0
1731947308815 0.05118410661816597 0
1731947327469 0.0508841797709465 0
1731947345987 0.04839880019426346 0
1731947364684 0.05008257180452347 0
1731947383230 0.049193039536476135 0
1731947401908 0.04815252870321274 0
1731947420418 0.04838264733552933 0
1731947439117 0.04852024465799332 0
1731947457673 0.04714928939938545 0
1731947476352 0.045807987451553345 0
1731947494887 0.04556158185005188 0
1731947513527 0.04609178379178047 0
1731947532065 0.04528571665287018 0
1731947551107 0.046033408492803574 0
1731947569677 0.044718898832798004 0
1731947588343 0.044554680585861206 0
1731947606878 0.046231526881456375 0
1731947625588 0.04231162369251251 0
1731947644153 0.04391583800315857 0
1731947662806 0.04220939800143242 0
1731947681297 0.042555034160614014 0
1731947699992 0.042584143579006195 0
1731947718561 0.0413527674973011 0
1731947737292 0.04324698448181152 0
1731947755830 0.04301091283559799 0
1731947774511 0.04136844724416733 0
1731947793080 0.04159584641456604 0
1731947812098 0.04092137888073921 0
1731947830671 0.03964357078075409 0
1731947849330 0.04005586728453636 0
1731947867914 0.040987528860569 0
1731947886607 0.03953105956315994 0
1731947905160 0.04008905589580536 0
1731947923879 0.039444662630558014 0
1731947942452 0.03913157433271408 0
1731947961126 0.03971932828426361 0
1731947979674 0.039404213428497314 0
1731947998360 0.03865799307823181 0
1731948016920 0.0379006490111351 0
1731948035674 0.038481470197439194 0
1731948054238 0.039057038724422455 0
1731948072937 0.03700324520468712 0
1731948091809 0.03711608797311783 0
1731948110493 0.03640872240066528 0
1731948128996 0.03638894855976105 0
1731948147674 0.03637124225497246 0
1731948166200 0.037147872149944305 0
1731948184895 0.03646837919950485 0
1731948203468 0.035825833678245544 0
1731948222164 0.03519942983984947 0
1731948240737 0.035961028188467026 0
1731948259426 0.03524520993232727 0
1731948278006 0.03397136181592941 0
1731948296670 0.03633620962500572 0
1731948315245 0.03369124233722687 0
1731948333914 0.034436676651239395 0
1731948352473 0.034920401871204376 0
1731948371498 0.03370759263634682 0
1731948390038 0.03379479795694351 0
1731948408718 0.032283660024404526 0
1731948427262 0.03410430625081062 0
1731948445895 0.03329570218920708 0
1731948464440 0.032875314354896545 0
1731948483099 0.03347499296069145 0
1731948501647 0.03311470150947571 0
1731948520262 0.03373534232378006 0
1731948538819 0.03335758298635483 0
1731948557448 0.031999371945858 0
1731948576020 0.03255990892648697 0
1731948594709 0.03197236359119415 0
1731948613260 0.03222239762544632 0
1731948631910 0.03216910734772682 0
1731948650759 0.03182930126786232 0
1731948669422 0.03230230510234833 0
1731948687931 0.03201161324977875 0
1731948706635 0.032707348465919495 0
1731948725183 0.03166431188583374 0
1731948743843 0.031205229461193085 0
1731948762379 0.030684784054756165 0
1731948781015 0.03200054168701172 0
1731948799519 0.03036034107208252 0
1731948818159 0.03023320622742176 0
1731948836677 0.029925145208835602 0
1731948855374 0.03144911304116249 0
1731948873916 0.03022431954741478 0
1731948892587 0.03071459010243416 0
1731948911062 0.030778180807828903 0
1731948930048 0.029155943542718887 0
1731948948591 0.03011719509959221 0
1731948967266 0.030036266893148422 0
1731948985782 0.02959480509161949 0
1731949004416 0.02952163852751255 0
1731949022928 0.028784330934286118 0
1731949041573 0.02960408665239811 0
1731949060086 0.029552515596151352 0
1731949078748 0.028289373964071274 0
1731949097279 0.029290441423654556 0
1731949115927 0.028562195599079132 0
1731949134454 0.029253143817186356 0
1731949153072 0.02782970666885376 0
1731949171591 0.02840685471892357 0
1731949190565 0.029612571001052856 0
1731949209073 0.029550882056355476 0
1731949227716 0.028251271694898605 0
1731949246214 0.029012294486165047 0
1731949264851 0.028569024056196213 0
1731949283333 0.028253300115466118 0
1731949301989 0.02827705815434456 0
1731949320512 0.028898973017930984 0
1731949339153 0.02827281691133976 0
1731949357695 0.028944645076990128 0
1731949376328 0.02760065160691738 0
1731949394822 0.027312759310007095 0
1731949413449 0.026606328785419464 0
1731949431994 0.02741006202995777 0
1731949450626 0.027479950338602066 0
1731949469485 0.026993708685040474 0
1731949488140 0.027156682685017586 0
1731949506666 0.026310905814170837 0
1731949525292 0.027026858180761337 0
1731949543845 0.02682611346244812 0
1731949562538 0.027352413162589073 0
1731949581068 0.026974834501743317 0
1731949599711 0.026434388011693954 0
1731949618247 0.026066269725561142 0
1731949636855 0.027296755462884903 0
1731949655398 0.025856830179691315 0
1731949674058 0.025532811880111694 0
1731949692555 0.02589271403849125 0
1731949711191 0.026962028816342354 0
1731949729733 0.025602687150239944 0
1731949748697 0.026348097249865532 0
1731949767206 0.02680947445333004 0
1731949785801 0.02568703331053257 0
1731949804290 0.026690248399972916 0
1731949822947 0.025862708687782288 0
1731949841464 0.02564157173037529 0
1731949860109 0.025264233350753784 0
1731949878621 0.025726651772856712 0
1731949897281 0.025514665991067886 0
1731949915812 0.025644369423389435 0
1731949934458 0.024935588240623474 0
1731949952937 0.025053469464182854 0
1731949971596 0.024117659777402878 0
1731949990176 0.02466067671775818 0
1731950008801 0.025031547993421555 0
1731950027648 0.025242239236831665 0
1731950046307 0.0255294069647789 0
1731950064797 0.025365615263581276 0
1731950083460 0.024657828733325005 0
1731950101983 0.02481672167778015 0
1731950120634 0.023985683917999268 0
1731950139147 0.02648983895778656 0
1731950157798 0.02544701285660267 0
1731950176303 0.024402545765042305 0
1731950194934 0.02521718479692936 0
1731950213462 0.02500482276082039 0
1731950232140 0.024674318730831146 0
1731950250656 0.025224734097719193 0
1731950269245 0.025294922292232513 0
1731950287751 0.024307269603013992 0
