1731946066062 22.1799373626709 0
1731946088502 24.842809677124023 0
1731946111239 24.740163803100586 0
1731946134385 25.726383209228516 0
1731946157699 26.494245529174805 0
1731946181315 26.492002487182617 0
1731946205044 26.207807540893555 0
1731946228971 27.245296478271484 0
1731946252867 26.37761688232422 0
1731946277009 26.838523864746094 0
1731946301056 26.474626541137695 0
1731946325272 27.145660400390625 0
1731946349417 26.896800994873047 0
1731946373751 27.324825286865234 0
1731946397790 27.92752456665039 0
1731946419212 27.491287231445312 0
1731946440610 27.26700210571289 0
1731946462065 28.097618103027344 0
1731946483538 27.906835556030273 0
1731946505004 27.97771453857422 0
1731946526451 27.0618896484375 0
1731946547919 27.69402503967285 0
1731946568395 28.204490661621094 0
1731946588284 27.340129852294922 0
1731946608359 27.579313278198242 0
1731946628439 28.43670654296875 0
1731946648499 27.153072357177734 0
1731946668482 27.776430130004883 0
1731946688535 28.18010711669922 0
1731946708525 28.34909439086914 0
1731946727715 28.447751998901367 0
1731946746919 28.23856544494629 0
1731946766124 28.503820419311523 0
1731946785328 28.673574447631836 0
1731946804512 28.680877685546875 0
1731946823698 28.536087036132812 0
1731946842874 28.82048988342285 0
1731946861584 28.434268951416016 0
1731946880236 28.433361053466797 0
1731946898743 27.909542083740234 0
1731946917435 28.639972686767578 0
1731946935996 28.903400421142578 0
1731946954613 28.363691329956055 0
1731946973188 28.747196197509766 0
1731946992207 29.19794273376465 0
1731947010790 28.98655128479004 0
1731947029444 28.493061065673828 0
1731947047973 29.550029754638672 0
1731947066638 29.243967056274414 0
1731947085159 29.170825958251953 0
1731947103838 29.449085235595703 0
1731947122371 28.899560928344727 0
1731947140988 29.264062881469727 0
1731947159503 29.379953384399414 0
1731947178188 28.95295524597168 0
1731947196765 29.479293823242188 0
1731947215476 29.036640167236328 0
1731947234036 29.518016815185547 0
1731947252736 29.40736961364746 0
1731947271606 29.116092681884766 0
1731947290262 29.551809310913086 0
1731947308815 29.39240837097168 0
1731947327469 30.188983917236328 0
1731947345987 29.700777053833008 0
1731947364684 29.003856658935547 0
1731947383230 29.054460525512695 0
1731947401908 29.898090362548828 0
1731947420418 29.139806747436523 0
1731947439117 29.56932258605957 0
1731947457673 29.55373191833496 0
1731947476352 29.523330688476562 0
1731947494887 29.51685905456543 0
1731947513527 29.613313674926758 0
1731947532065 30.45990753173828 0
1731947551107 30.15505599975586 0
1731947569677 29.416366577148438 0
1731947588343 30.352481842041016 0
1731947606878 29.872520446777344 0
1731947625588 30.27664566040039 0
1731947644153 30.255083084106445 0
1731947662806 29.916383743286133 0
1731947681297 29.516572952270508 0
1731947699992 30.249134063720703 0
1731947718561 30.324077606201172 0
1731947737292 30.221803665161133 0
1731947755830 30.51582908630371 0
1731947774511 30.67772674560547 0
1731947793080 30.22102165222168 0
1731947812098 31.200725555419922 0
1731947830671 30.336002349853516 0
1731947849330 31.357711791992188 0
1731947867914 30.802825927734375 0
1731947886607 29.684680938720703 0
1731947905160 31.002517700195312 0
1731947923879 30.810014724731445 0
1731947942452 31.097806930541992 0
1731947961126 30.179065704345703 0
1731947979674 31.167957305908203 0
1731947998360 29.473573684692383 0
1731948016920 31.157899856567383 0
1731948035674 30.847244262695312 0
1731948054238 30.988256454467773 0
1731948072937 29.695049285888672 0
1731948091809 31.355344772338867 0
1731948110493 30.536142349243164 0
1731948128996 31.65169334411621 0
1731948147674 31.027082443237305 0
1731948166200 29.798051834106445 0
1731948184895 30.551227569580078 0
1731948203468 30.369827270507812 0
1731948222164 31.091201782226562 0
1731948240737 30.700801849365234 0
1731948259426 31.39227867126465 0
1731948278006 30.32174301147461 0
1731948296670 30.661670684814453 0
1731948315245 31.550495147705078 0
1731948333914 30.726350784301758 0
1731948352473 31.79169273376465 0
1731948371498 31.314350128173828 0
1731948390038 31.84523582458496 0
1731948408718 31.966812133789062 0
1731948427262 31.093883514404297 0
1731948445895 31.557483673095703 0
1731948464440 31.900405883789062 0
1731948483099 32.03532791137695 0
1731948501647 30.455148696899414 0
1731948520262 32.062007904052734 0
1731948538819 32.308937072753906 0
1731948557448 31.416820526123047 0
1731948576020 31.526718139648438 0
1731948594709 31.909854888916016 0
1731948613260 32.15351104736328 0
1731948631910 30.569284439086914 0
1731948650759 31.422863006591797 0
1731948669422 32.02033233642578 0
1731948687931 31.51405906677246 0
1731948706635 31.546558380126953 0
1731948725183 31.38336181640625 0
1731948743843 31.529888153076172 0
1731948762379 31.177997589111328 0
1731948781015 31.711328506469727 0
1731948799519 31.852834701538086 0
1731948818159 31.704788208007812 0
1731948836677 31.924192428588867 0
1731948855374 31.89480209350586 0
1731948873916 31.884418487548828 0
1731948892587 31.971172332763672 0
1731948911062 31.93431854248047 0
1731948930048 31.75861167907715 0
1731948948591 31.790367126464844 0
1731948967266 31.46660041809082 0
1731948985782 31.11906623840332 0
1731949004416 31.970237731933594 0
1731949022928 31.878921508789062 0
1731949041573 30.824050903320312 0
1731949060086 32.266902923583984 0
1731949078748 31.593143463134766 0
1731949097279 31.8311710357666 0
1731949115927 32.65668869018555 0
1731949134454 32.34324645996094 0
1731949153072 33.15169143676758 0
1731949171591 32.681358337402344 0
1731949190565 32.15995407104492 0
1731949209073 32.71254348754883 0
1731949227716 32.65652084350586 0
1731949246214 31.965818405151367 0
1731949264851 33.188175201416016 0
1731949283333 32.58119201660156 0
1731949301989 33.09711456298828 0
1731949320512 32.51428985595703 0
1731949339153 32.82283401489258 0
1731949357695 32.77388000488281 0
1731949376328 32.99961471557617 0
1731949394822 32.926876068115234 0
1731949413449 32.94404983520508 0
1731949431994 32.791805267333984 0
1731949450626 32.959564208984375 0
1731949469485 32.458045959472656 0
1731949488140 32.57710647583008 0
1731949506666 33.178810119628906 0
1731949525292 32.815223693847656 0
1731949543845 32.687931060791016 0
1731949562538 33.204071044921875 0
1731949581068 31.639009475708008 0
1731949599711 32.516544342041016 0
1731949618247 32.37355422973633 0
1731949636855 32.579620361328125 0
1731949655398 33.302520751953125 0
1731949674058 32.623939514160156 0
1731949692555 32.614315032958984 0
1731949711191 33.23689651489258 0
1731949729733 32.8128776550293 0
1731949748697 32.022064208984375 0
1731949767206 32.260765075683594 0
1731949785801 32.268226623535156 0
1731949804290 33.357086181640625 0
1731949822947 33.3408203125 0
1731949841464 32.945152282714844 0
1731949860109 32.668941497802734 0
1731949878621 33.42887496948242 0
1731949897281 33.87874984741211 0
1731949915812 33.189693450927734 0
1731949934458 33.235923767089844 0
1731949952937 33.1565055847168 0
1731949971596 33.76884078979492 0
1731949990176 33.10590362548828 0
1731950008801 33.31501770019531 0
1731950027648 33.27865982055664 0
1731950046307 32.81864929199219 0
1731950064797 32.99299240112305 0
1731950083460 33.177276611328125 0
1731950101983 33.55512619018555 0
1731950120634 33.74568176269531 0
1731950139147 32.45225524902344 0
1731950157798 33.57289505004883 0
1731950176303 33.525028228759766 0
1731950194934 33.80271530151367 0
1731950213462 33.17024612426758 0
1731950232140 33.58388137817383 0
1731950250656 32.5930290222168 0
1731950269245 33.607635498046875 0
1731950287751 32.732200622558594 0
