1731946066079 0.006053494289517403 0
1731946088514 0.0032788305543363094 0
1731946111242 0.003357249777764082 0
1731946134388 0.002675232943147421 0
1731946157702 0.0022416890133172274 0
1731946181317 0.0022428466472774744 0
1731946205047 0.002394523471593857 0
1731946228973 0.0018856892129406333 0
1731946252870 0.0023027050774544477 0
1731946277011 0.002070844639092684 0
1731946301059 0.002251839265227318 0
1731946325274 0.0019294512458145618 0
1731946349419 0.0020432411693036556 0
1731946373753 0.001851472770795226 0
1731946397793 0.0016115633770823479 0
1731946419215 0.0017818500055000186 0
1731946440612 0.0018762892577797174 0
1731946462067 0.0015496653504669666 0
1731946483541 0.0016192588955163956 0
1731946505006 0.0015930463559925556 0
1731946526453 0.0019670298788696527 0
1731946547922 0.0017005808185786009 0
1731946568397 0.0015119969611987472 0
1731946588286 0.0018449602648615837 0
1731946608361 0.0017460975795984268 0
1731946628441 0.00143327412661165 0
1731946648502 0.001926161115989089 0
1731946668484 0.0016686180606484413 0
1731946688537 0.0015205095987766981 0
1731946708528 0.0014624822651967406 0
1731946727717 0.0014296332374215126 0
1731946746921 0.0015001799911260605 0
1731946766127 0.0014112952630966902 0
1731946785330 0.0013571956660598516 0
1731946804514 0.0013549153227359056 0
1731946823701 0.0014008482685312629 0
1731946842876 0.0013120516669005156 0
1731946861586 0.0014340791385620832 0
1731946880238 0.0014343783259391785 0
1731946898745 0.0016182505059987307 0
1731946917437 0.0013677366077899933 0
1731946935998 0.0012872404186055064 0
1731946954615 0.0014575747773051262 0
1731946973190 0.0013343819882720709 0
1731946992209 0.0012028338387608528 0
1731947010792 0.001262829639017582 0
1731947029447 0.0014147957554087043 0
1731947047975 0.0011091665364801884 0
1731947066640 0.0011901541147381067 0
1731947085161 0.001210367656312883 0
1731947103840 0.0011352493893355131 0
1731947122373 0.0012883790768682957 0
1731947140990 0.0011846597772091627 0
1731947159506 0.0011534651275724173 0
1731947178190 0.0012726366985589266 0
1731947196767 0.001127380644902587 0
1731947215478 0.0012483489699661732 0
1731947234038 0.0011173732345923781 0
1731947252739 0.0011462062830105424 0
1731947271609 0.0012257180642336607 0
1731947290264 0.0011087124003097415 0
1731947308817 0.0011501621920615435 0
1731947327471 0.0009574177674949169 0
1731947345989 0.0010713271331042051 0
1731947364686 0.0012578075984492898 0
1731947383233 0.0012432364746928215 0
1731947401910 0.0010237428359687328 0
1731947420420 0.0012190437410026789 0
1731947439120 0.0011042506666854024 0
1731947457675 0.0011082220589742064 0
1731947476354 0.00111600651871413 0
1731947494890 0.0011176707921549678 0
1731947513529 0.001093121711164713 0
1731947532067 0.0008995163952931762 0
1731947551110 0.000964926730375737 0
1731947569679 0.0011438350193202496 0
1731947588345 0.00092204415705055 0
1731947606881 0.00102978793438524 0
1731947625589 0.0009382864227518439 0
1731947644155 0.0009429563069716096 0
1731947662809 0.0010194397764280438 0
1731947681299 0.0011177442502230406 0
1731947699994 0.0009442490409128368 0
1731947718563 0.0009280947269871831 0
1731947737295 0.0009502096800133586 0
1731947755832 0.00088800786761567 0
1731947774514 0.0008555140229873359 0
1731947793082 0.000950380926951766 0
1731947812100 0.0007584508857689798 0
1731947830675 0.0009255493059754372 0
1731947849332 0.0007315240218304098 0
1731947867916 0.0008312223944813013 0
1731947886610 0.001075305393896997 0
1731947905162 0.0007938677445054054 0
1731947923881 0.000829847704153508 0
1731947942454 0.00077663897536695 0
1731947961129 0.000959606550168246 0
1731947979676 0.0007641949923709035 0
1731947998363 0.0011288663372397423 0
1731948016922 0.0007659670663997531 0
1731948035676 0.0008227643556892872 0
1731948054240 0.0007964788237586617 0
1731948072939 0.001072741113603115 0
1731948091811 0.0007319229189306498 0
1731948110495 0.0008838641224429011 0
1731948128998 0.0006836447864770889 0
1731948147676 0.0007893902948126197 0
1731948166203 0.0010475984308868647 0
1731948184897 0.0008807997219264507 0
1731948203471 0.0009183688089251518 0
1731948222166 0.0007778209401294589 0
1731948240739 0.0008509803446941078 0
1731948259428 0.0007257249089889228 0
1731948278009 0.000928593217395246 0
1731948296673 0.0008586826734244823 0
1731948315247 0.0006997617892920971 0
1731948333916 0.0008459892123937607 0
1731948352475 0.0006619581836275756 0
1731948371500 0.000738864706363529 0
1731948390041 0.0006538473535329103 0
1731948408720 0.0006357972742989659 0
1731948427264 0.0007773407269269228 0
1731948445897 0.0006986368680372834 0
1731948464442 0.0006455937400460243 0
1731948483101 0.0006258453940972686 0
1731948501649 0.000900502665899694 0
1731948520264 0.0006220123614184558 0
1731948538821 0.0005876330542378128 0
1731948557451 0.0007216352969408035 0
1731948576022 0.0007036036695353687 0
1731948594711 0.0006441905861720443 0
1731948613262 0.0006090442184358835 0
1731948631912 0.0008771449793130159 0
1731948650761 0.0007206317968666553 0
1731948669424 0.0006280103698372841 0
1731948687933 0.0007056575268507004 0
1731948706637 0.0007003966020420194 0
1731948725185 0.0007272165967151523 0
1731948743845 0.0007030901033431292 0
1731948762381 0.0007624304853379726 0
1731948781017 0.0006743214908055961 0
1731948799521 0.0006527042714878917 0
1731948818161 0.0006753376219421625 0
1731948836679 0.0006420675199478865 0
1731948855376 0.0006464272155426443 0
1731948873918 0.0006479747826233506 0
1731948892590 0.0006351594347506762 0
1731948911064 0.0006405720487236977 0
1731948930051 0.000667019747197628 0
1731948948594 0.0006621602806262672 0
1731948967268 0.000713410961907357 0
1731948985784 0.0007728463970124722 0
1731949004418 0.0006352960481308401 0
1731949022930 0.0006487953360192478 0
1731949041575 0.0008271699189208448 0
1731949060088 0.0005933483480475843 0
1731949078750 0.0006929239025339484 0
1731949097281 0.0006559683824889362 0
1731949115929 0.0005424140254035592 0
1731949134456 0.0005830090958625078 0
1731949153074 0.0004839835164602846 0
1731949171594 0.0005393417086452246 0
1731949190567 0.0006081409519538283 0
1731949209075 0.0005354827153496444 0
1731949227719 0.0005424349801614881 0
1731949246216 0.0006359425606206059 0
1731949264854 0.0004799349117092788 0
1731949283335 0.0005519260885193944 0
1731949301991 0.0004901039646938443 0
1731949320515 0.0005604940815828741 0
1731949339155 0.000522055197507143 0
1731949357697 0.0005279734032228589 0
1731949376330 0.0005012316396459937 0
1731949394824 0.000509696954395622 0
1731949413451 0.0005076855886727571 0
1731949431996 0.000525798590388149 0
1731949450628 0.0005058753304183483 0
1731949469488 0.0005677994922734797 0
1731949488142 0.0005524451262317598 0
1731949506668 0.0004809711535926908 0
1731949525294 0.0005229708622209728 0
1731949543847 0.0005385263357311487 0
1731949562540 0.0004781816096510738 0
1731949581070 0.0006856443360447884 0
1731949599713 0.0005602030432783067 0
1731949618249 0.0005789545248262584 0
1731949636857 0.0005521257407963276 0
1731949655400 0.0004674633964896202 0
1731949674061 0.0005465198191814125 0
1731949692557 0.0005477324593812227 0
1731949711193 0.0004745807673316449 0
1731949729735 0.0005232535186223686 0
1731949748699 0.0006277596112340689 0
1731949767208 0.0005941874696873128 0
1731949785803 0.0005931674968451262 0
1731949804292 0.000461626797914505 0
1731949822949 0.0004633594653569162 0
1731949841466 0.0005075568333268166 0
1731949860111 0.0005408861907199025 0
1731949878623 0.0004540591035038233 0
1731949897283 0.0004093782918062061 0
1731949915814 0.0004797670990228653 0
1731949934460 0.00047468720003962517 0
1731949952939 0.00048344727838411927 0
1731949971599 0.00041987071745097637 0
1731949990179 0.0004891135031357408 0
1731950008803 0.00046612051664851606 0
1731950027650 0.00047003902727738023 0
1731950046309 0.0005225588101893663 0
1731950064799 0.0005019963136874139 0
1731950083462 0.0004811407416127622 0
1731950101985 0.00044104934204369783 0
1731950120636 0.00042211590334773064 0
1731950139149 0.0005685572978109121 0
1731950157800 0.00043924860074184835 0
1731950176305 0.0004441163910087198 0
1731950194936 0.00041660884744487703 0
1731950213464 0.000481920171296224 0
1731950232142 0.0004381390172056854 0
1731950250659 0.0005504234577529132 0
1731950269247 0.0004357486905064434 0
1731950287753 0.0005330645362846553 0
