1731946066079 0.0008479192038066685 0
1731946088514 0.0003901844029314816 0
1731946111242 0.00026053370675072074 0
1731946134388 0.00021799666865263134 0
1731946157702 0.00022793610696680844 0
1731946181317 0.00021452107466757298 0
1731946205047 0.00022335952962748706 0
1731946228973 0.00021586031652987003 0
1731946252870 0.000227431402890943 0
1731946277011 0.00022418360458686948 0
1731946301059 0.0003199378552380949 0
1731946325274 0.00016815942944958806 0
1731946349419 0.00016590399900451303 0
1731946373753 0.0001892960863187909 0
1731946397793 0.00015911900845821947 0
1731946419215 0.00016433867858722806 0
1731946440612 0.00013303113519214094 0
1731946462067 0.0001663198636379093 0
1731946483541 0.0001684376911725849 0
1731946505006 0.0001458995247958228 0
1731946526453 0.00016692225472070277 0
1731946547922 0.00026926808641292155 0
1731946568397 0.00013402363401837647 0
1731946588286 0.0001562812685733661 0
1731946608361 0.00024330228916369379 0
1731946628441 0.00012418310507200658 0
1731946648502 0.00013412936823442578 0
1731946668484 0.00011957121023442596 0
1731946688537 0.0003981766931246966 0
1731946708528 0.0001603981072548777 0
1731946727717 0.00011922241537831724 0
1731946746921 0.00022803300817031413 0
1731946766127 0.00017761762137524784 0
1731946785330 0.0001736794220050797 0
1731946804514 0.00013833418779540807 0
1731946823701 0.00015607655222993344 0
1731946842876 0.00015491672093048692 0
1731946861586 0.00015051370428409427 0
1731946880238 0.00013188608863856643 0
1731946898745 0.00015284348046407104 0
1731946917437 0.0001358548179268837 0
1731946935998 0.0001589850289747119 0
1731946954615 0.00011480656394269317 0
1731946973190 0.0002104925224557519 0
1731946992209 0.00010336830746382475 0
1731947010792 0.00010074488818645477 0
1731947029447 0.00010189274325966835 0
1731947047975 9.372219938086346e-05 0
1731947066640 0.00013494343147613108 0
1731947085161 0.00010964622197207063 0
1731947103840 0.00018319941591471434 0
1731947122373 0.00011849142902065068 0
1731947140990 9.883867460303009e-05 0
1731947159506 0.0001353946718154475 0
1731947178190 0.00011387114500394091 0
1731947196767 0.00012102011532988399 0
1731947215478 0.00010619821841828525 0
1731947234038 0.00014870503218844533 0
1731947252739 9.450494690099731e-05 0
1731947271609 9.669557766756043e-05 0
1731947290264 9.6586809377186e-05 0
1731947308817 9.48834785958752e-05 0
1731947327471 0.00011245280620642006 0
1731947345989 0.0002257094602100551 0
1731947364686 9.167139796772972e-05 0
1731947383233 9.270064765587449e-05 0
1731947401910 9.737797518027946e-05 0
1731947420420 0.0001013007276924327 0
1731947439120 0.0001025340607156977 0
1731947457675 0.00014498617383651435 0
1731947476354 8.837238419800997e-05 0
1731947494890 0.00019889650866389275 0
1731947513529 9.154756844509393e-05 0
1731947532067 9.175876039080322e-05 0
1731947551110 0.0001079846260836348 0
1731947569679 0.00010074068268295377 0
1731947588345 0.0001031888896250166 0
1731947606881 8.984662417788059e-05 0
1731947625589 8.416252967435867e-05 0
1731947644155 0.0001270319044124335 0
1731947662809 0.00012239209900144488 0
1731947681299 8.727041131351143e-05 0
1731947699994 9.989986574510112e-05 0
1731947718563 0.00011514656216604635 0
1731947737295 9.035770199261606e-05 0
1731947755832 9.71924455370754e-05 0
1731947774514 8.755441376706585e-05 0
1731947793082 0.00010391596879344434 0
1731947812100 8.16402753116563e-05 0
1731947830675 8.867376891430467e-05 0
1731947849332 8.460636308882385e-05 0
1731947867916 0.0001043452211888507 0
1731947886610 8.74693359946832e-05 0
1731947905162 8.13499791547656e-05 0
1731947923881 8.541192801203579e-05 0
1731947942454 0.00011353401350788772 0
1731947961129 9.364401194034144e-05 0
1731947979676 8.715855801710859e-05 0
1731947998363 8.740863995626569e-05 0
1731948016922 8.414108742726967e-05 0
1731948035676 8.704292122274637e-05 0
1731948054240 0.00013305550965014845 0
1731948072939 0.00011147754412377253 0
1731948091811 8.603318565292284e-05 0
1731948110495 8.792535663815215e-05 0
1731948128998 8.163355232682079e-05 0
1731948147676 9.457339183427393e-05 0
1731948166203 9.769012831384316e-05 0
1731948184897 0.00012039875582559034 0
1731948203471 0.00010599560482660308 0
1731948222166 8.381933730561286e-05 0
1731948240739 9.382329881191254e-05 0
1731948259428 9.0312838437967e-05 0
1731948278009 8.989874186227098e-05 0
1731948296673 8.878928201738745e-05 0
1731948315247 8.633184188511223e-05 0
1731948333916 9.768486052053049e-05 0
1731948352475 0.0001192250638268888 0
1731948371500 8.166657789843157e-05 0
1731948390041 8.087196329142898e-05 0
1731948408720 7.860437472118065e-05 0
1731948427264 0.00010247573663946241 0
1731948445897 8.150804205797613e-05 0
1731948464442 8.115776290651411e-05 0
1731948483101 8.013402111828327e-05 0
1731948501649 9.799724648473784e-05 0
1731948520264 7.271702634170651e-05 0
1731948538821 0.00010405364446341991 0
1731948557451 9.11164897843264e-05 0
1731948576022 8.974349475465715e-05 0
1731948594711 7.34814748284407e-05 0
1731948613262 9.416346438229084e-05 0
1731948631912 8.30660792416893e-05 0
1731948650761 0.00010907327668974176 0
1731948669424 8.161869482137263e-05 0
1731948687933 7.822466432116926e-05 0
1731948706637 8.774041634751484e-05 0
1731948725185 9.058613795787096e-05 0
1731948743845 9.458546992391348e-05 0
1731948762381 8.499235264025629e-05 0
1731948781017 0.00010256371751893312 0
1731948799521 7.98050023149699e-05 0
1731948818161 7.669541810173541e-05 0
1731948836679 8.350382267963141e-05 0
1731948855376 8.723091741558164e-05 0
1731948873918 8.192012319341302e-05 0
1731948892590 7.992943574208766e-05 0
1731948911064 8.407530549447984e-05 0
1731948930051 9.52453920035623e-05 0
1731948948594 7.953494787216187e-05 0
1731948967268 0.00012574098946060985 0
1731948985784 8.523126598447561e-05 0
1731949004418 7.856484444346279e-05 0
1731949022930 7.316448318306357e-05 0
1731949041575 8.08120530564338e-05 0
1731949060088 8.710501424502581e-05 0
1731949078750 9.49241075431928e-05 0
1731949097281 7.990079029696062e-05 0
1731949115929 7.73228530306369e-05 0
1731949134456 8.567395707359537e-05 0
1731949153074 7.821813051123172e-05 0
1731949171594 8.860346133587882e-05 0
1731949190567 7.832557457732037e-05 0
1731949209075 8.590529614593834e-05 0
1731949227719 8.994960080599412e-05 0
1731949246216 9.095970017369837e-05 0
1731949264854 6.79662698530592e-05 0
1731949283335 0.00010642559209372848 0
1731949301991 7.804844062775373e-05 0
1731949320515 7.991358143044636e-05 0
1731949339155 7.370171078946441e-05 0
1731949357697 8.103341679088771e-05 0
1731949376330 7.338310388149694e-05 0
1731949394824 8.92364332685247e-05 0
1731949413451 6.827826291555539e-05 0
1731949431996 8.150505891535431e-05 0
1731949450628 7.58112728362903e-05 0
1731949469488 0.00012362793495412916 0
1731949488142 9.090070670936257e-05 0
1731949506668 8.124693704303354e-05 0
1731949525294 8.022386464290321e-05 0
1731949543847 6.923636829014868e-05 0
1731949562540 7.235193334054202e-05 0
1731949581070 8.326090755872428e-05 0
1731949599713 8.396682096645236e-05 0
1731949618249 8.208557119360194e-05 0
1731949636857 8.233834523707628e-05 0
1731949655400 7.848651148378849e-05 0
1731949674061 7.88195975474082e-05 0
1731949692557 8.819300273898989e-05 0
1731949711193 6.929277151357383e-05 0
1731949729735 0.0001051488725352101 0
1731949748699 8.270584658021107e-05 0
1731949767208 7.074375753290951e-05 0
1731949785803 8.016146603040397e-05 0
1731949804292 7.950109284138307e-05 0
1731949822949 8.186011837096885e-05 0
1731949841466 8.180363511200994e-05 0
1731949860111 7.388352241832763e-05 0
1731949878623 8.101390994852409e-05 0
1731949897283 7.053073932183906e-05 0
1731949915814 7.249998452607542e-05 0
1731949934460 8.099392289295793e-05 0
1731949952939 7.639842078788206e-05 0
1731949971599 8.60956497490406e-05 0
1731949990179 7.57970119593665e-05 0
1731950008803 0.00010054324957309291 0
1731950027650 7.793938857503235e-05 0
1731950046309 7.815258868504316e-05 0
1731950064799 7.360904419329017e-05 0
1731950083462 7.495295722037554e-05 0
1731950101985 7.57106754463166e-05 0
1731950120636 7.572580216219649e-05 0
1731950139149 8.66995396791026e-05 0
1731950157800 7.273525261553004e-05 0
1731950176305 7.366108184214681e-05 0
1731950194936 7.115666812751442e-05 0
1731950213464 7.939397619338706e-05 0
1731950232142 6.853233207948506e-05 0
1731950250659 7.667948375456035e-05 0
1731950269247 7.683595322305337e-05 0
1731950287753 8.753618749324232e-05 0
