1732098565954 2.8191349506378174 0
1732098585729 3.6606452465057373 0
1732098605325 3.6295666694641113 0
1732098624960 3.8495781421661377 0
1732098644373 3.7259366512298584 0
1732098663815 3.733868360519409 0
1732098683151 3.744208812713623 0
1732098702557 3.8909127712249756 0
1732098721846 3.809443950653076 0
1732098741137 3.884817123413086 0
1732098760376 3.852570056915283 0
1732098779599 3.982440710067749 0
1732098798775 3.9561285972595215 0
1732098818021 3.959240674972534 0
1732098837147 3.9058523178100586 0
1732098854329 3.8247363567352295 0
1732098871500 3.9624345302581787 0
1732098888658 3.9804179668426514 0
1732098905814 3.8935487270355225 0
1732098922950 3.885378122329712 0
1732098940072 4.0018720626831055 0
1732098957222 3.91422963142395 0
1732098973646 3.9214658737182617 0
1732098989655 3.9737470149993896 0
1732099005751 3.9102799892425537 0
1732099021877 4.022626876831055 0
1732099038017 3.9653398990631104 0
1732099054035 3.992166757583618 0
1732099070160 3.981477975845337 0
1732099086327 3.9639437198638916 0
1732099101816 3.9002203941345215 0
1732099117291 3.967540979385376 0
1732099132756 3.8770089149475098 0
1732099148195 4.0278215408325195 0
1732099163657 3.9958362579345703 0
1732099179125 4.02943229675293 0
1732099194561 3.9196486473083496 0
1732099209646 3.9665353298187256 0
1732099224752 4.008426189422607 0
1732099239754 3.948392152786255 0
1732099254839 3.960172414779663 0
1732099269843 3.925872564315796 0
1732099284962 4.000591278076172 0
1732099299959 3.989326238632202 0
1732099315368 3.962059259414673 0
1732099330361 3.9732701778411865 0
1732099345443 3.903491735458374 0
1732099360424 4.021549701690674 0
1732099375522 4.083694934844971 0
1732099390502 4.052505016326904 0
1732099405582 3.922793388366699 0
1732099420557 3.963815927505493 0
1732099435642 3.9600789546966553 0
1732099450601 3.9084970951080322 0
1732099465662 4.064275741577148 0
1732099480658 3.9791266918182373 0
1732099495734 4.0323100090026855 0
1732099510704 3.9491772651672363 0
1732099525796 3.975728750228882 0
1732099541140 4.0215044021606445 0
1732099556203 3.9891343116760254 0
1732099571179 4.021666526794434 0
1732099586239 3.996816396713257 0
1732099601209 4.006462097167969 0
1732099616263 3.9954025745391846 0
1732099631223 4.0099053382873535 0
1732099646301 4.004117012023926 0
1732099661252 3.967996120452881 0
1732099676303 3.978163957595825 0
1732099691273 3.9427034854888916 0
1732099706360 3.9660181999206543 0
1732099721313 3.926560640335083 0
1732099736399 3.9832961559295654 0
1732099751365 3.9995553493499756 0
1732099766745 4.002025127410889 0
1732099781717 4.00388765335083 0
1732099796778 3.985023260116577 0
1732099811736 4.016196250915527 0
1732099826826 4.0152082443237305 0
1732099841797 3.9700164794921875 0
1732099856847 3.985377073287964 0
1732099871814 4.015676498413086 0
1732099886851 3.9629626274108887 0
1732099901824 4.017197132110596 0
1732099916899 3.9813733100891113 0
1732099931857 3.976315975189209 0
1732099946926 4.028007984161377 0
1732099961906 3.9890193939208984 0
1732099977269 3.9322733879089355 0
1732099992230 3.9804091453552246 0
1732100007280 4.043270587921143 0
1732100022247 3.9915943145751953 0
1732100037306 4.026511192321777 0
1732100052288 3.968299627304077 0
1732100067355 3.982893466949463 0
1732100082320 3.9876418113708496 0
1732100097365 4.054305076599121 0
1732100112357 3.9877805709838867 0
1732100127409 4.007582187652588 0
1732100142383 3.997802495956421 0
1732100157451 4.022658824920654 0
1732100172417 4.018025875091553 0
1732100187480 4.023896217346191 0
1732100202807 3.9776787757873535 0
1732100217856 4.00112771987915 0
1732100232842 3.977595806121826 0
1732100247903 4.041088581085205 0
1732100262886 3.9719631671905518 0
1732100277955 4.022266864776611 0
1732100292961 4.01250696182251 0
1732100308019 4.030535697937012 0
1732100322987 4.015198707580566 0
1732100338047 4.008235931396484 0
1732100353038 4.042014122009277 0
1732100368107 4.041575908660889 0
1732100383080 4.02463436126709 0
1732100398133 3.994645357131958 0
1732100413113 4.066012382507324 0
1732100428467 3.990557909011841 0
1732100443424 4.002613067626953 0
1732100458481 4.018294334411621 0
1732100473456 4.020373344421387 0
1732100488511 4.024801254272461 0
1732100503450 4.044490814208984 0
1732100518495 4.004775524139404 0
1732100533447 4.0347161293029785 0
1732100548485 4.015684127807617 0
1732100563426 4.011601448059082 0
1732100578482 3.985675573348999 0
1732100593449 4.0427470207214355 0
1732100608490 3.9931230545043945 0
1732100623453 3.9887726306915283 0
1732100638514 4.025827884674072 0
1732100664947 3.9869327545166016 0
1732100679980 3.9929940700531006 0
1732100694916 4.029933929443359 0
1732100709942 4.05129861831665 0
1732100724886 4.020738124847412 0
1732100739935 4.00405216217041 0
1732100754905 4.017253875732422 0
1732100769930 4.0423665046691895 0
1732100784902 4.02896785736084 0
1732100799933 3.9855666160583496 0
1732100814879 3.9933056831359863 0
1732100829930 4.031500816345215 0
1732100844888 4.020565509796143 0
1732100859925 4.017820358276367 0
1732100874888 4.026651859283447 0
1732100890276 4.003139495849609 0
1732100905231 3.982588768005371 0
1732100920279 4.038599491119385 0
1732100935243 4.060917854309082 0
1732100950279 4.0372443199157715 0
1732100965221 4.014680862426758 0
1732100980293 4.013713359832764 0
1732100995248 4.01336145401001 0
1732101010303 4.00323486328125 0
1732101025287 4.018966197967529 0
1732101040326 4.029448509216309 0
1732101055267 4.014308929443359 0
1732101070314 4.02882194519043 0
1732101085270 4.036581039428711 0
1732101100638 4.007967472076416 0
1732101115617 4.060237884521484 0
1732101130677 4.016384124755859 0
1732101145633 4.014053821563721 0
1732101160646 4.014381408691406 0
1732101175599 4.0312957763671875 0
1732101190659 3.989344596862793 0
1732101205607 4.001315116882324 0
1732101220628 4.040574073791504 0
1732101235581 4.020194053649902 0
1732101250634 4.002756118774414 0
1732101265579 4.010287284851074 0
1732101280611 4.004522800445557 0
1732101295551 4.015876293182373 0
1732101310585 4.0137529373168945 0
1732101325878 4.022649765014648 0
1732101340925 4.032138824462891 0
1732101355907 4.027324199676514 0
1732101370953 4.021852970123291 0
1732101385900 4.029529571533203 0
1732101400946 4.015882968902588 0
1732101415892 4.03324031829834 0
1732101430939 4.058885097503662 0
1732101445890 4.048100471496582 0
1732101460968 4.016104221343994 0
1732101475947 4.02172327041626 0
1732101490980 4.016687393188477 0
1732101505925 4.035253524780273 0
1732101520948 4.022728443145752 0
1732101535882 4.003887176513672 0
1732101551285 4.033584117889404 0
1732101566568 4.041738510131836 0
1732101581575 3.9948434829711914 0
1732101596492 4.046083450317383 0
1732101611517 4.0003662109375 0
1732101626475 4.017267227172852 0
1732101641490 4.029843807220459 0
1732101656409 4.019580841064453 0
1732101671421 4.027419090270996 0
1732101686336 4.0312299728393555 0
1732101701371 4.013761520385742 0
1732101716286 4.03305721282959 0
1732101731299 3.990790843963623 0
1732101746227 4.015492916107178 0
1732101761248 4.002479553222656 0
1732101776500 4.01326847076416 0
1732101791511 4.027425765991211 0
1732101806409 4.03134822845459 0
1732101821428 4.021320819854736 0
1732101836358 4.026022434234619 0
1732101851392 4.030492782592773 0
1732101866312 4.046997547149658 0
1732101881324 4.016445159912109 0
1732101896269 4.011727333068848 0
1732101911280 4.021599292755127 0
1732101926194 4.021062850952148 0
1732101941229 4.029562950134277 0
1732101956145 4.028223037719727 0
1732101971166 4.0189290046691895 0
1732101986083 4.0262250900268555 0
