1732098565954 18.9090576171875 0
1732098585729 21.413589477539062 0
1732098605325 22.414731979370117 0
1732098624960 22.589887619018555 0
1732098644373 23.125953674316406 0
1732098663815 22.963504791259766 0
1732098683151 24.3824405670166 0
1732098702557 23.2406005859375 0
1732098721846 23.73470115661621 0
1732098741137 23.696136474609375 0
1732098760376 24.184932708740234 0
1732098779599 24.363584518432617 0
1732098798775 24.38034439086914 0
1732098818021 24.869354248046875 0
1732098837147 24.33642578125 0
1732098854329 24.729595184326172 0
1732098871500 24.60613250732422 0
1732098888658 24.513057708740234 0
1732098905814 25.07122802734375 0
1732098922950 24.37343978881836 0
1732098940072 24.80556297302246 0
1732098957222 24.55611801147461 0
1732098973646 24.395122528076172 0
1732098989655 25.608009338378906 0
1732099005751 24.72533416748047 0
1732099021877 25.170610427856445 0
1732099038017 24.565040588378906 0
1732099054035 24.478193283081055 0
1732099070160 25.336729049682617 0
1732099086327 24.507369995117188 0
1732099101816 25.25586700439453 0
1732099117291 25.063522338867188 0
1732099132756 24.682186126708984 0
1732099148195 25.711091995239258 0
1732099163657 25.254898071289062 0
1732099179125 25.697885513305664 0
1732099194561 25.671852111816406 0
1732099209646 25.646520614624023 0
1732099224752 25.29996109008789 0
1732099239754 25.591289520263672 0
1732099254839 25.604724884033203 0
1732099269843 25.862520217895508 0
1732099284962 25.503969192504883 0
1732099299959 25.863319396972656 0
1732099315368 25.971887588500977 0
1732099330361 25.328811645507812 0
1732099345443 25.96363067626953 0
1732099360424 25.125253677368164 0
1732099375522 26.135278701782227 0
1732099390502 25.782596588134766 0
1732099405582 25.740201950073242 0
1732099420557 25.82958984375 0
1732099435642 25.63737678527832 0
1732099450601 26.410688400268555 0
1732099465662 25.5205078125 0
1732099480658 25.5575008392334 0
1732099495734 25.788299560546875 0
1732099510704 26.254201889038086 0
1732099525796 26.240041732788086 0
1732099541140 26.37934684753418 0
1732099556203 26.431812286376953 0
1732099571179 26.52503204345703 0
1732099586239 26.143184661865234 0
1732099601209 26.032577514648438 0
1732099616263 25.76983642578125 0
1732099631223 26.514080047607422 0
1732099646301 26.402875900268555 0
1732099661252 26.24711036682129 0
1732099676303 26.591096878051758 0
1732099691273 26.324974060058594 0
1732099706360 25.414892196655273 0
1732099721313 26.507335662841797 0
1732099736399 26.92283058166504 0
1732099751365 26.690031051635742 0
1732099766745 26.215879440307617 0
1732099781717 26.29884910583496 0
1732099796778 26.747560501098633 0
1732099811736 26.909936904907227 0
1732099826826 27.16269874572754 0
1732099841797 25.923067092895508 0
1732099856847 26.680194854736328 0
1732099871814 26.682018280029297 0
1732099886851 26.939889907836914 0
1732099901824 26.7534236907959 0
1732099916899 27.855798721313477 0
1732099931857 26.04029655456543 0
1732099946926 27.038480758666992 0
1732099961906 27.492206573486328 0
1732099977269 26.723285675048828 0
1732099992230 26.819189071655273 0
1732100007280 26.946216583251953 0
1732100022247 27.20161247253418 0
1732100037306 26.943937301635742 0
1732100052288 27.03770637512207 0
1732100067355 26.58329200744629 0
1732100082320 27.04696273803711 0
1732100097365 27.30069923400879 0
1732100112357 27.544803619384766 0
1732100127409 26.9801082611084 0
1732100142383 26.61751365661621 0
1732100157451 27.068439483642578 0
1732100172417 27.0747013092041 0
1732100187480 27.236125946044922 0
1732100202807 27.848817825317383 0
1732100217856 27.68128776550293 0
1732100232842 26.595508575439453 0
1732100247903 27.571849822998047 0
1732100262886 27.780757904052734 0
1732100277955 27.338024139404297 0
1732100292961 27.709896087646484 0
1732100308019 27.590456008911133 0
1732100322987 28.23744773864746 0
1732100338047 27.428396224975586 0
1732100353038 26.97783660888672 0
1732100368107 27.653963088989258 0
1732100383080 27.661222457885742 0
1732100398133 27.685001373291016 0
1732100413113 27.880002975463867 0
1732100428467 27.674896240234375 0
1732100443424 27.65477752685547 0
1732100458481 27.9429874420166 0
1732100473456 26.676151275634766 0
1732100488511 27.957618713378906 0
1732100503450 27.60540199279785 0
1732100518495 27.904203414916992 0
1732100533447 27.419601440429688 0
1732100548485 27.66736602783203 0
1732100563426 28.275447845458984 0
1732100578482 27.973556518554688 0
1732100593449 26.858154296875 0
1732100608490 27.41654396057129 0
1732100623453 27.807769775390625 0
1732100638514 27.384164810180664 0
1732100664947 28.323196411132812 0
1732100679980 27.73725700378418 0
1732100694916 27.831562042236328 0
1732100709942 28.056583404541016 0
1732100724886 28.23369026184082 0
1732100739935 27.548315048217773 0
1732100754905 28.466421127319336 0
1732100769930 28.4741268157959 0
1732100784902 27.754165649414062 0
1732100799933 28.090869903564453 0
1732100814879 28.33662986755371 0
1732100829930 28.23065185546875 0
1732100844888 27.881858825683594 0
1732100859925 28.214452743530273 0
1732100874888 28.452247619628906 0
1732100890276 28.553998947143555 0
1732100905231 28.04939079284668 0
1732100920279 27.983739852905273 0
1732100935243 27.997953414916992 0
1732100950279 28.036043167114258 0
1732100965221 28.854204177856445 0
1732100980293 28.520517349243164 0
1732100995248 28.542049407958984 0
1732101010303 28.382308959960938 0
1732101025287 28.21919822692871 0
1732101040326 28.175630569458008 0
1732101055267 28.45145606994629 0
1732101070314 28.614439010620117 0
1732101085270 28.197858810424805 0
1732101100638 28.184173583984375 0
1732101115617 28.453643798828125 0
1732101130677 28.9773006439209 0
1732101145633 28.5682315826416 0
1732101160646 28.958900451660156 0
1732101175599 28.589122772216797 0
1732101190659 28.45600128173828 0
1732101205607 28.669647216796875 0
1732101220628 29.040016174316406 0
1732101235581 29.006040573120117 0
1732101250634 28.708520889282227 0
1732101265579 28.824642181396484 0
1732101280611 29.03937530517578 0
1732101295551 28.825830459594727 0
1732101310585 28.51167869567871 0
1732101325878 29.249292373657227 0
1732101340925 28.564865112304688 0
1732101355907 28.754901885986328 0
1732101370953 28.82076644897461 0
1732101385900 28.318828582763672 0
1732101400946 28.854658126831055 0
1732101415892 29.060842514038086 0
1732101430939 28.745710372924805 0
1732101445890 28.71809959411621 0
1732101460968 29.205793380737305 0
1732101475947 29.2923641204834 0
1732101490980 28.318565368652344 0
1732101505925 29.40070915222168 0
1732101520948 29.17168426513672 0
1732101535882 28.989328384399414 0
1732101551285 28.55614471435547 0
1732101566568 29.42753028869629 0
1732101581575 29.034090042114258 0
1732101596492 29.108816146850586 0
1732101611517 29.47643280029297 0
1732101626475 29.17853355407715 0
1732101641490 29.159700393676758 0
1732101656409 28.94096565246582 0
1732101671421 29.072582244873047 0
1732101686336 29.410633087158203 0
1732101701371 29.23291015625 0
1732101716286 28.799062728881836 0
1732101731299 28.8347110748291 0
1732101746227 29.666522979736328 0
1732101761248 28.94418716430664 0
1732101776500 29.255924224853516 0
1732101791511 29.27723503112793 0
1732101806409 28.938833236694336 0
1732101821428 29.38458251953125 0
1732101836358 29.64068031311035 0
1732101851392 29.72194480895996 0
1732101866312 29.631607055664062 0
1732101881324 29.55828285217285 0
1732101896269 28.950082778930664 0
1732101911280 29.77267837524414 0
1732101926194 29.17742347717285 0
1732101941229 29.077367782592773 0
1732101956145 29.099899291992188 0
1732101971166 28.79115104675293 0
1732101986083 29.075613021850586 0
