1732098565959 0.0013052427675575018 0
1732098585733 0.0006432343507185578 0
1732098605330 0.0004192972555756569 0
1732098624963 0.00037292996421456337 0
1732098644376 0.0003545967338141054 0
1732098663817 0.0003464039182290435 0
1732098683153 0.00030720746144652367 0
1732098702559 0.0003157483588438481 0
1732098721849 0.0002121262950822711 0
1732098741140 0.00028206693241372705 0
1732098760378 0.00024137736181728542 0
1732098779602 0.0003141647030133754 0
1732098798778 0.0003031535306945443 0
1732098818024 0.00024841961567290127 0
1732098837149 0.00019915001757908612 0
1732098854331 0.0002417887153569609 0
1732098871502 0.0002166066551581025 0
1732098888660 0.0002231452672276646 0
1732098905816 0.00021860396373085678 0
1732098922952 0.0002019924286287278 0
1732098940074 0.00023059110390022397 0
1732098957224 0.00021471671061590314 0
1732098973648 0.00021693148300983012 0
1732098989658 0.00018160857143811882 0
1732099005753 0.00015154582797549665 0
1732099021879 0.0001513703027740121 0
1732099038019 0.00025808822829276323 0
1732099054038 0.00011937471572309732 0
1732099070162 0.0002259216271340847 0
1732099086329 0.00014483627455774695 0
1732099101818 0.00022831377282273024 0
1732099117294 0.00016952221631072462 0
1732099132758 0.00020672395476140082 0
1732099148198 0.00017445682897232473 0
1732099163659 0.0002104828745359555 0
1732099179128 0.00012028950004605576 0
1732099194564 0.00017434897017665207 0
1732099209649 0.00013653215137310326 0
1732099224754 0.00017720604955684394 0
1732099239756 0.0001572076289448887 0
1732099254842 0.00011081986303906888 0
1732099269845 0.0001203111169161275 0
1732099284964 0.0001526910491520539 0
1732099299961 0.00012039598368573934 0
1732099315370 0.00012836199312005192 0
1732099330363 0.0001395947183482349 0
1732099345445 0.00012486916966736317 0
1732099360426 0.0001543923281133175 0
1732099375525 0.00011571418872335926 0
1732099390504 0.0001370567042613402 0
1732099405584 0.00013024092186242342 0
1732099420559 0.00013545056572183967 0
1732099435645 0.00015462617739103734 0
1732099450604 0.00011604049359448254 0
1732099465664 0.0001304422621615231 0
1732099480660 0.00012716310448013246 0
1732099495736 0.00012752178008668125 0
1732099510707 0.00012169433466624469 0
1732099525798 0.0001209810288855806 0
1732099541142 0.00013016605225857347 0
1732099556205 0.00011585048923734576 0
1732099571181 0.00011239995365031064 0
1732099586241 0.00011840598017442971 0
1732099601211 9.447170305065811e-05 0
1732099616265 0.00012080873420927674 0
1732099631226 0.00012789966422133148 0
1732099646304 0.0001466256071580574 0
1732099661254 0.00012127503578085452 0
1732099676305 0.00010480511991772801 0
1732099691275 9.653715824242681e-05 0
1732099706363 0.0001303806493524462 0
1732099721315 0.00013980024959892035 0
1732099736401 0.00010428654786664993 0
1732099751367 0.00011603519669733942 0
1732099766748 0.0001226801105076447 0
1732099781719 0.0001124129630625248 0
1732099796780 0.00011216121492907405 0
1732099811738 0.00010343660687794909 0
1732099826828 0.00011276577424723655 0
1732099841799 0.00010259711416438222 0
1732099856849 9.242982923751697e-05 0
1732099871816 0.00012710271403193474 0
1732099886853 0.00012273277388885617 0
1732099901827 9.391446656081825e-05 0
1732099916901 9.460696310270578e-05 0
1732099931859 0.00011672051914501935 0
1732099946928 9.904328908305615e-05 0
1732099961908 0.00012342463014647365 0
1732099977271 0.00013246988237369806 0
1732099992232 8.709789835847914e-05 0
1732100007282 9.87790699582547e-05 0
1732100022249 0.00010408853995613754 0
1732100037308 0.0001044265300151892 0
1732100052290 9.616579336579889e-05 0
1732100067357 9.581708582118154e-05 0
1732100082323 0.0001104093316826038 0
1732100097367 7.81165508669801e-05 0
1732100112359 0.00010355276026530191 0
1732100127411 0.0001128844523918815 0
1732100142386 0.00010907973046414554 0
1732100157453 9.558997408021241e-05 0
1732100172419 9.796571976039559e-05 0
1732100187482 8.521002746419981e-05 0
1732100202809 8.7233456724789e-05 0
1732100217859 0.00010120109072886407 0
1732100232845 8.919776155380532e-05 0
1732100247905 9.557822340866551e-05 0
1732100262888 9.611416317056865e-05 0
1732100277958 0.00010604467388475314 0
1732100292964 0.00012986849469598383 0
1732100308021 9.76760929916054e-05 0
1732100322989 0.00010169189044972882 0
1732100338050 9.899530414259061e-05 0
1732100353041 7.619964162586257e-05 0
1732100368109 8.300979970954359e-05 0
1732100383082 0.00010967615526169538 0
1732100398135 9.62900958256796e-05 0
1732100413115 9.666104597272351e-05 0
1732100428472 9.28113076952286e-05 0
1732100443426 9.354900976177305e-05 0
1732100458483 0.00010493640729691833 0
1732100473459 0.00010954041499644518 0
1732100488513 8.609212090959772e-05 0
1732100503452 0.0001134763442678377 0
1732100518498 6.337153899949044e-05 0
1732100533450 0.00010402990301372483 0
1732100548487 8.215861453209072e-05 0
1732100563428 0.00010862198541872203 0
1732100578484 8.43779489514418e-05 0
1732100593451 0.00010559256770648062 0
1732100608493 9.880233847070485e-05 0
1732100623455 9.989024692913517e-05 0
1732100638516 7.428386015817523e-05 0
1732100664949 7.69846374168992e-05 0
1732100679983 8.588761556893587e-05 0
1732100694918 0.00011374996392987669 0
1732100709944 7.19588715583086e-05 0
1732100724888 8.914488716982305e-05 0
1732100739938 7.317130803130567e-05 0
1732100754908 8.563559094909579e-05 0
1732100769932 8.429575245827436e-05 0
1732100784904 8.938813698478043e-05 0
1732100799936 8.165957115124911e-05 0
1732100814881 7.026614912319928e-05 0
1732100829933 6.596462480956689e-05 0
1732100844890 7.741012814221904e-05 0
1732100859927 8.109610644169152e-05 0
1732100874891 8.786135003902018e-05 0
1732100890278 7.469682896044105e-05 0
1732100905233 8.939803228713572e-05 0
1732100920281 8.866561984177679e-05 0
1732100935245 7.851135887904093e-05 0
1732100950281 7.217110396595672e-05 0
1732100965223 7.424218347296119e-05 0
1732100980296 7.84683070378378e-05 0
1732100995250 8.409083966398612e-05 0
1732101010305 9.14481352083385e-05 0
1732101025289 8.979492849903181e-05 0
1732101040328 7.58621608838439e-05 0
1732101055269 6.378028774634004e-05 0
1732101070317 7.12226756149903e-05 0
1732101085272 7.930357242003083e-05 0
1732101100640 9.656291513238102e-05 0
1732101115619 9.56294170464389e-05 0
1732101130679 7.481371721951291e-05 0
1732101145635 8.720875484868884e-05 0
1732101160648 8.478703966829926e-05 0
1732101175601 8.014570630621165e-05 0
1732101190661 7.95249652583152e-05 0
1732101205609 7.433231803588569e-05 0
1732101220630 6.668624700978398e-05 0
1732101235583 8.553897350793704e-05 0
1732101250637 8.360411447938532e-05 0
1732101265581 7.583554543089122e-05 0
1732101280613 6.424684397643432e-05 0
1732101295553 5.915477959206328e-05 0
1732101310587 6.615495658479631e-05 0
1732101325880 6.591787678189576e-05 0
1732101340927 7.402082701446488e-05 0
1732101355909 6.426143227145076e-05 0
1732101370956 7.848960376577452e-05 0
1732101385902 6.494499393738806e-05 0
1732101400948 8.563731535105035e-05 0
1732101415894 6.794247019570321e-05 0
1732101430941 0.00010598012886475772 0
1732101445893 6.395739183062688e-05 0
1732101460970 7.12305773049593e-05 0
1732101475949 5.7165561884175986e-05 0
1732101490982 8.121597784338519e-05 0
1732101505928 6.089507951401174e-05 0
1732101520950 8.169486682163551e-05 0
1732101535884 5.7172754168277606e-05 0
1732101551636 7.488884148187935e-05 0
1732101566570 6.027036943123676e-05 0
1732101581577 5.8246580010745674e-05 0
1732101596495 7.108648424036801e-05 0
1732101611519 6.453819514717907e-05 0
1732101626477 5.735105514759198e-05 0
1732101641492 8.839735528454185e-05 0
1732101656411 9.101456089410931e-05 0
1732101671423 8.284956857096404e-05 0
1732101686338 7.037235627649352e-05 0
1732101701373 7.20830139471218e-05 0
1732101716288 6.538927846122533e-05 0
1732101731301 7.613241905346513e-05 0
1732101746229 6.516881694551557e-05 0
1732101761251 6.810351624153554e-05 0
1732101776502 5.067406891612336e-05 0
1732101791513 7.482986256945878e-05 0
1732101806411 6.42226223135367e-05 0
1732101821431 8.521528798155487e-05 0
1732101836360 5.455507562146522e-05 0
1732101851394 8.07011965662241e-05 0
1732101866314 6.775221118004993e-05 0
1732101881326 6.71644156682305e-05 0
1732101896271 7.327743514906615e-05 0
1732101911282 5.854321352671832e-05 0
1732101926196 6.782152922824025e-05 0
1732101941231 6.861930887680501e-05 0
1732101956148 7.536771590821445e-05 0
1732101971168 7.65263830544427e-05 0
1732101986085 8.229547529481351e-05 0
