1727814567336 0.00034435681300237775 0
1727814572281 0.00019910807895939797 0
1727814577215 0.00015947619976941496 0
1727814582149 0.00014206445484887809 0
1727814587072 0.00012126699584769085 0
1727814591997 0.00011284231732133776 0
1727814596912 0.00010252258653054014 0
1727814601843 0.00010420136823086068 0
1727814606750 9.330295870313421e-05 0
1727814611675 8.908414019970223e-05 0
1727814616587 8.850493759382516e-05 0
1727814621503 8.344902016688138e-05 0
1727814626411 8.20572386146523e-05 0
1727814631335 7.898240437498316e-05 0
