1727814567330 0.17217840254306793 0
1727814572279 0.09955403208732605 0
1727814577212 0.07973809540271759 0
1727814582148 0.07103222608566284 0
1727814587069 0.060633495450019836 0
1727814591995 0.05642115697264671 0
1727814596910 0.0512612909078598 0
1727814601841 0.05210068076848984 0
1727814606748 0.04665147885680199 0
1727814611673 0.044542066752910614 0
1727814616585 0.04425246641039848 0
1727814621501 0.04172450676560402 0
1727814626408 0.041028618812561035 0
1727814631333 0.0394911989569664 0
