1727814567336 0.0010461693163961172 0
1727814572281 0.0002760114148259163 0
1727814577215 0.0001865983213065192 0
1727814582149 0.0001906483666971326 0
1727814587072 0.0002388859575148672 0
1727814591997 0.00016054957814048976 0
1727814596912 0.00015757950313854963 0
1727814601843 0.00018204965454060584 0
1727814606750 0.00014781711797695607 0
1727814611675 0.00017905593267641962 0
1727814616587 0.00016307957412209362 0
1727814621503 0.00019912836432922632 0
1727814626411 0.00017728086095303297 0
1727814631335 0.00018153368728235364 0
