1727814567336 0.0005393771571107209 0
1727814572281 0.00029249201179482043 0
1727814577215 0.0002806522243190557 0
1727814582149 0.00023208683705888689 0
1727814587072 0.0002082859427900985 0
1727814591997 0.00018274603644385934 0
1727814596912 0.00016398943262174726 0
1727814601843 0.00019275842350907624 0
1727814606750 0.00017882921383716166 0
1727814611675 0.00018891850777436048 0
1727814616587 0.00017767517419997603 0
1727814621503 0.00016393198166042566 0
1727814626411 0.0003852433292195201 0
1727814631335 0.00018863126751966774 0
