1731955664453 1.7880204916000366 0
1731955684737 0.9616679549217224 0
1731955704855 0.9755348563194275 0
1731955725119 0.8878835439682007 0
1731955745277 0.7586595416069031 0
1731955765518 0.8232292532920837 0
1731955785694 0.6692938804626465 0
1731955805970 0.6609363555908203 0
1731955826155 0.7122007608413696 0
1731955846462 0.6068400144577026 0
1731955866658 0.5905753970146179 0
1731955886963 0.6055288314819336 0
1731955907189 0.6938934326171875 0
1731955927496 0.7975357174873352 0
1731955947579 0.7400936484336853 0
1731955965500 0.8278707265853882 0
1731955983434 0.9521459341049194 0
1731956001392 0.7819120287895203 0
1731956019307 0.864067018032074 0
1731956037231 0.9600602984428406 0
1731956055157 0.9532184600830078 0
1731956073085 1.0937081575393677 0
1731956090175 1.0464609861373901 0
1731956106845 0.9775415062904358 0
1731956123636 1.0110523700714111 0
1731956140417 1.1314369440078735 0
1731956157208 1.047937035560608 0
1731956173862 1.1226115226745605 0
1731956190635 1.0778043270111084 0
1731956207658 1.1420278549194336 0
1731956223711 1.1047084331512451 0
1731956239761 1.1608222723007202 0
1731956255827 1.160277247428894 0
1731956271876 1.0485951900482178 0
1731956287950 1.1298341751098633 0
1731956303981 1.2253831624984741 0
1731956320030 1.1905677318572998 0
1731956335681 1.1763219833374023 0
1731956351327 1.2050817012786865 0
1731956366872 1.2004646062850952 0
1731956382535 1.224184513092041 0
1731956398076 1.2122005224227905 0
1731956413732 1.2506251335144043 0
1731956429277 1.210099220275879 0
1731956445253 1.2415043115615845 0
1731956460821 1.3007824420928955 0
1731956476461 1.2775013446807861 0
1731956491999 1.2715359926223755 0
1731956507648 1.2333470582962036 0
1731956523194 1.2256441116333008 0
1731956538814 1.2876670360565186 0
1731956554362 1.2339096069335938 0
1731956570004 1.2802307605743408 0
1731956585552 1.2596389055252075 0
1731956601192 1.3185505867004395 0
1731956616711 1.2754933834075928 0
1731956632353 1.2925083637237549 0
1731956647905 1.2816141843795776 0
1731956663548 1.3083566427230835 0
1731956679409 1.2878108024597168 0
1731956695066 1.2795532941818237 0
1731956710619 1.2440242767333984 0
1731956726266 1.3668920993804932 0
1731956741809 1.2630436420440674 0
1731956757467 1.3314924240112305 0
1731956773008 1.3273375034332275 0
1731956788655 1.3282722234725952 0
1731956804252 1.3439351320266724 0
1731956819904 1.3031376600265503 0
1731956835449 1.3046480417251587 0
1731956851118 1.353821873664856 0
1731956866652 1.3134223222732544 0
1731956882305 1.2938528060913086 0
1731956897839 1.3843415975570679 0
1731956913819 1.3692991733551025 0
1731956929381 1.3322806358337402 0
1731956945031 1.2720763683319092 0
1731956960606 1.3564707040786743 0
1731956976277 1.3421779870986938 0
1731956991828 1.3384476900100708 0
1731957007503 1.291877269744873 0
1731957023059 1.3837201595306396 0
1731957038706 1.38327956199646 0
1731957054256 1.3306500911712646 0
1731957069917 1.3650023937225342 0
1731957085464 1.330655574798584 0
1731957101131 1.3241517543792725 0
1731957116693 1.3571323156356812 0
1731957132664 1.329885721206665 0
1731957148223 1.3512182235717773 0
1731957163888 1.329974889755249 0
1731957179443 1.309680700302124 0
1731957195106 1.318221926689148 0
1731957210667 1.3497750759124756 0
1731957226315 1.3530393838882446 0
1731957241878 1.324819564819336 0
1731957257545 1.373818278312683 0
1731957273077 1.3347212076187134 0
1731957288742 1.3313703536987305 0
1731957304304 1.3487221002578735 0
1731957319978 1.3630677461624146 0
1731957335543 1.3201059103012085 0
1731957351233 1.2987016439437866 0
1731957367084 1.344864010810852 0
1731957382775 1.374513030052185 0
1731957398342 1.337829351425171 0
1731957413988 1.368992805480957 0
1731957429522 1.361976981163025 0
1731957445158 1.362596869468689 0
1731957460717 1.3491853475570679 0
1731957476378 1.334402084350586 0
1731957491912 1.332663893699646 0
1731957507578 1.3225997686386108 0
1731957523145 1.353495717048645 0
1731957538804 1.3778282403945923 0
1731957554342 1.3404667377471924 0
1731957569996 1.3049407005310059 0
1731957585552 1.3517048358917236 0
1731957601505 1.346244215965271 0
1731957617070 1.3437285423278809 0
1731957632736 1.3540445566177368 0
1731957648299 1.349531650543213 0
1731957663949 1.379661202430725 0
1731957679499 1.3595552444458008 0
1731957695146 1.365198016166687 0
1731957710674 1.3681979179382324 0
1731957726304 1.3680088520050049 0
1731957741837 1.3697599172592163 0
1731957757465 1.3799633979797363 0
1731957773003 1.3946152925491333 0
1731957788614 1.345129132270813 0
1731957804145 1.398861289024353 0
1731957819769 1.3634105920791626 0
1731957835610 1.3879379034042358 0
1731957851236 1.3977015018463135 0
1731957866750 1.3749518394470215 0
1731957882388 1.4141350984573364 0
1731957897904 1.3592829704284668 0
1731957913535 1.393541693687439 0
1731957929043 1.3764363527297974 0
1731957944659 1.3767776489257812 0
1731957960188 1.3820834159851074 0
1731957975795 1.3861216306686401 0
1731957991313 1.3946634531021118 0
1731958006923 1.3813190460205078 0
1731958022456 1.3953144550323486 0
1731958038080 1.3889451026916504 0
1731958053595 1.385619044303894 0
1731958069530 1.3774962425231934 0
1731958085050 1.3674571514129639 0
1731958100674 1.3740226030349731 0
1731958116177 1.392277717590332 0
1731958131783 1.352805495262146 0
1731958147295 1.4085311889648438 0
1731958162894 1.381155252456665 0
1731958178407 1.3571752309799194 0
1731958194009 1.3939299583435059 0
1731958209518 1.3809772729873657 0
1731958225122 1.4003369808197021 0
1731958240618 1.376131296157837 0
1731958256217 1.3638173341751099 0
1731958271722 1.4013761281967163 0
1731958287652 1.3736088275909424 0
1731958303123 1.4071130752563477 0
1731958318728 1.3860244750976562 0
1731958334218 1.391475796699524 0
1731958349826 1.4146775007247925 0
1731958365322 1.4070414304733276 0
1731958380925 1.4198261499404907 0
1731958396432 1.3985713720321655 0
1731958412040 1.4076008796691895 0
1731958427547 1.4082551002502441 0
1731958443169 1.4027767181396484 0
1731958458676 1.4002494812011719 0
1731958474293 1.4019055366516113 0
1731958489790 1.4017460346221924 0
1731958505389 1.4093377590179443 0
1731958521184 1.3975276947021484 0
1731958536799 1.4007171392440796 0
1731958552294 1.4017696380615234 0
1731958567880 1.4032912254333496 0
1731958583375 1.3913859128952026 0
1731958598964 1.3948466777801514 0
1731958614468 1.3892403841018677 0
1731958630085 1.426424264907837 0
1731958645595 1.4007526636123657 0
1731958661203 1.4097837209701538 0
1731958676700 1.401279330253601 0
1731958692289 1.417473554611206 0
1731958707773 1.4013222455978394 0
1731958723382 1.426200032234192 0
1731958738852 1.4064617156982422 0
1731958754769 1.4177453517913818 0
1731958770257 1.4112004041671753 0
1731958785859 1.394836664199829 0
1731958801365 1.4077473878860474 0
1731958816978 1.440192699432373 0
1731958832474 1.4037984609603882 0
1731958848060 1.4017187356948853 0
1731958863544 1.4241178035736084 0
1731958879111 1.402054786682129 0
1731958894622 1.3881964683532715 0
1731958910189 1.4099671840667725 0
1731958925688 1.4164352416992188 0
1731958941285 1.4176371097564697 0
1731958956794 1.412856936454773 0
1731958972358 1.4029135704040527 0
1731958988159 1.4128180742263794 0
1731959003761 1.428228735923767 0
1731959019244 1.4186116456985474 0
1731959034842 1.4169769287109375 0
1731959050345 1.4413267374038696 0
1731959065928 1.4418623447418213 0
1731959081427 1.3993185758590698 0
1731959097011 1.4195729494094849 0
1731959112514 1.4300388097763062 0
1731959128109 1.4446122646331787 0
1731959143617 1.4199798107147217 0
1731959159201 1.4351130723953247 0
1731959174696 1.4125417470932007 0
1731959190295 1.4340578317642212 0
1731959205777 1.427831768989563 0
