1731955664453 0.01860891655087471 0
1731955684737 0.019863002002239227 0
1731955704855 0.019737377762794495 0
1731955725119 0.01905710995197296 0
1731955745277 0.01876012608408928 0
1731955765518 0.01802738942205906 0
1731955785694 0.017790857702493668 0
1731955805970 0.01736992597579956 0
1731955826155 0.016851693391799927 0
1731955846462 0.01663210056722164 0
1731955866658 0.01686326414346695 0
1731955886963 0.016652338206768036 0
1731955907189 0.016559209674596786 0
1731955927496 0.016304928809404373 0
1731955947579 0.016816159710288048 0
1731955965500 0.016613971441984177 0
1731955983434 0.016554661095142365 0
1731956001392 0.016435861587524414 0
1731956019307 0.01684107817709446 0
1731956037231 0.016993694007396698 0
1731956055157 0.017000233754515648 0
1731956073085 0.017366256564855576 0
1731956090175 0.017167992889881134 0
1731956106845 0.0170457661151886 0
1731956123636 0.01731274463236332 0
1731956140417 0.01709868758916855 0
1731956157208 0.017146943137049675 0
1731956173862 0.017494838684797287 0
1731956190635 0.01757550612092018 0
1731956207658 0.017544221132993698 0
1731956223711 0.017512980848550797 0
1731956239761 0.01759950816631317 0
1731956255827 0.017615674063563347 0
1731956271876 0.017704768106341362 0
1731956287950 0.017537159845232964 0
1731956303981 0.017984839156270027 0
1731956320030 0.01763060688972473 0
1731956335681 0.017693566158413887 0
1731956351327 0.01771286316215992 0
1731956366872 0.01778498664498329 0
1731956382535 0.017901038751006126 0
1731956398076 0.017424089834094048 0
1731956413732 0.017659487202763557 0
1731956429277 0.017748108133673668 0
1731956445253 0.01777747832238674 0
1731956460821 0.017814958468079567 0
1731956476461 0.0181416105479002 0
1731956491999 0.0176389217376709 0
1731956507648 0.0179800633341074 0
1731956523194 0.018084097653627396 0
1731956538814 0.017923949286341667 0
1731956554362 0.017885355278849602 0
1731956570004 0.017925884574651718 0
1731956585552 0.018117297440767288 0
1731956601192 0.01801452785730362 0
1731956616711 0.018072793260216713 0
1731956632353 0.018048955127596855 0
1731956647905 0.018176989629864693 0
1731956663548 0.018274834379553795 0
1731956679409 0.017873818054795265 0
1731956695066 0.018278807401657104 0
1731956710619 0.01814987137913704 0
1731956726266 0.01778498850762844 0
1731956741809 0.018262295052409172 0
1731956757467 0.018132023513317108 0
1731956773008 0.01780933514237404 0
1731956788655 0.01796860434114933 0
1731956804252 0.01795470155775547 0
1731956819904 0.01810280606150627 0
1731956835449 0.018057890236377716 0
1731956851118 0.018050402402877808 0
1731956866652 0.018274256959557533 0
1731956882305 0.017942294478416443 0
1731956897839 0.018031418323516846 0
1731956913819 0.01819356344640255 0
1731956929381 0.018109874799847603 0
1731956945031 0.018327325582504272 0
1731956960606 0.018157312646508217 0
1731956976277 0.01800072006881237 0
1731956991828 0.018234632909297943 0
1731957007503 0.017987767234444618 0
1731957023059 0.01806824654340744 0
1731957038706 0.018021784722805023 0
1731957054256 0.018022717908024788 0
1731957069917 0.017836516723036766 0
1731957085464 0.018115103244781494 0
1731957101131 0.01814769022166729 0
1731957116693 0.018222622573375702 0
1731957132664 0.018200868740677834 0
1731957148223 0.017901916056871414 0
1731957163888 0.01809919998049736 0
1731957179443 0.01828518696129322 0
1731957195106 0.01825854368507862 0
1731957210667 0.018098128959536552 0
1731957226315 0.018139906227588654 0
1731957241878 0.018234536051750183 0
1731957257545 0.018191855400800705 0
1731957273077 0.018059711903333664 0
1731957288742 0.018017571419477463 0
1731957304304 0.01813598722219467 0
1731957319978 0.018162280321121216 0
1731957335543 0.018070297315716743 0
1731957351233 0.0182839073240757 0
1731957367084 0.01821477711200714 0
1731957382775 0.018235092982649803 0
1731957398342 0.018353616818785667 0
1731957413988 0.018211157992482185 0
1731957429522 0.01814538612961769 0
1731957445158 0.018237881362438202 0
1731957460717 0.018189916387200356 0
1731957476378 0.018102524802088737 0
1731957491912 0.018205806612968445 0
1731957507578 0.018206918612122536 0
1731957523145 0.01827353611588478 0
1731957538804 0.01823127642273903 0
1731957554342 0.01837337017059326 0
1731957569996 0.018330559134483337 0
1731957585552 0.018116559833288193 0
1731957601505 0.018193528056144714 0
1731957617070 0.018207620829343796 0
1731957632736 0.018343662843108177 0
1731957648299 0.018402744084596634 0
1731957663949 0.018156323581933975 0
1731957679499 0.0181744322180748 0
1731957695146 0.01833026111125946 0
1731957710674 0.01835930161178112 0
1731957726304 0.0183635912835598 0
1731957741837 0.0180884450674057 0
1731957757465 0.01826520264148712 0
1731957773003 0.0182186309248209 0
1731957788614 0.018133217468857765 0
1731957804145 0.018212227150797844 0
1731957819769 0.018215036019682884 0
1731957835610 0.018291648477315903 0
1731957851236 0.018290245905518532 0
1731957866750 0.018149033188819885 0
1731957882388 0.01818653754889965 0
1731957897904 0.018288705497980118 0
1731957913535 0.01829051785171032 0
1731957929043 0.018214764073491096 0
1731957944659 0.018293851986527443 0
1731957960188 0.018202319741249084 0
1731957975795 0.018311139196157455 0
1731957991313 0.018205834552645683 0
1731958006923 0.018307719379663467 0
1731958022456 0.018215248361229897 0
1731958038080 0.018459998071193695 0
1731958053595 0.01821507327258587 0
1731958069530 0.01836998574435711 0
1731958085050 0.01821071282029152 0
1731958100674 0.01816652901470661 0
1731958116177 0.018186725676059723 0
1731958131783 0.018332792446017265 0
1731958147295 0.01832265965640545 0
1731958162894 0.01829354465007782 0
1731958178407 0.018210021778941154 0
1731958194009 0.018266139551997185 0
1731958209518 0.018207306042313576 0
1731958225122 0.018323414027690887 0
1731958240618 0.01836365833878517 0
1731958256217 0.01832462102174759 0
1731958271722 0.018308352679014206 0
1731958287652 0.018335562199354172 0
1731958303123 0.018231768161058426 0
1731958318728 0.01825447380542755 0
1731958334218 0.018299655988812447 0
1731958349826 0.018271999433636665 0
1731958365322 0.0182251688092947 0
1731958380925 0.018271224573254585 0
1731958396432 0.018325621262192726 0
1731958412040 0.018300054594874382 0
1731958427547 0.018307330086827278 0
1731958443169 0.018332142382860184 0
1731958458676 0.018388820812106133 0
1731958474293 0.01831868477165699 0
1731958489790 0.01820979081094265 0
1731958505389 0.018322812393307686 0
1731958521184 0.01829865574836731 0
1731958536799 0.018306253477931023 0
1731958552294 0.01827002875506878 0
1731958567880 0.018341049551963806 0
1731958583375 0.018237721174955368 0
1731958598964 0.01821436919271946 0
1731958614468 0.018335139378905296 0
1731958630085 0.01825655996799469 0
1731958645595 0.018331406638026237 0
1731958661203 0.01821938343346119 0
1731958676700 0.018246743828058243 0
1731958692289 0.018220609053969383 0
1731958707773 0.018293678760528564 0
1731958723382 0.0182407908141613 0
1731958738852 0.018334506079554558 0
1731958754769 0.01826891116797924 0
1731958770257 0.01830327697098255 0
1731958785859 0.018341874703764915 0
1731958801365 0.018319865688681602 0
1731958816978 0.01829415000975132 0
1731958832474 0.018318748101592064 0
1731958848060 0.018307119607925415 0
1731958863544 0.018443889915943146 0
1731958879111 0.01832658238708973 0
1731958894622 0.018277224153280258 0
1731958910189 0.018327517434954643 0
1731958925688 0.018287664279341698 0
1731958941285 0.018349237740039825 0
1731958956794 0.01838134042918682 0
1731958972358 0.018404992297291756 0
1731958988159 0.0183639507740736 0
1731959003761 0.018375596031546593 0
1731959019244 0.01833832450211048 0
1731959034842 0.018308453261852264 0
1731959050345 0.018416402861475945 0
1731959065928 0.018371092155575752 0
1731959081427 0.018460381776094437 0
1731959097011 0.01836397498846054 0
1731959112514 0.01835334487259388 0
1731959128109 0.018375230953097343 0
1731959143617 0.018419302999973297 0
1731959159201 0.018407084047794342 0
1731959174696 0.018409322947263718 0
1731959190295 0.01837729662656784 0
1731959205777 0.01848231628537178 0
