1731955664453 0.2577361464500427 0
1731955684737 0.18555288016796112 0
1731955704855 0.12119866907596588 0
1731955725119 0.098198801279068 0
1731955745277 0.08343228697776794 0
1731955765518 0.0766778290271759 0
1731955785694 0.06866176426410675 0
1731955805970 0.06244086101651192 0
1731955826155 0.060104064643383026 0
1731955846462 0.05822959542274475 0
1731955866658 0.05648871511220932 0
1731955886963 0.05324927344918251 0
1731955907189 0.05125604569911957 0
1731955927496 0.052006036043167114 0
1731955947579 0.0504925400018692 0
1731955965500 0.04890068992972374 0
1731955983434 0.04728316888213158 0
1731956001392 0.04659382626414299 0
1731956019307 0.045194510370492935 0
1731956037231 0.04457174241542816 0
1731956055157 0.043682485818862915 0
1731956073085 0.04422852769494057 0
1731956090175 0.04149024188518524 0
1731956106845 0.04195019602775574 0
1731956123636 0.04191131517291069 0
1731956140417 0.04118048772215843 0
1731956157208 0.03986191377043724 0
1731956173862 0.04018981754779816 0
1731956190635 0.03929533064365387 0
1731956207658 0.039665304124355316 0
1731956223711 0.03903305530548096 0
1731956239761 0.03720555827021599 0
1731956255827 0.03821186721324921 0
1731956271876 0.037906941026449203 0
1731956287950 0.0374654158949852 0
1731956303981 0.036489974707365036 0
1731956320030 0.03814554959535599 0
1731956335681 0.03693978488445282 0
1731956351327 0.03685430437326431 0
1731956366872 0.035283319652080536 0
1731956382535 0.03502492606639862 0
1731956398076 0.03570512309670448 0
1731956413732 0.0342085026204586 0
1731956429277 0.03410510718822479 0
1731956445253 0.03393002599477768 0
1731956460821 0.033437639474868774 0
1731956476461 0.03270353376865387 0
1731956491999 0.032460443675518036 0
1731956507648 0.033106692135334015 0
1731956523194 0.03299770504236221 0
1731956538814 0.03185256943106651 0
1731956554362 0.03123951330780983 0
1731956570004 0.0311431884765625 0
1731956585552 0.030502207577228546 0
1731956601192 0.030289918184280396 0
1731956616711 0.02967594936490059 0
1731956632353 0.029728282243013382 0
1731956647905 0.02877611294388771 0
1731956663548 0.028596632182598114 0
1731956679409 0.029437411576509476 0
1731956695066 0.027207346633076668 0
1731956710619 0.02766585350036621 0
1731956726266 0.027422264218330383 0
1731956741809 0.026488861069083214 0
1731956757467 0.026637878268957138 0
1731956773008 0.026261355727910995 0
1731956788655 0.026076044887304306 0
1731956804252 0.025575459003448486 0
1731956819904 0.02496400475502014 0
1731956835449 0.024878613650798798 0
1731956851118 0.02447100356221199 0
1731956866652 0.02469376102089882 0
1731956882305 0.02484237402677536 0
1731956897839 0.024570289999246597 0
1731956913819 0.024148304015398026 0
1731956929381 0.023534994572401047 0
1731956945031 0.02272762730717659 0
1731956960606 0.023157455027103424 0
1731956976277 0.02257649227976799 0
1731956991828 0.02178909257054329 0
1731957007503 0.02181272953748703 0
1731957023059 0.022268373519182205 0
1731957038706 0.021194273605942726 0
1731957054256 0.021611325442790985 0
1731957069917 0.021102745085954666 0
1731957085464 0.021109919995069504 0
1731957101131 0.02085125632584095 0
1731957116693 0.02107783779501915 0
1731957132664 0.019926097244024277 0
1731957148223 0.02042127214372158 0
1731957163888 0.019778022542595863 0
1731957179443 0.021431047469377518 0
1731957195106 0.020346347242593765 0
1731957210667 0.019607916474342346 0
1731957226315 0.020333915948867798 0
1731957241878 0.019933141767978668 0
1731957257545 0.018978601321578026 0
1731957273077 0.01950468122959137 0
1731957288742 0.019185956567525864 0
1731957304304 0.018388694152235985 0
1731957319978 0.018879875540733337 0
1731957335543 0.01854645647108555 0
1731957351233 0.018100783228874207 0
1731957367084 0.017779935151338577 0
1731957382775 0.018182620406150818 0
1731957398342 0.017381787300109863 0
1731957413988 0.017583254724740982 0
1731957429522 0.01713653840124607 0
1731957445158 0.016784721985459328 0
1731957460717 0.017087681218981743 0
1731957476378 0.01673322543501854 0
1731957491912 0.017137747257947922 0
1731957507578 0.016439199447631836 0
1731957523145 0.01582692563533783 0
1731957538804 0.016475070267915726 0
1731957554342 0.01646892912685871 0
1731957569996 0.016104627400636673 0
1731957585552 0.015765609219670296 0
1731957601505 0.016073232516646385 0
1731957617070 0.016039196401834488 0
1731957632736 0.015392857603728771 0
1731957648299 0.0156930610537529 0
1731957663949 0.015582029707729816 0
1731957679499 0.014683572575449944 0
1731957695146 0.015454405918717384 0
1731957710674 0.015167873352766037 0
1731957726304 0.01561891008168459 0
1731957741837 0.015051075257360935 0
1731957757465 0.014236475341022015 0
1731957773003 0.015130533836781979 0
1731957788614 0.014467976987361908 0
1731957804145 0.01471291109919548 0
1731957819769 0.014741919934749603 0
1731957835610 0.014398484490811825 0
1731957851236 0.014304209500551224 0
1731957866750 0.014444349333643913 0
1731957882388 0.014605751261115074 0
1731957897904 0.014425373636186123 0
1731957913535 0.014087341725826263 0
1731957929043 0.014380330219864845 0
1731957944659 0.014039518311619759 0
1731957960188 0.01447962038218975 0
1731957975795 0.013902935199439526 0
1731957991313 0.01364942267537117 0
1731958006923 0.013828873634338379 0
1731958022456 0.013505014590919018 0
1731958038080 0.013498309999704361 0
1731958053595 0.013087674975395203 0
1731958069530 0.013503829948604107 0
1731958085050 0.013558262027800083 0
1731958100674 0.013124882243573666 0
1731958116177 0.013521445915102959 0
1731958131783 0.01303080003708601 0
1731958147295 0.013083791360259056 0
1731958162894 0.01278694998472929 0
1731958178407 0.013221916742622852 0
1731958194009 0.013280784711241722 0
1731958209518 0.013046316802501678 0
1731958225122 0.01279793307185173 0
1731958240618 0.013023827224969864 0
1731958256217 0.01309417374432087 0
1731958271722 0.012371830642223358 0
1731958287652 0.012487199157476425 0
1731958303123 0.013025317341089249 0
1731958318728 0.01269687619060278 0
1731958334218 0.012463994324207306 0
1731958349826 0.01243613287806511 0
1731958365322 0.012651401571929455 0
1731958380925 0.01249343529343605 0
1731958396432 0.012333950027823448 0
1731958412040 0.012270107865333557 0
1731958427547 0.012606492266058922 0
1731958443169 0.012309323996305466 0
1731958458676 0.012452345341444016 0
1731958474293 0.012303643859922886 0
1731958489790 0.012209400534629822 0
1731958505389 0.012248365208506584 0
1731958521184 0.012307674624025822 0
1731958536799 0.012685509398579597 0
1731958552294 0.01222873292863369 0
1731958567880 0.01167888194322586 0
1731958583375 0.011957056820392609 0
1731958598964 0.011844873428344727 0
1731958614468 0.011812061071395874 0
1731958630085 0.011875240132212639 0
1731958645595 0.01130443811416626 0
1731958661203 0.012077858671545982 0
1731958676700 0.011582311242818832 0
1731958692289 0.011418821290135384 0
1731958707773 0.012219059281051159 0
1731958723382 0.01177394948899746 0
1731958738852 0.011934170499444008 0
1731958754769 0.012145035900175571 0
1731958770257 0.01159905269742012 0
1731958785859 0.011945596896111965 0
1731958801365 0.01190632302314043 0
1731958816978 0.011527454480528831 0
1731958832474 0.011180998757481575 0
1731958848060 0.012181438505649567 0
1731958863544 0.01138983853161335 0
1731958879111 0.011538959108293056 0
1731958894622 0.01140601933002472 0
1731958910189 0.011311826296150684 0
1731958925688 0.011671384796500206 0
1731958941285 0.011107923462986946 0
1731958956794 0.011296786367893219 0
1731958972358 0.011384502053260803 0
1731958988159 0.011259724386036396 0
1731959003761 0.011178427375853062 0
1731959019244 0.011404561810195446 0
1731959034842 0.011122357100248337 0
1731959050345 0.011327436193823814 0
1731959065928 0.011110426858067513 0
1731959081427 0.01084725372493267 0
1731959097011 0.010708778165280819 0
1731959112514 0.011128063313663006 0
1731959128109 0.011194916442036629 0
1731959143617 0.01129966415464878 0
1731959159201 0.010865402407944202 0
1731959174696 0.011015155352652073 0
1731959190295 0.010945584625005722 0
1731959205777 0.01078328862786293 0
