1731955664457 0.0005154723185114563 0
1731955684740 0.00037110576522536576 0
1731955704858 0.00024239734921138734 0
1731955725121 0.0001963976101251319 0
1731955745279 0.00016686458548065275 0
1731955765521 0.00015335566422436386 0
1731955785696 0.00013732352817896754 0
1731955805973 0.00012488172797020525 0
1731955826157 0.00012020813301205635 0
1731955846464 0.00011645919585134834 0
1731955866660 0.00011297743913019076 0
1731955886965 0.00010649855539668351 0
1731955907192 0.00010251209459966049 0
1731955927498 0.00010401207691757008 0
1731955947582 0.0001009850820992142 0
1731955965503 9.780138498172164e-05 0
1731955983436 9.456634143134579e-05 0
1731956001394 9.318765660282224e-05 0
1731956019309 9.038902499014512e-05 0
1731956037233 8.914349018596113e-05 0
1731956055159 8.736497693462297e-05 0
1731956073088 8.845706179272383e-05 0
1731956090177 8.298048487631604e-05 0
1731956106847 8.390039874939248e-05 0
1731956123638 8.382263331441209e-05 0
1731956140420 8.236098074121401e-05 0
1731956157210 7.972383173182607e-05 0
1731956173865 8.037963561946526e-05 0
1731956190637 7.859066681703553e-05 0
1731956207660 7.933060987852514e-05 0
1731956223713 7.806611392879859e-05 0
1731956239763 7.44111166568473e-05 0
1731956255829 7.642374112037942e-05 0
1731956271878 7.581388490507379e-05 0
1731956287952 7.493083830922842e-05 0
1731956303984 7.297995034605265e-05 0
1731956320032 7.629110041307285e-05 0
1731956335683 7.387957157334313e-05 0
1731956351329 7.370861567324027e-05 0
1731956366875 7.056664617266506e-05 0
1731956382537 7.004985673120245e-05 0
1731956398078 7.141024980228394e-05 0
1731956413734 6.841700815130025e-05 0
1731956429280 6.821021815994754e-05 0
1731956445255 6.786005542380735e-05 0
1731956460823 6.687528366455808e-05 0
1731956476464 6.540706817759201e-05 0
1731956492001 6.492088868981227e-05 0
1731956507650 6.621338980039582e-05 0
1731956523197 6.599541666219011e-05 0
1731956538817 6.370514165610075e-05 0
1731956554364 6.247902638278902e-05 0
1731956570006 6.228638085303828e-05 0
1731956585554 6.100441896705888e-05 0
1731956601194 6.057983773644082e-05 0
1731956616713 5.9351899835746735e-05 0
1731956632355 5.945656812400557e-05 0
1731956647908 5.7552228099666536e-05 0
1731956663550 5.7193268730770797e-05 0
1731956679411 5.887482620892115e-05 0
1731956695068 5.441469693323597e-05 0
1731956710621 5.533171133720316e-05 0
1731956726268 5.484453140525147e-05 0
1731956741811 5.29777244082652e-05 0
1731956757470 5.327575854607858e-05 0
1731956773011 5.252271512290463e-05 0
1731956788657 5.215209239395335e-05 0
1731956804254 5.1150920626241714e-05 0
1731956819907 4.992801041225903e-05 0
1731956835451 4.9757229135138914e-05 0
1731956851120 4.894200901617296e-05 0
1731956866654 4.9387523176847026e-05 0
1731956882308 4.9684749683365226e-05 0
1731956897841 4.914058081340045e-05 0
1731956913821 4.829660974792205e-05 0
1731956929384 4.7069992433534935e-05 0
1731956945033 4.545525735011324e-05 0
1731956960608 4.6314911742229015e-05 0
1731956976279 4.515298496698961e-05 0
1731956991831 4.357818761491217e-05 0
1731957007505 4.362545951153152e-05 0
1731957023061 4.453674773685634e-05 0
1731957038708 4.238855035509914e-05 0
1731957054258 4.32226515840739e-05 0
1731957069919 4.2205490899505094e-05 0
1731957085466 4.221984272589907e-05 0
1731957101134 4.1702514863573015e-05 0
1731957116696 4.215567605569959e-05 0
1731957132666 3.9852195186540484e-05 0
1731957148225 4.084254760527983e-05 0
1731957163890 3.9556045521749184e-05 0
1731957179445 4.2862098780460656e-05 0
1731957195109 4.069269562023692e-05 0
1731957210669 3.9215836295625195e-05 0
1731957226318 4.0667833673069254e-05 0
1731957241880 3.986628507846035e-05 0
1731957257547 3.7957204767735675e-05 0
1731957273080 3.9009362808428705e-05 0
1731957288744 3.8371916161850095e-05 0
1731957304306 3.67773900507018e-05 0
1731957319981 3.775975346798077e-05 0
1731957335546 3.709291559061967e-05 0
1731957351235 3.6201567127136514e-05 0
1731957367086 3.555987132131122e-05 0
1731957382778 3.636524343164638e-05 0
1731957398344 3.476357596809976e-05 0
1731957413990 3.516651122481562e-05 0
1731957429524 3.4273078199476004e-05 0
1731957445161 3.3569445804459974e-05 0
1731957460720 3.417536572669633e-05 0
1731957476381 3.34664509864524e-05 0
1731957491914 3.427549745538272e-05 0
1731957507582 3.287840081611648e-05 0
1731957523147 3.1653853511670604e-05 0
1731957538807 3.295014175819233e-05 0
1731957554345 3.293785994173959e-05 0
1731957569998 3.220925646019168e-05 0
1731957585554 3.153122088406235e-05 0
1731957601507 3.214646494598128e-05 0
1731957617072 3.2078394724521786e-05 0
1731957632738 3.0785715352976695e-05 0
1731957648301 3.1386123737320304e-05 0
1731957663952 3.1164061510935426e-05 0
1731957679501 2.9367147362791002e-05 0
1731957695148 3.090881364187226e-05 0
1731957710676 3.033574830624275e-05 0
1731957726307 3.123782153124921e-05 0
1731957741840 3.0102151868049987e-05 0
1731957757467 2.8472952180891298e-05 0
1731957773005 3.0261069696280174e-05 0
1731957788616 2.8935955924680457e-05 0
1731957804147 2.9425824322970584e-05 0
1731957819771 2.948384098999668e-05 0
1731957835613 2.8796970582334325e-05 0
1731957851238 2.8608419597730972e-05 0
1731957866752 2.888870039896574e-05 0
1731957882390 2.9211503715487197e-05 0
1731957897907 2.8850749004050158e-05 0
1731957913537 2.817468521243427e-05 0
1731957929045 2.8760661734850146e-05 0
1731957944661 2.8079037292627618e-05 0
1731957960191 2.895924262702465e-05 0
1731957975797 2.7805872377939522e-05 0
1731957991315 2.729884727159515e-05 0
1731958006925 2.7657748432829976e-05 0
1731958022458 2.7010029953089543e-05 0
1731958038082 2.6996622182196006e-05 0
1731958053597 2.6175350285484456e-05 0
1731958069533 2.7007661628886126e-05 0
1731958085053 2.711652450670954e-05 0
1731958100676 2.6249765141983517e-05 0
1731958116179 2.7042893634643406e-05 0
1731958131786 2.606160160212312e-05 0
1731958147297 2.6167583200731315e-05 0
1731958162897 2.5573901439202018e-05 0
1731958178410 2.6443834940437227e-05 0
1731958194011 2.6561570848571137e-05 0
1731958209520 2.6092635380337015e-05 0
1731958225125 2.5595867555239238e-05 0
1731958240620 2.6047655410366133e-05 0
1731958256219 2.6188348783762194e-05 0
1731958271724 2.4743661924730986e-05 0
1731958287654 2.4974398911581375e-05 0
1731958303124 2.6050636733998545e-05 0
1731958318730 2.5393754185643047e-05 0
1731958334221 2.4927989215939306e-05 0
1731958349828 2.4872266294551082e-05 0
1731958365324 2.5302804715465754e-05 0
1731958380927 2.498687172192149e-05 0
1731958396434 2.46679010160733e-05 0
1731958412042 2.45402170548914e-05 0
1731958427549 2.5212984837708063e-05 0
1731958443171 2.4618650058982894e-05 0
1731958458678 2.490469159965869e-05 0
1731958474296 2.4607288651168346e-05 0
1731958489793 2.4418801331194118e-05 0
1731958505391 2.4496732294210233e-05 0
1731958521186 2.461535041220486e-05 0
1731958536801 2.537102045607753e-05 0
1731958552296 2.4457467588945292e-05 0
1731958567882 2.335776480322238e-05 0
1731958583378 2.3914115445222706e-05 0
1731958598966 2.3689748559263535e-05 0
1731958614470 2.3624123059562407e-05 0
1731958630087 2.3750480977469124e-05 0
1731958645597 2.2608877770835534e-05 0
1731958661205 2.4155719074769877e-05 0
1731958676702 2.3164622689364478e-05 0
1731958692291 2.283764297317248e-05 0
1731958707775 2.4438118998659775e-05 0
1731958723384 2.3547900127596222e-05 0
1731958738854 2.3868342395871878e-05 0
1731958754772 2.429007327009458e-05 0
1731958770259 2.319810664630495e-05 0
1731958785861 2.3891194359748624e-05 0
1731958801367 2.3812646759324707e-05 0
1731958816980 2.305491034348961e-05 0
1731958832476 2.236199907201808e-05 0
1731958848062 2.4362878320971504e-05 0
1731958863546 2.2779677237849683e-05 0
1731958879113 2.307791874045506e-05 0
1731958894624 2.2812038878328167e-05 0
1731958910191 2.2623653421760537e-05 0
1731958925690 2.3342770873568952e-05 0
1731958941287 2.221584873041138e-05 0
1731958956796 2.2593574612983502e-05 0
1731958972360 2.276900522701908e-05 0
1731958988161 2.2519448975799605e-05 0
1731959003763 2.2356854969984852e-05 0
1731959019246 2.2809124857303686e-05 0
1731959034844 2.2244716092245653e-05 0
1731959050347 2.2654872736893594e-05 0
1731959065930 2.222085458924994e-05 0
1731959081429 2.1694508177461103e-05 0
1731959097013 2.1417557945824228e-05 0
1731959112516 2.22561284317635e-05 0
1731959128112 2.2389833247871138e-05 0
1731959143619 2.259932989545632e-05 0
1731959159203 2.173080611100886e-05 0
1731959174698 2.2030311811249703e-05 0
1731959190297 2.1891170035814866e-05 0
1731959205779 2.1566578652709723e-05 0
