1731955664457 0.0019841620232909918 0
1731955684740 0.0003206330584362149 0
1731955704858 0.0001270570355700329 0
1731955725121 7.104912947397679e-05 0
1731955745279 5.236315701040439e-05 0
1731955765521 4.262817310518585e-05 0
1731955785696 3.662813105620444e-05 0
1731955805973 3.567864405340515e-05 0
1731955826157 3.88118605769705e-05 0
1731955846464 3.855860632029362e-05 0
1731955866660 3.546426160028204e-05 0
1731955886965 3.016025948454626e-05 0
1731955907192 2.676317308214493e-05 0
1731955927498 3.252243186580017e-05 0
1731955947582 4.200955299893394e-05 0
1731955965503 2.8765551178366877e-05 0
1731955983436 3.511016984703019e-05 0
1731956001394 2.6369209081167355e-05 0
1731956019309 3.3350610465276986e-05 0
1731956037233 4.047193215228617e-05 0
1731956055159 3.516990545904264e-05 0
1731956073088 3.214697790099308e-05 0
1731956090177 3.089322126470506e-05 0
1731956106847 3.5223609302192926e-05 0
1731956123638 3.587824176065624e-05 0
1731956140420 3.5275159461889416e-05 0
1731956157210 3.0095747206360102e-05 0
1731956173865 4.6016095438972116e-05 0
1731956190637 2.979653982038144e-05 0
1731956207660 3.437847044551745e-05 0
1731956223713 3.8154910726007074e-05 0
1731956239763 4.3311109038768336e-05 0
1731956255829 3.67489192285575e-05 0
1731956271878 3.55815609509591e-05 0
1731956287952 3.332946653245017e-05 0
1731956303984 3.16243022098206e-05 0
1731956320032 4.2725790990516543e-05 0
1731956335683 3.38252866640687e-05 0
1731956351329 4.103650280740112e-05 0
1731956366875 3.900504452758469e-05 0
1731956382537 4.118544893572107e-05 0
1731956398078 3.8674421375617385e-05 0
1731956413734 4.365620043245144e-05 0
1731956429280 3.253245813539252e-05 0
1731956445255 4.5545093598775566e-05 0
1731956460823 3.6855784856015816e-05 0
1731956476464 4.1878454794641584e-05 0
1731956492001 4.732225352199748e-05 0
1731956507650 4.098733188584447e-05 0
1731956523197 4.5028747990727425e-05 0
1731956538817 3.7089681427460164e-05 0
1731956554364 5.063827848061919e-05 0
1731956570006 4.2248208046657965e-05 0
1731956585554 4.4173582864459604e-05 0
1731956601194 3.54295116267167e-05 0
1731956616713 4.29861611337401e-05 0
1731956632355 4.642885323846713e-05 0
1731956647908 4.379203892312944e-05 0
1731956663550 4.3837662815349177e-05 0
1731956679411 3.657334309536964e-05 0
1731956695068 4.9276830395683646e-05 0
1731956710621 4.0206999983638525e-05 0
1731956726268 3.92177898902446e-05 0
1731956741811 4.678590266848914e-05 0
1731956757470 4.264231392880902e-05 0
1731956773011 3.526985165080987e-05 0
1731956788657 4.226538658258505e-05 0
1731956804254 4.028300827485509e-05 0
1731956819907 5.039764437242411e-05 0
1731956835451 4.080218786839396e-05 0
1731956851120 3.3653454011073336e-05 0
1731956866654 3.7577658076770604e-05 0
1731956882308 4.190704203210771e-05 0
1731956897841 5.570525536313653e-05 0
1731956913821 4.269127020961605e-05 0
1731956929384 4.04158781748265e-05 0
1731956945033 4.766536585520953e-05 0
1731956960608 4.492246080189943e-05 0
1731956976279 5.815401527797803e-05 0
1731956991831 4.1174935176968575e-05 0
1731957007505 3.7167359550949186e-05 0
1731957023061 4.502719093579799e-05 0
1731957038708 4.494413951761089e-05 0
1731957054258 4.6496756112901494e-05 0
1731957069919 3.426210241741501e-05 0
1731957085466 3.817898686975241e-05 0
1731957101134 3.697717693285085e-05 0
1731957116696 5.3335592383518815e-05 0
1731957132666 4.364742562756874e-05 0
1731957148225 4.624661960406229e-05 0
1731957163890 4.876963794231415e-05 0
1731957179445 3.832163929473609e-05 0
1731957195109 4.8254820285364985e-05 0
1731957210669 4.073434683959931e-05 0
1731957226318 4.3091364204883575e-05 0
1731957241880 4.672138311434537e-05 0
1731957257547 4.186289879726246e-05 0
1731957273080 4.317590355640277e-05 0
1731957288744 4.799589078174904e-05 0
1731957304306 4.45693513029255e-05 0
1731957319981 4.447950777830556e-05 0
1731957335546 4.112884926144034e-05 0
1731957351235 3.940234091714956e-05 0
1731957367086 5.7448567531537265e-05 0
1731957382778 5.1242233894299716e-05 0
1731957398344 4.820022513740696e-05 0
1731957413990 4.862044443143532e-05 0
1731957429524 4.427422027220018e-05 0
1731957445161 4.7360190364997834e-05 0
1731957460720 4.6887798816896975e-05 0
1731957476381 4.4244468881515786e-05 0
1731957491914 4.950387665303424e-05 0
1731957507582 5.039920506533235e-05 0
1731957523147 4.7160508984234184e-05 0
1731957538807 5.022812183597125e-05 0
1731957554345 5.175919068278745e-05 0
1731957569998 4.1575636714696884e-05 0
1731957585554 4.555303166853264e-05 0
1731957601507 4.87973156850785e-05 0
1731957617072 3.9922619180288166e-05 0
1731957632738 4.2613006371539086e-05 0
1731957648301 6.00286184635479e-05 0
1731957663952 3.761128391488455e-05 0
1731957679501 4.034290759591386e-05 0
1731957695148 4.795190034201369e-05 0
1731957710676 4.587687362800352e-05 0
1731957726307 4.995417839381844e-05 0
1731957741840 4.637742313207127e-05 0
1731957757467 4.0083774365484715e-05 0
1731957773005 5.2913786930730566e-05 0
1731957788616 5.015224087401293e-05 0
1731957804147 4.388239904073998e-05 0
1731957819771 4.900056592305191e-05 0
1731957835613 4.371234172140248e-05 0
1731957851238 5.586812039837241e-05 0
1731957866752 5.53737954760436e-05 0
1731957882390 4.630035982700065e-05 0
1731957897907 5.047141166869551e-05 0
1731957913537 3.332463893457316e-05 0
1731957929045 5.713952486985363e-05 0
1731957944661 5.986421456327662e-05 0
1731957960191 4.43498938693665e-05 0
1731957975797 4.1033745219465345e-05 0
1731957991315 5.7717712479643524e-05 0
1731958006925 4.819331661565229e-05 0
1731958022458 4.118658398510888e-05 0
1731958038082 5.554066592594609e-05 0
1731958053597 4.848332901019603e-05 0
1731958069533 4.55051485914737e-05 0
1731958085053 4.855899533140473e-05 0
1731958100676 4.464272569748573e-05 0
1731958116179 4.339237784733996e-05 0
1731958131786 4.862200148636475e-05 0
1731958147297 4.9017897254088894e-05 0
1731958162897 3.9918115362524986e-05 0
1731958178410 4.1571958718122914e-05 0
1731958194011 3.971727710450068e-05 0
1731958209520 4.123783583054319e-05 0
1731958225125 4.96259999636095e-05 0
1731958240620 5.3703119192505255e-05 0
1731958256219 5.586324550677091e-05 0
1731958271724 4.10866632591933e-05 0
1731958287654 4.4700609578285366e-05 0
1731958303124 5.412068639998324e-05 0
1731958318730 5.205344132264145e-05 0
1731958334221 5.077552123111673e-05 0
1731958349828 3.9554543036501855e-05 0
1731958365324 5.7403158280067146e-05 0
1731958380927 4.415144940139726e-05 0
1731958396434 4.933335731038824e-05 0
1731958412042 4.876579623669386e-05 0
1731958427549 5.904041972826235e-05 0
1731958443171 4.45506302639842e-05 0
1731958458678 4.51587256975472e-05 0
1731958474296 4.9265298002865165e-05 0
1731958489793 4.962999082636088e-05 0
1731958505391 3.947232471546158e-05 0
1731958521186 4.746828926727176e-05 0
1731958536801 5.487206362886354e-05 0
1731958552296 4.881560744252056e-05 0
1731958567882 4.7704423195682466e-05 0
1731958583378 4.775347770191729e-05 0
1731958598966 6.188847328303382e-05 0
1731958614470 5.064530705567449e-05 0
1731958630087 4.796969369635917e-05 0
1731958645597 4.216184242977761e-05 0
1731958661205 5.2479765145108104e-05 0
1731958676702 3.801647835643962e-05 0
1731958692291 4.337768768891692e-05 0
1731958707775 5.54878351977095e-05 0
1731958723384 3.896668931702152e-05 0
1731958738854 5.582694575423375e-05 0
1731958754772 5.0883612857433036e-05 0
1731958770259 4.7073859605006874e-05 0
1731958785861 4.508325218921527e-05 0
1731958801367 5.066479934612289e-05 0
1731958816980 4.966292908648029e-05 0
1731958832476 4.8948608309729025e-05 0
1731958848062 5.365760443964973e-05 0
1731958863546 3.881039810949005e-05 0
1731958879113 4.9832258810056373e-05 0
1731958894624 4.674142837757245e-05 0
1731958910191 3.892194217769429e-05 0
1731958925690 4.774459375767037e-05 0
1731958941287 4.3736530642490834e-05 0
1731958956796 4.188896855339408e-05 0
1731958972360 4.549159712041728e-05 0
1731958988161 4.7908859414746985e-05 0
1731959003763 4.50265288236551e-05 0
1731959019246 6.017841587890871e-05 0
1731959034844 5.0801903853425756e-05 0
1731959050347 4.480197821976617e-05 0
1731959065930 5.5433352827094495e-05 0
1731959081429 5.033302659285255e-05 0
1731959097013 5.175792466616258e-05 0
1731959112516 4.966666529071517e-05 0
1731959128112 5.058613169239834e-05 0
1731959143619 5.6966367992572486e-05 0
1731959159203 4.514424654189497e-05 0
1731959174698 5.2087016229052097e-05 0
1731959190297 4.6584256779169664e-05 0
1731959205779 4.7645895392633975e-05 0
