1731955664453 19.8018741607666 0
1731955684737 22.62763023376465 0
1731955704855 23.41223907470703 0
1731955725119 25.128936767578125 0
1731955745277 25.4747371673584 0
1731955765518 25.424253463745117 0
1731955785694 26.069229125976562 0
1731955805970 26.23543357849121 0
1731955826155 26.87643814086914 0
1731955846462 26.910383224487305 0
1731955866658 26.25714683532715 0
1731955886963 26.176176071166992 0
1731955907189 27.257368087768555 0
1731955927496 27.108797073364258 0
1731955947579 27.092082977294922 0
1731955965500 26.645750045776367 0
1731955983434 26.603391647338867 0
1731956001392 27.10040855407715 0
1731956019307 27.388141632080078 0
1731956037231 26.711816787719727 0
1731956055157 28.558109283447266 0
1731956073085 27.16709327697754 0
1731956090175 28.786060333251953 0
1731956106845 27.977031707763672 0
1731956123636 27.783023834228516 0
1731956140417 27.214807510375977 0
1731956157208 27.975311279296875 0
1731956173862 27.780017852783203 0
1731956190635 27.91778564453125 0
1731956207658 28.251644134521484 0
1731956223711 27.943300247192383 0
1731956239761 28.54935646057129 0
1731956255827 29.086687088012695 0
1731956271876 28.50067901611328 0
1731956287950 28.501068115234375 0
1731956303981 28.89875030517578 0
1731956320030 26.900236129760742 0
1731956335681 28.6324462890625 0
1731956351327 27.645980834960938 0
1731956366872 28.94979476928711 0
1731956382535 29.133983612060547 0
1731956398076 28.32817268371582 0
1731956413732 28.536373138427734 0
1731956429277 28.578720092773438 0
1731956445253 29.315927505493164 0
1731956460821 28.42521858215332 0
1731956476461 29.358816146850586 0
1731956491999 28.433996200561523 0
1731956507648 28.554615020751953 0
1731956523194 28.4155330657959 0
1731956538814 29.065948486328125 0
1731956554362 28.10781478881836 0
1731956570004 29.144161224365234 0
1731956585552 28.697269439697266 0
1731956601192 27.830570220947266 0
1731956616711 29.096820831298828 0
1731956632353 28.9985294342041 0
1731956647905 29.7792911529541 0
1731956663548 28.185909271240234 0
1731956679409 29.697628021240234 0
1731956695066 29.390653610229492 0
1731956710619 29.835020065307617 0
1731956726266 29.44744873046875 0
1731956741809 30.03367805480957 0
1731956757467 29.486419677734375 0
1731956773008 29.348915100097656 0
1731956788655 28.68379020690918 0
1731956804252 29.313323974609375 0
1731956819904 30.149822235107422 0
1731956835449 28.340192794799805 0
1731956851118 29.553577423095703 0
1731956866652 29.31759262084961 0
1731956882305 29.45619010925293 0
1731956897839 30.167272567749023 0
1731956913819 29.49685287475586 0
1731956929381 29.06540870666504 0
1731956945031 29.98672866821289 0
1731956960606 29.4489688873291 0
1731956976277 30.153074264526367 0
1731956991828 30.427406311035156 0
1731957007503 30.351686477661133 0
1731957023059 29.287559509277344 0
1731957038706 30.22303009033203 0
1731957054256 29.903850555419922 0
1731957069917 30.207979202270508 0
1731957085464 30.25322723388672 0
1731957101131 29.685623168945312 0
1731957116693 30.8536434173584 0
1731957132664 29.720731735229492 0
1731957148223 30.93460464477539 0
1731957163888 29.280563354492188 0
1731957179443 30.084436416625977 0
1731957195106 31.390844345092773 0
1731957210667 30.64728355407715 0
1731957226315 30.573881149291992 0
1731957241878 30.360363006591797 0
1731957257545 31.296241760253906 0
1731957273077 30.201528549194336 0
1731957288742 31.05532455444336 0
1731957304304 30.894010543823242 0
1731957319978 30.362899780273438 0
1731957335543 29.488277435302734 0
1731957351233 30.825136184692383 0
1731957367084 29.737194061279297 0
1731957382775 31.084260940551758 0
1731957398342 31.175609588623047 0
1731957413988 31.983381271362305 0
1731957429522 31.346725463867188 0
1731957445158 31.900243759155273 0
1731957460717 30.994672775268555 0
1731957476378 30.74298858642578 0
1731957491912 30.85090446472168 0
1731957507578 30.634592056274414 0
1731957523145 31.644512176513672 0
1731957538804 30.12769317626953 0
1731957554342 30.75511360168457 0
1731957569996 30.713735580444336 0
1731957585552 30.2239990234375 0
1731957601505 31.432348251342773 0
1731957617070 31.19938850402832 0
1731957632736 31.868492126464844 0
1731957648299 31.074100494384766 0
1731957663949 31.170717239379883 0
1731957679499 31.719749450683594 0
1731957695146 30.84768295288086 0
1731957710674 32.24507141113281 0
1731957726304 31.097810745239258 0
1731957741837 31.410369873046875 0
1731957757465 32.35498809814453 0
1731957773003 31.08945655822754 0
1731957788614 31.25081443786621 0
1731957804145 31.792057037353516 0
1731957819769 31.858810424804688 0
1731957835610 30.402029037475586 0
1731957851236 32.09709548950195 0
1731957866750 31.663333892822266 0
1731957882388 31.6476993560791 0
1731957897904 31.693466186523438 0
1731957913535 32.6625862121582 0
1731957929043 31.841625213623047 0
1731957944659 31.58490562438965 0
1731957960188 31.87177276611328 0
1731957975795 32.206504821777344 0
1731957991313 32.78144073486328 0
1731958006923 30.782323837280273 0
1731958022456 31.688705444335938 0
1731958038080 32.153751373291016 0
1731958053595 31.549867630004883 0
1731958069530 31.164657592773438 0
1731958085050 31.583593368530273 0
1731958100674 32.64103317260742 0
1731958116177 32.52031707763672 0
1731958131783 32.26389694213867 0
1731958147295 31.927989959716797 0
1731958162894 32.76446533203125 0
1731958178407 31.8882999420166 0
1731958194009 32.247161865234375 0
1731958209518 32.250328063964844 0
1731958225122 32.97400665283203 0
1731958240618 32.70708465576172 0
1731958256217 31.91836166381836 0
1731958271722 33.00882339477539 0
1731958287652 31.710447311401367 0
1731958303123 30.93254280090332 0
1731958318728 32.73551940917969 0
1731958334218 32.78940200805664 0
1731958349826 31.838232040405273 0
1731958365322 32.53691101074219 0
1731958380925 31.8299503326416 0
1731958396432 32.0323486328125 0
1731958412040 32.65654754638672 0
1731958427547 32.230472564697266 0
1731958443169 31.96060562133789 0
1731958458676 33.81220245361328 0
1731958474293 31.88190269470215 0
1731958489790 32.347660064697266 0
1731958505389 32.210609436035156 0
1731958521184 32.42878723144531 0
1731958536799 32.22620391845703 0
1731958552294 31.687292098999023 0
1731958567880 32.62955093383789 0
1731958583375 32.28934860229492 0
1731958598964 32.58952331542969 0
1731958614468 32.73936462402344 0
1731958630085 33.18537521362305 0
1731958645595 33.069374084472656 0
1731958661203 33.31041717529297 0
1731958676700 32.8698844909668 0
1731958692289 33.87950134277344 0
1731958707773 31.71038818359375 0
1731958723382 32.71318054199219 0
1731958738852 32.579769134521484 0
1731958754769 33.05929946899414 0
1731958770257 33.323307037353516 0
1731958785859 33.322654724121094 0
1731958801365 32.36568832397461 0
1731958816978 31.772523880004883 0
1731958832474 32.85187911987305 0
1731958848060 31.51889991760254 0
1731958863544 33.3758659362793 0
1731958879111 32.506412506103516 0
1731958894622 33.38577651977539 0
1731958910189 33.16720199584961 0
1731958925688 32.893333435058594 0
1731958941285 32.98860549926758 0
1731958956794 33.585872650146484 0
1731958972358 32.259971618652344 0
1731958988159 33.3200798034668 0
1731959003761 32.63657760620117 0
1731959019244 33.0190315246582 0
1731959034842 32.99128723144531 0
1731959050345 33.66802978515625 0
1731959065928 33.511112213134766 0
1731959081427 33.311805725097656 0
1731959097011 33.044795989990234 0
1731959112514 33.06044387817383 0
1731959128109 33.577823638916016 0
1731959143617 33.38427734375 0
1731959159201 33.306060791015625 0
1731959174696 33.04157638549805 0
1731959190295 32.54574203491211 0
1731959205777 33.43388366699219 0
