1731963702113 0.5090450644493103 0
1731963725181 0.5610506534576416 0
1731963747792 0.5716277360916138 0
1731963770141 0.5860687494277954 0
1731963792190 0.5865538716316223 0
1731963814197 0.5718843340873718 0
1731963835932 0.5878651142120361 0
1731963857685 0.5973882675170898 0
1731963879295 0.6066439747810364 0
1731963901003 0.6100648641586304 0
1731963922605 0.5939944982528687 0
1731963944343 0.5910423994064331 0
1731963965867 0.611936092376709 0
1731963987502 0.5995973944664001 0
1731964008927 0.6046842932701111 0
1731964028139 0.6067502498626709 0
1731964047330 0.5917342305183411 0
1731964066573 0.5992622375488281 0
1731964085775 0.6009613871574402 0
1731964104963 0.609215497970581 0
1731964124156 0.6095564961433411 0
1731964143314 0.6065250039100647 0
1731964161648 0.6001637578010559 0
1731964179581 0.6062115430831909 0
1731964197639 0.5988895893096924 0
1731964215693 0.6006304025650024 0
1731964233718 0.5929272174835205 0
1731964251608 0.5979816317558289 0
1731964269635 0.6011667251586914 0
1731964287714 0.5975749492645264 0
1731964305014 0.6000298857688904 0
1731964322298 0.6055538654327393 0
1731964339576 0.5941442251205444 0
1731964356833 0.5955590009689331 0
1731964374069 0.6025556325912476 0
1731964391341 0.5964579582214355 0
1731964408579 0.610022246837616 0
1731964425445 0.6064115166664124 0
1731964442308 0.5974282622337341 0
1731964459075 0.6014571189880371 0
1731964475923 0.5975281000137329 0
1731964492666 0.5968441367149353 0
1731964509522 0.5928926467895508 0
1731964526284 0.6053441166877747 0
1731964543458 0.5968571305274963 0
1731964560219 0.6024363040924072 0
1731964577073 0.5942631363868713 0
1731964593846 0.5889594554901123 0
1731964610718 0.5992388129234314 0
1731964627439 0.5978100895881653 0
1731964644307 0.597822904586792 0
1731964661086 0.6001543402671814 0
1731964677925 0.6007049083709717 0
1731964694710 0.5986319780349731 0
1731964711582 0.5967766046524048 0
1731964728304 0.5998986959457397 0
1731964745147 0.6044573187828064 0
1731964761888 0.6032336354255676 0
1731964778737 0.5941843390464783 0
1731964795833 0.6065886616706848 0
1731964812710 0.601613461971283 0
1731964829470 0.6004765033721924 0
1731964846328 0.6000306010246277 0
1731964863039 0.5938417315483093 0
1731964879872 0.5961477756500244 0
1731964896619 0.5895836353302002 0
1731964913476 0.5995356440544128 0
1731964930209 0.599042534828186 0
1731964947073 0.6006620526313782 0
1731964963806 0.6032907962799072 0
1731964980656 0.5997339487075806 0
1731964997402 0.5966153144836426 0
1731965014278 0.5960496664047241 0
1731965031000 0.5949199795722961 0
1731965048172 0.5996471643447876 0
1731965064860 0.5996052026748657 0
1731965081675 0.5993250012397766 0
1731965098405 0.5959958434104919 0
1731965115251 0.6026784181594849 0
1731965132005 0.6001589298248291 0
1731965148852 0.5982699990272522 0
1731965165623 0.6044023036956787 0
1731965182485 0.6032516956329346 0
1731965199230 0.5955803990364075 0
1731965216058 0.6011558771133423 0
1731965232804 0.5890349745750427 0
1731965249636 0.5984006524085999 0
1731965266356 0.5993044972419739 0
1731965283548 0.5977898836135864 0
1731965300279 0.5975688099861145 0
1731965317134 0.6002665758132935 0
1731965333875 0.6042149066925049 0
1731965350748 0.5962175130844116 0
1731965367550 0.5988585352897644 0
1731965384431 0.598507285118103 0
1731965401197 0.5968002080917358 0
1731965418038 0.5993573665618896 0
1731965434759 0.5997201800346375 0
1731965451606 0.5988178849220276 0
1731965468330 0.597646951675415 0
1731965485159 0.5925595760345459 0
1731965501901 0.6033010482788086 0
1731965518763 0.5977400541305542 0
1731965535887 0.5999501347541809 0
1731965552769 0.6006157994270325 0
1731965569499 0.5954753756523132 0
1731965586366 0.5929687023162842 0
1731965603117 0.5976881980895996 0
1731965619951 0.5977639555931091 0
1731965636659 0.5966548323631287 0
1731965653533 0.6010408401489258 0
1731965670293 0.5997232794761658 0
1731965687138 0.5956076979637146 0
1731965703851 0.5986812114715576 0
1731965720656 0.5936660766601562 0
1731965737407 0.6022839546203613 0
1731965754269 0.5973139405250549 0
1731965771013 0.5984711647033691 0
1731965788190 0.6002833843231201 0
1731965804952 0.5979383587837219 0
1731965821800 0.5951127409934998 0
1731965838559 0.5948963165283203 0
1731965855447 0.5957981944084167 0
1731965872200 0.5957959890365601 0
1731965889028 0.5987836122512817 0
1731965905742 0.6005707383155823 0
1731965922605 0.599406898021698 0
1731965939347 0.5953868627548218 0
1731965956190 0.5954056978225708 0
1731965972952 0.599669337272644 0
1731965989794 0.5953068733215332 0
1731966006527 0.6023173332214355 0
1731966023363 0.595778226852417 0
1731966040413 0.6002854108810425 0
1731966057244 0.6008719205856323 0
1731966073997 0.6014139652252197 0
1731966090855 0.5969226360321045 0
1731966107609 0.5980367660522461 0
1731966124405 0.595805287361145 0
1731966141136 0.5969249606132507 0
1731966157954 0.5996629595756531 0
1731966174674 0.5988938212394714 0
1731966191486 0.6017404198646545 0
1731966208199 0.5953068137168884 0
1731966225023 0.597796618938446 0
1731966241734 0.5982690453529358 0
1731966258586 0.5969423055648804 0
1731966275277 0.6034324169158936 0
1731966292409 0.5976005792617798 0
1731966309102 0.599578857421875 0
1731966325942 0.5997247695922852 0
1731966342643 0.5987985134124756 0
1731966359482 0.599159300327301 0
1731966376180 0.5949127674102783 0
1731966393017 0.6023184061050415 0
1731966409732 0.5993406176567078 0
1731966426547 0.5985270142555237 0
1731966443256 0.5961059331893921 0
1731966460053 0.6006745100021362 0
1731966476750 0.5963760614395142 0
1731966493591 0.5992786884307861 0
1731966510282 0.5970065593719482 0
1731966527419 0.5976030230522156 0
1731966544160 0.5967227220535278 0
1731966560977 0.6006149649620056 0
1731966577694 0.600498616695404 0
1731966594480 0.5987302660942078 0
1731966611238 0.5950877666473389 0
1731966628086 0.5973790884017944 0
1731966644801 0.6018968224525452 0
1731966661637 0.598502516746521 0
1731966678327 0.5975109934806824 0
1731966695142 0.6003046035766602 0
1731966711809 0.5976463556289673 0
1731966728621 0.5943940877914429 0
1731966745333 0.5974158644676208 0
1731966762139 0.5987075567245483 0
1731966779188 0.5957203507423401 0
1731966795982 0.5960742235183716 0
1731966812693 0.599031925201416 0
1731966829507 0.5981991291046143 0
1731966846224 0.6000561118125916 0
1731966863035 0.5994771718978882 0
1731966879761 0.599040687084198 0
1731966896536 0.5963022708892822 0
1731966913236 0.5964527726173401 0
1731966930048 0.5966211557388306 0
1731966946729 0.5954593420028687 0
1731966963530 0.5967777371406555 0
1731966980206 0.5975101590156555 0
1731966997007 0.5964013338088989 0
1731967013714 0.5986807942390442 0
1731967030865 0.5995087027549744 0
1731967047548 0.5978387594223022 0
1731967064367 0.5977651476860046 0
1731967081067 0.5969067215919495 0
1731967097875 0.5973507165908813 0
1731967114589 0.5991207361221313 0
1731967131368 0.5977398753166199 0
1731967148061 0.5994617938995361 0
1731967164825 0.5980506539344788 0
1731967181537 0.5979073643684387 0
1731967198349 0.5996482372283936 0
1731967215100 0.599054753780365 0
1731967231911 0.5993720889091492 0
1731967248631 0.6001291871070862 0
1731967265479 0.597455620765686 0
1731967282453 0.596782922744751 0
1731967299225 0.5992786884307861 0
1731967315923 0.595943808555603 0
1731967332728 0.5970561504364014 0
1731967349412 0.5970631241798401 0
1731967366208 0.599990963935852 0
1731967382895 0.599084734916687 0
1731967399700 0.5976034998893738 0
1731967416360 0.5985600352287292 0
1731967433125 0.5959678292274475 0
1731967449810 0.598924458026886 0
1731967466578 0.5985992550849915 0
1731967483287 0.5988441109657288 0
1731967500072 0.5977547764778137 0
1731967516772 0.5987056493759155 0
