1731963702113 1.8603794574737549 0
1731963725181 1.8284311294555664 0
1731963747792 1.853079080581665 0
1731963770141 1.9196882247924805 0
1731963792190 1.9370574951171875 0
1731963814197 1.858283281326294 0
1731963835932 1.8998074531555176 0
1731963857685 1.8700275421142578 0
1731963879295 1.9159464836120605 0
1731963901003 1.9202699661254883 0
1731963922605 1.8996684551239014 0
1731963944343 1.9007409811019897 0
1731963965867 1.9001693725585938 0
1731963987502 1.876652479171753 0
1731964008927 1.9323824644088745 0
1731964028139 1.926558494567871 0
1731964047330 1.851119875907898 0
1731964066573 1.885726809501648 0
1731964085775 1.89658784866333 0
1731964104963 1.9100337028503418 0
1731964124156 1.8594564199447632 0
1731964143314 1.9282004833221436 0
1731964161648 1.9006398916244507 0
1731964179581 1.8854379653930664 0
1731964197639 1.83255136013031 0
1731964215693 1.928746223449707 0
1731964233718 1.9269267320632935 0
1731964251608 1.8330230712890625 0
1731964269635 1.9132106304168701 0
1731964287714 1.9228941202163696 0
1731964305014 1.890115737915039 0
1731964322298 1.921069622039795 0
1731964339576 1.8329466581344604 0
1731964356833 1.87632417678833 0
1731964374069 1.961806297302246 0
1731964391341 1.8964444398880005 0
1731964408579 1.9662420749664307 0
1731964425445 1.9296239614486694 0
1731964442308 1.9129916429519653 0
1731964459075 1.8937076330184937 0
1731964475923 1.8345270156860352 0
1731964492666 1.883681297302246 0
1731964509522 1.9180395603179932 0
1731964526284 1.894891381263733 0
1731964543458 1.9254268407821655 0
1731964560219 1.9212173223495483 0
1731964577073 1.904201626777649 0
1731964593846 1.927796721458435 0
1731964610718 1.8622887134552002 0
1731964627439 1.9117944240570068 0
1731964644307 1.9400054216384888 0
1731964661086 1.9170446395874023 0
1731964677925 1.888282299041748 0
1731964694710 1.9202426671981812 0
1731964711582 1.920967936515808 0
1731964728304 1.903528094291687 0
1731964745147 1.912825584411621 0
1731964761888 1.9095193147659302 0
1731964778737 1.9047352075576782 0
1731964795833 1.906681776046753 0
1731964812710 1.9284329414367676 0
1731964829470 1.9255573749542236 0
1731964846328 1.9047025442123413 0
1731964863039 1.9115164279937744 0
1731964879872 1.8825863599777222 0
1731964896619 1.8917748928070068 0
1731964913476 1.9120310544967651 0
1731964930209 1.9084986448287964 0
1731964947073 1.9424307346343994 0
1731964963806 1.8938525915145874 0
1731964980656 1.8955957889556885 0
1731964997402 1.9207632541656494 0
1731965014278 1.8872144222259521 0
1731965031000 1.9047099351882935 0
1731965048172 1.9138312339782715 0
1731965064860 1.87312650680542 0
1731965081675 1.8609702587127686 0
1731965098405 1.8869649171829224 0
1731965115251 1.8949304819107056 0
1731965132005 1.8923264741897583 0
1731965148852 1.9003664255142212 0
1731965165623 1.9046378135681152 0
1731965182485 1.8944388628005981 0
1731965199230 1.9027827978134155 0
1731965216058 1.8933525085449219 0
1731965232804 1.9165939092636108 0
1731965249636 1.909538984298706 0
1731965266356 1.907285451889038 0
1731965283548 1.9104783535003662 0
1731965300279 1.8970179557800293 0
1731965317134 1.886631727218628 0
1731965333875 1.90374755859375 0
1731965350748 1.909863829612732 0
1731965367550 1.9045419692993164 0
1731965384431 1.883255124092102 0
1731965401197 1.9083218574523926 0
1731965418038 1.8909322023391724 0
1731965434759 1.9128450155258179 0
1731965451606 1.9067444801330566 0
1731965468330 1.9046164751052856 0
1731965485159 1.8805620670318604 0
1731965501901 1.9184610843658447 0
1731965518763 1.9283149242401123 0
1731965535887 1.9167540073394775 0
1731965552769 1.9168885946273804 0
1731965569499 1.9063868522644043 0
1731965586366 1.885362148284912 0
1731965603117 1.9030849933624268 0
1731965619951 1.8809422254562378 0
1731965636659 1.8887672424316406 0
1731965653533 1.8945822715759277 0
1731965670293 1.9036718606948853 0
1731965687138 1.9009758234024048 0
1731965703851 1.9025440216064453 0
1731965720656 1.8913307189941406 0
1731965737407 1.9076427221298218 0
1731965754269 1.900026559829712 0
1731965771013 1.9045170545578003 0
1731965788190 1.8851927518844604 0
1731965804952 1.9002052545547485 0
1731965821800 1.9140623807907104 0
1731965838559 1.9071637392044067 0
1731965855447 1.9162731170654297 0
1731965872200 1.9010733366012573 0
1731965889028 1.9085729122161865 0
1731965905742 1.912935495376587 0
1731965922605 1.8950209617614746 0
1731965939347 1.914335012435913 0
1731965956190 1.9043399095535278 0
1731965972952 1.9087716341018677 0
1731965989794 1.9232330322265625 0
1731966006527 1.9096113443374634 0
1731966023363 1.9145076274871826 0
1731966040413 1.9125988483428955 0
1731966057244 1.908697485923767 0
1731966073997 1.9006423950195312 0
1731966090855 1.9311844110488892 0
1731966107609 1.9207810163497925 0
1731966124405 1.907866358757019 0
1731966141136 1.908812165260315 0
1731966157954 1.8860036134719849 0
1731966174674 1.893981695175171 0
1731966191486 1.899430513381958 0
1731966208199 1.9007503986358643 0
1731966225023 1.8843454122543335 0
1731966241734 1.8982335329055786 0
1731966258586 1.9114665985107422 0
1731966275277 1.912901520729065 0
1731966292409 1.9137318134307861 0
1731966309102 1.9119921922683716 0
1731966325942 1.9201133251190186 0
1731966342643 1.8991527557373047 0
1731966359482 1.932283878326416 0
1731966376180 1.895582675933838 0
1731966393017 1.9061009883880615 0
1731966409732 1.920985221862793 0
1731966426547 1.9116795063018799 0
1731966443256 1.8963487148284912 0
1731966460053 1.8947871923446655 0
1731966476750 1.9033576250076294 0
1731966493591 1.9134212732315063 0
1731966510282 1.8978204727172852 0
1731966527419 1.9074087142944336 0
1731966544160 1.9006434679031372 0
1731966560977 1.940788984298706 0
1731966577694 1.9293402433395386 0
1731966594480 1.9242547750473022 0
1731966611238 1.8955461978912354 0
1731966628086 1.9154080152511597 0
1731966644801 1.9091018438339233 0
1731966661637 1.932968020439148 0
1731966678327 1.9159210920333862 0
1731966695142 1.9171993732452393 0
1731966711809 1.9110854864120483 0
1731966728621 1.9195923805236816 0
1731966745333 1.9224176406860352 0
1731966762139 1.9134488105773926 0
1731966779188 1.901200532913208 0
1731966795982 1.8995563983917236 0
1731966812693 1.9173599481582642 0
1731966829507 1.9090827703475952 0
1731966846224 1.9079182147979736 0
1731966863035 1.910386562347412 0
1731966879761 1.9109828472137451 0
1731966896536 1.8988173007965088 0
1731966913236 1.9059197902679443 0
1731966930048 1.9170867204666138 0
1731966946729 1.910278558731079 0
1731966963530 1.9105886220932007 0
1731966980206 1.9034807682037354 0
1731966997007 1.9074469804763794 0
1731967013714 1.9086536169052124 0
1731967030865 1.9150365591049194 0
1731967047548 1.9201481342315674 0
1731967064367 1.899348497390747 0
1731967081067 1.922365427017212 0
1731967097875 1.9055490493774414 0
1731967114589 1.906454086303711 0
1731967131368 1.9108718633651733 0
1731967148061 1.9039403200149536 0
1731967164825 1.910203218460083 0
1731967181537 1.9045650959014893 0
1731967198349 1.9032214879989624 0
1731967215100 1.9062303304672241 0
1731967231911 1.9165796041488647 0
1731967248631 1.9064887762069702 0
1731967265479 1.9068572521209717 0
1731967282453 1.892512321472168 0
1731967299225 1.9071483612060547 0
1731967315923 1.9154183864593506 0
1731967332728 1.907936453819275 0
1731967349412 1.9036363363265991 0
1731967366208 1.9063409566879272 0
1731967382895 1.9078871011734009 0
1731967399700 1.918456792831421 0
1731967416360 1.9218684434890747 0
1731967433125 1.904152512550354 0
1731967449810 1.9141449928283691 0
1731967466578 1.908362865447998 0
1731967483287 1.9207589626312256 0
1731967500072 1.8997794389724731 0
1731967516772 1.9016660451889038 0
