1731963702113 0.00871607568114996 0
1731963725181 0.00881054438650608 0
1731963747792 0.008477844297885895 0
1731963770141 0.008482719771564007 0
1731963792190 0.008387158624827862 0
1731963814197 0.008496273308992386 0
1731963835932 0.008266661316156387 0
1731963857685 0.00860793236643076 0
1731963879295 0.008312652818858624 0
1731963901003 0.008397780358791351 0
1731963922605 0.0083324508741498 0
1731963944343 0.008351651020348072 0
1731963965867 0.008343552239239216 0
1731963987502 0.00837273895740509 0
1731964008927 0.00845982227474451 0
1731964028139 0.008358167484402657 0
1731964047330 0.008241278119385242 0
1731964066573 0.00836700014770031 0
1731964085775 0.00839354656636715 0
1731964104963 0.00836138240993023 0
1731964124156 0.008283060975372791 0
1731964143314 0.008283888921141624 0
1731964161648 0.008306422270834446 0
1731964179581 0.008381577208638191 0
1731964197639 0.008249599486589432 0
1731964215693 0.0085396533831954 0
1731964233718 0.008433365263044834 0
1731964251608 0.008298894390463829 0
1731964269635 0.008405447006225586 0
1731964287714 0.008297923021018505 0
1731964305014 0.008414839394390583 0
1731964322298 0.008433585055172443 0
1731964339576 0.008291568607091904 0
1731964356833 0.008365520276129246 0
1731964374069 0.008313987404108047 0
1731964391341 0.008287480100989342 0
1731964408579 0.008294731378555298 0
1731964425445 0.008175843395292759 0
1731964442308 0.008250003680586815 0
1731964459075 0.008270754478871822 0
1731964475923 0.008410104550421238 0
1731964492666 0.008341807872056961 0
1731964509522 0.008282582275569439 0
1731964526284 0.008312699384987354 0
1731964543458 0.00827742088586092 0
1731964560219 0.008310632780194283 0
1731964577073 0.00830426812171936 0
1731964593846 0.008290610276162624 0
1731964610718 0.008128679357469082 0
1731964627439 0.008250721730291843 0
1731964644307 0.008286423049867153 0
1731964661086 0.0082362936809659 0
1731964677925 0.008295931853353977 0
1731964694710 0.008320361375808716 0
1731964711582 0.008352689445018768 0
1731964728304 0.008199040777981281 0
1731964745147 0.00823424756526947 0
1731964761888 0.008442530408501625 0
1731964778737 0.008213718421757221 0
1731964795833 0.008300562389194965 0
1731964812710 0.008127477020025253 0
1731964829470 0.008351536467671394 0
1731964846328 0.008308961056172848 0
1731964863039 0.008365126326680183 0
1731964879872 0.008275505155324936 0
1731964896619 0.008262193761765957 0
1731964913476 0.008226163685321808 0
1731964930209 0.008328498341143131 0
1731964947073 0.00826818123459816 0
1731964963806 0.008398717269301414 0
1731964980656 0.008282352238893509 0
1731964997402 0.008224301040172577 0
1731965014278 0.00831417553126812 0
1731965031000 0.008310684002935886 0
1731965048172 0.008245107717812061 0
1731965064860 0.008242483250796795 0
1731965081675 0.008341558277606964 0
1731965098405 0.008241263218224049 0
1731965115251 0.008394272066652775 0
1731965132005 0.008229348808526993 0
1731965148852 0.008264487609267235 0
1731965165623 0.008322527632117271 0
1731965182485 0.008292756974697113 0
1731965199230 0.008230256848037243 0
1731965216058 0.008296914398670197 0
1731965232804 0.008244277909398079 0
1731965249636 0.008225035853683949 0
1731965266356 0.00830969586968422 0
1731965283548 0.008328648284077644 0
1731965300279 0.008297475054860115 0
1731965317134 0.008262468501925468 0
1731965333875 0.008268551900982857 0
1731965350748 0.00825404655188322 0
1731965367550 0.00825505517423153 0
1731965384431 0.00832684338092804 0
1731965401197 0.008293628692626953 0
1731965418038 0.008268042467534542 0
1731965434759 0.008321428671479225 0
1731965451606 0.0082888538017869 0
1731965468330 0.008255580440163612 0
1731965485159 0.008280090987682343 0
1731965501901 0.008354904130101204 0
1731965518763 0.008300296030938625 0
1731965535887 0.008288576267659664 0
1731965552769 0.00832840334624052 0
1731965569499 0.008222755044698715 0
1731965586366 0.00825711153447628 0
1731965603117 0.008280489593744278 0
1731965619951 0.008240969851613045 0
1731965636659 0.008279697969555855 0
1731965653533 0.008242100477218628 0
1731965670293 0.008276387117803097 0
1731965687138 0.008288792334496975 0
1731965703851 0.008272132836282253 0
1731965720656 0.008273220621049404 0
1731965737407 0.008280658163130283 0
1731965754269 0.008241798728704453 0
1731965771013 0.008269264362752438 0
1731965788190 0.008276382461190224 0
1731965804952 0.008268047124147415 0
1731965821800 0.008303320966660976 0
1731965838559 0.008219419978559017 0
1731965855447 0.008292123675346375 0
1731965872200 0.008294999599456787 0
1731965889028 0.00826249085366726 0
1731965905742 0.008262641727924347 0
1731965922605 0.008248020894825459 0
1731965939347 0.008250776678323746 0
1731965956190 0.008286249823868275 0
1731965972952 0.00828658975660801 0
1731965989794 0.00827818550169468 0
1731966006527 0.00821156706660986 0
1731966023363 0.008229929022490978 0
1731966040413 0.008270874619483948 0
1731966057244 0.008304293267428875 0
1731966073997 0.008246188051998615 0
1731966090855 0.008288419805467129 0
1731966107609 0.008315066806972027 0
1731966124405 0.008238433860242367 0
1731966141136 0.00827776174992323 0
1731966157954 0.008257548324763775 0
1731966174674 0.008212043903768063 0
1731966191486 0.008297455497086048 0
1731966208199 0.008292182348668575 0
1731966225023 0.008250037208199501 0
1731966241734 0.008249516598880291 0
1731966258586 0.008313999511301517 0
1731966275277 0.008266954682767391 0
1731966292409 0.00828692689538002 0
1731966309102 0.008299823850393295 0
1731966325942 0.008288457058370113 0
1731966342643 0.008260886184871197 0
1731966359482 0.008280547335743904 0
1731966376180 0.008269562385976315 0
1731966393017 0.008283454924821854 0
1731966409732 0.008258454501628876 0
1731966426547 0.00830582994967699 0
1731966443256 0.008300299756228924 0
1731966460053 0.008266867138445377 0
1731966476750 0.00827962439507246 0
1731966493591 0.008264255709946156 0
1731966510282 0.008254416286945343 0
1731966527419 0.0082788011059165 0
1731966544160 0.008245161734521389 0
1731966560977 0.008304378017783165 0
1731966577694 0.008294937200844288 0
1731966594480 0.008266921155154705 0
1731966611238 0.008283236995339394 0
1731966628086 0.008311202749609947 0
1731966644801 0.0082703847438097 0
1731966661637 0.00824932474642992 0
1731966678327 0.008260541595518589 0
1731966695142 0.008293796330690384 0
1731966711809 0.008283787406980991 0
1731966728621 0.00825077947229147 0
1731966745333 0.00827352236956358 0
1731966762139 0.008286879397928715 0
1731966779188 0.008250555954873562 0
1731966795982 0.00827109906822443 0
1731966812693 0.008280080743134022 0
1731966829507 0.008264321833848953 0
1731966846224 0.008223772048950195 0
1731966863035 0.008268395438790321 0
1731966879761 0.008305451832711697 0
1731966896536 0.008277987129986286 0
1731966913236 0.008257768116891384 0
1731966930048 0.008284003473818302 0
1731966946729 0.00828444305807352 0
1731966963530 0.008268307894468307 0
1731966980206 0.008299308829009533 0
1731966997007 0.008286556228995323 0
1731967013714 0.008321021683514118 0
1731967030865 0.008270923048257828 0
1731967047548 0.008238496258854866 0
1731967064367 0.008304320275783539 0
1731967081067 0.008303660899400711 0
1731967097875 0.008256061933934689 0
1731967114589 0.008273777551949024 0
1731967131368 0.008275057189166546 0
1731967148061 0.00829173345118761 0
1731967164825 0.00827814545482397 0
1731967181537 0.008291776292026043 0
1731967198349 0.008289581164717674 0
1731967215100 0.00828094594180584 0
1731967231911 0.008264265954494476 0
1731967248631 0.008258715271949768 0
1731967265479 0.008287486620247364 0
1731967282453 0.008294159546494484 0
1731967299225 0.00831124372780323 0
1731967315923 0.008258892223238945 0
1731967332728 0.008297903463244438 0
1731967349412 0.00826188549399376 0
1731967366208 0.008301404304802418 0
1731967382895 0.008314475417137146 0
1731967399700 0.00830063410103321 0
1731967416360 0.008260129950940609 0
1731967433125 0.008298109285533428 0
1731967449810 0.00827461201697588 0
1731967466578 0.008296814747154713 0
1731967483287 0.008287373930215836 0
1731967500072 0.00826968252658844 0
1731967516772 0.00828539952635765 0
