1731963702117 0.0001365435600746423 0
1731963725185 0.00011247276415815577 0
1731963747795 0.00010087031841976568 0
1731963770143 9.176735329674557e-05 0
1731963792193 8.213268301915377e-05 0
1731963814199 7.830816321074963e-05 0
1731963835935 7.25235731806606e-05 0
1731963857687 6.609061529161409e-05 0
1731963879297 6.760488759027794e-05 0
1731963901005 6.271703750826418e-05 0
1731963922607 6.552111153723672e-05 0
1731963944346 5.9098681958857924e-05 0
1731963965869 5.4556971008423716e-05 0
1731963987505 5.840188896399923e-05 0
1731964008929 5.3075778851052746e-05 0
1731964028141 5.385825352277607e-05 0
1731964047333 5.219361264607869e-05 0
1731964066575 5.0854028813773766e-05 0
1731964085777 5.000020973966457e-05 0
1731964104965 4.7974157496355474e-05 0
1731964124158 4.808275116374716e-05 0
1731964143316 4.543284376268275e-05 0
1731964161651 4.632014315575361e-05 0
1731964179583 4.162453842582181e-05 0
1731964197641 4.3340580305084586e-05 0
1731964215695 4.3688356527127326e-05 0
1731964233720 4.078409619978629e-05 0
1731964251613 4.482235090108588e-05 0
1731964269637 4.407760570757091e-05 0
1731964287716 3.851086148642935e-05 0
1731964305016 3.943015690310858e-05 0
1731964322301 4.03962294512894e-05 0
1731964339578 3.737719453056343e-05 0
1731964356835 3.6424051359063014e-05 0
1731964374071 3.9521095459349453e-05 0
1731964391344 3.566104351193644e-05 0
1731964408581 3.63629478670191e-05 0
1731964425448 3.6210145481163636e-05 0
1731964442310 3.6542798625305295e-05 0
1731964459077 3.448309871600941e-05 0
1731964475926 3.43043684551958e-05 0
1731964492668 3.453356112004258e-05 0
1731964509524 3.456995909800753e-05 0
1731964526286 3.2881449442356825e-05 0
1731964543460 3.146629751427099e-05 0
1731964560222 3.295912392786704e-05 0
1731964577075 3.3360007364535704e-05 0
1731964593848 2.9223787350929342e-05 0
1731964610720 3.1652827601647004e-05 0
1731964627441 3.233487223042175e-05 0
1731964644309 2.947024768218398e-05 0
1731964661088 3.0121644158498384e-05 0
1731964677927 3.007711529789958e-05 0
1731964694712 3.01158561342163e-05 0
1731964711584 2.9376433303696103e-05 0
1731964728306 2.796490844048094e-05 0
1731964745149 2.9020866350037977e-05 0
1731964761891 2.9202677978901193e-05 0
1731964778739 2.809443867590744e-05 0
1731964795836 2.7814196073450148e-05 0
1731964812712 2.5886414732667617e-05 0
1731964829472 2.8009286324959248e-05 0
1731964846330 2.6577750759315677e-05 0
1731964863041 2.7235748348175548e-05 0
1731964879875 2.6928661100100726e-05 0
1731964896622 2.7382226107874885e-05 0
1731964913478 2.6751351470011286e-05 0
1731964930212 2.8862586987088434e-05 0
1731964947075 2.7068172130384482e-05 0
1731964963809 2.641398532432504e-05 0
1731964980658 2.5377594283781946e-05 0
1731964997405 2.8404521799529903e-05 0
1731965014280 2.5504281438770704e-05 0
1731965031002 2.5053092031157576e-05 0
1731965048175 2.5183646357618272e-05 0
1731965064862 2.503250289009884e-05 0
1731965081677 2.3058415536070243e-05 0
1731965098408 2.3508051526732743e-05 0
1731965115253 2.5538842237438075e-05 0
1731965132007 2.3396996766678058e-05 0
1731965148855 2.4701486836420372e-05 0
1731965165625 2.3056738427840173e-05 0
1731965182487 2.373814641032368e-05 0
1731965199232 2.307107934029773e-05 0
1731965216061 2.265699004055932e-05 0
1731965232806 2.3296839572140016e-05 0
1731965249638 2.2294090740615502e-05 0
1731965266358 2.1293140889611095e-05 0
1731965283550 2.3566568415844813e-05 0
1731965300282 2.3254071493283845e-05 0
1731965317137 2.0480154489632696e-05 0
1731965333877 2.2069367332733236e-05 0
1731965350750 2.2403373804991134e-05 0
1731965367553 2.243196104245726e-05 0
1731965384434 2.0401450456120074e-05 0
1731965401199 2.261862209707033e-05 0
1731965418040 2.2029891624697484e-05 0
1731965434761 2.2462820197688416e-05 0
1731965451608 2.095397030643653e-05 0
1731965468332 2.1997031581122428e-05 0
1731965485161 2.0855461116298102e-05 0
1731965501903 2.1466732505359687e-05 0
1731965518765 2.119274540746119e-05 0
1731965535889 2.217095607193187e-05 0
1731965552772 2.138380477845203e-05 0
1731965569501 2.0984054572181776e-05 0
1731965586368 2.0716779545182362e-05 0
1731965603120 2.1342008039937355e-05 0
1731965619954 2.033956116065383e-05 0
1731965636661 2.008616502280347e-05 0
1731965653535 2.0788455003639683e-05 0
1731965670296 1.9365417756489478e-05 0
1731965687140 2.0385152311064303e-05 0
1731965703854 2.0104245777474716e-05 0
1731965720659 2.0126657545915805e-05 0
1731965737409 2.076123382721562e-05 0
1731965754271 1.91432009160053e-05 0
1731965771016 1.970189441635739e-05 0
1731965788192 1.9469347535050474e-05 0
1731965804954 1.9917039026040584e-05 0
1731965821802 1.9207742298021913e-05 0
1731965838561 1.828212771215476e-05 0
1731965855450 1.8644870579009876e-05 0
1731965872202 1.877844078990165e-05 0
1731965889030 1.80274473677855e-05 0
1731965905744 1.830821202020161e-05 0
1731965922607 1.908638296299614e-05 0
1731965939349 1.8644437659531832e-05 0
1731965956192 1.893057742563542e-05 0
1731965972954 1.9131333829136565e-05 0
1731965989797 1.8635273590916768e-05 0
1731966006529 1.907100886455737e-05 0
1731966023365 1.8690654542297125e-05 0
1731966040416 1.8110831661033444e-05 0
1731966057246 1.732010605337564e-05 0
1731966073999 1.8036567780654877e-05 0
1731966090858 1.8950146113638766e-05 0
1731966107611 1.772082396200858e-05 0
1731966124407 1.7690770619083196e-05 0
1731966141138 1.7461667084717192e-05 0
1731966157957 1.8053091480396688e-05 0
1731966174676 1.7854572433861904e-05 0
1731966191488 1.8045713659375906e-05 0
1731966208201 1.8453843949828297e-05 0
1731966225025 1.6668482203385793e-05 0
1731966241737 1.7896947611006908e-05 0
1731966258588 1.7502188711659983e-05 0
1731966275279 1.7097685486078262e-05 0
1731966292412 1.749546208884567e-05 0
1731966309104 1.78721147676697e-05 0
1731966325945 1.7293432392762043e-05 0
1731966342645 1.704094211163465e-05 0
1731966359484 1.7156746253021993e-05 0
1731966376183 1.733029966999311e-05 0
1731966393019 1.7205060430569574e-05 0
1731966409734 1.6672489437041804e-05 0
1731966426549 1.727377821225673e-05 0
1731966443258 1.634439468034543e-05 0
1731966460055 1.6913927538553253e-05 0
1731966476753 1.6930071069509722e-05 0
1731966493593 1.618582427909132e-05 0
1731966510284 1.7373189621139318e-05 0
1731966527421 1.761896965035703e-05 0
1731966544162 1.6523486920050345e-05 0
1731966560979 1.6138159480760805e-05 0
1731966577696 1.6191250324482098e-05 0
1731966594482 1.707706724118907e-05 0
1731966611241 1.6462827261420898e-05 0
1731966628088 1.6908348698052578e-05 0
1731966644803 1.6281637726933695e-05 0
1731966661639 1.555276321596466e-05 0
1731966678329 1.6166963177965954e-05 0
1731966695144 1.5880828868830577e-05 0
1731966711811 1.6646321455482394e-05 0
1731966728624 1.606503064977005e-05 0
1731966745335 1.5619900295860134e-05 0
1731966762142 1.6082063666544855e-05 0
1731966779190 1.5149176761042327e-05 0
1731966795984 1.5958119547576644e-05 0
1731966812695 1.5389712643809617e-05 0
1731966829509 1.6033638530643657e-05 0
1731966846226 1.553456240799278e-05 0
1731966863038 1.5440682545886375e-05 0
1731966879763 1.4806682884227484e-05 0
1731966896538 1.581157630425878e-05 0
1731966913238 1.5545192582067102e-05 0
1731966930050 1.5469877325813286e-05 0
1731966946731 1.5929745131870732e-05 0
1731966963533 1.5556372090941295e-05 0
1731966980208 1.5318515579565428e-05 0
1731966997010 1.6003115888452157e-05 0
1731967013716 1.53361997945467e-05 0
1731967030867 1.5234549209708348e-05 0
1731967047550 1.642876122787129e-05 0
1731967064370 1.5395817172247916e-05 0
1731967081069 1.464705383114051e-05 0
1731967097877 1.5241042092384305e-05 0
1731967114591 1.557883842906449e-05 0
1731967131370 1.5556644939351827e-05 0
1731967148063 1.5116436770767905e-05 0
1731967164828 1.5271301890606992e-05 0
1731967181539 1.515977146482328e-05 0
1731967198351 1.5212857761071064e-05 0
1731967215103 1.4944147551432252e-05 0
1731967231913 1.4630387340730522e-05 0
1731967248633 1.5129083294596057e-05 0
1731967265481 1.5265748515957966e-05 0
1731967282455 1.4441897292272188e-05 0
1731967299227 1.4719280443387106e-05 0
1731967315925 1.4970821212045848e-05 0
1731967332730 1.4457795259659179e-05 0
1731967349414 1.4927194570191205e-05 0
1731967366210 1.4818796444160398e-05 0
1731967382897 1.5617824828950688e-05 0
1731967399702 1.4752656170458067e-05 0
1731967416362 1.5051201444293838e-05 0
1731967433127 1.5562211046926677e-05 0
1731967449812 1.4489618479274213e-05 0
1731967466580 1.4662398825748824e-05 0
1731967483289 1.4980162632127758e-05 0
1731967500075 1.4809837921347935e-05 0
1731967516774 1.3932271940575447e-05 0
