1731963702113 0.06827177852392197 0
1731963725181 0.056236378848552704 0
1731963747792 0.050435155630111694 0
1731963770141 0.045883674174547195 0
1731963792190 0.04106634110212326 0
1731963814197 0.03915407881140709 0
1731963835932 0.03626178577542305 0
1731963857685 0.03304530680179596 0
1731963879295 0.033802442252635956 0
1731963901003 0.031358517706394196 0
1731963922605 0.03276055306196213 0
1731963944343 0.029549339786171913 0
1731963965867 0.027278484776616096 0
1731963987502 0.029200943186879158 0
1731964008927 0.026537887752056122 0
1731964028139 0.02692912518978119 0
1731964047330 0.026096805930137634 0
1731964066573 0.025427013635635376 0
1731964085775 0.025000102818012238 0
1731964104963 0.023987077176570892 0
1731964124156 0.024041375145316124 0
1731964143314 0.022716421633958817 0
1731964161648 0.023160070180892944 0
1731964179581 0.020812267437577248 0
1731964197639 0.02167028933763504 0
1731964215693 0.021844176575541496 0
1731964233718 0.020392047241330147 0
1731964251608 0.022411175072193146 0
1731964269635 0.02203880250453949 0
1731964287714 0.01925542950630188 0
1731964305014 0.0197150781750679 0
1731964322298 0.020198114216327667 0
1731964339576 0.018688596785068512 0
1731964356833 0.018212024122476578 0
1731964374069 0.01976054720580578 0
1731964391341 0.01783052086830139 0
1731964408579 0.01818147301673889 0
1731964425445 0.018105071038007736 0
1731964442308 0.018271397799253464 0
1731964459075 0.017241548746824265 0
1731964475923 0.01715218275785446 0
1731964492666 0.017266780138015747 0
1731964509522 0.017284978181123734 0
1731964526284 0.016440723091363907 0
1731964543458 0.015733148902654648 0
1731964560219 0.01647956110537052 0
1731964577073 0.016680002212524414 0
1731964593846 0.014611893333494663 0
1731964610718 0.01582641340792179 0
1731964627439 0.01616743579506874 0
1731964644307 0.01473512314260006 0
1731964661086 0.015060821548104286 0
1731964677925 0.015038557350635529 0
1731964694710 0.015057926997542381 0
1731964711582 0.014688216149806976 0
1731964728304 0.013982453383505344 0
1731964745147 0.01451043225824833 0
1731964761888 0.014601338654756546 0
1731964778737 0.01404721848666668 0
1731964795833 0.013907097280025482 0
1731964812710 0.0129432063549757 0
1731964829470 0.014004642143845558 0
1731964846328 0.013288875110447407 0
1731964863039 0.013617873191833496 0
1731964879872 0.01346432976424694 0
1731964896619 0.013691112399101257 0
1731964913476 0.013375675305724144 0
1731964930209 0.014431293122470379 0
1731964947073 0.01353408582508564 0
1731964963806 0.01320699229836464 0
1731964980656 0.01268879696726799 0
1731964997402 0.014202260412275791 0
1731965014278 0.012752139940857887 0
1731965031000 0.01252654567360878 0
1731965048172 0.012591823004186153 0
1731965064860 0.01251625083386898 0
1731965081675 0.011529207229614258 0
1731965098405 0.011754024773836136 0
1731965115251 0.012769420631229877 0
1731965132005 0.011698497459292412 0
1731965148852 0.01235074270516634 0
1731965165623 0.011528369039297104 0
1731965182485 0.011869072914123535 0
1731965199230 0.011535539291799068 0
1731965216058 0.011328494176268578 0
1731965232804 0.011648419313132763 0
1731965249636 0.011147044599056244 0
1731965266356 0.010646569542586803 0
1731965283548 0.011783283203840256 0
1731965300279 0.011627035215497017 0
1731965317134 0.010240077041089535 0
1731965333875 0.01103468332439661 0
1731965350748 0.011201686225831509 0
1731965367550 0.011215980164706707 0
1731965384431 0.010200724937021732 0
1731965401197 0.011309310793876648 0
1731965418038 0.01101494487375021 0
1731965434759 0.011231409385800362 0
1731965451606 0.010476985014975071 0
1731965468330 0.010998515412211418 0
1731965485159 0.010427730157971382 0
1731965501901 0.010733366012573242 0
1731965518763 0.010596372187137604 0
1731965535887 0.011085477657616138 0
1731965552769 0.010691901668906212 0
1731965569499 0.010492026805877686 0
1731965586366 0.010358389467000961 0
1731965603117 0.010671003721654415 0
1731965619951 0.010169779881834984 0
1731965636659 0.01004308182746172 0
1731965653533 0.010394226759672165 0
1731965670293 0.00968270841985941 0
1731965687138 0.010192575864493847 0
1731965703851 0.010052122175693512 0
1731965720656 0.010063327848911285 0
1731965737407 0.010380616411566734 0
1731965754269 0.009571599774062634 0
1731965771013 0.009850947186350822 0
1731965788190 0.00973467342555523 0
1731965804952 0.009958518669009209 0
1731965821800 0.009603871032595634 0
1731965838559 0.009141063317656517 0
1731965855447 0.009322434663772583 0
1731965872200 0.009389219805598259 0
1731965889028 0.009013723582029343 0
1731965905742 0.009154105558991432 0
1731965922605 0.009543190710246563 0
1731965939347 0.009322218596935272 0
1731965956190 0.009465288370847702 0
1731965972952 0.009565666317939758 0
1731965989794 0.009317636489868164 0
1731966006527 0.009535503573715687 0
1731966023363 0.009345326572656631 0
1731966040413 0.00905541516840458 0
1731966057244 0.00866005290299654 0
1731966073997 0.00901828333735466 0
1731966090855 0.009475072845816612 0
1731966107609 0.008860411122441292 0
1731966124405 0.008845385164022446 0
1731966141136 0.008730833418667316 0
1731966157954 0.009026545099914074 0
1731966174674 0.00892728567123413 0
1731966191486 0.009022856131196022 0
1731966208199 0.009226921945810318 0
1731966225023 0.00833424087613821 0
1731966241734 0.008948473259806633 0
1731966258586 0.008751094341278076 0
1731966275277 0.008548842743039131 0
1731966292409 0.008747730404138565 0
1731966309102 0.00893605686724186 0
1731966325942 0.008646715432405472 0
1731966342643 0.008520470932126045 0
1731966359482 0.008578373119235039 0
1731966376180 0.008665149100124836 0
1731966393017 0.008602529764175415 0
1731966409732 0.008336244150996208 0
1731966426547 0.008636889047920704 0
1731966443256 0.00817219726741314 0
1731966460053 0.008456963114440441 0
1731966476750 0.008465034887194633 0
1731966493591 0.008092911913990974 0
1731966510282 0.008686594665050507 0
1731966527419 0.008809484541416168 0
1731966544160 0.008261743001639843 0
1731966560977 0.008069079369306564 0
1731966577694 0.00809562485665083 0
1731966594480 0.008538533002138138 0
1731966611238 0.008231413550674915 0
1731966628086 0.008454173803329468 0
1731966644801 0.00814081821590662 0
1731966661637 0.0077763814479112625 0
1731966678327 0.008083481341600418 0
1731966695142 0.007940414361655712 0
1731966711809 0.008323160000145435 0
1731966728621 0.008032514713704586 0
1731966745333 0.0078099495731294155 0
1731966762139 0.008041031658649445 0
1731966779188 0.007574588060379028 0
1731966795982 0.007979059591889381 0
1731966812693 0.00769485579803586 0
1731966829507 0.008016819134354591 0
1731966846224 0.00776728056371212 0
1731966863035 0.007720340508967638 0
1731966879761 0.007403341121971607 0
1731966896536 0.007905787788331509 0
1731966913236 0.007772595621645451 0
1731966930048 0.007734938524663448 0
1731966946729 0.00796487182378769 0
1731966963530 0.007778185419738293 0
1731966980206 0.007659257389605045 0
1731966997007 0.008001557551324368 0
1731967013714 0.007668099366128445 0
1731967030865 0.007617274299263954 0
1731967047548 0.008214380592107773 0
1731967064367 0.007697908207774162 0
1731967081067 0.007323526777327061 0
1731967097875 0.007620520889759064 0
1731967114589 0.007789419032633305 0
1731967131368 0.007778321858495474 0
1731967148061 0.007558218203485012 0
1731967164825 0.0076356506906449795 0
1731967181537 0.007579885423183441 0
1731967198349 0.00760642858222127 0
1731967215100 0.007472073193639517 0
1731967231911 0.007315193302929401 0
1731967248631 0.007564541418105364 0
1731967265479 0.007632873952388763 0
1731967282453 0.007220948114991188 0
1731967299225 0.0073596397414803505 0
1731967315923 0.007485410198569298 0
1731967332728 0.0072288974188268185 0
1731967349412 0.007463596761226654 0
1731967366208 0.007409397978335619 0
1731967382895 0.0078089116141200066 0
1731967399700 0.007376327645033598 0
1731967416360 0.007525600492954254 0
1731967433125 0.0077811055816709995 0
1731967449810 0.007244809065014124 0
1731967466578 0.007331199012696743 0
1731967483287 0.007490080781280994 0
1731967500072 0.007404918782413006 0
1731967516772 0.006966135464608669 0
