1731963702113 20.9451904296875 0
1731963725181 22.858415603637695 0
1731963747792 23.5196590423584 0
1731963770141 23.45720672607422 0
1731963792190 24.189420700073242 0
1731963814197 24.993736267089844 0
1731963835932 24.562694549560547 0
1731963857685 24.992088317871094 0
1731963879295 24.589275360107422 0
1731963901003 24.86186408996582 0
1731963922605 24.556804656982422 0
1731963944343 25.248912811279297 0
1731963965867 25.437395095825195 0
1731963987502 25.131906509399414 0
1731964008927 24.90373420715332 0
1731964028139 24.763761520385742 0
1731964047330 24.95478057861328 0
1731964066573 25.272571563720703 0
1731964085775 25.75716209411621 0
1731964104963 26.073394775390625 0
1731964124156 26.184091567993164 0
1731964143314 26.668155670166016 0
1731964161648 26.342355728149414 0
1731964179581 25.24566650390625 0
1731964197639 25.863616943359375 0
1731964215693 26.04425811767578 0
1731964233718 27.049537658691406 0
1731964251608 25.905681610107422 0
1731964269635 26.500167846679688 0
1731964287714 26.113431930541992 0
1731964305014 26.7740478515625 0
1731964322298 26.92350196838379 0
1731964339576 26.732040405273438 0
1731964356833 25.66205596923828 0
1731964374069 26.063016891479492 0
1731964391341 25.448209762573242 0
1731964408579 27.172985076904297 0
1731964425445 26.43960952758789 0
1731964442308 26.140520095825195 0
1731964459075 27.485469818115234 0
1731964475923 26.658023834228516 0
1731964492666 27.059730529785156 0
1731964509522 26.394306182861328 0
1731964526284 26.869232177734375 0
1731964543458 27.18323516845703 0
1731964560219 26.700664520263672 0
1731964577073 27.005367279052734 0
1731964593846 27.04429817199707 0
1731964610718 26.28538703918457 0
1731964627439 26.579580307006836 0
1731964644307 27.035785675048828 0
1731964661086 27.647869110107422 0
1731964677925 26.63019371032715 0
1731964694710 27.741846084594727 0
1731964711582 27.932722091674805 0
1731964728304 27.46088218688965 0
1731964745147 27.474693298339844 0
1731964761888 25.95961570739746 0
1731964778737 27.178430557250977 0
1731964795833 27.421173095703125 0
1731964812710 27.071155548095703 0
1731964829470 26.760311126708984 0
1731964846328 27.553579330444336 0
1731964863039 28.485166549682617 0
1731964879872 27.491640090942383 0
1731964896619 28.50464630126953 0
1731964913476 28.09547233581543 0
1731964930209 27.702556610107422 0
1731964947073 28.167760848999023 0
1731964963806 27.422313690185547 0
1731964980656 28.238475799560547 0
1731964997402 27.627098083496094 0
1731965014278 27.782440185546875 0
1731965031000 27.962024688720703 0
1731965048172 28.746417999267578 0
1731965064860 28.529613494873047 0
1731965081675 28.301528930664062 0
1731965098405 28.784080505371094 0
1731965115251 27.273771286010742 0
1731965132005 27.526264190673828 0
1731965148852 28.813886642456055 0
1731965165623 28.62032699584961 0
1731965182485 28.0185604095459 0
1731965199230 29.07733917236328 0
1731965216058 28.36598014831543 0
1731965232804 27.808250427246094 0
1731965249636 28.06697654724121 0
1731965266356 28.222938537597656 0
1731965283548 28.85565948486328 0
1731965300279 28.34612274169922 0
1731965317134 29.31674575805664 0
1731965333875 28.848644256591797 0
1731965350748 28.930715560913086 0
1731965367550 28.87841033935547 0
1731965384431 28.99614715576172 0
1731965401197 28.705575942993164 0
1731965418038 28.78843879699707 0
1731965434759 28.911209106445312 0
1731965451606 28.559648513793945 0
1731965468330 27.894390106201172 0
1731965485159 29.287799835205078 0
1731965501901 28.32404899597168 0
1731965518763 28.985929489135742 0
1731965535887 29.083683013916016 0
1731965552769 28.424985885620117 0
1731965569499 29.45307159423828 0
1731965586366 29.210485458374023 0
1731965603117 29.685890197753906 0
1731965619951 29.390466690063477 0
1731965636659 28.85532569885254 0
1731965653533 29.13102912902832 0
1731965670293 29.683889389038086 0
1731965687138 29.135147094726562 0
1731965703851 29.797550201416016 0
1731965720656 30.109493255615234 0
1731965737407 29.278236389160156 0
1731965754269 28.841716766357422 0
1731965771013 29.4226016998291 0
1731965788190 29.452207565307617 0
1731965804952 28.993268966674805 0
1731965821800 29.713333129882812 0
1731965838559 30.15953826904297 0
1731965855447 29.947162628173828 0
1731965872200 28.926828384399414 0
1731965889028 29.64506721496582 0
1731965905742 29.860910415649414 0
1731965922605 29.863725662231445 0
1731965939347 29.587221145629883 0
1731965956190 29.12446403503418 0
1731965972952 29.308609008789062 0
1731965989794 29.888036727905273 0
1731966006527 29.921037673950195 0
1731966023363 30.567129135131836 0
1731966040413 30.171161651611328 0
1731966057244 30.57364273071289 0
1731966073997 30.560222625732422 0
1731966090855 29.857112884521484 0
1731966107609 29.66014289855957 0
1731966124405 28.96509552001953 0
1731966141136 30.2894287109375 0
1731966157954 30.025300979614258 0
1731966174674 30.336801528930664 0
1731966191486 30.255939483642578 0
1731966208199 30.40882110595703 0
1731966225023 30.511991500854492 0
1731966241734 29.983177185058594 0
1731966258586 30.849849700927734 0
1731966275277 30.120811462402344 0
1731966292409 30.80919647216797 0
1731966309102 30.389381408691406 0
1731966325942 30.59625816345215 0
1731966342643 30.15369987487793 0
1731966359482 30.20230484008789 0
1731966376180 30.62403678894043 0
1731966393017 29.758853912353516 0
1731966409732 31.01827621459961 0
1731966426547 30.807899475097656 0
1731966443256 31.430599212646484 0
1731966460053 30.7589168548584 0
1731966476750 31.370553970336914 0
1731966493591 30.372438430786133 0
1731966510282 30.35466957092285 0
1731966527419 30.453067779541016 0
1731966544160 31.409503936767578 0
1731966560977 30.427461624145508 0
1731966577694 30.58772087097168 0
1731966594480 30.53756332397461 0
1731966611238 30.85048484802246 0
1731966628086 30.86850357055664 0
1731966644801 31.02588653564453 0
1731966661637 31.04840850830078 0
1731966678327 31.495685577392578 0
1731966695142 31.180892944335938 0
1731966711809 31.38370704650879 0
1731966728621 31.209362030029297 0
1731966745333 30.83037567138672 0
1731966762139 30.781658172607422 0
1731966779188 31.050207138061523 0
1731966795982 30.773509979248047 0
1731966812693 30.65229034423828 0
1731966829507 30.523216247558594 0
1731966846224 31.246797561645508 0
1731966863035 31.62700653076172 0
1731966879761 32.34001159667969 0
1731966896536 30.6181640625 0
1731966913236 31.237817764282227 0
1731966930048 31.6297607421875 0
1731966946729 31.011119842529297 0
1731966963530 31.64773941040039 0
1731966980206 31.852622985839844 0
1731966997007 31.248687744140625 0
1731967013714 32.09178161621094 0
1731967030865 32.47752380371094 0
1731967047548 31.768035888671875 0
1731967064367 31.699996948242188 0
1731967081067 31.675809860229492 0
1731967097875 31.625402450561523 0
1731967114589 32.238983154296875 0
1731967131368 31.16124153137207 0
1731967148061 31.783798217773438 0
1731967164825 31.464126586914062 0
1731967181537 31.267309188842773 0
1731967198349 31.016721725463867 0
1731967215100 32.21030044555664 0
1731967231911 32.04034423828125 0
1731967248631 31.620420455932617 0
1731967265479 32.041927337646484 0
1731967282453 31.800682067871094 0
1731967299225 32.72468948364258 0
1731967315923 31.891469955444336 0
1731967332728 31.71177864074707 0
1731967349412 31.72195816040039 0
1731967366208 31.978248596191406 0
1731967382895 32.033294677734375 0
1731967399700 31.558101654052734 0
1731967416360 31.974224090576172 0
1731967433125 31.93584632873535 0
1731967449810 32.610050201416016 0
1731967466578 32.073997497558594 0
1731967483287 32.41072082519531 0
1731967500072 32.16743850708008 0
1731967516772 32.230201721191406 0
