1731963702117 0.00044576471555046737 0
1731963725185 0.00031207912252284586 0
1731963747795 0.00020493281772360206 0
1731963770143 0.0002388663706369698 0
1731963792193 0.00015372506459243596 0
1731963814199 0.0001507211127318442 0
1731963835935 0.00014510472828987986 0
1731963857687 0.00012396470992825925 0
1731963879297 0.0001572411274537444 0
1731963901005 0.00011141720460727811 0
1731963922607 0.0003562122583389282 0
1731963944346 0.00011300038022454828 0
1731963965869 0.0001470916613470763 0
1731963987505 0.00018342450493946671 0
1731964008929 0.00022253674978855997 0
1731964028141 0.00018150013056583703 0
1731964047333 0.00021076621487736702 0
1731964066575 0.00014591417857445776 0
1731964085777 0.00014478251978289336 0
1731964104965 7.244168227771297e-05 0
1731964124158 7.057502079987898e-05 0
1731964143316 8.58369458001107e-05 0
1731964161651 8.631374657852575e-05 0
1731964179583 9.148319077212363e-05 0
1731964197641 9.157325985142961e-05 0
1731964215695 5.3893614676781e-05 0
1731964233720 0.00010080724314320832 0
1731964251613 0.0001493398449383676 0
1731964269637 7.953237218316644e-05 0
1731964287716 8.883721602614969e-05 0
1731964305016 9.943127952283248e-05 0
1731964322301 6.309777381829917e-05 0
1731964339578 7.92517967056483e-05 0
1731964356835 6.608327385038137e-05 0
1731964374071 9.808500908548012e-05 0
1731964391344 5.679141395376064e-05 0
1731964408581 5.479152241605334e-05 0
1731964425448 5.971481732558459e-05 0
1731964442310 6.427989865187556e-05 0
1731964459077 4.743877434520982e-05 0
1731964475926 8.895357314031571e-05 0
1731964492668 5.27585216332227e-05 0
1731964509524 7.301020377781242e-05 0
1731964526286 3.9038408431224525e-05 0
1731964543460 6.266796845011413e-05 0
1731964560222 5.362310184864327e-05 0
1731964577075 5.734267324442044e-05 0
1731964593848 6.263059913180768e-05 0
1731964610720 6.246523116715252e-05 0
1731964627441 4.6673671022290364e-05 0
1731964644309 4.6824290620861575e-05 0
1731964661088 4.9858601414598525e-05 0
1731964677927 5.226410576142371e-05 0
1731964694712 4.371570685179904e-05 0
1731964711584 4.6752364141866565e-05 0
1731964728306 4.040995190734975e-05 0
1731964745149 5.002666875952855e-05 0
1731964761891 6.169694825075567e-05 0
1731964778739 4.915940007776953e-05 0
1731964795836 5.211484312894754e-05 0
1731964812712 4.377459845272824e-05 0
1731964829472 5.888318264624104e-05 0
1731964846330 3.928844671463594e-05 0
1731964863041 3.4033604606520385e-05 0
1731964879875 4.681945938500576e-05 0
1731964896622 3.761482366826385e-05 0
1731964913478 3.23525455314666e-05 0
1731964930212 4.1525076085235924e-05 0
1731964947075 4.76324166811537e-05 0
1731964963809 4.797066139872186e-05 0
1731964980658 4.4842639908893034e-05 0
1731964997405 3.7127407267689705e-05 0
1731965014280 3.948861558455974e-05 0
1731965031002 5.011619577999227e-05 0
1731965048175 3.661856317194179e-05 0
1731965064862 4.155279748374596e-05 0
1731965081677 4.2063336877617985e-05 0
1731965098408 3.3773605537135154e-05 0
1731965115253 3.822697908617556e-05 0
1731965132007 4.718588024843484e-05 0
1731965148855 4.239488407620229e-05 0
1731965165625 2.557491279731039e-05 0
1731965182487 3.7825309846084565e-05 0
1731965199232 3.261537494836375e-05 0
1731965216061 3.644217940745875e-05 0
1731965232806 3.244807157898322e-05 0
1731965249638 4.0118684410117567e-05 0
1731965266358 3.1099290936253965e-05 0
1731965283550 3.4812252124538645e-05 0
1731965300282 4.738856296171434e-05 0
1731965317137 3.8566016883123666e-05 0
1731965333877 3.363697760505602e-05 0
1731965350750 2.537496948207263e-05 0
1731965367553 3.9469719922635704e-05 0
1731965384434 2.8976204703212716e-05 0
1731965401199 3.424899114179425e-05 0
1731965418040 3.363615905982442e-05 0
1731965434761 2.9866791010135785e-05 0
1731965451608 2.9593942599603906e-05 0
1731965468332 3.7993031583027914e-05 0
1731965485161 2.7847800083691254e-05 0
1731965501903 3.220268990844488e-05 0
1731965518765 3.896800262737088e-05 0
1731965535889 2.756457615760155e-05 0
1731965552772 4.0429986256640404e-05 0
1731965569501 3.080660826526582e-05 0
1731965586368 2.5234930944861844e-05 0
1731965603120 2.7169413442607038e-05 0
1731965619954 2.8949658371857367e-05 0
1731965636661 3.4729055187199265e-05 0
1731965653535 3.48585526808165e-05 0
1731965670296 2.3086020519258454e-05 0
1731965687140 3.0896768294041976e-05 0
1731965703854 2.6763302230392583e-05 0
1731965720659 2.322641375940293e-05 0
1731965737409 2.69316224148497e-05 0
1731965754271 2.394091643509455e-05 0
1731965771016 2.8314487281022593e-05 0
1731965788192 2.7209691324969754e-05 0
1731965804954 3.5477958590490744e-05 0
1731965821802 2.1644569642376155e-05 0
1731965838561 2.645458880579099e-05 0
1731965855450 2.971533831441775e-05 0
1731965872202 2.496637898730114e-05 0
1731965889030 3.5989174648420885e-05 0
1731965905744 2.2993714082986116e-05 0
1731965922607 2.9354770958889276e-05 0
1731965939349 1.9881288608303294e-05 0
1731965956192 3.2969313906505704e-05 0
1731965972954 3.7566809623967856e-05 0
1731965989797 3.2187363103730604e-05 0
1731966006529 2.7843732823384926e-05 0
1731966023365 2.5712874048622325e-05 0
1731966040416 1.776076533133164e-05 0
1731966057246 2.4719334760447964e-05 0
1731966073999 2.2639451344730332e-05 0
1731966090858 2.259806205984205e-05 0
1731966107611 2.6220468498650007e-05 0
1731966124407 2.9894328690716065e-05 0
1731966141138 2.171977212128695e-05 0
1731966157957 2.487870369805023e-05 0
1731966174676 2.1750411178800277e-05 0
1731966191488 2.916469929914456e-05 0
1731966208201 2.37388230743818e-05 0
1731966225025 2.421697718091309e-05 0
1731966241737 2.2296266251942143e-05 0
1731966258588 2.6455818442627788e-05 0
1731966275279 2.415407470834907e-05 0
1731966292412 2.361955921514891e-05 0
1731966309104 2.6206151233054698e-05 0
1731966325945 2.1421163182822056e-05 0
1731966342645 2.1545260096900165e-05 0
1731966359484 2.507130557205528e-05 0
1731966376183 3.083066258113831e-05 0
1731966393019 3.092415499850176e-05 0
1731966409734 1.53289147419855e-05 0
1731966426549 2.3604967282153666e-05 0
1731966443258 2.298186518601142e-05 0
1731966460055 2.067153218376916e-05 0
1731966476753 2.665348984010052e-05 0
1731966493593 1.823450111260172e-05 0
1731966510284 2.238115484942682e-05 0
1731966527421 2.3589243937749416e-05 0
1731966544162 1.4710497453052085e-05 0
1731966560979 1.6733309166738763e-05 0
1731966577696 2.2285705199465156e-05 0
1731966594482 2.0054445485584438e-05 0
1731966611241 1.83789488801267e-05 0
1731966628088 2.2960342903388664e-05 0
1731966644803 1.8533413822297007e-05 0
1731966661639 1.801772668841295e-05 0
1731966678329 1.7966262021218427e-05 0
1731966695144 2.0122526620980352e-05 0
1731966711811 2.230639074696228e-05 0
1731966728624 1.601004260010086e-05 0
1731966745335 2.271263292641379e-05 0
1731966762142 2.3083839550963603e-05 0
1731966779190 1.6754662283346988e-05 0
1731966795984 2.2110871213953942e-05 0
1731966812695 2.618792132125236e-05 0
1731966829509 1.8446640751790255e-05 0
1731966846226 2.854170452337712e-05 0
1731966863038 1.873384098871611e-05 0
1731966879763 2.292243516421877e-05 0
1731966896538 1.991010140045546e-05 0
1731966913238 1.6880501789273694e-05 0
1731966930050 1.9507733668433502e-05 0
1731966946731 1.675395469646901e-05 0
1731966963533 1.679995511949528e-05 0
1731966980208 1.7438074792153202e-05 0
1731966997010 1.692634032224305e-05 0
1731967013716 1.4088194802752696e-05 0
1731967030867 1.3462571587297134e-05 0
1731967047550 1.9324777895235457e-05 0
1731967064370 2.4260549253085628e-05 0
1731967081069 1.93887190107489e-05 0
1731967097877 2.027334994636476e-05 0
1731967114591 2.0935523934895173e-05 0
1731967131370 2.167266939068213e-05 0
1731967148063 1.9724277080968022e-05 0
1731967164828 1.8323788026464172e-05 0
1731967181539 1.3928363841841929e-05 0
1731967198351 1.91478193301009e-05 0
1731967215103 1.6916934328037314e-05 0
1731967231913 1.9467881429591216e-05 0
1731967248633 1.765279557730537e-05 0
1731967265481 1.59218288899865e-05 0
1731967282455 1.6191219401662238e-05 0
1731967299227 1.860033989942167e-05 0
1731967315925 2.4664706870680675e-05 0
1731967332730 1.7127953469753265e-05 0
1731967349414 1.5147928024816792e-05 0
1731967366210 2.0585583115462214e-05 0
1731967382897 2.307523027411662e-05 0
1731967399702 1.537179559818469e-05 0
1731967416362 1.5813175195944495e-05 0
1731967433127 2.217017754446715e-05 0
1731967449812 1.4544129953719676e-05 0
1731967466580 1.8676528270589188e-05 0
1731967483289 1.8410546545055695e-05 0
1731967500075 2.0335337467258796e-05 0
1731967516774 1.352455910819117e-05 0
