1731849857274 0.5687913298606873 0
1731849876597 0.5262994766235352 0
1731849895723 0.49414628744125366 0
1731849914935 0.48158982396125793 0
1731849934068 0.4693187177181244 0
1731849953292 0.46319374442100525 0
1731849972455 0.444632351398468 0
1731849991693 0.45160973072052 0
1731850010848 0.44852420687675476 0
1731850030062 0.4600079357624054 0
1731850049191 0.4544977843761444 0
1731850068423 0.45874568819999695 0
1731850087553 0.47288647294044495 0
1731850106795 0.459015429019928 0
1731850125979 0.47729983925819397 0
1731850142995 0.46206900477409363 0
1731850160005 0.4613956809043884 0
1731850177021 0.46150434017181396 0
1731850194032 0.4596150815486908 0
1731850211052 0.45720744132995605 0
1731850228063 0.46304604411125183 0
1731850245067 0.4614323377609253 0
1731850261321 0.475997656583786 0
1731850277170 0.4614884853363037 0
1731850293128 0.4703248143196106 0
1731850309080 0.46437764167785645 0
1731850325016 0.46656978130340576 0
1731850340871 0.46876925230026245 0
1731850356820 0.4699864089488983 0
1731850372783 0.46912702918052673 0
1731850388071 0.47114497423171997 0
1731850403346 0.4807147681713104 0
1731850418630 0.46730268001556396 0
1731850433911 0.4683377742767334 0
1731850449202 0.46315574645996094 0
1731850464497 0.476450651884079 0
1731850479768 0.46836769580841064 0
1731850494680 0.4726817309856415 0
1731850509562 0.45735663175582886 0
1731850524370 0.48078295588493347 0
1731850539264 0.4754527509212494 0
1731850554075 0.46770885586738586 0
1731850568975 0.47188836336135864 0
1731850583756 0.46348240971565247 0
1731850598976 0.4675202965736389 0
1731850613786 0.4684755504131317 0
1731850628682 0.47609955072402954 0
1731850643459 0.47360092401504517 0
1731850658347 0.47684985399246216 0
1731850673142 0.4706107974052429 0
1731850688032 0.4630436897277832 0
1731850702825 0.46873706579208374 0
1731850717721 0.46814385056495667 0
1731850732519 0.4637385606765747 0
1731850747401 0.46974441409111023 0
1731850762209 0.4733911454677582 0
1731850777112 0.4732380211353302 0
1731850791911 0.46956005692481995 0
1731850806788 0.4689163267612457 0
1731850821908 0.4733677804470062 0
1731850836802 0.46850883960723877 0
1731850851588 0.4626382887363434 0
1731850866481 0.46907100081443787 0
1731850881265 0.47655460238456726 0
1731850896145 0.4647679328918457 0
1731850910920 0.4711308479309082 0
1731850925822 0.4725489020347595 0
1731850940603 0.4686420261859894 0
1731850955487 0.4697975814342499 0
1731850970279 0.46625104546546936 0
1731850985174 0.4715838134288788 0
1731850999962 0.4743978679180145 0
1731851014839 0.4727952778339386 0
1731851029635 0.4743362367153168 0
1731851044859 0.4792880117893219 0
1731851059631 0.47169047594070435 0
1731851074520 0.4704212546348572 0
1731851089307 0.4717476963996887 0
1731851104197 0.4721826910972595 0
1731851118981 0.46446266770362854 0
1731851133862 0.46572571992874146 0
1731851148668 0.4638631045818329 0
1731851163556 0.4723545014858246 0
1731851178333 0.4702509641647339 0
1731851193227 0.4670262038707733 0
1731851208011 0.4710409939289093 0
1731851222890 0.47395065426826477 0
1731851237666 0.46788665652275085 0
1731851252865 0.46774137020111084 0
1731851267647 0.4653620421886444 0
1731851282503 0.4773951470851898 0
1731851297291 0.46403566002845764 0
1731851312180 0.47172555327415466 0
1731851326954 0.47556981444358826 0
1731851341833 0.4706537425518036 0
1731851356628 0.46924325823783875 0
1731851371501 0.4676983058452606 0
1731851386265 0.4794081151485443 0
1731851401134 0.46498286724090576 0
1731851415922 0.46482792496681213 0
1731851430782 0.47414958477020264 0
1731851445544 0.46477699279785156 0
1731851460422 0.46859288215637207 0
1731851475526 0.46273574233055115 0
1731851490383 0.4723259210586548 0
1731851505151 0.4693147540092468 0
1731851520007 0.46905964612960815 0
1731851534767 0.4737132787704468 0
1731851549616 0.4710501730442047 0
1731851564360 0.47717055678367615 0
1731851579205 0.4679906666278839 0
1731851593957 0.47833648324012756 0
1731851608774 0.473145067691803 0
1731851623542 0.47488632798194885 0
1731851638378 0.4729122519493103 0
1731851653112 0.47350698709487915 0
1731851667950 0.4663102328777313 0
1731851682706 0.465280681848526 0
1731851697835 0.47306251525878906 0
1731851712588 0.47113901376724243 0
1731851727427 0.46893057227134705 0
1731851742175 0.47040849924087524 0
1731851757025 0.46626609563827515 0
1731851771784 0.4706888496875763 0
1731851786616 0.47425273060798645 0
1731851801356 0.4647875726222992 0
1731851816181 0.47237154841423035 0
1731851830928 0.4726213216781616 0
1731851845759 0.46635621786117554 0
1731851860513 0.4677169620990753 0
1731851875326 0.47300657629966736 0
1731851890068 0.4700224697589874 0
1731851904886 0.4758305847644806 0
1731851919928 0.477641224861145 0
1731851934750 0.4736745059490204 0
1731851949482 0.47149428725242615 0
1731851964321 0.47167137265205383 0
1731851979041 0.47415998578071594 0
1731851993880 0.47042545676231384 0
1731852008613 0.4745784401893616 0
1731852023441 0.47453927993774414 0
1731852038158 0.4784656763076782 0
1731852052979 0.473294734954834 0
1731852067702 0.472777396440506 0
1731852082506 0.4764919579029083 0
1731852097229 0.47495099902153015 0
1731852112036 0.4713343679904938 0
1731852126767 0.47264692187309265 0
1731852141883 0.4699561595916748 0
1731852156602 0.47268247604370117 0
1731852171417 0.4704074263572693 0
1731852186135 0.46871739625930786 0
1731852200949 0.47148504853248596 0
1731852215673 0.4656434655189514 0
1731852230501 0.47386258840560913 0
1731852245206 0.4702410101890564 0
1731852260027 0.4710409343242645 0
1731852274751 0.4793798327445984 0
1731852289565 0.47060778737068176 0
1731852304278 0.47065913677215576 0
1731852319098 0.46808409690856934 0
1731852333815 0.47202858328819275 0
1731852348938 0.4762020409107208 0
1731852363662 0.473339706659317 0
1731852378471 0.4698338508605957 0
1731852393184 0.4721403121948242 0
1731852407985 0.47375303506851196 0
1731852422722 0.4761401414871216 0
1731852437531 0.47267788648605347 0
1731852452262 0.47581496834754944 0
1731852467082 0.4721451699733734 0
1731852481790 0.47195515036582947 0
1731852496606 0.4722929894924164 0
1731852511322 0.47258418798446655 0
1731852526141 0.47555118799209595 0
1731852540876 0.4757867455482483 0
1731852555684 0.4743248224258423 0
1731852570709 0.47285833954811096 0
1731852585510 0.4732808470726013 0
1731852600234 0.4746900498867035 0
1731852615058 0.4740436375141144 0
1731852629760 0.4705115258693695 0
1731852644568 0.4725264012813568 0
1731852659277 0.4714564085006714 0
1731852674098 0.4705590307712555 0
1731852688792 0.4730730652809143 0
1731852703589 0.4742804169654846 0
1731852718308 0.4726422429084778 0
1731852733108 0.4703424870967865 0
1731852747804 0.47313326597213745 0
1731852762612 0.4730995297431946 0
1731852777318 0.46839088201522827 0
1731852792436 0.4733344316482544 0
1731852807142 0.4709445536136627 0
1731852821956 0.47392481565475464 0
1731852836649 0.46949875354766846 0
1731852851459 0.4747721254825592 0
1731852866164 0.4758571684360504 0
1731852880965 0.47842276096343994 0
1731852895684 0.4708525538444519 0
1731852910489 0.47196054458618164 0
1731852925194 0.47190621495246887 0
1731852940008 0.4668683707714081 0
1731852954700 0.4739595651626587 0
1731852969501 0.47144845128059387 0
1731852984211 0.47409048676490784 0
1731852999029 0.4738351106643677 0
1731853014023 0.4728868901729584 0
1731853028835 0.4688326418399811 0
1731853043522 0.47069600224494934 0
1731853058307 0.4703254699707031 0
1731853073008 0.4665015637874603 0
1731853087806 0.4696761667728424 0
1731853102512 0.47200509905815125 0
1731853117298 0.469348281621933 0
1731853132005 0.47099006175994873 0
1731853146805 0.47697320580482483 0
1731853161508 0.47250476479530334 0
1731853176295 0.4721277952194214 0
1731853190991 0.47421953082084656 0
1731853205779 0.47359639406204224 0
1731853220477 0.4744349420070648 0
