1731849857274 0.04110904783010483 0
1731849876597 0.038540709763765335 0
1731849895723 0.03710460290312767 0
1731849914935 0.03754980117082596 0
1731849934068 0.036766596138477325 0
1731849953292 0.03907066583633423 0
1731849972455 0.038930173963308334 0
1731849991693 0.0409434475004673 0
1731850010848 0.03782157227396965 0
1731850030062 0.03787878900766373 0
1731850049191 0.04169138893485069 0
1731850068423 0.0386904776096344 0
1731850087553 0.04205167293548584 0
1731850106795 0.04115479439496994 0
1731850125979 0.04074123874306679 0
1731850142995 0.03967892378568649 0
1731850160005 0.04183825105428696 0
1731850177021 0.03906003758311272 0
1731850194032 0.04063919559121132 0
1731850211052 0.03909347578883171 0
1731850228063 0.04129043594002724 0
1731850245067 0.04162365198135376 0
1731850261321 0.03871816396713257 0
1731850277170 0.04164676368236542 0
1731850293128 0.04234175384044647 0
1731850309080 0.040536608546972275 0
1731850325016 0.041132695972919464 0
1731850340871 0.04447546228766441 0
1731850356820 0.0408315472304821 0
1731850372783 0.04364657774567604 0
1731850388071 0.04239019751548767 0
1731850403346 0.04060259461402893 0
1731850418630 0.04256926104426384 0
1731850433911 0.042803190648555756 0
1731850449202 0.04050072282552719 0
1731850464497 0.040412675589323044 0
1731850479768 0.04463757202029228 0
1731850494680 0.044150110334157944 0
1731850509562 0.0426035113632679 0
1731850524370 0.04219160974025726 0
1731850539264 0.04114653170108795 0
1731850554075 0.043868690729141235 0
1731850568975 0.04183832183480263 0
1731850583756 0.042750634253025055 0
1731850598976 0.04211230203509331 0
1731850613786 0.043113332241773605 0
1731850628682 0.04064900428056717 0
1731850643459 0.04135292395949364 0
1731850658347 0.041957031935453415 0
1731850673142 0.04107985273003578 0
1731850688032 0.04224934056401253 0
1731850702825 0.04200807958841324 0
1731850717721 0.04398240149021149 0
1731850732519 0.04238370433449745 0
1731850747401 0.04331385716795921 0
1731850762209 0.04238184541463852 0
1731850777112 0.041194651275873184 0
1731850791911 0.042240358889102936 0
1731850806788 0.04223627597093582 0
1731850821908 0.042406272143125534 0
1731850836802 0.04271824657917023 0
1731850851588 0.04027494415640831 0
1731850866481 0.04192424193024635 0
1731850881265 0.04283272102475166 0
1731850896145 0.04391206055879593 0
1731850910920 0.043043103069067 0
1731850925822 0.04364985600113869 0
1731850940603 0.04232500493526459 0
1731850955487 0.042300157248973846 0
1731850970279 0.042081065475940704 0
1731850985174 0.04243112727999687 0
1731850999962 0.04259750247001648 0
1731851014839 0.04182920977473259 0
1731851029635 0.041858892887830734 0
1731851044859 0.04084791988134384 0
1731851059631 0.041961394250392914 0
1731851074520 0.04334923252463341 0
1731851089307 0.041511453688144684 0
1731851104197 0.04183140769600868 0
1731851118981 0.04161154106259346 0
1731851133862 0.04335316643118858 0
1731851148668 0.04327806457877159 0
1731851163556 0.040444862097501755 0
1731851178333 0.04305650293827057 0
1731851193227 0.042563509196043015 0
1731851208011 0.04260006174445152 0
1731851222890 0.04243059083819389 0
1731851237666 0.04272065311670303 0
1731851252865 0.04239194095134735 0
1731851267647 0.04245033115148544 0
1731851282503 0.0420013964176178 0
1731851297291 0.04194162040948868 0
1731851312180 0.04229699447751045 0
1731851326954 0.041764143854379654 0
1731851341833 0.04206068441271782 0
1731851356628 0.04376096650958061 0
1731851371501 0.04308518394827843 0
1731851386265 0.04163751378655434 0
1731851401134 0.043185681104660034 0
1731851415922 0.04317270964384079 0
1731851430782 0.04209926724433899 0
1731851445544 0.0419749841094017 0
1731851460422 0.04243730008602142 0
1731851475526 0.04326821491122246 0
1731851490383 0.04143572598695755 0
1731851505151 0.04214217886328697 0
1731851520007 0.04271114990115166 0
1731851534767 0.04304703325033188 0
1731851549616 0.043494999408721924 0
1731851564360 0.041893839836120605 0
1731851579205 0.04190680757164955 0
1731851593957 0.04262830689549446 0
1731851608774 0.04360990226268768 0
1731851623542 0.04210523143410683 0
1731851638378 0.04170699417591095 0
1731851653112 0.041631922125816345 0
1731851667950 0.042649045586586 0
1731851682706 0.044140398502349854 0
1731851697835 0.041920699179172516 0
1731851712588 0.04280061647295952 0
1731851727427 0.04359416663646698 0
1731851742175 0.04344448447227478 0
1731851757025 0.04137023910880089 0
1731851771784 0.04312795028090477 0
1731851786616 0.042966172099113464 0
1731851801356 0.04258148744702339 0
1731851816181 0.042183633893728256 0
1731851830928 0.04296666756272316 0
1731851845759 0.04257308691740036 0
1731851860513 0.042588550597429276 0
1731851875326 0.04194507747888565 0
1731851890068 0.04220714047551155 0
1731851904886 0.04319384694099426 0
1731851919928 0.04404096305370331 0
1731851934750 0.043259184807538986 0
1731851949482 0.04258355498313904 0
1731851964321 0.042550407350063324 0
1731851979041 0.042620617896318436 0
1731851993880 0.0428488664329052 0
1731852008613 0.043230634182691574 0
1731852023441 0.04263375699520111 0
1731852038158 0.04356340691447258 0
1731852052979 0.04301948472857475 0
1731852067702 0.04225144535303116 0
1731852082506 0.043270956724882126 0
1731852097229 0.04303354769945145 0
1731852112036 0.04337235912680626 0
1731852126767 0.04317723587155342 0
1731852141883 0.04268891364336014 0
1731852156602 0.04279825836420059 0
1731852171417 0.04317992925643921 0
1731852186135 0.04256783053278923 0
1731852200949 0.04369794949889183 0
1731852215673 0.042121198028326035 0
1731852230501 0.04306263476610184 0
1731852245206 0.0433773398399353 0
1731852260027 0.04281128570437431 0
1731852274751 0.04205014184117317 0
1731852289565 0.04329141974449158 0
1731852304278 0.04213487356901169 0
1731852319098 0.0430462509393692 0
1731852333815 0.042147208005189896 0
1731852348938 0.042653657495975494 0
1731852363662 0.04282505065202713 0
1731852378471 0.04300124570727348 0
1731852393184 0.04379070922732353 0
1731852407985 0.04285994917154312 0
1731852422722 0.044039368629455566 0
1731852437531 0.04331030696630478 0
1731852452262 0.042980436235666275 0
1731852467082 0.04359065368771553 0
1731852481790 0.04317336156964302 0
1731852496606 0.04275098815560341 0
1731852511322 0.0436464324593544 0
1731852526141 0.04342459887266159 0
1731852540876 0.043515950441360474 0
1731852555684 0.04325230419635773 0
1731852570709 0.04290558025240898 0
1731852585510 0.04309241473674774 0
1731852600234 0.04308561980724335 0
1731852615058 0.04212457686662674 0
1731852629760 0.04248109087347984 0
1731852644568 0.042567647993564606 0
1731852659277 0.04248472675681114 0
1731852674098 0.04389627277851105 0
1731852688792 0.04280437156558037 0
1731852703589 0.0433226078748703 0
1731852718308 0.04247314855456352 0
1731852733108 0.043018702417612076 0
1731852747804 0.04338473826646805 0
1731852762612 0.04329803213477135 0
1731852777318 0.043278712779283524 0
1731852792436 0.042552389204502106 0
1731852807142 0.04302927479147911 0
1731852821956 0.04267653450369835 0
1731852836649 0.04309764504432678 0
1731852851459 0.0427006296813488 0
1731852866164 0.043002594262361526 0
1731852880965 0.04275565966963768 0
1731852895684 0.042585793882608414 0
1731852910489 0.043566953390836716 0
1731852925194 0.04394146054983139 0
1731852940008 0.044698745012283325 0
1731852954700 0.043423645198345184 0
1731852969501 0.0426236093044281 0
1731852984211 0.043086275458335876 0
1731852999029 0.04287489131093025 0
1731853014023 0.04260838404297829 0
1731853028835 0.044188134372234344 0
1731853043522 0.0438014380633831 0
1731853058307 0.04386960715055466 0
1731853073008 0.043229129165410995 0
1731853087806 0.04292574152350426 0
1731853102512 0.04382557421922684 0
1731853117298 0.04323189705610275 0
1731853132005 0.0434146411716938 0
1731853146805 0.043964456766843796 0
1731853161508 0.04369578883051872 0
1731853176295 0.04283297806978226 0
1731853190991 0.04306085780262947 0
1731853205779 0.04404768720269203 0
1731853220477 0.04376228153705597 0
