1731849857274 0.01798413135111332 0
1731849876597 0.014464096166193485 0
1731849895723 0.013231680728495121 0
1731849914935 0.012587489560246468 0
1731849934068 0.01237204484641552 0
1731849953292 0.012589463032782078 0
1731849972455 0.012792511843144894 0
1731849991693 0.01312886644154787 0
1731850010848 0.012736981734633446 0
1731850030062 0.01327802985906601 0
1731850049191 0.013309556059539318 0
1731850068423 0.013966142199933529 0
1731850087553 0.013889326713979244 0
1731850106795 0.014459862373769283 0
1731850125979 0.014563784003257751 0
1731850142995 0.014628329314291477 0
1731850160005 0.014355586841702461 0
1731850177021 0.014521457254886627 0
1731850194032 0.014808453619480133 0
1731850211052 0.014938130043447018 0
1731850228063 0.014716332778334618 0
1731850245067 0.015100305899977684 0
1731850261321 0.014905193820595741 0
1731850277170 0.01534416526556015 0
1731850293128 0.015251042321324348 0
1731850309080 0.01489667221903801 0
1731850325016 0.015575345605611801 0
1731850340871 0.015755513682961464 0
1731850356820 0.015310979448258877 0
1731850372783 0.01573626883327961 0
1731850388071 0.015884438529610634 0
1731850403346 0.015193929895758629 0
1731850418630 0.015640296041965485 0
1731850433911 0.015676794573664665 0
1731850449202 0.015780964866280556 0
1731850464497 0.015570011921226978 0
1731850479768 0.01599949784576893 0
1731850494680 0.015572750940918922 0
1731850509562 0.015980031341314316 0
1731850524370 0.01586177386343479 0
1731850539264 0.016041796654462814 0
1731850554075 0.01588851772248745 0
1731850568975 0.016131268814206123 0
1731850583756 0.01598951779305935 0
1731850598976 0.016095537692308426 0
1731850613786 0.015924634411931038 0
1731850628682 0.016216272488236427 0
1731850643459 0.016088010743260384 0
1731850658347 0.015852048993110657 0
1731850673142 0.016312865540385246 0
1731850688032 0.016253886744379997 0
1731850702825 0.016438104212284088 0
1731850717721 0.016033338382840157 0
1731850732519 0.01624705269932747 0
1731850747401 0.016019536182284355 0
1731850762209 0.016151901334524155 0
1731850777112 0.016171425580978394 0
1731850791911 0.016746781766414642 0
1731850806788 0.016192937269806862 0
1731850821908 0.01620236039161682 0
1731850836802 0.01621190644800663 0
1731850851588 0.016324017196893692 0
1731850866481 0.016125885769724846 0
1731850881265 0.01670876145362854 0
1731850896145 0.016650071367621422 0
1731850910920 0.01641937345266342 0
1731850925822 0.016325602307915688 0
1731850940603 0.01626317948102951 0
1731850955487 0.01652662456035614 0
1731850970279 0.016506245359778404 0
1731850985174 0.01676863804459572 0
1731850999962 0.016511643305420876 0
1731851014839 0.016533058136701584 0
1731851029635 0.016785020008683205 0
1731851044859 0.016463860869407654 0
1731851059631 0.01675477623939514 0
1731851074520 0.01659158617258072 0
1731851089307 0.01676219329237938 0
1731851104197 0.016616404056549072 0
1731851118981 0.01667962037026882 0
1731851133862 0.016807058826088905 0
1731851148668 0.016789976507425308 0
1731851163556 0.01664341799914837 0
1731851178333 0.016567761078476906 0
1731851193227 0.016751324757933617 0
1731851208011 0.0167479757219553 0
1731851222890 0.016908733174204826 0
1731851237666 0.017030464485287666 0
1731851252865 0.01690146140754223 0
1731851267647 0.016947587952017784 0
1731851282503 0.016909785568714142 0
1731851297291 0.016983743757009506 0
1731851312180 0.016804318875074387 0
1731851326954 0.016973163932561874 0
1731851341833 0.01681039109826088 0
1731851356628 0.017017975449562073 0
1731851371501 0.01686270534992218 0
1731851386265 0.017148997634649277 0
1731851401134 0.017190812155604362 0
1731851415922 0.016998587176203728 0
1731851430782 0.01702108606696129 0
1731851445544 0.0172331053763628 0
1731851460422 0.017151085659861565 0
1731851475526 0.017211463302373886 0
1731851490383 0.01720719411969185 0
1731851505151 0.01734015718102455 0
1731851520007 0.0170237198472023 0
1731851534767 0.01722079887986183 0
1731851549616 0.01704692840576172 0
1731851564360 0.017177853733301163 0
1731851579205 0.017285775393247604 0
1731851593957 0.01729685813188553 0
1731851608774 0.017146669328212738 0
1731851623542 0.017221789807081223 0
1731851638378 0.017048854380846024 0
1731851653112 0.01717578060925007 0
1731851667950 0.017184879630804062 0
1731851682706 0.017130590975284576 0
1731851697835 0.017106540501117706 0
1731851712588 0.01723906397819519 0
1731851727427 0.017239268869161606 0
1731851742175 0.01721091754734516 0
1731851757025 0.017075957730412483 0
1731851771784 0.017468754202127457 0
1731851786616 0.01732284389436245 0
1731851801356 0.017318211495876312 0
1731851816181 0.01725231297314167 0
1731851830928 0.01735655590891838 0
1731851845759 0.017376147210597992 0
1731851860513 0.017090750858187675 0
1731851875326 0.017231862992048264 0
1731851890068 0.017378373071551323 0
1731851904886 0.017384415492415428 0
1731851919928 0.017387645319104195 0
1731851934750 0.01732863113284111 0
1731851949482 0.017289724200963974 0
1731851964321 0.017308637499809265 0
1731851979041 0.017290137708187103 0
1731851993880 0.017314527183771133 0
1731852008613 0.017360184341669083 0
1731852023441 0.017429903149604797 0
1731852038158 0.017279919236898422 0
1731852052979 0.017458228394389153 0
1731852067702 0.017344186082482338 0
1731852082506 0.01732746884226799 0
1731852097229 0.017360158264636993 0
1731852112036 0.01745118573307991 0
1731852126767 0.01747089996933937 0
1731852141883 0.01736040599644184 0
1731852156602 0.017444320023059845 0
1731852171417 0.01759585551917553 0
1731852186135 0.017392253503203392 0
1731852200949 0.017470363527536392 0
1731852215673 0.017367765307426453 0
1731852230501 0.01738612912595272 0
1731852245206 0.017582720145583153 0
1731852260027 0.017440395429730415 0
1731852274751 0.017445717006921768 0
1731852289565 0.017573868855834007 0
1731852304278 0.017631961032748222 0
1731852319098 0.017404263839125633 0
1731852333815 0.017452038824558258 0
1731852348938 0.017503606155514717 0
1731852363662 0.017460448667407036 0
1731852378471 0.017575440928339958 0
1731852393184 0.017602717503905296 0
1731852407985 0.017587581649422646 0
1731852422722 0.017591608688235283 0
1731852437531 0.017453644424676895 0
1731852452262 0.017409278079867363 0
1731852467082 0.017516713589429855 0
1731852481790 0.01752541773021221 0
1731852496606 0.017535869032144547 0
1731852511322 0.017587434500455856 0
1731852526141 0.017533116042613983 0
1731852540876 0.017581654712557793 0
1731852555684 0.01764565333724022 0
1731852570709 0.017549408599734306 0
1731852585510 0.017574060708284378 0
1731852600234 0.017606545239686966 0
1731852615058 0.01743461564183235 0
1731852629760 0.017637943848967552 0
1731852644568 0.017651235684752464 0
1731852659277 0.017596935853362083 0
1731852674098 0.017675330862402916 0
1731852688792 0.017699718475341797 0
1731852703589 0.017625661566853523 0
1731852718308 0.017643926665186882 0
1731852733108 0.017685966566205025 0
1731852747804 0.017664777114987373 0
1731852762612 0.017624475061893463 0
1731852777318 0.0176693145185709 0
1731852792436 0.017604926601052284 0
1731852807142 0.017625784501433372 0
1731852821956 0.017687352374196053 0
1731852836649 0.017690477892756462 0
1731852851459 0.01765662617981434 0
1731852866164 0.017742084339261055 0
1731852880965 0.017671814188361168 0
1731852895684 0.017766419798135757 0
1731852910489 0.017677055671811104 0
1731852925194 0.017712343484163284 0
1731852940008 0.017726466059684753 0
1731852954700 0.017641015350818634 0
1731852969501 0.017591992393136024 0
1731852984211 0.01770721562206745 0
1731852999029 0.01761533133685589 0
1731853014023 0.01766258105635643 0
1731853028835 0.017653383314609528 0
1731853043522 0.0175729189068079 0
1731853058307 0.017747879028320312 0
1731853073008 0.01768355630338192 0
1731853087806 0.01759372465312481 0
1731853102512 0.017661655321717262 0
1731853117298 0.017708679661154747 0
1731853132005 0.017685100436210632 0
1731853146805 0.017685236409306526 0
1731853161508 0.017701180651783943 0
1731853176295 0.017660005018115044 0
1731853190991 0.017615050077438354 0
1731853205779 0.017768308520317078 0
1731853220477 0.017697889357805252 0
