1731849857278 0.002401276957243681 0
1731849876603 0.0003327425511088222 0
1731849895725 0.00019682751735672355 0
1731849914938 0.00015608452667947859 0
1731849934071 0.00012217082257848233 0
1731849953294 0.00010194517381023616 0
1731849972458 0.00010059845226351172 0
1731849991695 9.915095870383084e-05 0
1731850010851 0.00010732797090895474 0
1731850030065 9.637087350711226e-05 0
1731850049193 0.00010183887934545055 0
1731850068426 8.889876335160807e-05 0
1731850087555 7.959155482240021e-05 0
1731850106797 9.0216395619791e-05 0
1731850125982 9.133575804298744e-05 0
1731850142997 9.560665057506412e-05 0
1731850160007 9.052883979165927e-05 0
1731850177024 7.950083818286657e-05 0
1731850194035 0.00010506065154913813 0
1731850211054 0.00010049629781860858 0
1731850228066 0.00010765476326923817 0
1731850245070 9.869511995930225e-05 0
1731850261323 0.00010404329805169255 0
1731850277173 0.00010443961946293712 0
1731850293131 0.00011256360448896885 0
1731850309083 0.0001042936637531966 0
1731850325018 0.00010210968321189284 0
1731850340873 0.00010864521027542651 0
1731850356823 0.00010380632011219859 0
1731850372785 0.0001116602070396766 0
1731850388073 0.0001108053038478829 0
1731850403348 0.00010329909855499864 0
1731850418633 0.000101901387097314 0
1731850433913 0.00010265244054608047 0
1731850449204 0.00010178671800531447 0
1731850464499 0.00012047300697304308 0
1731850479771 0.00011965318117290735 0
1731850494682 0.00011669052764773369 0
1731850509564 0.00012136164878029376 0
1731850524372 0.00011976552195847034 0
1731850539267 0.00013392616529017687 0
1731850554077 0.00011551362695172429 0
1731850568978 0.00013364468759391457 0
1731850583758 0.00012424879241734743 0
1731850598978 0.00011373310553608462 0
1731850613788 0.00012861061259172857 0
1731850628684 0.00011450891906861216 0
1731850643462 0.00012384318688418716 0
1731850658349 0.0001224958832608536 0
1731850673144 0.00011963789438595995 0
1731850688034 0.00012602913193404675 0
1731850702827 0.00012083089677616954 0
1731850717724 0.00011727058154065162 0
1731850732521 0.00011904026177944615 0
1731850747403 0.00010593373735900968 0
1731850762212 0.00014521912089549005 0
1731850777114 0.00011439624358899891 0
1731850791913 0.00011680946772685274 0
1731850806790 0.00011991338396910578 0
1731850821911 0.00011764843657147139 0
1731850836805 0.00011645095946732908 0
1731850851590 0.0001233933144249022 0
1731850866484 0.00012456114927772433 0
1731850881268 0.0001199842372443527 0
1731850896147 0.00011293020361335948 0
1731850910922 0.00011954530782531947 0
1731850925824 0.0001138981751864776 0
1731850940606 0.00011234484554734081 0
1731850955489 0.00011653659021249041 0
1731850970282 0.00011681304022204131 0
1731850985176 0.00011966855527134612 0
1731850999965 0.00010357279097661376 0
1731851014842 0.00012776863877661526 0
1731851029637 0.00012560920731630176 0
1731851044862 0.00012538436567410827 0
1731851059634 0.00013286297325976193 0
1731851074522 0.00010902551730396226 0
1731851089309 0.00010745655163191259 0
1731851104200 0.00011139699927298352 0
1731851118984 0.00011821740918094292 0
1731851133865 0.00011765173985622823 0
1731851148670 0.00012537084694486111 0
1731851163559 0.00011994286614935845 0
1731851178336 0.00011839452781714499 0
1731851193229 0.00012868929479736835 0
1731851208014 0.0001263796875718981 0
1731851222893 0.00011577882833080366 0
1731851237669 0.00010639366519171745 0
1731851252867 0.00011131360952276736 0
1731851267649 0.0001306307385675609 0
1731851282505 0.00011994523811154068 0
1731851297293 0.00012472071102820337 0
1731851312182 0.0001155478457803838 0
1731851326956 0.00012431968934834003 0
1731851341835 0.00011333072325214744 0
1731851356630 0.00010822775948327035 0
1731851371503 0.00010462637874297798 0
1731851386267 0.00011036874639103189 0
1731851401136 0.00013991014566272497 0
1731851415924 0.0001470335409976542 0
1731851430784 0.0001283341844100505 0
1731851445547 0.00012624931696336716 0
1731851460425 0.00011568037734832615 0
1731851475528 0.00010026738164015114 0
1731851490385 0.00011634538532234728 0
1731851505153 0.00012243165110703558 0
1731851520010 0.00010790349915623665 0
1731851534769 0.00012191929272376001 0
1731851549618 0.000124481157399714 0
1731851564363 0.00011287916277069598 0
1731851579208 0.00011491270561236888 0
1731851593959 0.00011997463298030198 0
1731851608776 0.00010637321975082159 0
1731851623544 0.0001060805152519606 0
1731851638381 0.00010695887613110244 0
1731851653114 0.00011139817797811702 0
1731851667952 0.00011506478767842054 0
1731851682708 0.00011662893666652963 0
1731851697837 0.00011319477926008403 0
1731851712590 0.00010649176692822948 0
1731851727429 0.00010843855852726847 0
1731851742178 0.00013062515063211322 0
1731851757027 0.00011868403817061335 0
1731851771786 0.00011280814214842394 0
1731851786618 0.00010806560749188066 0
1731851801358 0.00010829980601556599 0
1731851816183 0.00011423022078815848 0
1731851830930 0.00011170149082317948 0
1731851845761 0.00010700713028199971 0
1731851860515 0.00010840142931556329 0
1731851875328 0.00010335475963074714 0
1731851890070 0.00011700596223818138 0
1731851904888 0.0001103810645872727 0
1731851919931 0.00011420441296650097 0
1731851934752 0.00010710822971304879 0
1731851949484 0.00010647282761055976 0
1731851964323 0.00011394255852792412 0
1731851979043 0.0001094741965061985 0
1731851993882 0.00010793805995490402 0
1731852008615 0.00011418676876928657 0
1731852023443 0.00010490833665244281 0
1731852038160 0.00011639189324341714 0
1731852052981 0.0001088541466742754 0
1731852067704 0.0001162275584647432 0
1731852082508 0.00010627097799442708 0
1731852097231 0.00011918604286620393 0
1731852112038 0.00010620360990287736 0
1731852126769 0.00010907020623562858 0
1731852141886 0.00010414445569040254 0
1731852156604 0.00012459907156880945 0
1731852171419 0.00011137573892483488 0
1731852186137 0.00010753775131888688 0
1731852200951 0.00011437451757956296 0
1731852215675 0.00011820270447060466 0
1731852230503 9.865781612461433e-05 0
1731852245208 0.00011117379472125322 0
1731852260030 0.00010935409227386117 0
1731852274753 0.00010892671707551926 0
1731852289567 0.00010944534733425826 0
1731852304281 0.00010755837138276547 0
1731852319100 0.00010240471601719037 0
1731852333817 0.000111756133264862 0
1731852348940 0.00011395453475415707 0
1731852363664 9.946915088221431e-05 0
1731852378473 0.00011135457316413522 0
1731852393186 0.00010736449621617794 0
1731852407988 0.00011165383330080658 0
1731852422724 0.00010027909593190998 0
1731852437533 0.00012609822442755103 0
1731852452265 0.00011696198635036126 0
1731852467084 0.00010869579273276031 0
1731852481792 0.00010231661144644022 0
1731852496607 0.00010872499842662364 0
1731852511324 0.0001123801339417696 0
1731852526143 0.00011154316598549485 0
1731852540878 0.00011576922406675294 0
1731852555686 0.00011326403182465583 0
1731852570711 0.0001160466781584546 0
1731852585512 0.00010251119238091633 0
1731852600236 0.00011252846888964996 0
1731852615060 0.00010720422869781032 0
1731852629762 0.00010111539450008422 0
1731852644570 0.00010601481335470453 0
1731852659279 0.00010785532504087314 0
1731852674100 0.00010154319170396775 0
1731852688794 0.00011492206249386072 0
1731852703591 9.928050712915137e-05 0
1731852718310 0.00011394106695661321 0
1731852733110 0.00012213585432618856 0
1731852747806 9.662527008913457e-05 0
1731852762614 0.0001141280954470858 0
1731852777320 9.535769640933722e-05 0
1731852792439 0.0001032590662362054 0
1731852807143 0.00010688105248846114 0
1731852821958 0.000120029944810085 0
1731852836651 0.00011003413237631321 0
1731852851461 0.00010594109335215762 0
1731852866166 0.00010836377623490989 0
1731852880967 0.00010403690248494968 0
1731852895686 0.00011213884135941043 0
1731852910491 0.0001011688873404637 0
1731852925196 0.00010274755186401308 0
1731852940010 0.00011749329860322177 0
1731852954702 0.00010514792666072026 0
1731852969503 0.00010511412256164476 0
1731852984213 0.00010730054054874927 0
1731852999031 0.00011390926374588162 0
1731853014025 0.00010938207560684532 0
1731853028837 0.00010235591616947204 0
1731853043525 0.00010132864554179832 0
1731853058309 0.00010665859736036509 0
1731853073010 0.00010267032484989613 0
1731853087808 9.576591401128098e-05 0
1731853102514 0.00010647284216247499 0
1731853117300 0.0001046575271175243 0
1731853132007 0.00010672060307115316 0
1731853146807 0.00010535530600463971 0
1731853161510 9.640498319640756e-05 0
1731853176297 0.00010346830822527409 0
1731853190994 0.0001058846028172411 0
1731853205781 9.832061914494261e-05 0
1731853220479 0.00011915963841602206 0
