1731849857274 20.139995574951172 0
1731849876597 20.858295440673828 0
1731849895723 22.329673767089844 0
1731849914935 22.403491973876953 0
1731849934068 23.217649459838867 0
1731849953292 22.968889236450195 0
1731849972455 23.275144577026367 0
1731849991693 23.038494110107422 0
1731850010848 23.63144302368164 0
1731850030062 23.903867721557617 0
1731850049191 24.158918380737305 0
1731850068423 24.303266525268555 0
1731850087553 25.155811309814453 0
1731850106795 24.44874382019043 0
1731850125979 23.474069595336914 0
1731850142995 24.169559478759766 0
1731850160005 23.614540100097656 0
1731850177021 23.983421325683594 0
1731850194032 24.32459259033203 0
1731850211052 24.167306900024414 0
1731850228063 24.17938232421875 0
1731850245067 24.97692108154297 0
1731850261321 24.181304931640625 0
1731850277170 24.791475296020508 0
1731850293128 24.100540161132812 0
1731850309080 24.650238037109375 0
1731850325016 24.34147834777832 0
1731850340871 24.903505325317383 0
1731850356820 24.977123260498047 0
1731850372783 24.315210342407227 0
1731850388071 24.3179931640625 0
1731850403346 24.506996154785156 0
1731850418630 25.1320858001709 0
1731850433911 25.126331329345703 0
1731850449202 25.89651870727539 0
1731850464497 25.496267318725586 0
1731850479768 25.841337203979492 0
1731850494680 25.096073150634766 0
1731850509562 24.626693725585938 0
1731850524370 24.664325714111328 0
1731850539264 25.610469818115234 0
1731850554075 25.112438201904297 0
1731850568975 25.528423309326172 0
1731850583756 24.975168228149414 0
1731850598976 25.615270614624023 0
1731850613786 25.343660354614258 0
1731850628682 25.595056533813477 0
1731850643459 25.444732666015625 0
1731850658347 25.22524070739746 0
1731850673142 26.05685806274414 0
1731850688032 25.77474594116211 0
1731850702825 25.74853515625 0
1731850717721 25.238981246948242 0
1731850732519 25.22747802734375 0
1731850747401 26.113264083862305 0
1731850762209 25.257863998413086 0
1731850777112 25.71710777282715 0
1731850791911 26.016721725463867 0
1731850806788 25.20926856994629 0
1731850821908 25.84694480895996 0
1731850836802 26.557456970214844 0
1731850851588 27.077587127685547 0
1731850866481 25.983360290527344 0
1731850881265 26.238784790039062 0
1731850896145 25.718957901000977 0
1731850910920 26.451828002929688 0
1731850925822 25.530078887939453 0
1731850940603 25.80890655517578 0
1731850955487 26.75691032409668 0
1731850970279 26.060400009155273 0
1731850985174 25.944047927856445 0
1731850999962 26.51813316345215 0
1731851014839 26.715627670288086 0
1731851029635 26.297809600830078 0
1731851044859 26.085479736328125 0
1731851059631 26.076337814331055 0
1731851074520 26.227460861206055 0
1731851089307 26.62140655517578 0
1731851104197 26.71953582763672 0
1731851118981 26.298551559448242 0
1731851133862 26.1330623626709 0
1731851148668 26.001304626464844 0
1731851163556 26.37224578857422 0
1731851178333 26.340421676635742 0
1731851193227 26.9425106048584 0
1731851208011 26.20770263671875 0
1731851222890 26.399024963378906 0
1731851237666 25.949670791625977 0
1731851252865 26.979902267456055 0
1731851267647 26.806957244873047 0
1731851282503 27.425033569335938 0
1731851297291 26.46030044555664 0
1731851312180 26.768653869628906 0
1731851326954 27.041837692260742 0
1731851341833 26.514801025390625 0
1731851356628 26.724517822265625 0
1731851371501 26.769287109375 0
1731851386265 26.99469566345215 0
1731851401134 26.79029083251953 0
1731851415922 27.008846282958984 0
1731851430782 26.807872772216797 0
1731851445544 26.534645080566406 0
1731851460422 26.7283992767334 0
1731851475526 26.34296417236328 0
1731851490383 26.756046295166016 0
1731851505151 26.565380096435547 0
1731851520007 26.964488983154297 0
1731851534767 27.01806640625 0
1731851549616 27.28632354736328 0
1731851564360 27.28508949279785 0
1731851579205 26.772708892822266 0
1731851593957 27.132335662841797 0
1731851608774 26.634239196777344 0
1731851623542 27.315353393554688 0
1731851638378 27.065509796142578 0
1731851653112 27.27805519104004 0
1731851667950 27.43385124206543 0
1731851682706 27.195741653442383 0
1731851697835 27.591135025024414 0
1731851712588 27.5030517578125 0
1731851727427 27.482980728149414 0
1731851742175 27.30542755126953 0
1731851757025 27.749103546142578 0
1731851771784 27.843505859375 0
1731851786616 27.250585556030273 0
1731851801356 27.245525360107422 0
1731851816181 27.70547103881836 0
1731851830928 27.672378540039062 0
1731851845759 28.196571350097656 0
1731851860513 27.407512664794922 0
1731851875326 26.921157836914062 0
1731851890068 27.74025535583496 0
1731851904886 28.088106155395508 0
1731851919928 27.543323516845703 0
1731851934750 27.137418746948242 0
1731851949482 28.11008071899414 0
1731851964321 28.289548873901367 0
1731851979041 27.818384170532227 0
1731851993880 27.539962768554688 0
1731852008613 27.961591720581055 0
1731852023441 27.393600463867188 0
1731852038158 27.825178146362305 0
1731852052979 27.366628646850586 0
1731852067702 27.263965606689453 0
1731852082506 27.72819709777832 0
1731852097229 27.877685546875 0
1731852112036 27.394506454467773 0
1731852126767 27.636960983276367 0
1731852141883 27.336244583129883 0
1731852156602 27.93089485168457 0
1731852171417 27.428512573242188 0
1731852186135 27.776269912719727 0
1731852200949 27.373079299926758 0
1731852215673 27.59587287902832 0
1731852230501 28.334657669067383 0
1731852245206 27.731199264526367 0
1731852260027 28.217288970947266 0
1731852274751 27.919233322143555 0
1731852289565 28.19732666015625 0
1731852304278 27.490154266357422 0
1731852319098 27.622587203979492 0
1731852333815 28.211591720581055 0
1731852348938 28.378467559814453 0
1731852363662 27.7760009765625 0
1731852378471 27.986980438232422 0
1731852393184 27.96338653564453 0
1731852407985 27.954927444458008 0
1731852422722 27.749977111816406 0
1731852437531 29.054214477539062 0
1731852452262 27.831989288330078 0
1731852467082 28.249160766601562 0
1731852481790 28.670238494873047 0
1731852496606 28.050220489501953 0
1731852511322 27.954212188720703 0
1731852526141 28.176136016845703 0
1731852540876 28.144460678100586 0
1731852555684 28.335926055908203 0
1731852570709 27.915605545043945 0
1731852585510 28.340850830078125 0
1731852600234 27.418729782104492 0
1731852615058 28.439523696899414 0
1731852629760 28.20615005493164 0
1731852644568 28.82319450378418 0
1731852659277 28.23346519470215 0
1731852674098 28.361534118652344 0
1731852688792 28.241024017333984 0
1731852703589 28.590940475463867 0
1731852718308 27.93670082092285 0
1731852733108 27.957332611083984 0
1731852747804 28.86151123046875 0
1731852762612 28.147972106933594 0
1731852777318 28.3140869140625 0
1731852792436 28.75694465637207 0
1731852807142 28.435073852539062 0
1731852821956 28.678661346435547 0
1731852836649 28.23661231994629 0
1731852851459 28.654098510742188 0
1731852866164 27.926603317260742 0
1731852880965 28.650320053100586 0
1731852895684 28.54418182373047 0
1731852910489 28.471113204956055 0
1731852925194 28.953725814819336 0
1731852940008 27.59206199645996 0
1731852954700 28.906110763549805 0
1731852969501 28.564105987548828 0
1731852984211 28.697254180908203 0
1731852999029 28.179794311523438 0
1731853014023 28.811979293823242 0
1731853028835 28.960254669189453 0
1731853043522 29.019433975219727 0
1731853058307 28.21465301513672 0
1731853073008 29.370746612548828 0
1731853087806 28.7497501373291 0
1731853102512 29.36616325378418 0
1731853117298 29.34109115600586 0
1731853132005 28.1030216217041 0
1731853146805 28.735843658447266 0
1731853161508 29.240947723388672 0
1731853176295 28.98163604736328 0
1731853190991 28.563549041748047 0
1731853205779 28.967496871948242 0
1731853220477 28.725666046142578 0
