1731849857278 0.0009055973496288061 0
1731849876603 0.0006306408904492855 0
1731849895725 0.0004000439075753093 0
1731849914938 0.00029887829441577196 0
1731849934071 0.00024362817930523306 0
1731849953294 0.00032784653012640774 0
1731849972458 0.0002641344035509974 0
1731849991695 0.00035014344030059874 0
1731850010851 0.00028928532265126705 0
1731850030065 0.00026570979389362037 0
1731850049193 0.0002673675771802664 0
1731850068426 0.00022748525952920318 0
1731850087555 0.0002306808455614373 0
1731850106797 0.00025096532772295177 0
1731850125982 0.00021460448624566197 0
1731850142997 0.00042773858876898885 0
1731850160007 0.00043316371738910675 0
1731850177024 0.00020560469420161098 0
1731850194035 0.0002498882240615785 0
1731850211054 0.0002961692225653678 0
1731850228066 0.0002666639629751444 0
1731850245070 0.00030338167562149465 0
1731850261323 0.00035117362858727574 0
1731850277173 0.00023265686468221247 0
1731850293131 0.00043764192378148437 0
1731850309083 0.0006065352936275303 0
1731850325018 0.00035288598155602813 0
1731850340873 0.00032493710750713944 0
1731850356823 0.000221178779611364 0
1731850372785 0.00023514582426287234 0
1731850388073 0.00039022378041408956 0
1731850403348 0.0005000805831514299 0
1731850418633 0.0002318549231858924 0
1731850433913 0.0002402465615887195 0
1731850449204 0.00018889328930526972 0
1731850464499 0.00022508023539558053 0
1731850479771 0.00020756198500748724 0
1731850494682 0.00029799225740134716 0
1731850509564 0.0003201403305865824 0
1731850524372 0.00019909591355826706 0
1731850539267 0.00020308286184445024 0
1731850554077 0.0003376552485860884 0
1731850568978 0.00021886186732444912 0
1731850583758 0.00030457653338089585 0
1731850598978 0.0002210101520176977 0
1731850613788 0.0004140279197599739 0
1731850628684 0.00021333558834157884 0
1731850643462 0.0002574647660367191 0
1731850658349 0.0002481047122273594 0
1731850673144 0.00020797499746549875 0
1731850688034 0.00022260905825532973 0
1731850702827 0.0002124580496456474 0
1731850717724 0.00039271029527299106 0
1731850732521 0.000199055764824152 0
1731850747403 0.00022294523660093546 0
1731850762212 0.00025532758445478976 0
1731850777114 0.00023367838002741337 0
1731850791913 0.00024996482534334064 0
1731850806790 0.0002012960030697286 0
1731850821911 0.0002064939762931317 0
1731850836805 0.0002429453015793115 0
1731850851590 0.0002195807610405609 0
1731850866484 0.00022650932078249753 0
1731850881268 0.00022524400264956057 0
1731850896147 0.0002334488817723468 0
1731850910922 0.00024153615231625736 0
1731850925824 0.000227001728489995 0
1731850940606 0.00022172980243340135 0
1731850955489 0.0002131101064151153 0
1731850970282 0.00022201903630048037 0
1731850985176 0.0002100234996760264 0
1731850999965 0.0002519749687053263 0
1731851014842 0.00021012919023633003 0
1731851029637 0.00022688432363793254 0
1731851044862 0.00021558729349635541 0
1731851059634 0.0002210655657108873 0
1731851074522 0.0002271442353958264 0
1731851089309 0.00022614537738263607 0
1731851104200 0.00023981479171197861 0
1731851118984 0.0002353964518988505 0
1731851133865 0.00022106769029051065 0
1731851148670 0.00025048438692465425 0
1731851163559 0.00021665971144102514 0
1731851178336 0.00022812541283201426 0
1731851193229 0.00021856014791410416 0
1731851208014 0.00022989034187048674 0
1731851222893 0.00022197091311682016 0
1731851237669 0.00024072584346868098 0
1731851252867 0.0002042583073489368 0
1731851267649 0.00022499909391626716 0
1731851282505 0.00021962741448078305 0
1731851297293 0.0002143528836313635 0
1731851312182 0.0002490681945346296 0
1731851326956 0.0002054064825642854 0
1731851341835 0.00020598959235940129 0
1731851356630 0.0002523666189517826 0
1731851371503 0.0002597344573587179 0
1731851386267 0.00021403704886324704 0
1731851401136 0.00022729678312316537 0
1731851415924 0.00023822690127417445 0
1731851430784 0.00026022823294624686 0
1731851445547 0.00023103642161004245 0
1731851460425 0.0002522087306715548 0
1731851475528 0.0002545660245232284 0
1731851490385 0.00025493657449260354 0
1731851505153 0.00023988960310816765 0
1731851520010 0.000217836641240865 0
1731851534769 0.00023472652537748218 0
1731851549618 0.00024167461378965527 0
1731851564363 0.0002235319116152823 0
1731851579208 0.0002155784168280661 0
1731851593959 0.0002165190817322582 0
1731851608776 0.0002201979368692264 0
1731851623544 0.00026428443379700184 0
1731851638381 0.00025846256176009774 0
1731851653114 0.00022057302703615278 0
1731851667952 0.00022141076624393463 0
1731851682708 0.0002317936741746962 0
1731851697837 0.00022176618222147226 0
1731851712590 0.00021961858146823943 0
1731851727429 0.00023431539011653513 0
1731851742178 0.0002286077942699194 0
1731851757027 0.00021604052744805813 0
1731851771786 0.00024839717661961913 0
1731851786618 0.0002533405786380172 0
1731851801358 0.00020997725368943065 0
1731851816183 0.00021423732687253505 0
1731851830930 0.0002618209400679916 0
1731851845761 0.00021702918456867337 0
1731851860515 0.00025745166931301355 0
1731851875328 0.0002160995645681396 0
1731851890070 0.0002403922117082402 0
1731851904888 0.00024175088037736714 0
1731851919931 0.00024230353301391006 0
1731851934752 0.00023224200413096696 0
1731851949484 0.00024377548834308982 0
1731851964323 0.0002188060461776331 0
1731851979043 0.00025955380988307297 0
1731851993882 0.00023758223687764257 0
1731852008615 0.00022784301836509258 0
1731852023443 0.00023099820828065276 0
1731852038160 0.0002288306422997266 0
1731852052981 0.0002240778412669897 0
1731852067704 0.00023943788255564868 0
1731852082508 0.00023151403001975268 0
1731852097231 0.00023424213577527553 0
1731852112038 0.00023854401661083102 0
1731852126769 0.0002150137152057141 0
1731852141886 0.00022095661552157253 0
1731852156604 0.00022528860426973552 0
1731852171419 0.0002382088714512065 0
1731852186137 0.00023259661975316703 0
1731852200951 0.00021397232194431126 0
1731852215675 0.00023050798336043954 0
1731852230503 0.0001997598446905613 0
1731852245208 0.0002428595907986164 0
1731852260030 0.00023322220658883452 0
1731852274753 0.0002210862876381725 0
1731852289567 0.00023631428484804928 0
1731852304281 0.0002186679921578616 0
1731852319100 0.00022472592536360025 0
1731852333817 0.0002159219147870317 0
1731852348940 0.00022120651556178927 0
1731852363664 0.0002643780899234116 0
1731852378473 0.00023538144887425005 0
1731852393186 0.00020768807735294104 0
1731852407988 0.00024391012266278267 0
1731852422724 0.0002640884486027062 0
1731852437533 0.0002265806106152013 0
1731852452265 0.0002242945192847401 0
1731852467084 0.00023742325720377266 0
1731852481792 0.00021352290059439838 0
1731852496607 0.00024439627304673195 0
1731852511324 0.0002292972058057785 0
1731852526143 0.000211060862056911 0
1731852540878 0.00020879913063254207 0
1731852555686 0.00022046625963412225 0
1731852570711 0.00023128834436647594 0
1731852585512 0.000219034991459921 0
1731852600236 0.00020725496869999915 0
1731852615060 0.00025400525191798806 0
1731852629762 0.00020039967785123736 0
1731852644570 0.00023136821982916445 0
1731852659279 0.00024140067398548126 0
1731852674100 0.00024169789685402066 0
1731852688794 0.00020920326642226428 0
1731852703591 0.00020319665782153606 0
1731852718310 0.00020408761338330805 0
1731852733110 0.00023007916752249002 0
1731852747806 0.00022381352027878165 0
1731852762614 0.00021464504243340343 0
1731852777320 0.0002457924128975719 0
1731852792439 0.00023076657089404762 0
1731852807143 0.00021613884018734097 0
1731852821958 0.00023484276607632637 0
1731852836651 0.00020725533249787986 0
1731852851461 0.00020461034728214145 0
1731852866166 0.000230958525207825 0
1731852880967 0.00021136488066986203 0
1731852895686 0.00020355504238978028 0
1731852910491 0.00021303622634150088 0
1731852925196 0.00021935933909844607 0
1731852940010 0.0002253063430543989 0
1731852954702 0.0002265148505102843 0
1731852969503 0.00023158130352385342 0
1731852984213 0.0002213464758824557 0
1731852999031 0.00022953223378863186 0
1731853014025 0.00022073759464547038 0
1731853028837 0.00020315538858994842 0
1731853043525 0.00020445953123271465 0
1731853058309 0.00022694014478474855 0
1731853073010 0.00021222569921519607 0
1731853087808 0.0002233702689409256 0
1731853102514 0.0001880228373920545 0
1731853117300 0.00022193956829141825 0
1731853132007 0.00022704293951392174 0
1731853146807 0.00021180028852541 0
1731853161510 0.0002122025762218982 0
1731853176297 0.0002124271122738719 0
1731853190994 0.00021414883667603135 0
1731853205781 0.00019485977827571332 0
1731853220479 0.00021687010303139687 0
