1731946086481 0.026065027341246605 0
1731946146484 0.02896036207675934 0
1731946205941 0.03152596950531006 0
1731946263701 0.03233533352613449 0
1731946319317 0.03298163786530495 0
1731946374357 0.03307207301259041 0
1731946428342 0.03348613530397415 0
1731946482184 0.03395587578415871 0
1731946535420 0.03348631039261818 0
1731946589188 0.034013185650110245 0
1731946642443 0.03390936180949211 0
1731946695995 0.034090615808963776 0
1731946749166 0.03420783206820488 0
1731946802786 0.03438838943839073 0
1731946854584 0.03472374007105827 0
1731946898467 0.034675195813179016 0
1731946942261 0.0345945730805397 0
1731946986185 0.034506045281887054 0
1731947029981 0.03500418737530708 0
1731947073832 0.035326872020959854 0
1731947117681 0.03529096767306328 0
1731947161585 0.03535119444131851 0
1731947202138 0.035519398748874664 0
1731947240897 0.035220105201005936 0
1731947280128 0.03541582450270653 0
1731947319367 0.03535020723938942 0
1731947358540 0.035651858896017075 0
1731947397271 0.035369955003261566 0
1731947436515 0.035332825034856796 0
1731947474896 0.03552665188908577 0
1731947511278 0.03553659841418266 0
1731947547580 0.03576357290148735 0
1731947583880 0.035861313343048096 0
1731947620154 0.03608737513422966 0
1731947656385 0.03610670194029808 0
1731947692741 0.0356147438287735 0
1731947729085 0.036116164177656174 0
1731947763789 0.03620282560586929 0
1731947798472 0.035791944712400436 0
1731947832722 0.03587514907121658 0
1731947867346 0.03574110195040703 0
1731947901686 0.036171700805425644 0
1731947936325 0.03604821115732193 0
1731947970706 0.036156680434942245 0
1731948005835 0.03579962998628616 0
1731948040117 0.036252301186323166 0
1731948074770 0.03596140071749687 0
1731948109029 0.03604176267981529 0
1731948143742 0.03605779632925987 0
1731948178091 0.036147844046354294 0
1731948212777 0.036117859184741974 0
1731948247018 0.036221619695425034 0
1731948281647 0.03631378337740898 0
1731948315864 0.0363023541867733 0
1731948350618 0.03658020496368408 0
1731948384863 0.03631623461842537 0
1731948419594 0.03642386943101883 0
1731948453876 0.0366290882229805 0
1731948488602 0.03643372654914856 0
1731948523167 0.03654621168971062 0
1731948557806 0.03657985478639603 0
1731948592096 0.0367022268474102 0
1731948626814 0.0367867611348629 0
1731948661041 0.036482781171798706 0
1731948695673 0.03692552447319031 0
1731948729977 0.03670996427536011 0
1731948764692 0.03671233355998993 0
1731948798929 0.03668121621012688 0
1731948833622 0.03694860264658928 0
1731948867974 0.036744195967912674 0
1731948902645 0.03719580918550491 0
1731948936949 0.03705679997801781 0
1731948971724 0.037088945508003235 0
1731949005914 0.03701458498835564 0
1731949040925 0.0370972715318203 0
1731949075201 0.03699624165892601 0
1731949109897 0.03708425909280777 0
1731949144136 0.037119485437870026 0
1731949178821 0.03712432086467743 0
1731949213129 0.03734428435564041 0
1731949247831 0.037112437188625336 0
1731949282119 0.03724784776568413 0
1731949316732 0.03728955611586571 0
1731949351133 0.03735171630978584 0
1731949385758 0.03723772242665291 0
1731949420052 0.03733537718653679 0
1731949454718 0.03725185617804527 0
1731949488996 0.0375593826174736 0
1731949524060 0.03731505200266838 0
1731949558358 0.03743704780936241 0
1731949593018 0.037447065114974976 0
1731949627278 0.037659771740436554 0
1731949661907 0.03747023269534111 0
1731949696217 0.03739780932664871 0
1731949730914 0.037555545568466187 0
1731949765249 0.037725672125816345 0
1731949800027 0.03756902739405632 0
1731949834356 0.03776097297668457 0
1731949869096 0.03777587413787842 0
1731949903386 0.037922587245702744 0
1731949938023 0.03777507692575455 0
1731949972306 0.03788682445883751 0
1731950006976 0.037851713597774506 0
1731950041557 0.0378546342253685 0
1731950076272 0.037974607199430466 0
1731950110532 0.0381324402987957 0
1731950145198 0.03785816952586174 0
1731950179510 0.037966497242450714 0
1731950214297 0.037961095571517944 0
1731950248551 0.038092758506536484 0
1731950283332 0.03805900737643242 0
1731950317581 0.03812768682837486 0
1731950352206 0.038110993802547455 0
1731950386420 0.038235362619161606 0
1731950421143 0.03827526792883873 0
1731950455458 0.038200829178094864 0
1731950490107 0.03834940120577812 0
1731950524455 0.03845956176519394 0
1731950559520 0.038320112973451614 0
1731950593761 0.03848224878311157 0
1731950628439 0.03841625526547432 0
1731950662663 0.038411833345890045 0
1731950697494 0.03831443563103676 0
1731950731858 0.03827553987503052 0
1731950766610 0.03847575560212135 0
1731950801031 0.03843669220805168 0
1731950835894 0.03834608569741249 0
1731950870275 0.03852572664618492 0
1731950905037 0.0385650135576725 0
1731950939430 0.03845096752047539 0
1731950974214 0.03864643722772598 0
1731951008636 0.03872480243444443 0
1731951043501 0.03870052844285965 0
1731951078180 0.038779981434345245 0
1731951112873 0.038688480854034424 0
1731951147190 0.0388263575732708 0
1731951181944 0.03891424089670181 0
1731951216325 0.03884859010577202 0
1731951251089 0.03893768787384033 0
1731951285402 0.03878268972039223 0
1731951320212 0.03895880654454231 0
1731951354627 0.03899575397372246 0
1731951389394 0.038902610540390015 0
1731951423692 0.038902826607227325 0
1731951458490 0.03902756795287132 0
1731951492874 0.039093971252441406 0
1731951527641 0.03908044844865799 0
1731951561995 0.03898964449763298 0
1731951597079 0.03903907164931297 0
1731951631416 0.03900737687945366 0
1731951666211 0.03904261067509651 0
1731951700551 0.039053332060575485 0
1731951735346 0.03916717693209648 0
1731951769741 0.03919818624854088 0
1731951804501 0.03917005658149719 0
1731951838772 0.039198216050863266 0
1731951873477 0.039142459630966187 0
1731951907906 0.03923356533050537 0
1731951942768 0.0392325334250927 0
1731951977153 0.03923754021525383 0
1731952011879 0.03928021341562271 0
1731952046220 0.0392511747777462 0
1731952081266 0.039301082491874695 0
1731952115502 0.03910170868039131 0
1731952150252 0.03920798376202583 0
1731952184622 0.039286646991968155 0
1731952219480 0.0392586849629879 0
1731952253895 0.03936559706926346 0
1731952288672 0.03930963948369026 0
1731952323034 0.03935195133090019 0
1731952357725 0.0393463559448719 0
1731952392084 0.03933767229318619 0
1731952426879 0.03931427747011185 0
1731952461270 0.0393492765724659 0
1731952495983 0.03951635956764221 0
1731952530289 0.0393473319709301 0
1731952565071 0.039405953139066696 0
1731952599701 0.03935166820883751 0
1731952634383 0.03934876248240471 0
1731952668675 0.03931859880685806 0
1731952703432 0.039438411593437195 0
1731952737785 0.03946274146437645 0
1731952772567 0.03941112384200096 0
1731952806982 0.03954431787133217 0
1731952841784 0.039526473730802536 0
1731952876109 0.039569269865751266 0
1731952910823 0.03956536948680878 0
1731952945238 0.03957894444465637 0
1731952979990 0.039622701704502106 0
1731953014297 0.03967444971203804 0
1731953048989 0.03962194174528122 0
1731953083384 0.03972328454256058 0
1731953118478 0.03977872058749199 0
1731953152865 0.03977743536233902 0
1731953187610 0.03987366706132889 0
1731953221994 0.03988185152411461 0
1731953256802 0.03975420817732811 0
1731953291146 0.039839085191488266 0
1731953325858 0.0398416630923748 0
1731953360239 0.03987061232328415 0
1731953395027 0.03981928154826164 0
1731953429358 0.039855338633060455 0
1731953464137 0.03994598984718323 0
1731953498392 0.03988408297300339 0
1731953533166 0.03996288776397705 0
1731953567570 0.03994840011000633 0
1731953602310 0.03995857387781143 0
1731953637056 0.040077563375234604 0
1731953671913 0.03992510586977005 0
1731953706338 0.040001560002565384 0
1731953741087 0.040049925446510315 0
1731953775414 0.04001043364405632 0
1731953810162 0.03999503701925278 0
1731953844512 0.04004683718085289 0
1731953879310 0.04016028344631195 0
1731953913670 0.040058549493551254 0
1731953948454 0.04007851704955101 0
1731953982885 0.040027156472206116 0
1731954017632 0.04011030122637749 0
1731954051984 0.04003800079226494 0
1731954086748 0.04011088237166405 0
1731954121114 0.04017903283238411 0
