1731946086481 0.055729079991579056 0
1731946146484 0.06361034512519836 0
1731946205941 0.07035800814628601 0
1731946263701 0.07281182706356049 0
1731946319317 0.07711602747440338 0
1731946374357 0.0767027735710144 0
1731946428342 0.07680032402276993 0
1731946482184 0.07819691300392151 0
1731946535420 0.07803962379693985 0
1731946589188 0.07811785489320755 0
1731946642443 0.07980843633413315 0
1731946695995 0.07868381589651108 0
1731946749166 0.07803625613451004 0
1731946802786 0.07901658862829208 0
1731946854584 0.07892725616693497 0
1731946898467 0.07887575030326843 0
1731946942261 0.07898291945457458 0
1731946986185 0.07948414236307144 0
1731947029981 0.08014753460884094 0
1731947073832 0.08015316724777222 0
1731947117681 0.07983016967773438 0
1731947161585 0.0797458365559578 0
1731947202138 0.07980933785438538 0
1731947240897 0.07968106865882874 0
1731947280128 0.07982216775417328 0
1731947319367 0.07966369390487671 0
1731947358540 0.0788736566901207 0
1731947397271 0.07856950163841248 0
1731947436515 0.07810815423727036 0
1731947474896 0.07864277809858322 0
1731947511278 0.07919994741678238 0
1731947547580 0.07965953648090363 0
1731947583880 0.07978270202875137 0
1731947620154 0.08030223846435547 0
1731947656385 0.07927334308624268 0
1731947692741 0.07838589698076248 0
1731947729085 0.0791846215724945 0
1731947763789 0.0798121839761734 0
1731947798472 0.07895324379205704 0
1731947832722 0.07909183204174042 0
1731947867346 0.07961376756429672 0
1731947901686 0.0794314369559288 0
1731947936325 0.07964693754911423 0
1731947970706 0.07967529445886612 0
1731948005835 0.07962096482515335 0
1731948040117 0.07941281050443649 0
1731948074770 0.07971999049186707 0
1731948109029 0.07951515167951584 0
1731948143742 0.079319529235363 0
1731948178091 0.07932993769645691 0
1731948212777 0.07907236367464066 0
1731948247018 0.07927188277244568 0
1731948281647 0.07960699498653412 0
1731948315864 0.07918064296245575 0
1731948350618 0.08030438423156738 0
1731948384863 0.07948525249958038 0
1731948419594 0.08039886504411697 0
1731948453876 0.08054132759571075 0
1731948488602 0.08008086681365967 0
1731948523167 0.08017612248659134 0
1731948557806 0.07994575053453445 0
1731948592096 0.08025822788476944 0
1731948626814 0.08042088896036148 0
1731948661041 0.07985036075115204 0
1731948695673 0.0804324671626091 0
1731948729977 0.08029376715421677 0
1731948764692 0.08039271086454391 0
1731948798929 0.08006668090820312 0
1731948833622 0.08022824674844742 0
1731948867974 0.08063807338476181 0
1731948902645 0.08085979521274567 0
1731948936949 0.08088350296020508 0
1731948971724 0.08138372004032135 0
1731949005914 0.08109904825687408 0
1731949040925 0.08130165189504623 0
1731949075201 0.08111521601676941 0
1731949109897 0.08118768781423569 0
1731949144136 0.08101052790880203 0
1731949178821 0.0813065692782402 0
1731949213129 0.08103077113628387 0
1731949247831 0.08057904243469238 0
1731949282119 0.08062808215618134 0
1731949316732 0.08092933893203735 0
1731949351133 0.08120688050985336 0
1731949385758 0.08117571473121643 0
1731949420052 0.08070049434900284 0
1731949454718 0.08061140030622482 0
1731949488996 0.08189421147108078 0
1731949524060 0.08090776205062866 0
1731949558358 0.08135655522346497 0
1731949593018 0.08096297085285187 0
1731949627278 0.08114985376596451 0
1731949661907 0.08056312054395676 0
1731949696217 0.08047448098659515 0
1731949730914 0.08126714825630188 0
1731949765249 0.08116678148508072 0
1731949800027 0.08067076653242111 0
1731949834356 0.08102504909038544 0
1731949869096 0.08083727210760117 0
1731949903386 0.08148127049207687 0
1731949938023 0.0816083699464798 0
1731949972306 0.08161742240190506 0
1731950006976 0.08155433088541031 0
1731950041557 0.08107904344797134 0
1731950076272 0.08163759857416153 0
1731950110532 0.0817188173532486 0
1731950145198 0.08133328706026077 0
1731950179510 0.08109276741743088 0
1731950214297 0.08146103471517563 0
1731950248551 0.08134829252958298 0
1731950283332 0.08134642988443375 0
1731950317581 0.08139082044363022 0
1731950352206 0.0817093700170517 0
1731950386420 0.08146055787801743 0
1731950421143 0.08124469220638275 0
1731950455458 0.0813487321138382 0
1731950490107 0.08178839832544327 0
1731950524455 0.08166714012622833 0
1731950559520 0.08119070529937744 0
1731950593761 0.08169971406459808 0
1731950628439 0.08155228942632675 0
1731950662663 0.08145599812269211 0
1731950697494 0.08129449188709259 0
1731950731858 0.08126197755336761 0
1731950766610 0.08150212466716766 0
1731950801031 0.08155165612697601 0
1731950835894 0.08110087364912033 0
1731950870275 0.0815749391913414 0
1731950905037 0.08153901994228363 0
1731950939430 0.08143392205238342 0
1731950974214 0.08186992257833481 0
1731951008636 0.08154477179050446 0
1731951043501 0.08150068670511246 0
1731951078180 0.08154811710119247 0
1731951112873 0.08151913434267044 0
1731951147190 0.08148081600666046 0
1731951181944 0.08218955993652344 0
1731951216325 0.08142292499542236 0
1731951251089 0.08167602121829987 0
1731951285402 0.08164723217487335 0
1731951320212 0.08177391439676285 0
1731951354627 0.08187820762395859 0
1731951389394 0.08181207627058029 0
1731951423692 0.08184555172920227 0
1731951458490 0.08181076496839523 0
1731951492874 0.08184488862752914 0
1731951527641 0.08174685388803482 0
1731951561995 0.08174046874046326 0
1731951597079 0.0819464847445488 0
1731951631416 0.08180279284715652 0
1731951666211 0.08177068829536438 0
1731951700551 0.08167718350887299 0
1731951735346 0.08213267475366592 0
1731951769741 0.08196737617254257 0
1731951804501 0.08181685209274292 0
1731951838772 0.08177687227725983 0
1731951873477 0.08186952769756317 0
1731951907906 0.08198017627000809 0
1731951942768 0.08199154585599899 0
1731951977153 0.08210112899541855 0
1731952011879 0.08214430510997772 0
1731952046220 0.08213508874177933 0
1731952081266 0.08230152726173401 0
1731952115502 0.0815696269273758 0
1731952150252 0.0821860283613205 0
1731952184622 0.08212602138519287 0
1731952219480 0.08189550042152405 0
1731952253895 0.08233717828989029 0
1731952288672 0.08199664205312729 0
1731952323034 0.08224278688430786 0
1731952357725 0.08229681849479675 0
1731952392084 0.08251089602708817 0
1731952426879 0.08217233419418335 0
1731952461270 0.08201292902231216 0
1731952495983 0.08233892917633057 0
1731952530289 0.08213384449481964 0
1731952565071 0.08227929472923279 0
1731952599701 0.08229035884141922 0
1731952634383 0.0820656269788742 0
1731952668675 0.08223934471607208 0
1731952703432 0.08221435546875 0
1731952737785 0.08227365463972092 0
1731952772567 0.08208711445331573 0
1731952806982 0.0825510323047638 0
1731952841784 0.08254463225603104 0
1731952876109 0.08239594101905823 0
1731952910823 0.08247561752796173 0
1731952945238 0.082393579185009 0
1731952979990 0.08254721760749817 0
1731953014297 0.08241884410381317 0
1731953048989 0.08217514306306839 0
1731953083384 0.08243875950574875 0
1731953118478 0.08257417380809784 0
1731953152865 0.08272679150104523 0
1731953187610 0.08281998336315155 0
1731953221994 0.08273705840110779 0
1731953256802 0.08250950276851654 0
1731953291146 0.08262555301189423 0
1731953325858 0.08303136378526688 0
1731953360239 0.08285441994667053 0
1731953395027 0.08274926990270615 0
1731953429358 0.08265678584575653 0
1731953464137 0.08281286805868149 0
1731953498392 0.08283240348100662 0
1731953533166 0.08301755785942078 0
1731953567570 0.0827113687992096 0
1731953602310 0.0827016606926918 0
1731953637056 0.08301356434822083 0
1731953671913 0.0826149582862854 0
1731953706338 0.08281869441270828 0
1731953741087 0.08279873430728912 0
1731953775414 0.08278606832027435 0
1731953810162 0.08269333839416504 0
1731953844512 0.08286800980567932 0
1731953879310 0.08282821625471115 0
1731953913670 0.08270308375358582 0
1731953948454 0.08273383229970932 0
1731953982885 0.08276625722646713 0
1731954017632 0.0828932672739029 0
1731954051984 0.08278481662273407 0
1731954086748 0.08303064852952957 0
1731954121114 0.08337529748678207 0
