1731946086481 0.5708224177360535 0
1731946146484 0.5949179530143738 0
1731946205941 0.607308030128479 0
1731946263701 0.6178521513938904 0
1731946319317 0.6117433905601501 0
1731946374357 0.6092513799667358 0
1731946428342 0.608237087726593 0
1731946482184 0.6048974990844727 0
1731946535420 0.6108773350715637 0
1731946589188 0.6106707453727722 0
1731946642443 0.6307924389839172 0
1731946695995 0.6154954433441162 0
1731946749166 0.6345882415771484 0
1731946802786 0.6019514799118042 0
1731946854584 0.6134135723114014 0
1731946898467 0.6191762685775757 0
1731946942261 0.6089209318161011 0
1731946986185 0.6153468489646912 0
1731947029981 0.620303750038147 0
1731947073832 0.6270426511764526 0
1731947117681 0.618262767791748 0
1731947161585 0.6231468915939331 0
1731947202138 0.6227273941040039 0
1731947240897 0.624679684638977 0
1731947280128 0.6244593262672424 0
1731947319367 0.6201899647712708 0
1731947358540 0.6189119815826416 0
1731947397271 0.6266441941261292 0
1731947436515 0.6169441938400269 0
1731947474896 0.6134237051010132 0
1731947511278 0.619916558265686 0
1731947547580 0.6190191507339478 0
1731947583880 0.6196799874305725 0
1731947620154 0.6104382872581482 0
1731947656385 0.6182814836502075 0
1731947692741 0.6177074313163757 0
1731947729085 0.6187229752540588 0
1731947763789 0.6190983653068542 0
1731947798472 0.6269218921661377 0
1731947832722 0.6146141886711121 0
1731947867346 0.615239143371582 0
1731947901686 0.6126718521118164 0
1731947936325 0.6196709275245667 0
1731947970706 0.6163645386695862 0
1731948005835 0.6125176548957825 0
1731948040117 0.6236560940742493 0
1731948074770 0.6220126152038574 0
1731948109029 0.6152264475822449 0
1731948143742 0.6145544052124023 0
1731948178091 0.6155657172203064 0
1731948212777 0.6134867072105408 0
1731948247018 0.6224225163459778 0
1731948281647 0.6147699356079102 0
1731948315864 0.6116393804550171 0
1731948350618 0.6189659833908081 0
1731948384863 0.6166751384735107 0
1731948419594 0.6152123212814331 0
1731948453876 0.6147962808609009 0
1731948488602 0.6121521592140198 0
1731948523167 0.616338849067688 0
1731948557806 0.6074044108390808 0
1731948592096 0.6178262829780579 0
1731948626814 0.6205784678459167 0
1731948661041 0.6174415946006775 0
1731948695673 0.623734712600708 0
1731948729977 0.6179319620132446 0
1731948764692 0.6164326071739197 0
1731948798929 0.6167879700660706 0
1731948833622 0.6192615628242493 0
1731948867974 0.6181569695472717 0
1731948902645 0.610707700252533 0
1731948936949 0.6204551458358765 0
1731948971724 0.6132704615592957 0
1731949005914 0.6226075291633606 0
1731949040925 0.6192512512207031 0
1731949075201 0.6183295249938965 0
1731949109897 0.6167701482772827 0
1731949144136 0.6119881868362427 0
1731949178821 0.6151072382926941 0
1731949213129 0.6187103390693665 0
1731949247831 0.6154764890670776 0
1731949282119 0.6165071129798889 0
1731949316732 0.6159389615058899 0
1731949351133 0.6180200576782227 0
1731949385758 0.621662437915802 0
1731949420052 0.6199542284011841 0
1731949454718 0.6187950968742371 0
1731949488996 0.6222876906394958 0
1731949524060 0.6135266423225403 0
1731949558358 0.6214013695716858 0
1731949593018 0.6134198904037476 0
1731949627278 0.6133935451507568 0
1731949661907 0.6104056239128113 0
1731949696217 0.6181285381317139 0
1731949730914 0.6168928742408752 0
1731949765249 0.6193638443946838 0
1731949800027 0.6151815056800842 0
1731949834356 0.6120448112487793 0
1731949869096 0.6073811650276184 0
1731949903386 0.6141717433929443 0
1731949938023 0.6149066686630249 0
1731949972306 0.6177118420600891 0
1731950006976 0.6146243810653687 0
1731950041557 0.6194142699241638 0
1731950076272 0.6164590716362 0
1731950110532 0.615511417388916 0
1731950145198 0.6148849129676819 0
1731950179510 0.6181057691574097 0
1731950214297 0.6160168051719666 0
1731950248551 0.617579996585846 0
1731950283332 0.6194637417793274 0
1731950317581 0.6148532032966614 0
1731950352206 0.6204938888549805 0
1731950386420 0.6161867380142212 0
1731950421143 0.6164057850837708 0
1731950455458 0.6108375787734985 0
1731950490107 0.6180648803710938 0
1731950524455 0.6156430840492249 0
1731950559520 0.6178991198539734 0
1731950593761 0.6147124171257019 0
1731950628439 0.6157295107841492 0
1731950662663 0.6159664392471313 0
1731950697494 0.6156561374664307 0
1731950731858 0.6187927722930908 0
1731950766610 0.6161683797836304 0
1731950801031 0.6192721724510193 0
1731950835894 0.6146923899650574 0
1731950870275 0.6152147650718689 0
1731950905037 0.6172805428504944 0
1731950939430 0.617857038974762 0
1731950974214 0.6119371652603149 0
1731951008636 0.6180757284164429 0
1731951043501 0.615045964717865 0
1731951078180 0.6152802109718323 0
1731951112873 0.6208407282829285 0
1731951147190 0.6178627014160156 0
1731951181944 0.6226105093955994 0
1731951216325 0.6158896684646606 0
1731951251089 0.617809534072876 0
1731951285402 0.6153348684310913 0
1731951320212 0.6176002025604248 0
1731951354627 0.6160629391670227 0
1731951389394 0.6172567009925842 0
1731951423692 0.6178714632987976 0
1731951458490 0.6151833534240723 0
1731951492874 0.6142900586128235 0
1731951527641 0.6197004914283752 0
1731951561995 0.6193572878837585 0
1731951597079 0.6182524561882019 0
1731951631416 0.6141893863677979 0
1731951666211 0.6174413561820984 0
1731951700551 0.617674708366394 0
1731951735346 0.6139882802963257 0
1731951769741 0.6114140152931213 0
1731951804501 0.6126287579536438 0
1731951838772 0.617792546749115 0
1731951873477 0.615993082523346 0
1731951907906 0.6162219643592834 0
1731951942768 0.6175071001052856 0
1731951977153 0.6121402978897095 0
1731952011879 0.6168397665023804 0
1731952046220 0.6172176599502563 0
1731952081266 0.6141262054443359 0
1731952115502 0.6160748600959778 0
1731952150252 0.6164932250976562 0
1731952184622 0.6173714995384216 0
1731952219480 0.6179376840591431 0
1731952253895 0.6157849431037903 0
1731952288672 0.6179196238517761 0
1731952323034 0.6153746843338013 0
1731952357725 0.6162473559379578 0
1731952392084 0.6139639019966125 0
1731952426879 0.6161459684371948 0
1731952461270 0.6127923130989075 0
1731952495983 0.6183353662490845 0
1731952530289 0.6179600358009338 0
1731952565071 0.6134377121925354 0
1731952599701 0.614638090133667 0
1731952634383 0.6178013682365417 0
1731952668675 0.6179400682449341 0
1731952703432 0.6155973672866821 0
1731952737785 0.6155300736427307 0
1731952772567 0.6154460906982422 0
1731952806982 0.6144358515739441 0
1731952841784 0.6130759119987488 0
1731952876109 0.6181621551513672 0
1731952910823 0.6137881278991699 0
1731952945238 0.6170047521591187 0
1731952979990 0.6145006418228149 0
1731953014297 0.6170665621757507 0
1731953048989 0.6149371862411499 0
1731953083384 0.6158891320228577 0
1731953118478 0.6174349188804626 0
1731953152865 0.6148116588592529 0
1731953187610 0.6130455136299133 0
1731953221994 0.6161466836929321 0
1731953256802 0.6154322028160095 0
1731953291146 0.6168391108512878 0
1731953325858 0.6140757203102112 0
1731953360239 0.6141766309738159 0
1731953395027 0.6153590679168701 0
1731953429358 0.6136789917945862 0
1731953464137 0.6134201884269714 0
1731953498392 0.6174057126045227 0
1731953533166 0.6164463758468628 0
1731953567570 0.6144154667854309 0
1731953602310 0.6114788055419922 0
1731953637056 0.6168122291564941 0
1731953671913 0.6154235601425171 0
1731953706338 0.6160081624984741 0
1731953741087 0.6164849400520325 0
1731953775414 0.6141727566719055 0
1731953810162 0.6161494255065918 0
1731953844512 0.616128146648407 0
1731953879310 0.6164716482162476 0
1731953913670 0.6133931875228882 0
1731953948454 0.614234447479248 0
1731953982885 0.6154345273971558 0
1731954017632 0.6161877512931824 0
1731954051984 0.6144468784332275 0
1731954086748 0.6153355240821838 0
1731954121114 0.6195110082626343 0
