1731946086481 0.3913842439651489 0
1731946146484 0.40339192748069763 0
1731946205941 0.3930319547653198 0
1731946263701 0.3894631266593933 0
1731946319317 0.39576318860054016 0
1731946374357 0.3967176079750061 0
1731946428342 0.39357319474220276 0
1731946482184 0.3950401842594147 0
1731946535420 0.3891253173351288 0
1731946589188 0.39727622270584106 0
1731946642443 0.39840424060821533 0
1731946695995 0.39017483592033386 0
1731946749166 0.4010057747364044 0
1731946802786 0.39362284541130066 0
1731946854584 0.39874762296676636 0
1731946898467 0.39914020895957947 0
1731946942261 0.3972075581550598 0
1731946986185 0.39071333408355713 0
1731947029981 0.3985191881656647 0
1731947073832 0.4034076929092407 0
1731947117681 0.401242196559906 0
1731947161585 0.40267106890678406 0
1731947202138 0.3966154158115387 0
1731947240897 0.3958415985107422 0
1731947280128 0.3958238661289215 0
1731947319367 0.39808928966522217 0
1731947358540 0.3988085389137268 0
1731947397271 0.39725372195243835 0
1731947436515 0.3977740406990051 0
1731947474896 0.3968886733055115 0
1731947511278 0.39724183082580566 0
1731947547580 0.39490818977355957 0
1731947583880 0.39808160066604614 0
1731947620154 0.3969656229019165 0
1731947656385 0.3963753283023834 0
1731947692741 0.396359920501709 0
1731947729085 0.4006553888320923 0
1731947763789 0.3962704837322235 0
1731947798472 0.39644384384155273 0
1731947832722 0.3934728503227234 0
1731947867346 0.39680954813957214 0
1731947901686 0.3969666361808777 0
1731947936325 0.39617642760276794 0
1731947970706 0.39926430583000183 0
1731948005835 0.3969338536262512 0
1731948040117 0.4004240036010742 0
1731948074770 0.39463505148887634 0
1731948109029 0.39421066641807556 0
1731948143742 0.3897141218185425 0
1731948178091 0.39293867349624634 0
1731948212777 0.39327728748321533 0
1731948247018 0.3926636278629303 0
1731948281647 0.39450591802597046 0
1731948315864 0.3946996033191681 0
1731948350618 0.3945316970348358 0
1731948384863 0.3958233594894409 0
1731948419594 0.3968743681907654 0
1731948453876 0.3999716639518738 0
1731948488602 0.3941505551338196 0
1731948523167 0.39080810546875 0
1731948557806 0.3943297266960144 0
1731948592096 0.3985208570957184 0
1731948626814 0.394538938999176 0
1731948661041 0.39596638083457947 0
1731948695673 0.3964318037033081 0
1731948729977 0.3970836102962494 0
1731948764692 0.39319708943367004 0
1731948798929 0.4016179144382477 0
1731948833622 0.39917486906051636 0
1731948867974 0.3958202004432678 0
1731948902645 0.3929285705089569 0
1731948936949 0.3968907594680786 0
1731948971724 0.3973693549633026 0
1731949005914 0.3940120041370392 0
1731949040925 0.3970945477485657 0
1731949075201 0.39344513416290283 0
1731949109897 0.39183780550956726 0
1731949144136 0.394112765789032 0
1731949178821 0.3946022093296051 0
1731949213129 0.3951258361339569 0
1731949247831 0.39900392293930054 0
1731949282119 0.3940713405609131 0
1731949316732 0.3964771032333374 0
1731949351133 0.39449653029441833 0
1731949385758 0.39354079961776733 0
1731949420052 0.3927364647388458 0
1731949454718 0.3947318196296692 0
1731949488996 0.39002248644828796 0
1731949524060 0.3927253186702728 0
1731949558358 0.39537641406059265 0
1731949593018 0.39224597811698914 0
1731949627278 0.3911030888557434 0
1731949661907 0.39038795232772827 0
1731949696217 0.39286676049232483 0
1731949730914 0.39235249161720276 0
1731949765249 0.39284437894821167 0
1731949800027 0.39139434695243835 0
1731949834356 0.39173564314842224 0
1731949869096 0.3880501091480255 0
1731949903386 0.3952111303806305 0
1731949938023 0.3933354616165161 0
1731949972306 0.39226192235946655 0
1731950006976 0.38966816663742065 0
1731950041557 0.3929804563522339 0
1731950076272 0.3934019207954407 0
1731950110532 0.3933528959751129 0
1731950145198 0.3939197063446045 0
1731950179510 0.39226314425468445 0
1731950214297 0.39040958881378174 0
1731950248551 0.3953593671321869 0
1731950283332 0.3910009562969208 0
1731950317581 0.39444616436958313 0
1731950352206 0.3904256820678711 0
1731950386420 0.3940477669239044 0
1731950421143 0.39171749353408813 0
1731950455458 0.39335477352142334 0
1731950490107 0.39340144395828247 0
1731950524455 0.3920378088951111 0
1731950559520 0.38832205533981323 0
1731950593761 0.39281556010246277 0
1731950628439 0.3903504014015198 0
1731950662663 0.3943132758140564 0
1731950697494 0.3914435803890228 0
1731950731858 0.39395830035209656 0
1731950766610 0.3907255530357361 0
1731950801031 0.3921721279621124 0
1731950835894 0.38894104957580566 0
1731950870275 0.3915156424045563 0
1731950905037 0.3886902630329132 0
1731950939430 0.3907635509967804 0
1731950974214 0.3907615840435028 0
1731951008636 0.392294317483902 0
1731951043501 0.39093515276908875 0
1731951078180 0.39226919412612915 0
1731951112873 0.3903258442878723 0
1731951147190 0.38980305194854736 0
1731951181944 0.39104950428009033 0
1731951216325 0.38892820477485657 0
1731951251089 0.392767071723938 0
1731951285402 0.39006662368774414 0
1731951320212 0.39130476117134094 0
1731951354627 0.39004579186439514 0
1731951389394 0.3921385705471039 0
1731951423692 0.39163440465927124 0
1731951458490 0.39094769954681396 0
1731951492874 0.39156872034072876 0
1731951527641 0.3920497000217438 0
1731951561995 0.39216917753219604 0
1731951597079 0.38986289501190186 0
1731951631416 0.39122289419174194 0
1731951666211 0.391801118850708 0
1731951700551 0.3910910487174988 0
1731951735346 0.39194297790527344 0
1731951769741 0.38976815342903137 0
1731951804501 0.39027440547943115 0
1731951838772 0.3913915753364563 0
1731951873477 0.39055460691452026 0
1731951907906 0.3920286297798157 0
1731951942768 0.3910236060619354 0
1731951977153 0.3897677958011627 0
1731952011879 0.3879640996456146 0
1731952046220 0.38994720578193665 0
1731952081266 0.3899203836917877 0
1731952115502 0.38972827792167664 0
1731952150252 0.39088523387908936 0
1731952184622 0.3897591829299927 0
1731952219480 0.38971903920173645 0
1731952253895 0.3923960328102112 0
1731952288672 0.3908151388168335 0
1731952323034 0.39170244336128235 0
1731952357725 0.39129242300987244 0
1731952392084 0.3909333050251007 0
1731952426879 0.39103206992149353 0
1731952461270 0.3913562297821045 0
1731952495983 0.39193081855773926 0
1731952530289 0.393432080745697 0
1731952565071 0.3901425302028656 0
1731952599701 0.39246776700019836 0
1731952634383 0.39089494943618774 0
1731952668675 0.39195406436920166 0
1731952703432 0.3912535309791565 0
1731952737785 0.3906717896461487 0
1731952772567 0.3894354999065399 0
1731952806982 0.3902803361415863 0
1731952841784 0.3899303674697876 0
1731952876109 0.3917323350906372 0
1731952910823 0.390891969203949 0
1731952945238 0.39165669679641724 0
1731952979990 0.39076435565948486 0
1731953014297 0.39076682925224304 0
1731953048989 0.3916541337966919 0
1731953083384 0.3922983407974243 0
1731953118478 0.38997501134872437 0
1731953152865 0.38999608159065247 0
1731953187610 0.38700252771377563 0
1731953221994 0.3893704116344452 0
1731953256802 0.3899039626121521 0
1731953291146 0.38878118991851807 0
1731953325858 0.3899906873703003 0
1731953360239 0.3901030719280243 0
1731953395027 0.3920079469680786 0
1731953429358 0.38892725110054016 0
1731953464137 0.39047881960868835 0
1731953498392 0.3911000192165375 0
1731953533166 0.3914087414741516 0
1731953567570 0.39021316170692444 0
1731953602310 0.3889833688735962 0
1731953637056 0.39059311151504517 0
1731953671913 0.3910595178604126 0
1731953706338 0.39200443029403687 0
1731953741087 0.38918137550354004 0
1731953775414 0.3901554048061371 0
1731953810162 0.3899238109588623 0
1731953844512 0.3900054097175598 0
1731953879310 0.3898787796497345 0
1731953913670 0.390310138463974 0
1731953948454 0.3898020386695862 0
1731953982885 0.3907511830329895 0
1731954017632 0.39153623580932617 0
1731954051984 0.39097365736961365 0
1731954086748 0.3897930979728699 0
1731954121114 0.3921966254711151 0
