1731946086481 0.17127950489521027 0
1731946146484 0.11585546284914017 0
1731946205941 0.09461550414562225 0
1731946263701 0.08472488820552826 0
1731946319317 0.07528597116470337 0
1731946374357 0.07219699770212173 0
1731946428342 0.0674717053771019 0
1731946482184 0.06360374391078949 0
1731946535420 0.06243068724870682 0
1731946589188 0.057529427111148834 0
1731946642443 0.05759894847869873 0
1731946695995 0.054346419870853424 0
1731946749166 0.055188506841659546 0
1731946802786 0.052986033260822296 0
1731946854584 0.050998374819755554 0
1731946898467 0.05053689703345299 0
1731946942261 0.04988571256399155 0
1731946986185 0.05002186447381973 0
1731947029981 0.0480620339512825 0
1731947073832 0.04588957130908966 0
1731947117681 0.04427993297576904 0
1731947161585 0.04480136185884476 0
1731947202138 0.042497314512729645 0
1731947240897 0.04181220382452011 0
1731947280128 0.04079777002334595 0
1731947319367 0.040034741163253784 0
1731947358540 0.03912455961108208 0
1731947397271 0.03722009435296059 0
1731947436515 0.036559607833623886 0
1731947474896 0.035241663455963135 0
1731947511278 0.03620875999331474 0
1731947547580 0.03516809642314911 0
1731947583880 0.03489687666296959 0
1731947620154 0.033723294734954834 0
1731947656385 0.03478669747710228 0
1731947692741 0.03185805678367615 0
1731947729085 0.031956300139427185 0
1731947763789 0.031065866351127625 0
1731947798472 0.031146623194217682 0
1731947832722 0.030626613646745682 0
1731947867346 0.029901813715696335 0
1731947901686 0.029085522517561913 0
1731947936325 0.029521137475967407 0
1731947970706 0.027593988925218582 0
1731948005835 0.028307700529694557 0
1731948040117 0.02860032580792904 0
1731948074770 0.02755468338727951 0
1731948109029 0.025988515466451645 0
1731948143742 0.02575685642659664 0
1731948178091 0.02589903399348259 0
1731948212777 0.024875782430171967 0
1731948247018 0.024826087057590485 0
1731948281647 0.02411399595439434 0
1731948315864 0.023573853075504303 0
1731948350618 0.023708639666438103 0
1731948384863 0.022714223712682724 0
1731948419594 0.023146241903305054 0
1731948453876 0.022919882088899612 0
1731948488602 0.023099899291992188 0
1731948523167 0.02295820787549019 0
1731948557806 0.02198006585240364 0
1731948592096 0.021399401128292084 0
1731948626814 0.021636195480823517 0
1731948661041 0.020726924762129784 0
1731948695673 0.020683033391833305 0
1731948729977 0.02039472572505474 0
1731948764692 0.020725633949041367 0
1731948798929 0.020145418122410774 0
1731948833622 0.01940014958381653 0
1731948867974 0.019476857036352158 0
1731948902645 0.019598744809627533 0
1731948936949 0.018619738519191742 0
1731948971724 0.01940150372684002 0
1731949005914 0.018422547727823257 0
1731949040925 0.018874917179346085 0
1731949075201 0.018446799367666245 0
1731949109897 0.017427224665880203 0
1731949144136 0.017994536086916924 0
1731949178821 0.01846357062458992 0
1731949213129 0.017323626205325127 0
1731949247831 0.017303071916103363 0
1731949282119 0.01653686910867691 0
1731949316732 0.01680082455277443 0
1731949351133 0.01673123985528946 0
1731949385758 0.016317738220095634 0
1731949420052 0.01628199964761734 0
1731949454718 0.016908938065171242 0
1731949488996 0.01660745032131672 0
1731949524060 0.016162525862455368 0
1731949558358 0.016160352155566216 0
1731949593018 0.0154996607452631 0
1731949627278 0.015749892219901085 0
1731949661907 0.015772219747304916 0
1731949696217 0.01520032063126564 0
1731949730914 0.01545226201415062 0
1731949765249 0.015567181631922722 0
1731949800027 0.015087996609508991 0
1731949834356 0.01472363993525505 0
1731949869096 0.01535253506153822 0
1731949903386 0.01403789408504963 0
1731949938023 0.014586348086595535 0
1731949972306 0.014616791158914566 0
1731950006976 0.014143699780106544 0
1731950041557 0.014430500566959381 0
1731950076272 0.014406428672373295 0
1731950110532 0.013898289762437344 0
1731950145198 0.013880024664103985 0
1731950179510 0.013601183891296387 0
1731950214297 0.013640106655657291 0
1731950248551 0.013722299598157406 0
1731950283332 0.014098413288593292 0
1731950317581 0.013621932826936245 0
1731950352206 0.013662206940352917 0
1731950386420 0.01322014257311821 0
1731950421143 0.014070846140384674 0
1731950455458 0.013623688369989395 0
1731950490107 0.013568327762186527 0
1731950524455 0.012946036644279957 0
1731950559520 0.012730596587061882 0
1731950593761 0.013009261339902878 0
1731950628439 0.012891218066215515 0
1731950662663 0.013037647120654583 0
1731950697494 0.012930575758218765 0
1731950731858 0.012961488217115402 0
1731950766610 0.012761563062667847 0
1731950801031 0.012413042597472668 0
1731950835894 0.012265647761523724 0
1731950870275 0.012124272994697094 0
1731950905037 0.012294303625822067 0
1731950939430 0.011977158486843109 0
1731950974214 0.01276450976729393 0
1731951008636 0.012507673352956772 0
1731951043501 0.011962818913161755 0
1731951078180 0.011444034054875374 0
1731951112873 0.012232153676450253 0
1731951147190 0.011608950793743134 0
1731951181944 0.01205641683191061 0
1731951216325 0.011991276405751705 0
1731951251089 0.011579197831451893 0
1731951285402 0.01184573769569397 0
1731951320212 0.011611102148890495 0
1731951354627 0.011728898622095585 0
1731951389394 0.011470348574221134 0
1731951423692 0.011541968211531639 0
1731951458490 0.011417048051953316 0
1731951492874 0.011486664414405823 0
1731951527641 0.011525486595928669 0
1731951561995 0.011447982862591743 0
1731951597079 0.011211039498448372 0
1731951631416 0.011343535035848618 0
1731951666211 0.011681746691465378 0
1731951700551 0.01143137738108635 0
1731951735346 0.011115260422229767 0
1731951769741 0.010492946952581406 0
1731951804501 0.011665290221571922 0
1731951838772 0.010934294201433659 0
1731951873477 0.010740150697529316 0
1731951907906 0.010592974722385406 0
1731951942768 0.011076848953962326 0
1731951977153 0.010603917762637138 0
1731952011879 0.011240968480706215 0
1731952046220 0.010587044060230255 0
1731952081266 0.0111246882006526 0
1731952115502 0.010886117815971375 0
1731952150252 0.010610749013721943 0
1731952184622 0.01060187816619873 0
1731952219480 0.010782570578157902 0
1731952253895 0.010365544818341732 0
1731952288672 0.010563012212514877 0
1731952323034 0.010718503035604954 0
1731952357725 0.010522760450839996 0
1731952392084 0.010619815438985825 0
1731952426879 0.010585162788629532 0
1731952461270 0.010070111602544785 0
1731952495983 0.009901778772473335 0
1731952530289 0.010240827687084675 0
1731952565071 0.010089775547385216 0
1731952599701 0.009878580458462238 0
1731952634383 0.010493267327547073 0
1731952668675 0.01020926795899868 0
1731952703432 0.010035932064056396 0
1731952737785 0.01033136434853077 0
1731952772567 0.00997469387948513 0
1731952806982 0.010195435024797916 0
1731952841784 0.00995103269815445 0
1731952876109 0.01014825887978077 0
1731952910823 0.009576943702995777 0
1731952945238 0.009866182692348957 0
1731952979990 0.009697141125798225 0
1731953014297 0.009646829217672348 0
1731953048989 0.009791577234864235 0
1731953083384 0.009753962978720665 0
1731953118478 0.009819814935326576 0
1731953152865 0.009749239310622215 0
1731953187610 0.009967884048819542 0
1731953221994 0.01002548635005951 0
1731953256802 0.009533367119729519 0
1731953291146 0.00968346931040287 0
1731953325858 0.009828701615333557 0
1731953360239 0.009309726767241955 0
1731953395027 0.009623795747756958 0
1731953429358 0.009844653308391571 0
1731953464137 0.009710893034934998 0
1731953498392 0.009923433884978294 0
1731953533166 0.00939138513058424 0
1731953567570 0.009854614734649658 0
1731953602310 0.009649736806750298 0
1731953637056 0.01009153202176094 0
1731953671913 0.009345002472400665 0
1731953706338 0.009794183075428009 0
1731953741087 0.009633575566112995 0
1731953775414 0.009385615587234497 0
1731953810162 0.009460587985813618 0
1731953844512 0.009789250791072845 0
1731953879310 0.009269087575376034 0
1731953913670 0.009509405121207237 0
1731953948454 0.00938547495752573 0
1731953982885 0.009566792286932468 0
1731954017632 0.009562643244862556 0
1731954051984 0.009053768590092659 0
1731954086748 0.009485799819231033 0
1731954121114 0.00917656160891056 0
