1731946086484 0.00034255904029123485 0
1731946146488 0.0002317109319847077 0
1731946205944 0.00018923101015388966 0
1731946263704 0.00016944979142863303 0
1731946319320 0.00015057195560075343 0
1731946374360 0.0001443939981982112 0
1731946428345 0.00013494341692421585 0
1731946482187 0.00012720748782157898 0
1731946535423 0.000124861384392716 0
1731946589191 0.00011505885777296498 0
1731946642446 0.00011519790132297203 0
1731946695998 0.00010869284596992657 0
1731946749169 0.00011037701915483922 0
1731946802789 0.00010597207437967882 0
1731946854587 0.0001019967530737631 0
1731946898470 0.00010107379785040393 0
1731946942264 9.977143054129556e-05 0
1731946986188 0.00010004373325500637 0
1731947029983 9.612407302483916e-05 0
1731947073834 9.177914762403816e-05 0
1731947117684 8.855987107381225e-05 0
1731947161588 8.960272680269554e-05 0
1731947202141 8.499463001498953e-05 0
1731947240900 8.362441440112889e-05 0
1731947280131 8.15955427242443e-05 0
1731947319370 8.006948337424546e-05 0
1731947358542 7.824912609066814e-05 0
1731947397273 7.444019138347358e-05 0
1731947436518 7.311921945074573e-05 0
1731947474900 7.048332918202505e-05 0
1731947511280 7.241752609843388e-05 0
1731947547583 7.033619476715103e-05 0
1731947583883 6.979375757509843e-05 0
1731947620157 6.744659185642377e-05 0
1731947656387 6.957339792279527e-05 0
1731947692744 6.371611380018294e-05 0
1731947729087 6.391260103555396e-05 0
1731947763792 6.213173764990643e-05 0
1731947798475 6.229324935702607e-05 0
1731947832727 6.12532312516123e-05 0
1731947867349 5.980363130220212e-05 0
1731947901689 5.8171048294752836e-05 0
1731947936328 5.9042278735432774e-05 0
1731947970709 5.518798207049258e-05 0
1731948005837 5.6615404901094735e-05 0
1731948040120 5.720065382774919e-05 0
1731948074773 5.5109368986450136e-05 0
1731948109032 5.19770328537561e-05 0
1731948143745 5.151371442480013e-05 0
1731948178094 5.179806976229884e-05 0
1731948212780 4.975156844011508e-05 0
1731948247020 4.9652175221126527e-05 0
1731948281650 4.822799382964149e-05 0
1731948315866 4.714770693681203e-05 0
1731948350620 4.7417281166417524e-05 0
1731948384865 4.5428449084283784e-05 0
1731948419597 4.62924872408621e-05 0
1731948453878 4.583976624417119e-05 0
1731948488605 4.6199802454793826e-05 0
1731948523170 4.591641845763661e-05 0
1731948557809 4.396013537188992e-05 0
1731948592099 4.2798805225174874e-05 0
1731948626817 4.3272393668303266e-05 0
1731948661043 4.145385173615068e-05 0
1731948695676 4.136606730753556e-05 0
1731948729980 4.078945494256914e-05 0
1731948764695 4.145126877119765e-05 0
1731948798932 4.0290837205247954e-05 0
1731948833625 3.880030271830037e-05 0
1731948867976 3.895371628459543e-05 0
1731948902648 3.919748996850103e-05 0
1731948936952 3.723947884282097e-05 0
1731948971727 3.880300937453285e-05 0
1731949005917 3.684509647428058e-05 0
1731949040928 3.774983633775264e-05 0
1731949075204 3.6893601645715535e-05 0
1731949109900 3.485445267870091e-05 0
1731949144139 3.598907278501429e-05 0
1731949178823 3.692714381031692e-05 0
1731949213132 3.464725523372181e-05 0
1731949247833 3.460614607320167e-05 0
1731949282121 3.3073738450184464e-05 0
1731949316734 3.360164919286035e-05 0
1731949351136 3.3462481951573864e-05 0
1731949385760 3.263547841925174e-05 0
1731949420054 3.256399941165e-05 0
1731949454721 3.381787610123865e-05 0
1731949488998 3.3214902941836044e-05 0
1731949524062 3.232505332562141e-05 0
1731949558360 3.2320705940946937e-05 0
1731949593020 3.099932291661389e-05 0
1731949627280 3.149978510919027e-05 0
1731949661910 3.154444129904732e-05 0
1731949696220 3.040064257220365e-05 0
1731949730916 3.0904524464858696e-05 0
1731949765251 3.1134364689933136e-05 0
1731949800030 3.017599374288693e-05 0
1731949834358 2.944728112197481e-05 0
1731949869099 3.070507227675989e-05 0
1731949903388 2.807579039654229e-05 0
1731949938026 2.917269739555195e-05 0
1731949972308 2.923358442785684e-05 0
1731950006979 2.8287400709814392e-05 0
1731950041559 2.8861002647317946e-05 0
1731950076274 2.8812859454774298e-05 0
1731950110535 2.779658098006621e-05 0
1731950145200 2.77600502158748e-05 0
1731950179512 2.720236989262048e-05 0
1731950214300 2.728021536313463e-05 0
1731950248554 2.7444601073511876e-05 0
1731950283335 2.8196827770443633e-05 0
1731950317584 2.7243866497883573e-05 0
1731950352209 2.732441498665139e-05 0
1731950386423 2.644028609211091e-05 0
1731950421146 2.8141694201622158e-05 0
1731950455460 2.7247377147432417e-05 0
1731950490110 2.7136657081427984e-05 0
1731950524458 2.5892075427691452e-05 0
1731950559522 2.5461195036768913e-05 0
1731950593764 2.6018524295068346e-05 0
1731950628441 2.578243766038213e-05 0
1731950662666 2.6075294954353012e-05 0
1731950697496 2.5861152607831173e-05 0
1731950731860 2.5922978238668293e-05 0
1731950766612 2.5523127987980843e-05 0
1731950801033 2.482608579157386e-05 0
1731950835896 2.453129673085641e-05 0
1731950870280 2.4248547561001033e-05 0
1731950905039 2.458860762999393e-05 0
1731950939432 2.3954318749019876e-05 0
1731950974217 2.552902151364833e-05 0
1731951008639 2.5015348001034e-05 0
1731951043503 2.392563874309417e-05 0
1731951078183 2.2888068997417577e-05 0
1731951112875 2.4464308808092028e-05 0
1731951147193 2.321790270798374e-05 0
1731951181946 2.411283458059188e-05 0
1731951216327 2.3982553102541715e-05 0
1731951251091 2.315839628863614e-05 0
1731951285404 2.3691476599196903e-05 0
1731951320214 2.3222204617923126e-05 0
1731951354629 2.345779830648098e-05 0
1731951389397 2.294069781783037e-05 0
1731951423694 2.3083937776391394e-05 0
1731951458492 2.2834097762824968e-05 0
1731951492876 2.297333048772998e-05 0
1731951527643 2.3050974050420336e-05 0
1731951561998 2.2895967049407773e-05 0
1731951597082 2.24220802920172e-05 0
1731951631418 2.268707066832576e-05 0
1731951666213 2.336349461984355e-05 0
1731951700554 2.2862755940877832e-05 0
1731951735348 2.2230522517929785e-05 0
1731951769744 2.0985895389458165e-05 0
1731951804503 2.333058182557579e-05 0
1731951838775 2.1868589101359248e-05 0
1731951873479 2.148030216631014e-05 0
1731951907908 2.118594966304954e-05 0
1731951942770 2.215369931946043e-05 0
1731951977155 2.1207835743553005e-05 0
1731952011881 2.2481937776319683e-05 0
1731952046223 2.1174089852138422e-05 0
1731952081268 2.224937816208694e-05 0
1731952115504 2.1772237232653424e-05 0
1731952150255 2.1221498172963038e-05 0
1731952184624 2.1203757569310255e-05 0
1731952219482 2.156514165108092e-05 0
1731952253897 2.073109135380946e-05 0
1731952288674 2.1126024876139127e-05 0
1731952323036 2.143700658052694e-05 0
1731952357728 2.1045521862106398e-05 0
1731952392086 2.1239631678326987e-05 0
1731952426881 2.1170326363062486e-05 0
1731952461272 2.014022356888745e-05 0
1731952495985 1.980355773412157e-05 0
1731952530291 2.0481656974880025e-05 0
1731952565073 2.0179551938781515e-05 0
1731952599704 1.9757162590394728e-05 0
1731952634386 2.0986535673728213e-05 0
1731952668677 2.041853622358758e-05 0
1731952703434 2.0071865947102197e-05 0
1731952737788 2.06627300940454e-05 0
1731952772570 1.9949387933593243e-05 0
1731952806985 2.039087121374905e-05 0
1731952841787 1.9902066924259998e-05 0
1731952876112 2.0296518414397724e-05 0
1731952910826 1.915388747875113e-05 0
1731952945240 1.973236612684559e-05 0
1731952979992 1.9394283299334347e-05 0
1731953014299 1.9293658624519594e-05 0
1731953048992 1.9583156245062128e-05 0
1731953083387 1.9507926481310278e-05 0
1731953118481 1.9639630409074016e-05 0
1731953152868 1.949847865034826e-05 0
1731953187613 1.9935769159928896e-05 0
1731953221997 2.005097303481307e-05 0
1731953256804 1.9066734239459038e-05 0
1731953291149 1.9366940250620246e-05 0
1731953325861 1.9657403754536062e-05 0
1731953360242 1.861945384007413e-05 0
1731953395029 1.9247592717874795e-05 0
1731953429361 1.9689307009684853e-05 0
1731953464139 1.942178641911596e-05 0
1731953498394 1.9846867871819995e-05 0
1731953533169 1.8782771803671494e-05 0
1731953567572 1.970923040062189e-05 0
1731953602312 1.929947393364273e-05 0
1731953637059 2.0183064407319762e-05 0
1731953671916 1.869000516308006e-05 0
1731953706340 1.9588367649703287e-05 0
1731953741089 1.9267152310931124e-05 0
1731953775416 1.87712321348954e-05 0
1731953810164 1.8921176888397895e-05 0
1731953844515 1.9578503270167857e-05 0
1731953879313 1.853817593655549e-05 0
1731953913672 1.901881114463322e-05 0
1731953948456 1.877095019153785e-05 0
1731953982887 1.9133585738018155e-05 0
1731954017634 1.912528750835918e-05 0
1731954051987 1.8107537471223623e-05 0
1731954086751 1.897160109365359e-05 0
1731954121117 1.835312468756456e-05 0
