1731946086481 19.699033737182617 0
1731946146484 20.95192527770996 0
1731946205941 22.99261474609375 0
1731946263701 22.352392196655273 0
1731946319317 22.894834518432617 0
1731946374357 22.060955047607422 0
1731946428342 23.157453536987305 0
1731946482184 22.388713836669922 0
1731946535420 23.958105087280273 0
1731946589188 24.2487850189209 0
1731946642443 23.87217140197754 0
1731946695995 24.25965118408203 0
1731946749166 23.596534729003906 0
1731946802786 23.913677215576172 0
1731946854584 23.452346801757812 0
1731946898467 24.433181762695312 0
1731946942261 24.342586517333984 0
1731946986185 22.25267791748047 0
1731947029981 24.011993408203125 0
1731947073832 24.21208381652832 0
1731947117681 24.087356567382812 0
1731947161585 23.884714126586914 0
1731947202138 25.768945693969727 0
1731947240897 23.620895385742188 0
1731947280128 24.551223754882812 0
1731947319367 24.18745994567871 0
1731947358540 25.52246856689453 0
1731947397271 25.167394638061523 0
1731947436515 25.1590576171875 0
1731947474896 25.45096206665039 0
1731947511278 24.05966567993164 0
1731947547580 24.94097900390625 0
1731947583880 25.658695220947266 0
1731947620154 24.88541603088379 0
1731947656385 25.378787994384766 0
1731947692741 24.471128463745117 0
1731947729085 24.35691261291504 0
1731947763789 22.569210052490234 0
1731947798472 24.809921264648438 0
1731947832722 25.26268196105957 0
1731947867346 24.85051727294922 0
1731947901686 24.732566833496094 0
1731947936325 25.212886810302734 0
1731947970706 26.152101516723633 0
1731948005835 24.826019287109375 0
1731948040117 26.061004638671875 0
1731948074770 24.989347457885742 0
1731948109029 25.57575225830078 0
1731948143742 25.843414306640625 0
1731948178091 25.058366775512695 0
1731948212777 24.63509750366211 0
1731948247018 25.424102783203125 0
1731948281647 26.058565139770508 0
1731948315864 24.74270248413086 0
1731948350618 24.64226531982422 0
1731948384863 26.034082412719727 0
1731948419594 26.281082153320312 0
1731948453876 25.232147216796875 0
1731948488602 24.761789321899414 0
1731948523167 25.055585861206055 0
1731948557806 26.17989158630371 0
1731948592096 26.50617218017578 0
1731948626814 25.910572052001953 0
1731948661041 25.605342864990234 0
1731948695673 25.73095703125 0
1731948729977 24.852388381958008 0
1731948764692 26.796571731567383 0
1731948798929 25.942615509033203 0
1731948833622 26.298934936523438 0
1731948867974 26.217342376708984 0
1731948902645 27.83488655090332 0
1731948936949 26.870275497436523 0
1731948971724 25.98249626159668 0
1731949005914 26.38251304626465 0
1731949040925 25.045934677124023 0
1731949075201 26.509815216064453 0
1731949109897 26.534278869628906 0
1731949144136 24.983211517333984 0
1731949178821 26.233840942382812 0
1731949213129 25.437814712524414 0
1731949247831 25.91781234741211 0
1731949282119 26.338342666625977 0
1731949316732 27.028867721557617 0
1731949351133 25.181262969970703 0
1731949385758 24.194608688354492 0
1731949420052 25.658798217773438 0
1731949454718 26.147382736206055 0
1731949488996 25.573301315307617 0
1731949524060 25.471723556518555 0
1731949558358 26.30067253112793 0
1731949593018 27.18251609802246 0
1731949627278 26.0001277923584 0
1731949661907 24.523361206054688 0
1731949696217 26.879369735717773 0
1731949730914 26.153409957885742 0
1731949765249 25.6114559173584 0
1731949800027 26.516040802001953 0
1731949834356 26.228404998779297 0
1731949869096 26.580242156982422 0
1731949903386 26.301286697387695 0
1731949938023 25.96099090576172 0
1731949972306 27.72113609313965 0
1731950006976 26.656051635742188 0
1731950041557 26.287813186645508 0
1731950076272 26.22701072692871 0
1731950110532 25.989612579345703 0
1731950145198 27.239540100097656 0
1731950179510 27.291046142578125 0
1731950214297 26.2642765045166 0
1731950248551 27.05839729309082 0
1731950283332 26.90719985961914 0
1731950317581 26.16775894165039 0
1731950352206 26.76932144165039 0
1731950386420 26.00067710876465 0
1731950421143 27.226587295532227 0
1731950455458 25.580339431762695 0
1731950490107 26.91840171813965 0
1731950524455 26.311365127563477 0
1731950559520 26.687883377075195 0
1731950593761 26.09207534790039 0
1731950628439 26.2003116607666 0
1731950662663 27.399999618530273 0
1731950697494 25.691768646240234 0
1731950731858 27.530719757080078 0
1731950766610 28.026330947875977 0
1731950801031 25.51546859741211 0
1731950835894 27.52081298828125 0
1731950870275 25.57318878173828 0
1731950905037 28.422277450561523 0
1731950939430 27.07698631286621 0
1731950974214 25.8070125579834 0
1731951008636 26.692996978759766 0
1731951043501 27.03046226501465 0
1731951078180 28.7293701171875 0
1731951112873 26.297643661499023 0
1731951147190 28.070629119873047 0
1731951181944 27.5089054107666 0
1731951216325 27.121225357055664 0
1731951251089 27.40190315246582 0
1731951285402 26.28321075439453 0
1731951320212 27.241607666015625 0
1731951354627 26.925804138183594 0
1731951389394 27.197023391723633 0
1731951423692 26.378597259521484 0
1731951458490 27.869556427001953 0
1731951492874 27.452392578125 0
1731951527641 26.561893463134766 0
1731951561995 27.48699378967285 0
1731951597079 26.834529876708984 0
1731951631416 28.12468910217285 0
1731951666211 26.55902671813965 0
1731951700551 26.4357852935791 0
1731951735346 27.959941864013672 0
1731951769741 27.793804168701172 0
1731951804501 26.846580505371094 0
1731951838772 27.353443145751953 0
1731951873477 26.85334587097168 0
1731951907906 27.858816146850586 0
1731951942768 28.10209846496582 0
1731951977153 27.459556579589844 0
1731952011879 26.12662124633789 0
1731952046220 27.40665626525879 0
1731952081266 27.624937057495117 0
1731952115502 28.073955535888672 0
1731952150252 28.152368545532227 0
1731952184622 28.268756866455078 0
1731952219480 29.16878318786621 0
1731952253895 28.023746490478516 0
1731952288672 27.870765686035156 0
1731952323034 27.983217239379883 0
1731952357725 26.954986572265625 0
1731952392084 26.530603408813477 0
1731952426879 27.923757553100586 0
1731952461270 27.617136001586914 0
1731952495983 26.8618221282959 0
1731952530289 27.96027374267578 0
1731952565071 27.694766998291016 0
1731952599701 26.819110870361328 0
1731952634383 27.27591896057129 0
1731952668675 28.71135711669922 0
1731952703432 28.607654571533203 0
1731952737785 28.4913387298584 0
1731952772567 27.854944229125977 0
1731952806982 28.527217864990234 0
1731952841784 28.969560623168945 0
1731952876109 26.905216217041016 0
1731952910823 28.66509246826172 0
1731952945238 26.68052101135254 0
1731952979990 28.666913986206055 0
1731953014297 28.20071029663086 0
1731953048989 27.574172973632812 0
1731953083384 27.157724380493164 0
1731953118478 27.22915267944336 0
1731953152865 26.25859260559082 0
1731953187610 26.778635025024414 0
1731953221994 28.558454513549805 0
1731953256802 27.933813095092773 0
1731953291146 29.39168357849121 0
1731953325858 28.57530403137207 0
1731953360239 26.82822036743164 0
1731953395027 27.30790901184082 0
1731953429358 26.53867530822754 0
1731953464137 28.412071228027344 0
1731953498392 27.193878173828125 0
1731953533166 27.62841033935547 0
1731953567570 27.186006546020508 0
1731953602310 26.778568267822266 0
1731953637056 28.610227584838867 0
1731953671913 27.735511779785156 0
1731953706338 26.902000427246094 0
1731953741087 26.979684829711914 0
1731953775414 28.825092315673828 0
1731953810162 29.416114807128906 0
1731953844512 28.835533142089844 0
1731953879310 29.51832389831543 0
1731953913670 26.548194885253906 0
1731953948454 28.111799240112305 0
1731953982885 29.353540420532227 0
1731954017632 29.434467315673828 0
1731954051984 27.84632682800293 0
1731954086748 28.830123901367188 0
1731954121114 27.593461990356445 0
