1731946086484 0.0004238676046952605 0
1731946146488 0.00037580227944999933 0
1731946205944 0.0001991830940824002 0
1731946263704 0.00018090200319420546 0
1731946319320 0.0001751557574607432 0
1731946374360 0.00016980149666778743 0
1731946428345 0.00014239101437851787 0
1731946482187 0.00017177409608848393 0
1731946535423 0.0001346446806564927 0
1731946589191 9.455660620005801e-05 0
1731946642446 0.0001619670947548002 0
1731946695998 0.00023985677398741245 0
1731946749169 0.00012100586900487542 0
1731946802789 0.00012952572433277965 0
1731946854587 0.00029250059742480516 0
1731946898470 0.00014003063552081585 0
1731946942264 0.00012336240615695715 0
1731946986188 0.00035787030356004834 0
1731947029983 0.00014754728181287646 0
1731947073834 0.00013996101915836334 0
1731947117684 8.66086920723319e-05 0
1731947161588 0.00013574803597293794 0
1731947202141 7.551464659627527e-05 0
1731947240900 8.41258151922375e-05 0
1731947280131 0.00013341347221285105 0
1731947319370 5.8910030929837376e-05 0
1731947358542 6.486906931968406e-05 0
1731947397273 7.245968299685046e-05 0
1731947436518 8.74542020028457e-05 0
1731947474900 0.00010618564556352794 0
1731947511280 0.00017523618589621037 0
1731947547583 0.00015067237836774439 0
1731947583883 9.901095472741872e-05 0
1731947620157 7.407033263007179e-05 0
1731947656387 9.123416384682059e-05 0
1731947692744 0.0001243597944267094 0
1731947729087 7.790697418386117e-05 0
1731947763792 0.0001695972023298964 0
1731947798475 9.236856567440554e-05 0
1731947832727 8.244342461694032e-05 0
1731947867349 6.948753434699029e-05 0
1731947901689 7.161156099755317e-05 0
1731947936328 6.545271025970578e-05 0
1731947970709 7.082435331540182e-05 0
1731948005837 8.994665404316038e-05 0
1731948040120 7.011767593212426e-05 0
1731948074773 7.656824891455472e-05 0
1731948109032 7.102870586095378e-05 0
1731948143745 6.1031372752040625e-05 0
1731948178094 7.212314812932163e-05 0
1731948212780 6.737034709658474e-05 0
1731948247020 5.7130739151034504e-05 0
1731948281650 4.982065729564056e-05 0
1731948315866 7.184568676166236e-05 0
1731948350620 6.215967005118728e-05 0
1731948384865 5.72851458855439e-05 0
1731948419597 5.093879735795781e-05 0
1731948453878 5.7290730183012784e-05 0
1731948488605 8.798700582701713e-05 0
1731948523170 6.996890442678705e-05 0
1731948557809 5.9828980738529935e-05 0
1731948592099 5.639276423607953e-05 0
1731948626817 5.837117350893095e-05 0
1731948661043 4.979074583388865e-05 0
1731948695676 8.401386730838567e-05 0
1731948729980 8.807361882645637e-05 0
1731948764695 7.152224134188145e-05 0
1731948798932 5.58853498660028e-05 0
1731948833625 5.8573765272740275e-05 0
1731948867976 5.86528294661548e-05 0
1731948902648 4.0662678657099605e-05 0
1731948936952 4.890142736257985e-05 0
1731948971727 5.624916957458481e-05 0
1731949005917 5.5787695600884035e-05 0
1731949040928 5.6071949074976146e-05 0
1731949075204 3.959964669775218e-05 0
1731949109900 4.312110831961036e-05 0
1731949144139 5.472318298416212e-05 0
1731949178823 7.517299673054367e-05 0
1731949213132 4.4200776756042615e-05 0
1731949247833 8.606485789641738e-05 0
1731949282121 4.602959597832523e-05 0
1731949316734 4.363218613434583e-05 0
1731949351136 5.090623380965553e-05 0
1731949385760 8.113421790767461e-05 0
1731949420054 4.7080760850803927e-05 0
1731949454721 5.625683843391016e-05 0
1731949488998 5.033198249293491e-05 0
1731949524062 6.173843576107174e-05 0
1731949558360 4.6134344302117825e-05 0
1731949593020 4.573698970489204e-05 0
1731949627280 5.521273487829603e-05 0
1731949661910 5.56686645722948e-05 0
1731949696220 4.612051634467207e-05 0
1731949730916 7.566757267341018e-05 0
1731949765251 4.6666966227348894e-05 0
1731949800030 4.530834485194646e-05 0
1731949834358 4.222454663249664e-05 0
1731949869099 4.02957848564256e-05 0
1731949903388 4.374316267785616e-05 0
1731949938026 5.124664312461391e-05 0
1731949972308 4.341353997006081e-05 0
1731950006979 4.103011451661587e-05 0
1731950041559 5.258823875919916e-05 0
1731950076274 5.264922583592124e-05 0
1731950110535 4.752678796648979e-05 0
1731950145200 4.5784741814713925e-05 0
1731950179512 3.5052900784648955e-05 0
1731950214300 3.8486323319375515e-05 0
1731950248554 4.096685734111816e-05 0
1731950283335 3.73149014194496e-05 0
1731950317584 4.243189323460683e-05 0
1731950352209 3.933597690775059e-05 0
1731950386423 3.761923289857805e-05 0
1731950421146 4.4982138206250966e-05 0
1731950455460 4.582615292747505e-05 0
1731950490110 3.311503678560257e-05 0
1731950524458 4.478210030356422e-05 0
1731950559522 3.7757647078251466e-05 0
1731950593764 3.980334440711886e-05 0
1731950628441 4.648790491046384e-05 0
1731950662666 3.641928196884692e-05 0
1731950697496 4.967190761817619e-05 0
1731950731860 5.035227513872087e-05 0
1731950766612 4.1091625462286174e-05 0
1731950801033 5.5746015277691185e-05 0
1731950835896 4.160253592999652e-05 0
1731950870280 3.641218427219428e-05 0
1731950905039 3.6862602428300306e-05 0
1731950939432 5.428688746178523e-05 0
1731950974217 4.408222230267711e-05 0
1731951008639 3.499104059301317e-05 0
1731951043503 2.9423061278066598e-05 0
1731951078183 3.4337321267230436e-05 0
1731951112875 5.226104985922575e-05 0
1731951147193 3.444880712777376e-05 0
1731951181946 4.4032869482180104e-05 0
1731951216327 3.054518310818821e-05 0
1731951251091 4.229805199429393e-05 0
1731951285404 5.8997971791541204e-05 0
1731951320214 5.7044810091611e-05 0
1731951354629 3.521833787090145e-05 0
1731951389397 3.9003047277219594e-05 0
1731951423694 3.3827742299763486e-05 0
1731951458492 3.967521479353309e-05 0
1731951492876 4.234650623402558e-05 0
1731951527643 4.745947080664337e-05 0
1731951561998 3.221364022465423e-05 0
1731951597082 4.267199255991727e-05 0
1731951631418 3.0844283173792064e-05 0
1731951666213 4.4228858314454556e-05 0
1731951700554 3.6691217246698216e-05 0
1731951735348 3.2205174647970125e-05 0
1731951769744 3.518381709000096e-05 0
1731951804503 4.0820130379870534e-05 0
1731951838775 3.6175435525365174e-05 0
1731951873479 4.112106398679316e-05 0
1731951907908 3.364386793691665e-05 0
1731951942770 4.212858038954437e-05 0
1731951977155 3.4264270652784035e-05 0
1731952011881 5.285134830046445e-05 0
1731952046223 3.1893061532173306e-05 0
1731952081268 4.1659845010144636e-05 0
1731952115504 3.682127135107294e-05 0
1731952150255 2.7964450055151246e-05 0
1731952184624 3.641673902166076e-05 0
1731952219482 3.637538611656055e-05 0
1731952253897 4.095432814210653e-05 0
1731952288674 3.672350067063235e-05 0
1731952323036 3.7902278563706204e-05 0
1731952357728 3.4315620723646134e-05 0
1731952392086 3.551643021637574e-05 0
1731952426881 2.7146132197231054e-05 0
1731952461272 3.2131058105733246e-05 0
1731952495985 3.9684287912677974e-05 0
1731952530291 5.830309237353504e-05 0
1731952565073 4.47348938905634e-05 0
1731952599704 3.518441735650413e-05 0
1731952634386 3.431977529544383e-05 0
1731952668677 2.7170319299330004e-05 0
1731952703434 3.277975338278338e-05 0
1731952737788 3.2638825359754264e-05 0
1731952772570 4.1737388528417796e-05 0
1731952806985 3.013539571838919e-05 0
1731952841787 2.882659828173928e-05 0
1731952876112 3.561658741091378e-05 0
1731952910826 2.9674680263269693e-05 0
1731952945240 3.929748709197156e-05 0
1731952979992 3.544521678122692e-05 0
1731953014299 2.866252361855004e-05 0
1731953048992 3.197696423740126e-05 0
1731953083387 3.9680457120994106e-05 0
1731953118481 3.793573705479503e-05 0
1731953152868 4.956384509569034e-05 0
1731953187613 2.875390782719478e-05 0
1731953221997 3.4730979677988216e-05 0
1731953256804 2.9215749236755073e-05 0
1731953291149 3.1684197892900556e-05 0
1731953325861 3.006228871527128e-05 0
1731953360242 3.57067801814992e-05 0
1731953395029 3.468697104835883e-05 0
1731953429361 7.062590157147497e-05 0
1731953464139 2.9398188416962512e-05 0
1731953498394 2.6447438358445652e-05 0
1731953533169 7.427753007505089e-05 0
1731953567572 3.253467002650723e-05 0
1731953602312 3.8938622310524806e-05 0
1731953637059 3.240103251300752e-05 0
1731953671916 5.594136018771678e-05 0
1731953706340 3.31817427650094e-05 0
1731953741089 2.8899510652991012e-05 0
1731953775416 2.8779631975339726e-05 0
1731953810164 3.559734614100307e-05 0
1731953844515 2.7411821065470576e-05 0
1731953879313 2.327187394257635e-05 0
1731953913672 5.5387296015396714e-05 0
1731953948456 3.199700586264953e-05 0
1731953982887 3.160767664667219e-05 0
1731954017634 2.6709880330599844e-05 0
1731954051987 3.9198748709168285e-05 0
1731954086751 2.8249809474800713e-05 0
1731954121117 2.4153567210305482e-05 0
