1731879796949 0.009501559659838676 0
1731879819114 0.009809653274714947 0
1731879840884 0.00981845147907734 0
1731879862524 0.009541160427033901 0
1731879883926 0.009570849128067493 0
1731879905379 0.009638761170208454 0
1731879926636 0.009703012183308601 0
1731879947972 0.009813687764108181 0
1731879969204 0.009855149313807487 0
1731879990525 0.009655416943132877 0
1731880011713 0.009673336520791054 0
1731880033001 0.009431971237063408 0
1731880054257 0.009608912281692028 0
1731880075591 0.009670463390648365 0
1731880096761 0.009578176774084568 0
1731880115822 0.009613224305212498 0
1731880134875 0.009609811007976532 0
1731880153915 0.009722239337861538 0
1731880172977 0.009523207321763039 0
1731880192021 0.009654322639107704 0
1731880211088 0.00958894845098257 0
1731880230130 0.009514220990240574 0
1731880248395 0.009550174698233604 0
1731880266237 0.00958477333188057 0
1731880284205 0.009518658742308617 0
1731880302187 0.009576593525707722 0
1731880320130 0.009599209763109684 0
1731880337999 0.009421003982424736 0
1731880355948 0.009606757201254368 0
1731880373891 0.009560191072523594 0
1731880391119 0.009556574746966362 0
1731880408401 0.009556579403579235 0
1731880425647 0.009510165080428123 0
1731880442930 0.009516173042356968 0
1731880460223 0.00950717180967331 0
1731880477508 0.009488897398114204 0
1731880494804 0.009572400711476803 0
1731880511663 0.009500870481133461 0
1731880528529 0.00950631219893694 0
1731880545320 0.009525607340037823 0
1731880562185 0.009465898387134075 0
1731880578936 0.009473898448050022 0
1731880595785 0.00938350148499012 0
1731880612530 0.00956900604069233 0
1731880629709 0.009549967013299465 0
1731880646452 0.0096299322322011 0
1731880663330 0.0094009879976511 0
1731880680084 0.009464687667787075 0
1731880696915 0.00949387438595295 0
1731880713685 0.00936124287545681 0
1731880730537 0.009436354972422123 0
1731880747266 0.0094864871352911 0
1731880764110 0.009490138851106167 0
1731880780877 0.009592730551958084 0
1731880797721 0.009447404183447361 0
1731880814519 0.009575958363711834 0
1731880831356 0.009417773224413395 0
1731880848097 0.009548602625727654 0
1731880864960 0.009552005678415298 0
1731880882074 0.009466183371841908 0
1731880898906 0.009515517391264439 0
1731880915647 0.009518499486148357 0
1731880932504 0.009462466463446617 0
1731880949269 0.009491244331002235 0
1731880966116 0.009515907615423203 0
1731880982867 0.00950300507247448 0
1731880999730 0.009431895799934864 0
1731881016488 0.009463535621762276 0
1731881033327 0.009447227232158184 0
1731881050073 0.009496914222836494 0
1731881066903 0.009456858038902283 0
1731881083657 0.009508221410214901 0
1731881100514 0.009487984701991081 0
1731881117275 0.009548023343086243 0
1731881134451 0.009507719427347183 0
1731881151193 0.009491375647485256 0
1731881168044 0.009513123892247677 0
1731881184779 0.009586269035935402 0
1731881201635 0.009471549652516842 0
1731881218381 0.00941627100110054 0
1731881235199 0.009472671896219254 0
1731881251959 0.009459768421947956 0
1731881268780 0.009480655193328857 0
1731881285463 0.009438837878406048 0
1731881302298 0.009402143768966198 0
1731881319023 0.009379170835018158 0
1731881335830 0.009508568793535233 0
1731881352567 0.009443487972021103 0
1731881369668 0.009432025253772736 0
1731881386380 0.009442983195185661 0
1731881403202 0.009351316839456558 0
1731881419920 0.009539901278913021 0
1731881436704 0.009501835331320763 0
1731881453429 0.009461095556616783 0
1731881470226 0.009444981813430786 0
1731881486951 0.00946053583174944 0
1731881503757 0.00941801443696022 0
1731881520438 0.009484270587563515 0
1731881537270 0.009478922002017498 0
1731881553993 0.00944342277944088 0
1731881570783 0.009505689144134521 0
1731881587510 0.00947786308825016 0
1731881604287 0.009477617219090462 0
1731881621302 0.009479867294430733 0
1731881638075 0.009380736388266087 0
1731881654799 0.009545324370265007 0
1731881671594 0.00948116835206747 0
1731881688276 0.009485920891165733 0
1731881705090 0.009477618150413036 0
1731881725341 0.00940844975411892 0
1731881742151 0.009401596151292324 0
1731881758839 0.009452671743929386 0
1731881775628 0.009510546922683716 0
1731881792325 0.00941952969878912 0
1731881809140 0.0094603868201375 0
1731881825811 0.009464047849178314 0
1731881842619 0.009432227350771427 0
1731881859286 0.009521634317934513 0
1731881876408 0.009402480907738209 0
1731881893065 0.009472114965319633 0
1731881909854 0.009432566352188587 0
1731881926529 0.009443503804504871 0
1731881943320 0.009458031505346298 0
1731881960003 0.009463434107601643 0
1731881976808 0.00944147352129221 0
1731881993511 0.009437390603125095 0
1731882010300 0.009512505494058132 0
1731882026997 0.00946846604347229 0
1731882043769 0.009444881230592728 0
1731882060474 0.009440798312425613 0
1731882077252 0.009430346079170704 0
1731882093921 0.009466304443776608 0
1731882110694 0.009453336708247662 0
1731882127701 0.00944790430366993 0
1731882144486 0.00946734193712473 0
1731882161151 0.0094715291634202 0
1731882177894 0.00946660153567791 0
1731882194567 0.009436249732971191 0
1731882211352 0.009425858967006207 0
1731882228056 0.009454319253563881 0
1731882244857 0.009440816007554531 0
1731882261549 0.009381470270454884 0
1731882278310 0.009482425637543201 0
1731882294999 0.00947585515677929 0
1731882311780 0.009429555386304855 0
1731882328457 0.009437507949769497 0
1731882345236 0.009472022764384747 0
1731882361918 0.009447021409869194 0
1731882379047 0.009422766044735909 0
1731882395725 0.009430375881493092 0
1731882412487 0.009474243968725204 0
1731882429191 0.009440266527235508 0
1731882445971 0.009423584677278996 0
1731882462640 0.009481046348810196 0
1731882479437 0.00943748839199543 0
1731882496097 0.009407954290509224 0
1731882512905 0.009444636292755604 0
1731882529570 0.009455841965973377 0
1731882546554 0.009420271031558514 0
1731882563220 0.00941935833543539 0
1731882580011 0.009429923258721828 0
1731882596691 0.009453468956053257 0
1731882613770 0.009465035982429981 0
1731882630450 0.009446950629353523 0
1731882647236 0.009454595856368542 0
1731882663895 0.009462634101510048 0
1731882680699 0.009438490495085716 0
1731882697350 0.009417942725121975 0
1731882714155 0.009463130496442318 0
1731882730853 0.009462699294090271 0
1731882747615 0.009382433257997036 0
1731882764289 0.009431423619389534 0
1731882781075 0.00945959147065878 0
1731882797768 0.009426048956811428 0
1731882814557 0.009413335472345352 0
1731882831207 0.009457807056605816 0
1731882847994 0.00943260733038187 0
1731882865105 0.009459540247917175 0
1731882881874 0.00944139901548624 0
1731882898531 0.009443594142794609 0
1731882915293 0.00944163091480732 0
1731882931969 0.009485688991844654 0
1731882948739 0.009402752853929996 0
1731882965378 0.009444169700145721 0
1731882982129 0.009478149004280567 0
1731882998780 0.009432479739189148 0
1731883015543 0.009428956545889378 0
1731883032218 0.009452234953641891 0
1731883048994 0.009432810358703136 0
1731883065678 0.00945224054157734 0
1731883082462 0.009478915482759476 0
1731883099120 0.009436558000743389 0
1731883116260 0.009465587325394154 0
1731883132968 0.009433411061763763 0
1731883149740 0.009445859119296074 0
1731883166410 0.009416765533387661 0
1731883183178 0.009445219300687313 0
1731883199837 0.009449492208659649 0
1731883216656 0.009430878795683384 0
1731883233339 0.009445060044527054 0
1731883250147 0.009455804713070393 0
1731883266838 0.009440594352781773 0
1731883283582 0.009461049921810627 0
1731883300234 0.009444739669561386 0
1731883317025 0.009441614151000977 0
1731883333703 0.009456736035645008 0
1731883350483 0.00943110603839159 0
1731883367526 0.009411596693098545 0
1731883384295 0.00946235004812479 0
1731883400972 0.009448805823922157 0
1731883417776 0.0094309002161026 0
1731883434443 0.009454111568629742 0
1731883451194 0.00943883415311575 0
1731883467837 0.009455758146941662 0
1731883484594 0.009479247964918613 0
1731883501272 0.009447401389479637 0
1731883518009 0.009444321505725384 0
1731883534689 0.009474138729274273 0
1731883551463 0.00943182222545147 0
1731883568144 0.009432194754481316 0
1731883584875 0.009447216987609863 0
1731883601580 0.009440277703106403 0
