1731879796949 0.0695960521697998 0
1731879819114 0.05658283829689026 0
1731879840884 0.051453910768032074 0
1731879862524 0.04717652499675751 0
1731879883926 0.044087402522563934 0
1731879905379 0.04225406050682068 0
1731879926636 0.04250956326723099 0
1731879947972 0.03756817802786827 0
1731879969204 0.035744696855545044 0
1731879990525 0.036824099719524384 0
1731880011713 0.03628722205758095 0
1731880033001 0.03281199932098389 0
1731880054257 0.032723914831876755 0
1731880075591 0.029796969145536423 0
1731880096761 0.030392847955226898 0
1731880115822 0.03047579899430275 0
1731880134875 0.03037550300359726 0
1731880153915 0.02789371646940708 0
1731880172977 0.029823940247297287 0
1731880192021 0.027733225375413895 0
1731880211088 0.027178306132555008 0
1731880230130 0.02811841480433941 0
1731880248395 0.0270858071744442 0
1731880266237 0.02571370080113411 0
1731880284205 0.026751264929771423 0
1731880302187 0.02554408647119999 0
1731880320130 0.026477791368961334 0
1731880337999 0.025339005514979362 0
1731880355948 0.02608255110681057 0
1731880373891 0.02532843127846718 0
1731880391119 0.02463199570775032 0
1731880408401 0.024305330589413643 0
1731880425647 0.02348347380757332 0
1731880442930 0.024320725351572037 0
1731880460223 0.02362126111984253 0
1731880477508 0.022321010008454323 0
1731880494804 0.021540455520153046 0
1731880511663 0.021626383066177368 0
1731880528529 0.025111710652709007 0
1731880545320 0.022803321480751038 0
1731880562185 0.02295478619635105 0
1731880578936 0.022832779213786125 0
1731880595785 0.022074609994888306 0
1731880612530 0.020715201273560524 0
1731880629709 0.021496929228305817 0
1731880646452 0.020831244066357613 0
1731880663330 0.02228875458240509 0
1731880680084 0.019704286009073257 0
1731880696915 0.021709205582737923 0
1731880713685 0.020106904208660126 0
1731880730537 0.0196724571287632 0
1731880747266 0.02066374197602272 0
1731880764110 0.019803939387202263 0
1731880780877 0.021297583356499672 0
1731880797721 0.017797838896512985 0
1731880814519 0.01994282379746437 0
1731880831356 0.01920490898191929 0
1731880848097 0.018659014254808426 0
1731880864960 0.019550256431102753 0
1731880882074 0.01880722865462303 0
1731880898906 0.019424354657530785 0
1731880915647 0.018399912863969803 0
1731880932504 0.01755179651081562 0
1731880949269 0.019058499485254288 0
1731880966116 0.018215008080005646 0
1731880982867 0.01866990514099598 0
1731880999730 0.017419610172510147 0
1731881016488 0.01870930753648281 0
1731881033327 0.017968744039535522 0
1731881050073 0.018652183935046196 0
1731881066903 0.016926322132349014 0
1731881083657 0.017629340291023254 0
1731881100514 0.018192745745182037 0
1731881117275 0.016905251890420914 0
1731881134451 0.017623158171772957 0
1731881151193 0.01767907105386257 0
1731881168044 0.017368478700518608 0
1731881184779 0.016915103420615196 0
1731881201635 0.016806703060865402 0
1731881218381 0.01763545162975788 0
1731881235199 0.017131004482507706 0
1731881251959 0.017152579501271248 0
1731881268780 0.015985090285539627 0
1731881285463 0.016158990561962128 0
1731881302298 0.016188114881515503 0
1731881319023 0.01625503972172737 0
1731881335830 0.01664625108242035 0
1731881352567 0.015714997425675392 0
1731881369668 0.016038276255130768 0
1731881386380 0.01602092757821083 0
1731881403202 0.015430754981935024 0
1731881419920 0.015502439811825752 0
1731881436704 0.015767766162753105 0
1731881453429 0.015282612293958664 0
1731881470226 0.01546475663781166 0
1731881486951 0.014904768206179142 0
1731881503757 0.015207374468445778 0
1731881520438 0.014616531319916248 0
1731881537270 0.01462804526090622 0
1731881553993 0.015735378488898277 0
1731881570783 0.015515738166868687 0
1731881587510 0.014461856335401535 0
1731881604287 0.014276424422860146 0
1731881621302 0.014149414375424385 0
1731881638075 0.014817800372838974 0
1731881654799 0.015440158545970917 0
1731881671594 0.015011061914265156 0
1731881688276 0.014422028325498104 0
1731881705090 0.014877332374453545 0
1731881725341 0.013558872044086456 0
1731881742151 0.014283670112490654 0
1731881758839 0.014482265338301659 0
1731881775628 0.014271577820181847 0
1731881792325 0.015047450549900532 0
1731881809140 0.013452890329062939 0
1731881825811 0.014040425419807434 0
1731881842619 0.01350705698132515 0
1731881859286 0.014924189075827599 0
1731881876408 0.014276942238211632 0
1731881893065 0.013741030357778072 0
1731881909854 0.013186084106564522 0
1731881926529 0.013507504016160965 0
1731881943320 0.01433894969522953 0
1731881960003 0.013563008978962898 0
1731881976808 0.013613112270832062 0
1731881993511 0.012487690895795822 0
1731882010300 0.01360568217933178 0
1731882026997 0.013701720163226128 0
1731882043769 0.013870865106582642 0
1731882060474 0.013666587881743908 0
1731882077252 0.013658841140568256 0
1731882093921 0.013963805511593819 0
1731882110694 0.013180654495954514 0
1731882127701 0.012783943675458431 0
1731882144486 0.013235855847597122 0
1731882161151 0.012384027242660522 0
1731882177894 0.012762267142534256 0
1731882194567 0.0131584657356143 0
1731882211352 0.012457933276891708 0
1731882228056 0.012911414727568626 0
1731882244857 0.012677337974309921 0
1731882261549 0.012867124751210213 0
1731882278310 0.013151192106306553 0
1731882294999 0.012882312759757042 0
1731882311780 0.012400464154779911 0
1731882328457 0.012180274352431297 0
1731882345236 0.011256091296672821 0
1731882361918 0.012455729767680168 0
1731882379047 0.011880842037498951 0
1731882395725 0.012327980250120163 0
1731882412487 0.01362574752420187 0
1731882429191 0.011908142827451229 0
1731882445971 0.011586673557758331 0
1731882462640 0.012353633530437946 0
1731882479437 0.01222622487694025 0
1731882496097 0.011842137202620506 0
1731882512905 0.012266574427485466 0
1731882529570 0.012372205033898354 0
1731882546554 0.012225963175296783 0
1731882563220 0.011463982053101063 0
1731882580011 0.01150229386985302 0
1731882596691 0.01223589014261961 0
1731882613770 0.01206778734922409 0
1731882630450 0.01168438047170639 0
1731882647236 0.011486921459436417 0
1731882663895 0.010855777189135551 0
1731882680699 0.012000334449112415 0
1731882697350 0.011622447520494461 0
1731882714155 0.011776844039559364 0
1731882730853 0.011906430125236511 0
1731882747615 0.01161664817482233 0
1731882764289 0.011759568005800247 0
1731882781075 0.01144987903535366 0
1731882797768 0.01086135022342205 0
1731882814557 0.011126537807285786 0
1731882831207 0.011607353575527668 0
1731882847994 0.011709248647093773 0
1731882865105 0.011791665107011795 0
1731882881874 0.010782772675156593 0
1731882898531 0.011316586285829544 0
1731882915293 0.010943220928311348 0
1731882931969 0.01085901353508234 0
1731882948739 0.01073757465928793 0
1731882965378 0.010493539273738861 0
1731882982129 0.011414946988224983 0
1731882998780 0.01101550180464983 0
1731883015543 0.01033870130777359 0
1731883032218 0.011168912053108215 0
1731883048994 0.010476394556462765 0
1731883065678 0.0115653732791543 0
1731883082462 0.010764549486339092 0
1731883099120 0.010620074346661568 0
1731883116260 0.01072607934474945 0
1731883132968 0.011335326358675957 0
1731883149740 0.01067514531314373 0
1731883166410 0.011030282825231552 0
1731883183178 0.010968906804919243 0
1731883199837 0.011395571753382683 0
1731883216656 0.010886769741773605 0
1731883233339 0.01100950874388218 0
1731883250147 0.010429266840219498 0
1731883266838 0.010175101459026337 0
1731883283582 0.010133354924619198 0
1731883300234 0.010727954097092152 0
1731883317025 0.011076653376221657 0
1731883333703 0.01089157909154892 0
1731883350483 0.0105094313621521 0
1731883367526 0.010487627238035202 0
1731883384295 0.010591190308332443 0
1731883400972 0.011369818821549416 0
1731883417776 0.010426674038171768 0
1731883434443 0.01040200050920248 0
1731883451194 0.011057468131184578 0
1731883467837 0.010108845308423042 0
1731883484594 0.010699886828660965 0
1731883501272 0.010811153799295425 0
1731883518009 0.010744215920567513 0
1731883534689 0.010344699025154114 0
1731883551463 0.009989870712161064 0
1731883568144 0.009918848052620888 0
1731883584875 0.009864872321486473 0
1731883601580 0.01062819454818964 0
