1731879796949 20.190776824951172 0
1731879819114 22.81975555419922 0
1731879840884 23.60326385498047 0
1731879862524 23.373252868652344 0
1731879883926 24.432048797607422 0
1731879905379 23.924457550048828 0
1731879926636 24.404993057250977 0
1731879947972 23.898069381713867 0
1731879969204 25.232664108276367 0
1731879990525 25.268814086914062 0
1731880011713 25.15926170349121 0
1731880033001 25.17458724975586 0
1731880054257 25.341251373291016 0
1731880075591 25.338991165161133 0
1731880096761 25.4050235748291 0
1731880115822 24.537155151367188 0
1731880134875 25.162700653076172 0
1731880153915 25.961669921875 0
1731880172977 25.653060913085938 0
1731880192021 26.071325302124023 0
1731880211088 26.24232292175293 0
1731880230130 26.4899959564209 0
1731880248395 26.17119598388672 0
1731880266237 26.8176212310791 0
1731880284205 25.618051528930664 0
1731880302187 26.005556106567383 0
1731880320130 25.84724235534668 0
1731880337999 26.079120635986328 0
1731880355948 26.203500747680664 0
1731880373891 26.534236907958984 0
1731880391119 26.584287643432617 0
1731880408401 26.43772315979004 0
1731880425647 27.29818344116211 0
1731880442930 26.16714096069336 0
1731880460223 26.29575538635254 0
1731880477508 27.586214065551758 0
1731880494804 27.42615509033203 0
1731880511663 26.244815826416016 0
1731880528529 26.314027786254883 0
1731880545320 26.53437614440918 0
1731880562185 26.427709579467773 0
1731880578936 26.898677825927734 0
1731880595785 27.46341896057129 0
1731880612530 27.467235565185547 0
1731880629709 27.317623138427734 0
1731880646452 27.984081268310547 0
1731880663330 27.680795669555664 0
1731880680084 27.827510833740234 0
1731880696915 27.543106079101562 0
1731880713685 26.977291107177734 0
1731880730537 27.063251495361328 0
1731880747266 27.707420349121094 0
1731880764110 27.14624786376953 0
1731880780877 27.85577964782715 0
1731880797721 27.475326538085938 0
1731880814519 28.109922409057617 0
1731880831356 26.967180252075195 0
1731880848097 27.43880844116211 0
1731880864960 27.220279693603516 0
1731880882074 27.913515090942383 0
1731880898906 28.066722869873047 0
1731880915647 27.76435089111328 0
1731880932504 28.092853546142578 0
1731880949269 27.595849990844727 0
1731880966116 28.546733856201172 0
1731880982867 28.554176330566406 0
1731880999730 28.731094360351562 0
1731881016488 27.97402572631836 0
1731881033327 28.76952362060547 0
1731881050073 27.830598831176758 0
1731881066903 28.470746994018555 0
1731881083657 28.16098403930664 0
1731881100514 28.071226119995117 0
1731881117275 28.956008911132812 0
1731881134451 28.17245864868164 0
1731881151193 28.2962646484375 0
1731881168044 27.782941818237305 0
1731881184779 29.291549682617188 0
1731881201635 28.876501083374023 0
1731881218381 28.61571502685547 0
1731881235199 28.600587844848633 0
1731881251959 28.250255584716797 0
1731881268780 28.137496948242188 0
1731881285463 28.586118698120117 0
1731881302298 29.112924575805664 0
1731881319023 28.18290901184082 0
1731881335830 29.120237350463867 0
1731881352567 29.184537887573242 0
1731881369668 28.746896743774414 0
1731881386380 28.383779525756836 0
1731881403202 28.741104125976562 0
1731881419920 27.966754913330078 0
1731881436704 28.932376861572266 0
1731881453429 29.354490280151367 0
1731881470226 28.7592830657959 0
1731881486951 28.721755981445312 0
1731881503757 29.614971160888672 0
1731881520438 29.483015060424805 0
1731881537270 29.032638549804688 0
1731881553993 29.44473648071289 0
1731881570783 29.85991859436035 0
1731881587510 28.783363342285156 0
1731881604287 28.079551696777344 0
1731881621302 29.50839614868164 0
1731881638075 28.005916595458984 0
1731881654799 29.71933364868164 0
1731881671594 29.332077026367188 0
1731881688276 29.254167556762695 0
1731881705090 28.854265213012695 0
1731881725341 29.528175354003906 0
1731881742151 29.83081817626953 0
1731881758839 30.06680679321289 0
1731881775628 29.720130920410156 0
1731881792325 29.965913772583008 0
1731881809140 30.425588607788086 0
1731881825811 29.540571212768555 0
1731881842619 29.810022354125977 0
1731881859286 29.68069076538086 0
1731881876408 28.34473419189453 0
1731881893065 29.596933364868164 0
1731881909854 29.6099796295166 0
1731881926529 29.835351943969727 0
1731881943320 30.236906051635742 0
1731881960003 29.892059326171875 0
1731881976808 29.67162322998047 0
1731881993511 30.565963745117188 0
1731882010300 29.58431625366211 0
1731882026997 30.020923614501953 0
1731882043769 30.053007125854492 0
1731882060474 29.2257080078125 0
1731882077252 29.916454315185547 0
1731882093921 30.09056854248047 0
1731882110694 29.936349868774414 0
1731882127701 30.75356674194336 0
1731882144486 30.187416076660156 0
1731882161151 30.773897171020508 0
1731882177894 30.045448303222656 0
1731882194567 31.067766189575195 0
1731882211352 30.232032775878906 0
1731882228056 30.115079879760742 0
1731882244857 29.806827545166016 0
1731882261549 30.159259796142578 0
1731882278310 30.021995544433594 0
1731882294999 29.811954498291016 0
1731882311780 30.289777755737305 0
1731882328457 31.27591896057129 0
1731882345236 29.946273803710938 0
1731882361918 30.908811569213867 0
1731882379047 30.998369216918945 0
1731882395725 30.33937644958496 0
1731882412487 30.008806228637695 0
1731882429191 30.803739547729492 0
1731882445971 31.122106552124023 0
1731882462640 30.33637046813965 0
1731882479437 30.61555290222168 0
1731882496097 31.004291534423828 0
1731882512905 31.05301284790039 0
1731882529570 30.96868324279785 0
1731882546554 31.01711082458496 0
1731882563220 30.39875030517578 0
1731882580011 30.88923454284668 0
1731882596691 30.54405975341797 0
1731882613770 30.81548309326172 0
1731882630450 30.930889129638672 0
1731882647236 31.195409774780273 0
1731882663895 31.172592163085938 0
1731882680699 31.077499389648438 0
1731882697350 30.283079147338867 0
1731882714155 30.612049102783203 0
1731882730853 31.35411834716797 0
1731882747615 30.409170150756836 0
1731882764289 32.1213264465332 0
1731882781075 31.469085693359375 0
1731882797768 31.37725067138672 0
1731882814557 30.988304138183594 0
1731882831207 31.485185623168945 0
1731882847994 31.058635711669922 0
1731882865105 31.333742141723633 0
1731882881874 30.955480575561523 0
1731882898531 30.717844009399414 0
1731882915293 31.866289138793945 0
1731882931969 31.974590301513672 0
1731882948739 31.23476791381836 0
1731882965378 31.804363250732422 0
1731882982129 31.731159210205078 0
1731882998780 31.547029495239258 0
1731883015543 32.2279052734375 0
1731883032218 31.37311553955078 0
1731883048994 30.468252182006836 0
1731883065678 31.91630744934082 0
1731883082462 31.58962059020996 0
1731883099120 32.02506637573242 0
1731883116260 32.12427520751953 0
1731883132968 31.823867797851562 0
1731883149740 31.683149337768555 0
1731883166410 31.872390747070312 0
1731883183178 32.10808563232422 0
1731883199837 31.4300537109375 0
1731883216656 31.589614868164062 0
1731883233339 31.95880126953125 0
1731883250147 32.03886032104492 0
1731883266838 31.96158790588379 0
1731883283582 31.71550941467285 0
1731883300234 32.66676330566406 0
1731883317025 31.856765747070312 0
1731883333703 32.04314041137695 0
1731883350483 32.74355697631836 0
1731883367526 31.904577255249023 0
1731883384295 31.948917388916016 0
1731883400972 31.983152389526367 0
1731883417776 31.467985153198242 0
1731883434443 31.912221908569336 0
1731883451194 32.152713775634766 0
1731883467837 32.2064323425293 0
1731883484594 32.48157501220703 0
1731883501272 32.042850494384766 0
1731883518009 32.157711029052734 0
1731883534689 31.869966506958008 0
1731883551463 32.08559036254883 0
1731883568144 31.952604293823242 0
1731883584875 32.728538513183594 0
1731883601580 32.6817741394043 0
