1731879797057 0.0095702288672328 0
1731879819120 0.005224253516644239 0
1731879840889 0.004361877683550119 0
1731879862527 0.004599117208272219 0
1731879883929 0.003604084951803088 0
1731879905382 0.0040509263053536415 0
1731879926639 0.0036266068927943707 0
1731879947974 0.004075612407177687 0
1731879969206 0.0029973227065056562 0
1731879990528 0.002972476650029421 0
1731880011716 0.003048413200303912 0
1731880033005 0.0030376743525266647 0
1731880054260 0.002923309337347746 0
1731880075594 0.002924831584095955 0
1731880096764 0.0028806959744542837 0
1731880115824 0.0035179078113287687 0
1731880134878 0.00304599991068244 0
1731880153917 0.0025341531727463007 0
1731880172979 0.0027207813691347837 0
1731880192024 0.00247096992097795 0
1731880211090 0.0023755684960633516 0
1731880230132 0.002243883442133665 0
1731880248398 0.0024147960357367992 0
1731880266240 0.0020808354020118713 0
1731880284207 0.0027428041212260723 0
1731880302189 0.002508674282580614 0
1731880320132 0.0026018116623163223 0
1731880338001 0.0024665389209985733 0
1731880355950 0.002396899741142988 0
1731880373893 0.002221141941845417 0
1731880391121 0.0021956912241876125 0
1731880408403 0.0022710547782480717 0
1731880425649 0.0018628656398504972 0
1731880442932 0.0024170507676899433 0
1731880460225 0.0023465214762836695 0
1731880477510 0.0017433257307857275 0
1731880494806 0.0018087740754708648 0
1731880511666 0.002374206203967333 0
1731880528532 0.0023366687819361687 0
1731880545323 0.0022210704628378153 0
1731880562187 0.002276297891512513 0
1731880578938 0.002042359672486782 0
1731880595787 0.0017933209892362356 0
1731880612532 0.0017917454242706299 0
1731880629711 0.0018545463681221008 0
1731880646454 0.0015907129272818565 0
1731880663333 0.0017057694494724274 0
1731880680086 0.0016491072019562125 0
1731880696917 0.0017607159679755569 0
1731880713687 0.0020057226065546274 0
1731880730539 0.001966413576155901 0
1731880747268 0.001695343991741538 0
1731880764112 0.0019291903590783477 0
1731880780879 0.0016384073533117771 0
1731880797723 0.0017884103581309319 0
1731880814521 0.0015452818479388952 0
1731880831358 0.00201039738021791 0
1731880848099 0.0018035117536783218 0
1731880864962 0.0018965838244184852 0
1731880882076 0.001616770401597023 0
1731880898908 0.0015607288805767894 0
1731880915649 0.0016732652438804507 0
1731880932507 0.0015513671096414328 0
1731880949271 0.0017394626047462225 0
1731880966119 0.0013974185567349195 0
1731880982869 0.0013950259890407324 0
1731880999732 0.0013393389526754618 0
1731881016490 0.00159439945127815 0
1731881033329 0.00132754014339298 0
1731881050075 0.0016479340847581625 0
1731881066905 0.0014220839366316795 0
1731881083660 0.0015272200107574463 0
1731881100517 0.0015591122210025787 0
1731881117277 0.0012717419303953648 0
1731881134453 0.0015231899451464415 0
1731881151195 0.001480380306020379 0
1731881168046 0.001666117226704955 0
1731881184781 0.0011771856807172298 0
1731881201638 0.0012952390825375915 0
1731881218383 0.0013753980165347457 0
1731881235201 0.001380197238177061 0
1731881251961 0.0014961473643779755 0
1731881268782 0.0015355013310909271 0
1731881285465 0.001384803093969822 0
1731881302301 0.0012266129488125443 0
1731881319025 0.0015195290325209498 0
1731881335832 0.0012245489051565528 0
1731881352569 0.0012065526098012924 0
1731881369670 0.0013344744220376015 0
1731881386382 0.0014508485328406096 0
1731881403204 0.0013362551108002663 0
1731881419922 0.0015970712993294 0
1731881436706 0.0012786812148988247 0
1731881453431 0.001160248415544629 0
1731881470228 0.0013306739274412394 0
1731881486953 0.0013422216288745403 0
1731881503759 0.0010927043622359633 0
1731881520440 0.001126414630562067 0
1731881537273 0.0012494991533458233 0
1731881553995 0.001136386999860406 0
1731881570785 0.0010327803902328014 0
1731881587512 0.001323316479101777 0
1731881604289 0.0015561258187517524 0
1731881621304 0.001119851367548108 0
1731881638078 0.001582735450938344 0
1731881654801 0.0010667594615370035 0
1731881671596 0.0011662512551993132 0
1731881688279 0.0011873620096594095 0
1731881708617 0.0013018874451518059 0
1731881725343 0.0011147626210004091 0
1731881742153 0.0010397238656878471 0
1731881758841 0.0009847343899309635 0
1731881775630 0.0010665637673810124 0
1731881792327 0.0010078790364786983 0
1731881809143 0.0009066527127288282 0
1731881825813 0.001111585064791143 0
1731881842622 0.0010447143577039242 0
1731881859289 0.0010762939928099513 0
1731881876410 0.0014639506116509438 0
1731881893067 0.0010972525924444199 0
1731881909856 0.001093961065635085 0
1731881926531 0.0010386393405497074 0
1731881943322 0.000946911284700036 0
1731881960005 0.0010251656640321016 0
1731881976810 0.0010785430204123259 0
1731881993514 0.00087781623005867 0
1731882010302 0.001100444933399558 0
1731882026999 0.0009951938409358263 0
1731882043771 0.0009878682903945446 0
1731882060476 0.0011951685883104801 0
1731882077254 0.0010194232454523444 0
1731882093923 0.0009793615899980068 0
1731882110696 0.0010147633729502559 0
1731882127703 0.0008407041314058006 0
1731882144488 0.0009577636956237257 0
1731882161153 0.0008367778500542045 0
1731882177896 0.0009895896073430777 0
1731882194569 0.0007820298778824508 0
1731882211354 0.0009479742730036378 0
1731882228058 0.0009738495573401451 0
1731882244859 0.0010454835137352347 0
1731882261551 0.0009639932541176677 0
1731882278312 0.000994947855360806 0
1731882295002 0.001044249627739191 0
1731882311783 0.0009354533976875246 0
1731882328460 0.0007454321021214128 0
1731882345238 0.0010124471737071872 0
1731882361921 0.0008111826027743518 0
1731882379049 0.0007946264813654125 0
1731882395728 0.0009248307906091213 0
1731882412489 0.0009979739552363753 0
1731882429193 0.0008310477714985609 0
1731882445973 0.0007723057642579079 0
1731882462642 0.0009254713077098131 0
1731882479439 0.000867850030772388 0
1731882496099 0.0007935433532111347 0
1731882512907 0.0007846906664781272 0
1731882529572 0.0008000765810720623 0
1731882546556 0.0007912045111879706 0
1731882563222 0.000912273011635989 0
1731882580013 0.000814847822766751 0
1731882596693 0.0008822544477880001 0
1731882613772 0.0008288035169243813 0
1731882630452 0.0008070694748312235 0
1731882647238 0.0007593796472065151 0
1731882663897 0.0007633799687027931 0
1731882680701 0.0007802789914421737 0
1731882697352 0.0009368971223011613 0
1731882714157 0.0008685501525178552 0
1731882730855 0.0007321296143345535 0
1731882747618 0.0009100870229303837 0
1731882764291 0.000613574287854135 0
1731882781077 0.0007130030426196754 0
1731882797771 0.000728240585885942 0
1731882814559 0.0007964700926095247 0
1731882831209 0.0007103647803887725 0
1731882847996 0.0007836756994947791 0
1731882865107 0.0007355728885158896 0
1731882881876 0.000802512455265969 0
1731882898533 0.000847647781483829 0
1731882915295 0.0006506854551844299 0
1731882931972 0.0006346593727357686 0
1731882948741 0.0007525288383476436 0
1731882965380 0.0006600298802368343 0
1731882982131 0.000671249465085566 0
1731882998782 0.0007003206992521882 0
1731883015545 0.0005987001350149512 0
1731883032220 0.0007289342465810478 0
1731883048996 0.0008977900724858046 0
1731883065680 0.0006432340014725924 0
1731883082464 0.0006934861885383725 0
1731883099122 0.0006273257313296199 0
1731883116263 0.0006131577538326383 0
1731883132971 0.0006570719997398555 0
1731883149742 0.0006787109887227416 0
1731883166412 0.0006497715367004275 0
1731883183180 0.0006154478760436177 0
1731883199839 0.0007194398785941303 0
1731883216658 0.000693487178068608 0
1731883233341 0.0006369710899889469 0
1731883250149 0.0006253368919715285 0
1731883266840 0.000636562705039978 0
1731883283584 0.0006736726500093937 0
1731883300236 0.0005411574384197593 0
1731883317027 0.0006521136965602636 0
1731883333705 0.0006247206474654377 0
1731883350485 0.0005316726164892316 0
1731883367528 0.0006449739448726177 0
1731883384297 0.0006384223233908415 0
1731883400974 0.0006334095378406346 0
1731883417778 0.0007131835445761681 0
1731883434446 0.0006438394193537533 0
1731883451197 0.0006091558607295156 0
1731883467839 0.0006016673287376761 0
1731883484596 0.0005647318903356791 0
1731883501274 0.0006247622659429908 0
1731883518011 0.0006084552733227611 0
1731883534691 0.0006501346360892057 0
1731883551465 0.000618644233327359 0
1731883568146 0.0006378807593137026 0
1731883584877 0.000533514132257551 0
1731883601583 0.0005392902530729771 0
