1731968599756 0.039110783487558365 0
1731968619846 0.03714007884263992 0
1731968639831 0.03706295043230057 0
1731968659983 0.03366285562515259 0
1731968680092 0.03376494720578194 0
1731968700392 0.03661436587572098 0
1731968720634 0.03735668212175369 0
1731968741008 0.03693358600139618 0
1731968761296 0.03535202145576477 0
1731968781750 0.03481335565447807 0
1731968802103 0.0321165956556797 0
1731968822532 0.03159628435969353 0
1731968842853 0.03355446830391884 0
1731968863293 0.031946346163749695 0
1731968883574 0.03525657206773758 0
1731968901650 0.031146032735705376 0
1731968919718 0.02956472896039486 0
1731968937776 0.03200811892747879 0
1731968955864 0.0296036209911108 0
1731968973963 0.030514393001794815 0
1731968992087 0.030170567333698273 0
1731969010204 0.02718033455312252 0
1731969027489 0.03127336502075195 0
1731969044332 0.028864983469247818 0
1731969061334 0.0272652767598629 0
1731969078300 0.031793996691703796 0
1731969095276 0.02904100902378559 0
1731969112181 0.033181335777044296 0
1731969129146 0.032000407576560974 0
1731969146106 0.0285810399800539 0
1731969162355 0.03009219281375408 0
1731969178592 0.031080998480319977 0
1731969194857 0.030149882659316063 0
1731969211088 0.030038688331842422 0
1731969227345 0.030973007902503014 0
1731969243599 0.03660053759813309 0
1731969259859 0.033853523433208466 0
1731969275702 0.03303801268339157 0
1731969291525 0.03195858374238014 0
1731969307309 0.03362200781702995 0
1731969323133 0.03142859414219856 0
1731969338870 0.03447598218917847 0
1731969354721 0.032332781702280045 0
1731969370472 0.03339032456278801 0
1731969386612 0.033743396401405334 0
1731969402358 0.029733270406723022 0
1731969418207 0.028498753905296326 0
1731969433960 0.03195991739630699 0
1731969449815 0.03183244168758392 0
1731969465578 0.030252259224653244 0
1731969481421 0.0319216325879097 0
1731969497132 0.03305720537900925 0
1731969512979 0.031422317028045654 0
1731969528715 0.03259729593992233 0
1731969544545 0.03188410401344299 0
1731969560271 0.02876361832022667 0
1731969576109 0.03160493075847626 0
1731969591834 0.030270176008343697 0
1731969607653 0.031337328255176544 0
1731969623713 0.03231058642268181 0
1731969639550 0.030374212190508842 0
1731969655274 0.031005840748548508 0
1731969671108 0.030545350164175034 0
1731969686826 0.030881036072969437 0
1731969702683 0.02933860756456852 0
1731969718381 0.02932332083582878 0
1731969734215 0.03047303855419159 0
1731969749953 0.03095243126153946 0
1731969765791 0.03147122636437416 0
1731969781506 0.030704516917467117 0
1731969797313 0.029944172129034996 0
1731969813046 0.02976013533771038 0
1731969828862 0.029782375320792198 0
1731969844613 0.029379526153206825 0
1731969860765 0.029351910576224327 0
1731969876520 0.030663561075925827 0
1731969892344 0.03130408748984337 0
1731969908092 0.03076537698507309 0
1731969923917 0.02900794893503189 0
1731969939661 0.029133973643183708 0
1731969955510 0.028839940205216408 0
1731969971257 0.030422169715166092 0
1731969987106 0.02917572483420372 0
1731970002832 0.029464220628142357 0
1731970018660 0.02963094413280487 0
1731970034370 0.029441634193062782 0
1731970050207 0.029385067522525787 0
1731970065948 0.02932710200548172 0
1731970082102 0.029591679573059082 0
1731970097804 0.029617806896567345 0
1731970113632 0.028819696977734566 0
1731970129340 0.02895354852080345 0
1731970145170 0.029171252623200417 0
1731970160932 0.029459722340106964 0
1731970176765 0.029835868626832962 0
1731970192506 0.029445497319102287 0
1731970208354 0.029498599469661713 0
1731970224097 0.03028750792145729 0
1731970239895 0.02865077741444111 0
1731970255619 0.028671562671661377 0
1731970271479 0.03047853894531727 0
1731970287222 0.02978559210896492 0
1731970303070 0.029163572937250137 0
1731970319104 0.02936493419110775 0
1731970334930 0.028877513483166695 0
1731970350638 0.02896481193602085 0
1731970366490 0.029393278062343597 0
1731970382243 0.02859644964337349 0
1731970398094 0.029908493161201477 0
1731970413832 0.02994292788207531 0
1731970429662 0.02964050881564617 0
1731970445410 0.03040219284594059 0
1731970461261 0.030554478988051414 0
1731970476994 0.030842872336506844 0
1731970492809 0.03147221729159355 0
1731970508531 0.030861767008900642 0
1731970524369 0.030384160578250885 0
1731970540106 0.029318468645215034 0
1731970556271 0.030344577506184578 0
1731970572031 0.029916582629084587 0
1731970587868 0.029376570135354996 0
1731970603623 0.03017820417881012 0
1731970619489 0.029706211760640144 0
1731970635204 0.028997162356972694 0
1731970651028 0.029568936675786972 0
1731970666743 0.02960098162293434 0
1731970682568 0.030021321028470993 0
1731970698291 0.029936417937278748 0
1731970714133 0.02915823459625244 0
1731970729847 0.029404619708657265 0
1731970745672 0.029493724927306175 0
1731970761350 0.029291274026036263 0
1731970777203 0.0297712292522192 0
1731970793237 0.030918603762984276 0
1731970809082 0.029916435480117798 0
1731970824802 0.029407847672700882 0
1731970840622 0.02914102002978325 0
1731970856337 0.028272666037082672 0
1731970872147 0.029127545654773712 0
1731970887893 0.02994217909872532 0
1731970903700 0.02993767522275448 0
1731970919431 0.028878387063741684 0
1731970935284 0.029511144384741783 0
1731970951029 0.029899898916482925 0
1731970966808 0.029822319746017456 0
1731970982530 0.03028973564505577 0
1731970998359 0.02954862266778946 0
1731971014134 0.029218094423413277 0
1731971030299 0.028811132535338402 0
1731971046035 0.02956627868115902 0
1731971061873 0.029551034793257713 0
1731971077607 0.029722947627305984 0
1731971093442 0.029528338462114334 0
1731971109153 0.029267797246575356 0
1731971124955 0.03036234714090824 0
1731971140657 0.030027540400624275 0
1731971156508 0.030646583065390587 0
1731971172219 0.030913179740309715 0
1731971188056 0.029685761779546738 0
1731971203764 0.029749196022748947 0
1731971219570 0.029127445071935654 0
1731971235313 0.030124196782708168 0
1731971251581 0.02958575077354908 0
1731971267298 0.029720164835453033 0
1731971283132 0.0299119520932436 0
1731971298864 0.029510969296097755 0
1731971314699 0.029282312840223312 0
1731971330429 0.02908855862915516 0
1731971346281 0.028918296098709106 0
1731971362008 0.02935042604804039 0
1731971377840 0.028786055743694305 0
1731971393540 0.028789345175027847 0
1731971409365 0.028566930443048477 0
1731971425098 0.02948150224983692 0
1731971440947 0.029479674994945526 0
1731971456698 0.029379911720752716 0
1731971472533 0.028880182653665543 0
1731971488590 0.02975132130086422 0
1731971504437 0.030452046543359756 0
1731971520166 0.029930004850029945 0
1731971536013 0.029058787971735 0
1731971551754 0.02912432886660099 0
1731971567601 0.029372194781899452 0
1731971583325 0.029146384447813034 0
1731971599158 0.02929418720304966 0
1731971614890 0.02913590520620346 0
1731971630729 0.02894538827240467 0
1731971646472 0.02970397286117077 0
1731971662336 0.02965444140136242 0
1731971678042 0.029409898445010185 0
1731971693859 0.02898755855858326 0
1731971709565 0.02909071557223797 0
1731971725745 0.028572648763656616 0
1731971741486 0.029242651537060738 0
1731971757338 0.028967592865228653 0
1731971773095 0.029281584545969963 0
1731971788935 0.02939492277801037 0
1731971804694 0.029843194410204887 0
1731971820503 0.02911466360092163 0
1731971836211 0.029326049610972404 0
1731971852059 0.029131995514035225 0
1731971867785 0.029704861342906952 0
1731971883620 0.029003234580159187 0
1731971899343 0.029111769050359726 0
1731971915198 0.029294662177562714 0
1731971930961 0.02937144972383976 0
1731971946807 0.029257915914058685 0
1731971962871 0.02909298986196518 0
1731971978702 0.029726842418313026 0
1731971994420 0.029632501304149628 0
1731972010262 0.030197251588106155 0
1731972025997 0.02984742820262909 0
1731972041829 0.02967992052435875 0
1731972057574 0.02944006770849228 0
1731972073382 0.02905135415494442 0
1731972089097 0.02901456691324711 0
1731972104958 0.02944835275411606 0
1731972120692 0.029374809935688972 0
1731972136552 0.02979888767004013 0
1731972152306 0.029582351446151733 0
1731972168126 0.029818955808877945 0
1731972183868 0.02937181666493416 0
