1731968599756 0.014943067915737629 0
1731968619846 0.015372910536825657 0
1731968639831 0.015124705620110035 0
1731968659983 0.014714051969349384 0
1731968680092 0.013906807638704777 0
1731968700392 0.013693614862859249 0
1731968720634 0.013810407370328903 0
1731968741008 0.012600848451256752 0
1731968761296 0.012898029759526253 0
1731968781750 0.012632934376597404 0
1731968802103 0.012604071758687496 0
1731968822532 0.013164407573640347 0
1731968842853 0.012731613591313362 0
1731968863293 0.01260712742805481 0
1731968883574 0.012011265382170677 0
1731968901650 0.012222601100802422 0
1731968919718 0.012563294731080532 0
1731968937776 0.012359471060335636 0
1731968955864 0.012625588104128838 0
1731968973963 0.012370038777589798 0
1731968992087 0.012532977387309074 0
1731969010204 0.012727607972919941 0
1731969027489 0.012716705910861492 0
1731969044332 0.0126680051907897 0
1731969061334 0.012330626137554646 0
1731969078300 0.012577793560922146 0
1731969095276 0.01222218107432127 0
1731969112181 0.012758039869368076 0
1731969129146 0.012512092478573322 0
1731969146106 0.012338527478277683 0
1731969162355 0.011973483487963676 0
1731969178592 0.012467369437217712 0
1731969194857 0.012838814407587051 0
1731969211088 0.012602653354406357 0
1731969227345 0.01239719521254301 0
1731969243599 0.012320654466748238 0
1731969259859 0.01238079834729433 0
1731969275702 0.012135861441493034 0
1731969291525 0.012186207808554173 0
1731969307309 0.01235796045511961 0
1731969323133 0.012440286576747894 0
1731969338870 0.012443600222468376 0
1731969354721 0.012780260294675827 0
1731969370472 0.012543300166726112 0
1731969386612 0.012347987852990627 0
1731969402358 0.012541665695607662 0
1731969418207 0.012331320904195309 0
1731969433960 0.012439566664397717 0
1731969449815 0.01257320400327444 0
1731969465578 0.012068728916347027 0
1731969481421 0.012118748389184475 0
1731969497132 0.012261681258678436 0
1731969512979 0.01216551661491394 0
1731969528715 0.012369302101433277 0
1731969544545 0.012242955155670643 0
1731969560271 0.012228033505380154 0
1731969576109 0.012492615729570389 0
1731969591834 0.012624840252101421 0
1731969607653 0.012181594036519527 0
1731969623713 0.012275191023945808 0
1731969639550 0.01208833884447813 0
1731969655274 0.01211901381611824 0
1731969671108 0.012264150194823742 0
1731969686826 0.012102480046451092 0
1731969702683 0.012439684942364693 0
1731969718381 0.012237408198416233 0
1731969734215 0.012140859849750996 0
1731969749953 0.01212244387716055 0
1731969765791 0.012006481178104877 0
1731969781506 0.012211518362164497 0
1731969797313 0.01227477565407753 0
1731969813046 0.012305079028010368 0
1731969828862 0.012185797095298767 0
1731969844613 0.012068462558090687 0
1731969860765 0.011888669803738594 0
1731969876520 0.011887287721037865 0
1731969892344 0.012073032557964325 0
1731969908092 0.01228362787514925 0
1731969923917 0.012061082758009434 0
1731969939661 0.011923198588192463 0
1731969955510 0.01201419997960329 0
1731969971257 0.012252152897417545 0
1731969987106 0.012185434810817242 0
1731970002832 0.012061035260558128 0
1731970018660 0.012058362364768982 0
1731970034370 0.011809713207185268 0
1731970050207 0.011822505854070187 0
1731970065948 0.011943644843995571 0
1731970082102 0.011812424287199974 0
1731970097804 0.012084463611245155 0
1731970113632 0.011977104470133781 0
1731970129340 0.011964461766183376 0
1731970145170 0.01209999993443489 0
1731970160932 0.011965513229370117 0
1731970176765 0.01194918341934681 0
1731970192506 0.01201633457094431 0
1731970208354 0.011673681437969208 0
1731970224097 0.011923477053642273 0
1731970239895 0.011997819878160954 0
1731970255619 0.012107710354030132 0
1731970271479 0.012003185227513313 0
1731970287222 0.012098423205316067 0
1731970303070 0.011875132098793983 0
1731970319104 0.01166479755192995 0
1731970334930 0.011736075393855572 0
1731970350638 0.011949047446250916 0
1731970366490 0.01180565170943737 0
1731970382243 0.011699673719704151 0
1731970398094 0.011918787844479084 0
1731970413832 0.011937898583710194 0
1731970429662 0.011860127560794353 0
1731970445410 0.011943118646740913 0
1731970461261 0.01203449908643961 0
1731970476994 0.011883405968546867 0
1731970492809 0.01164982095360756 0
1731970508531 0.011816255748271942 0
1731970524369 0.011767320334911346 0
1731970540106 0.011845096945762634 0
1731970556271 0.011760762892663479 0
1731970572031 0.011681281961500645 0
1731970587868 0.0118358563631773 0
1731970603623 0.011941647157073021 0
1731970619489 0.011807809583842754 0
1731970635204 0.011854848824441433 0
1731970651028 0.011815621517598629 0
1731970666743 0.011959514580667019 0
1731970682568 0.01184650044888258 0
1731970698291 0.011762050911784172 0
1731970714133 0.011921124532818794 0
1731970729847 0.011813110671937466 0
1731970745672 0.011768495664000511 0
1731970761350 0.011752637103199959 0
1731970777203 0.011684034951031208 0
1731970793237 0.011658360250294209 0
1731970809082 0.01168098859488964 0
1731970824802 0.01178297121077776 0
1731970840622 0.0116993123665452 0
1731970856337 0.011681771837174892 0
1731970872147 0.011757252737879753 0
1731970887893 0.011917163617908955 0
1731970903700 0.011750013567507267 0
1731970919431 0.011774936690926552 0
1731970935284 0.011775732040405273 0
1731970951029 0.011739961802959442 0
1731970966808 0.01178744062781334 0
1731970982530 0.011794214136898518 0
1731970998359 0.01170160062611103 0
1731971014134 0.011570394970476627 0
1731971030299 0.011701167561113834 0
1731971046035 0.01175920944660902 0
1731971061873 0.011725853197276592 0
1731971077607 0.011787638068199158 0
1731971093442 0.011636309325695038 0
1731971109153 0.011709797196090221 0
1731971124955 0.011865468695759773 0
1731971140657 0.011787662282586098 0
1731971156508 0.011705704964697361 0
1731971172219 0.01169562991708517 0
1731971188056 0.011562544852495193 0
1731971203764 0.011672906577587128 0
1731971219570 0.01164705865085125 0
1731971235313 0.011652042157948017 0
1731971251581 0.011630785651504993 0
1731971267298 0.011695756576955318 0
1731971283132 0.011743993498384953 0
1731971298864 0.01158746238797903 0
1731971314699 0.011579998768866062 0
1731971330429 0.011674811132252216 0
1731971346281 0.011692260392010212 0
1731971362008 0.01179585512727499 0
1731971377840 0.01147367898374796 0
1731971393540 0.01163970772176981 0
1731971409365 0.01165077555924654 0
1731971425098 0.011653908528387547 0
1731971440947 0.011576945893466473 0
1731971456698 0.011637748219072819 0
1731971472533 0.011620283126831055 0
1731971488590 0.01169917918741703 0
1731971504437 0.011654261499643326 0
1731971520166 0.011630130000412464 0
1731971536013 0.011596432887017727 0
1731971551754 0.011665028519928455 0
1731971567601 0.011622441001236439 0
1731971583325 0.011635933071374893 0
1731971599158 0.01165394764393568 0
1731971614890 0.011486126109957695 0
1731971630729 0.011615797877311707 0
1731971646472 0.011511585675179958 0
1731971662336 0.011617688462138176 0
1731971678042 0.011576586402952671 0
1731971693859 0.011660725809633732 0
1731971709565 0.011533636599779129 0
1731971725745 0.011607448570430279 0
1731971741486 0.01160244457423687 0
1731971757338 0.011529854498803616 0
1731971773095 0.011696557514369488 0
1731971788935 0.01164399366825819 0
1731971804694 0.011755654588341713 0
1731971820503 0.011615150608122349 0
1731971836211 0.011673185974359512 0
1731971852059 0.01171137671917677 0
1731971867785 0.011609253473579884 0
1731971883620 0.011549760587513447 0
1731971899343 0.011565838009119034 0
1731971915198 0.011731985956430435 0
1731971930961 0.01164892129600048 0
1731971946807 0.01159431878477335 0
1731971962871 0.011497206054627895 0
1731971978702 0.011549312621355057 0
1731971994420 0.011549674905836582 0
1731972010262 0.011509060859680176 0
1731972025997 0.011459221132099628 0
1731972041829 0.011541998013854027 0
1731972057574 0.01158593874424696 0
1731972073382 0.011561385355889797 0
1731972089097 0.011616251431405544 0
1731972104958 0.01154378242790699 0
1731972120692 0.011493395082652569 0
1731972136552 0.011607706546783447 0
1731972152306 0.0115495715290308 0
1731972168126 0.011560088954865932 0
1731972183868 0.011551572941243649 0
