1731968599756 0.2926006019115448 0
1731968619846 0.24571257829666138 0
1731968639831 0.2031455934047699 0
1731968659983 0.15828612446784973 0
1731968680092 0.12298218905925751 0
1731968700392 0.09573526680469513 0
1731968720634 0.07901470363140106 0
1731968741008 0.07174929976463318 0
1731968761296 0.06649521738290787 0
1731968781750 0.06121905893087387 0
1731968802103 0.059174008667469025 0
1731968822532 0.05612437054514885 0
1731968842853 0.05441376566886902 0
1731968863293 0.052163563668727875 0
1731968883574 0.049466270953416824 0
1731968901650 0.04771806299686432 0
1731968919718 0.04601478949189186 0
1731968937776 0.04519149661064148 0
1731968955864 0.04474774748086929 0
1731968973963 0.043227508664131165 0
1731968992087 0.0414188876748085 0
1731969010204 0.0414607897400856 0
1731969027489 0.039895281195640564 0
1731969044332 0.03858662396669388 0
1731969061334 0.03739436715841293 0
1731969078300 0.03783021867275238 0
1731969095276 0.036750730127096176 0
1731969112181 0.03622954338788986 0
1731969129146 0.03518207371234894 0
1731969146106 0.03420588746666908 0
1731969162355 0.035124994814395905 0
1731969178592 0.03387429192662239 0
1731969194857 0.033508963882923126 0
1731969211088 0.03231997787952423 0
1731969227345 0.03132851421833038 0
1731969243599 0.03199956938624382 0
1731969259859 0.03152298554778099 0
1731969275702 0.03095296025276184 0
1731969291525 0.03105068765580654 0
1731969307309 0.029815025627613068 0
1731969323133 0.029774855822324753 0
1731969338870 0.029087485745549202 0
1731969354721 0.028490595519542694 0
1731969370472 0.02998833730816841 0
1731969386612 0.02851751632988453 0
1731969402358 0.027963098138570786 0
1731969418207 0.02763170748949051 0
1731969433960 0.027763191610574722 0
1731969449815 0.02693808451294899 0
1731969465578 0.026101209223270416 0
1731969481421 0.026042494922876358 0
1731969497132 0.025777656584978104 0
1731969512979 0.02613244578242302 0
1731969528715 0.024179935455322266 0
1731969544545 0.02591274119913578 0
1731969560271 0.025007441639900208 0
1731969576109 0.024844227358698845 0
1731969591834 0.023313984274864197 0
1731969607653 0.02312685362994671 0
1731969623713 0.02272162027657032 0
1731969639550 0.02344055101275444 0
1731969655274 0.022316358983516693 0
1731969671108 0.023266389966011047 0
1731969686826 0.022349711507558823 0
1731969702683 0.02215741202235222 0
1731969718381 0.022459346801042557 0
1731969734215 0.022448215633630753 0
1731969749953 0.0217679962515831 0
1731969765791 0.021478775888681412 0
1731969781506 0.020690184086561203 0
1731969797313 0.020574916154146194 0
1731969813046 0.020918264985084534 0
1731969828862 0.020567521452903748 0
1731969844613 0.020511653274297714 0
1731969860765 0.021080074831843376 0
1731969876520 0.021505896002054214 0
1731969892344 0.020042724907398224 0
1731969908092 0.019734922796487808 0
1731969923917 0.018897436559200287 0
1731969939661 0.01889745146036148 0
1731969955510 0.01871434971690178 0
1731969971257 0.019175615161657333 0
1731969987106 0.01867872104048729 0
1731970002832 0.019382154569029808 0
1731970018660 0.018647510558366776 0
1731970034370 0.01817271113395691 0
1731970050207 0.018730584532022476 0
1731970065948 0.017391663044691086 0
1731970082102 0.01817273534834385 0
1731970097804 0.017033377662301064 0
1731970113632 0.01776522397994995 0
1731970129340 0.017637968063354492 0
1731970145170 0.01856653206050396 0
1731970160932 0.01755523309111595 0
1731970176765 0.017681505531072617 0
1731970192506 0.01693352498114109 0
1731970208354 0.016746172681450844 0
1731970224097 0.01680516079068184 0
1731970239895 0.016540560871362686 0
1731970255619 0.01682874746620655 0
1731970271479 0.01580316759645939 0
1731970287222 0.016511648893356323 0
1731970303070 0.016060665249824524 0
1731970319104 0.016046039760112762 0
1731970334930 0.015575958415865898 0
1731970350638 0.01625935733318329 0
1731970366490 0.015895213931798935 0
1731970382243 0.01540881022810936 0
1731970398094 0.01548911165446043 0
1731970413832 0.015226336196064949 0
1731970429662 0.015180682763457298 0
1731970445410 0.01484466902911663 0
1731970461261 0.014461723156273365 0
1731970476994 0.015002614818513393 0
1731970492809 0.014460641890764236 0
1731970508531 0.015385819599032402 0
1731970524369 0.015358838252723217 0
1731970540106 0.015163872390985489 0
1731970556271 0.015126703307032585 0
1731970572031 0.014412982389330864 0
1731970587868 0.014232337474822998 0
1731970603623 0.01410406269133091 0
1731970619489 0.014233682304620743 0
1731970635204 0.014334111474454403 0
1731970651028 0.014413903467357159 0
1731970666743 0.014104465022683144 0
1731970682568 0.01426943764090538 0
1731970698291 0.014107505790889263 0
1731970714133 0.014163966290652752 0
1731970729847 0.01423451118171215 0
1731970745672 0.013276288285851479 0
1731970761350 0.013152316212654114 0
1731970777203 0.014089991338551044 0
1731970793237 0.013857489451766014 0
1731970809082 0.01367282122373581 0
1731970824802 0.013275803066790104 0
1731970840622 0.013240070082247257 0
1731970856337 0.014058928936719894 0
1731970872147 0.01298515684902668 0
1731970887893 0.01337252464145422 0
1731970903700 0.013746312819421291 0
1731970919431 0.013277532532811165 0
1731970935284 0.013252018019557 0
1731970951029 0.012538095936179161 0
1731970966808 0.012955453246831894 0
1731970982530 0.013266289606690407 0
1731970998359 0.012902664951980114 0
1731971014134 0.01262026745826006 0
1731971030299 0.013115543872117996 0
1731971046035 0.012717773206532001 0
1731971061873 0.01310210395604372 0
1731971077607 0.011987930163741112 0
1731971093442 0.013044700026512146 0
1731971109153 0.012807430699467659 0
1731971124955 0.01313755102455616 0
1731971140657 0.013324381783604622 0
1731971156508 0.012540514580905437 0
1731971172219 0.012079274281859398 0
1731971188056 0.012400778941810131 0
1731971203764 0.01281059067696333 0
1731971219570 0.012267470359802246 0
1731971235313 0.01276380941271782 0
1731971251581 0.011945703998208046 0
1731971267298 0.012304804287850857 0
1731971283132 0.011777181178331375 0
1731971298864 0.012088910676538944 0
1731971314699 0.012512361630797386 0
1731971330429 0.011940142139792442 0
1731971346281 0.012328226119279861 0
1731971362008 0.012661412358283997 0
1731971377840 0.01189914159476757 0
1731971393540 0.012321134097874165 0
1731971409365 0.012196669355034828 0
1731971425098 0.011874197982251644 0
1731971440947 0.012018533423542976 0
1731971456698 0.01196642778813839 0
1731971472533 0.012181408703327179 0
1731971488590 0.012410202994942665 0
1731971504437 0.012312876991927624 0
1731971520166 0.011498069390654564 0
1731971536013 0.011687926016747952 0
1731971551754 0.012147372588515282 0
1731971567601 0.011848986148834229 0
1731971583325 0.01123922597616911 0
1731971599158 0.01190604642033577 0
1731971614890 0.011247308924794197 0
1731971630729 0.011790411546826363 0
1731971646472 0.011212931014597416 0
1731971662336 0.011889893561601639 0
1731971678042 0.01147136464715004 0
1731971693859 0.011252808384597301 0
1731971709565 0.011511025950312614 0
1731971725745 0.010887431912124157 0
1731971741486 0.011935161426663399 0
1731971757338 0.012180491350591183 0
1731971773095 0.011308282613754272 0
1731971788935 0.011019588448107243 0
1731971804694 0.011021638289093971 0
1731971820503 0.011231797747313976 0
1731971836211 0.01218734122812748 0
1731971852059 0.010930554941296577 0
1731971867785 0.011422179639339447 0
1731971883620 0.011139173060655594 0
1731971899343 0.0108723733574152 0
1731971915198 0.010748051106929779 0
1731971930961 0.011280493810772896 0
1731971946807 0.011199714615941048 0
1731971962871 0.01110050454735756 0
1731971978702 0.011005552485585213 0
1731971994420 0.01124841719865799 0
1731972010262 0.011412875726819038 0
1731972025997 0.010861776769161224 0
1731972041829 0.01082500722259283 0
1731972057574 0.011021364480257034 0
1731972073382 0.011324942111968994 0
1731972089097 0.010719847865402699 0
1731972104958 0.010829854756593704 0
1731972120692 0.011210693046450615 0
1731972136552 0.010635106824338436 0
1731972152306 0.010393605567514896 0
1731972168126 0.010567696765065193 0
1731972183868 0.01043919287621975 0
