1731968599799 0.0003404983435757458 0
1731968619854 0.00023961633269209415 0
1731968639835 0.00020790097187273204 0
1731968659989 0.00017371952708344907 0
1731968680094 0.00017268156807404011 0
1731968700395 0.00019744376186281443 0
1731968720636 0.0001617585658095777 0
1731968741010 0.00017229150398634374 0
1731968761298 0.00019562039233278483 0
1731968781753 0.00016915636660996825 0
1731968802106 0.00018023545271717012 0
1731968822534 0.00016943675291258842 0
1731968842856 0.00017983483849093318 0
1731968863296 0.00017552640929352492 0
1731968883576 0.00017212418606504798 0
1731968901653 0.00019740608695428818 0
1731968919721 0.00020892402972094715 0
1731968937778 0.00018005038145929575 0
1731968955866 0.00022905426158104092 0
1731968973966 0.000213621708098799 0
1731968992089 0.00021737160568591207 0
1731969010206 0.00017795999883674085 0
1731969027492 0.00017359906632918864 0
1731969044335 0.00018919182184617966 0
1731969061337 0.00023787777172401547 0
1731969078303 0.00021781478426419199 0
1731969095278 0.0002599955187179148 0
1731969112183 0.00021958851721137762 0
1731969129149 0.0002346280380152166 0
1731969146109 0.00024729676079005003 0
1731969162357 0.00024390920589212328 0
1731969178594 0.0002517013344913721 0
1731969194860 0.00023162485740613192 0
1731969211090 0.00020797437173314393 0
1731969227347 0.000246416253503412 0
1731969243602 0.00022470037220045924 0
1731969259861 0.00023346357920672745 0
1731969275704 0.0003019923169631511 0
1731969291528 0.00025872880360111594 0
1731969307312 0.0002493248030077666 0
1731969323135 0.00030079204589128494 0
1731969338872 0.0002888528979383409 0
1731969354723 0.000275356782367453 0
1731969370474 0.00026335084112361073 0
1731969386614 0.00023373618023470044 0
1731969402360 0.00026702170725911856 0
1731969418209 0.0002613950055092573 0
1731969433962 0.0003167358227074146 0
1731969449818 0.00024110457161441445 0
1731969465580 0.00023179728304967284 0
1731969481424 0.0002548716147430241 0
1731969497134 0.00023269883240573108 0
1731969512981 0.00026828068075701594 0
1731969528717 0.0002415452472632751 0
1731969544547 0.0002518337278161198 0
1731969560273 0.0002872342010959983 0
1731969576111 0.0002522188879083842 0
1731969591837 0.00024513850803487003 0
1731969607656 0.00025413796538487077 0
1731969623715 0.00025534414453431964 0
1731969639553 0.000256780389463529 0
1731969655277 0.00023314138525165617 0
1731969671110 0.0003056240966543555 0
1731969686828 0.0002872960176318884 0
1731969702686 0.0002493314677849412 0
1731969718384 0.00025669470778666437 0
1731969734217 0.00025335114332847297 0
1731969749955 0.00025702069979161024 0
1731969765794 0.0002206200733780861 0
1731969781508 0.0002936618111561984 0
1731969797315 0.00030021576094441116 0
1731969813048 0.00025405961787328124 0
1731969828865 0.00032180151902139187 0
1731969844616 0.0003045698977075517 0
1731969860767 0.0002586084301583469 0
1731969876522 0.00032027746783569455 0
1731969892347 0.0002458870585542172 0
1731969908094 0.00028724863659590483 0
1731969923919 0.00026761594926938415 0
1731969939663 0.00030887959292158484 0
1731969955512 0.0002768960839603096 0
1731969971259 0.0002974556991830468 0
1731969987109 0.00024903338635340333 0
1731970002834 0.0002803449460770935 0
1731970018663 0.0003097783192060888 0
1731970034376 0.00028542662039399147 0
1731970050210 0.0002508244360797107 0
1731970065951 0.00032774778082966805 0
1731970082104 0.0002647808287292719 0
1731970097807 0.0002641908067744225 0
1731970113635 0.00030418275855481625 0
1731970129342 0.00026317962328903377 0
1731970145172 0.0003459684085100889 0
1731970160934 0.000322621752275154 0
1731970176767 0.00030627625528723 0
1731970192508 0.00030131929088383913 0
1731970208356 0.0003401409776415676 0
1731970224100 0.000265208218479529 0
1731970239897 0.00029033265309408307 0
1731970255621 0.0002714112924877554 0
1731970271481 0.00028251996263861656 0
1731970287224 0.00029581307899206877 0
1731970303073 0.0002795604523271322 0
1731970319106 0.0003120305482298136 0
1731970334933 0.0002876388025470078 0
1731970350641 0.00030025115120224655 0
1731970366493 0.0003131083503831178 0
1731970382246 0.000292015727609396 0
1731970398098 0.0002900786930695176 0
1731970413835 0.0003140036133117974 0
1731970429664 0.00031042005866765976 0
1731970445413 0.00029099200037308037 0
1731970461264 0.0003038140421267599 0
1731970476996 0.0003118897438980639 0
1731970492812 0.00031310669146478176 0
1731970508534 0.0002801402297336608 0
1731970524372 0.0003286245628260076 0
1731970540109 0.0003043905599042773 0
1731970556274 0.00032857173937372863 0
1731970572033 0.00025198323419317603 0
1731970587870 0.0002942889404948801 0
1731970603625 0.0003052250831387937 0
1731970619492 0.0002970244095195085 0
1731970635206 0.00035692020901478827 0
1731970651031 0.0003699046792462468 0
1731970666746 0.00032375907176174223 0
1731970682571 0.00029602425638586283 0
1731970698293 0.0003555733128450811 0
1731970714135 0.0003174499433953315 0
1731970729850 0.0003130179247818887 0
1731970745674 0.00030754198087379336 0
1731970761353 0.0003090911777690053 0
1731970777206 0.00035606944584287703 0
1731970793239 0.0003217661869712174 0
1731970809084 0.0003446320188231766 0
1731970824805 0.0003266666899435222 0
1731970840624 0.00036418874515220523 0
1731970856339 0.00032830898999236524 0
1731970872149 0.0003283021505922079 0
1731970887896 0.00034169599530287087 0
1731970903702 0.00030987182981334627 0
1731970919433 0.0003116144798696041 0
1731970935287 0.0003396795364096761 0
1731970951031 0.0003452207602094859 0
1731970966811 0.00033055449603125453 0
1731970982532 0.0003384780720807612 0
1731970998362 0.0003251177549827844 0
1731971014136 0.0002982397854793817 0
1731971030302 0.00038299307925626636 0
1731971046037 0.0003379167173989117 0
1731971061876 0.0003226454136893153 0
1731971077610 0.00033449853071942925 0
1731971093444 0.00034741891431622207 0
1731971109156 0.0003539471363183111 0
1731971124957 0.00034416792914271355 0
1731971140662 0.00035973620833829045 0
1731971156510 0.0003398940316401422 0
1731971172221 0.0003341491101309657 0
1731971188058 0.0003105474170297384 0
1731971203766 0.0003643173258751631 0
1731971219573 0.00033585831988602877 0
1731971235316 0.00040587151306681335 0
1731971251583 0.0003614935267250985 0
1731971267301 0.0003777198726311326 0
1731971283135 0.0003651558072306216 0
1731971298866 0.0003432615485507995 0
1731971314701 0.0003181963402312249 0
1731971330432 0.00034326507011428475 0
1731971346283 0.00036492684739641845 0
1731971362011 0.00038751852116547525 0
1731971377842 0.00036641722545027733 0
1731971393542 0.00036260479828342795 0
1731971409368 0.0003453058307059109 0
1731971425101 0.0003739820094779134 0
1731971440950 0.0003372757928445935 0
1731971456700 0.00035759000456891954 0
1731971472536 0.0003561965422704816 0
1731971488592 0.0003697944339364767 0
1731971504440 0.0004182131087873131 0
1731971520168 0.0003582693752832711 0
1731971536016 0.0003710250020958483 0
1731971551757 0.0003803878789767623 0
1731971567603 0.00038811672129668295 0
1731971583328 0.00036603931221179664 0
1731971599160 0.00037612789310514927 0
1731971614892 0.00037954660365357995 0
1731971630731 0.0003543734201230109 0
1731971646474 0.00038785114884376526 0
1731971662338 0.00035704494803212583 0
1731971678044 0.00035815470619127154 0
1731971693862 0.000366686173947528 0
1731971709568 0.00037661741953343153 0
1731971725747 0.00036448886385187507 0
1731971741488 0.00040026899660006166 0
1731971757340 0.0004272446967661381 0
1731971773098 0.0003881554875988513 0
1731971788938 0.0003909150545950979 0
1731971804696 0.0004140307428315282 0
1731971820505 0.0003919547307305038 0
1731971836213 0.0004233524086885154 0
1731971852061 0.0003805591259151697 0
1731971867787 0.00037229718873277307 0
1731971883622 0.00040250850724987686 0
1731971899345 0.0003716826322488487 0
1731971915200 0.00036218250170350075 0
1731971930963 0.00040392426308244467 0
1731971946809 0.00036359240766614676 0
1731971962874 0.00042052692151628435 0
1731971978704 0.0004245223244652152 0
1731971994423 0.0003840175049845129 0
1731972010264 0.0004223997239023447 0
1731972025999 0.0004022417706437409 0
1731972041831 0.00040535780135542154 0
1731972057576 0.0003951664548367262 0
1731972073384 0.0003989569959230721 0
1731972089100 0.00039369938895106316 0
1731972104960 0.00037933920975774527 0
1731972120694 0.00041918299393728375 0
1731972136554 0.0004113113391213119 0
1731972152309 0.0003825749736279249 0
1731972168129 0.0004222176503390074 0
1731972183870 0.00039833923801779747 0
