1731968599756 21.568599700927734 0
1731968619846 23.211002349853516 0
1731968639831 23.527597427368164 0
1731968659983 24.181007385253906 0
1731968680092 24.943979263305664 0
1731968700392 24.80314064025879 0
1731968720634 25.27266502380371 0
1731968741008 25.012800216674805 0
1731968761296 25.60751724243164 0
1731968781750 25.4066162109375 0
1731968802103 25.706573486328125 0
1731968822532 25.416440963745117 0
1731968842853 26.044082641601562 0
1731968863293 26.12391471862793 0
1731968883574 25.934473037719727 0
1731968901650 25.294464111328125 0
1731968919718 25.916156768798828 0
1731968937776 25.898860931396484 0
1731968955864 25.908470153808594 0
1731968973963 25.874704360961914 0
1731968992087 25.721248626708984 0
1731969010204 25.68807029724121 0
1731969027489 26.16289710998535 0
1731969044332 26.462181091308594 0
1731969061334 25.967256546020508 0
1731969078300 26.389616012573242 0
1731969095276 26.546480178833008 0
1731969112181 26.592018127441406 0
1731969129146 26.704286575317383 0
1731969146106 27.130727767944336 0
1731969162355 27.177570343017578 0
1731969178592 26.174243927001953 0
1731969194857 26.78416633605957 0
1731969211088 25.930850982666016 0
1731969227345 27.04511833190918 0
1731969243599 26.711734771728516 0
1731969259859 27.102787017822266 0
1731969275702 26.747297286987305 0
1731969291525 26.904842376708984 0
1731969307309 27.16584587097168 0
1731969323133 26.903594970703125 0
1731969338870 27.286603927612305 0
1731969354721 27.2571964263916 0
1731969370472 27.35504913330078 0
1731969386612 26.997949600219727 0
1731969402358 26.41590118408203 0
1731969418207 26.942750930786133 0
1731969433960 27.013330459594727 0
1731969449815 27.33025550842285 0
1731969465578 27.342769622802734 0
1731969481421 27.072078704833984 0
1731969497132 26.79498291015625 0
1731969512979 27.47380256652832 0
1731969528715 27.638280868530273 0
1731969544545 27.6246280670166 0
1731969560271 27.35203742980957 0
1731969576109 27.139131546020508 0
1731969591834 27.574386596679688 0
1731969607653 26.80870246887207 0
1731969623713 27.659263610839844 0
1731969639550 27.46255111694336 0
1731969655274 27.702861785888672 0
1731969671108 27.646177291870117 0
1731969686826 26.89940643310547 0
1731969702683 27.78874397277832 0
1731969718381 27.77756118774414 0
1731969734215 27.74329948425293 0
1731969749953 28.14518165588379 0
1731969765791 28.038681030273438 0
1731969781506 28.00912094116211 0
1731969797313 28.282245635986328 0
1731969813046 28.017013549804688 0
1731969828862 27.438234329223633 0
1731969844613 27.792184829711914 0
1731969860765 27.4049129486084 0
1731969876520 27.17522430419922 0
1731969892344 28.178199768066406 0
1731969908092 28.201797485351562 0
1731969923917 28.06646728515625 0
1731969939661 28.206571578979492 0
1731969955510 28.077091217041016 0
1731969971257 27.99649429321289 0
1731969987106 27.84302520751953 0
1731970002832 28.54172706604004 0
1731970018660 28.456411361694336 0
1731970034370 28.509349822998047 0
1731970050207 28.4927978515625 0
1731970065948 28.338552474975586 0
1731970082102 28.241451263427734 0
1731970097804 29.260730743408203 0
1731970113632 28.40962028503418 0
1731970129340 28.893566131591797 0
1731970145170 28.618812561035156 0
1731970160932 28.291120529174805 0
1731970176765 27.49942970275879 0
1731970192506 28.19203758239746 0
1731970208354 28.19211769104004 0
1731970224097 28.94589614868164 0
1731970239895 28.315170288085938 0
1731970255619 28.42841911315918 0
1731970271479 28.994712829589844 0
1731970287222 28.603551864624023 0
1731970303070 28.328453063964844 0
1731970319104 28.662687301635742 0
1731970334930 28.776901245117188 0
1731970350638 28.452878952026367 0
1731970366490 28.602052688598633 0
1731970382243 29.204622268676758 0
1731970398094 28.69254493713379 0
1731970413832 28.977615356445312 0
1731970429662 28.4858455657959 0
1731970445410 28.485530853271484 0
1731970461261 29.203432083129883 0
1731970476994 28.907344818115234 0
1731970492809 29.274707794189453 0
1731970508531 28.588058471679688 0
1731970524369 29.013277053833008 0
1731970540106 29.351572036743164 0
1731970556271 29.270002365112305 0
1731970572031 28.737245559692383 0
1731970587868 29.17854118347168 0
1731970603623 29.02008628845215 0
1731970619489 29.145540237426758 0
1731970635204 29.26009178161621 0
1731970651028 29.296932220458984 0
1731970666743 29.109012603759766 0
1731970682568 29.178394317626953 0
1731970698291 29.233076095581055 0
1731970714133 29.207448959350586 0
1731970729847 29.28179359436035 0
1731970745672 28.883155822753906 0
1731970761350 29.5714168548584 0
1731970777203 29.271953582763672 0
1731970793237 28.913639068603516 0
1731970809082 29.027841567993164 0
1731970824802 29.338659286499023 0
1731970840622 29.454002380371094 0
1731970856337 29.216915130615234 0
1731970872147 28.732236862182617 0
1731970887893 28.992324829101562 0
1731970903700 28.609386444091797 0
1731970919431 29.29279327392578 0
1731970935284 29.374996185302734 0
1731970951029 29.382904052734375 0
1731970966808 29.246801376342773 0
1731970982530 29.26909065246582 0
1731970998359 29.30815887451172 0
1731971014134 29.541025161743164 0
1731971030299 29.2695369720459 0
1731971046035 29.820484161376953 0
1731971061873 29.43941879272461 0
1731971077607 29.395532608032227 0
1731971093442 29.34816551208496 0
1731971109153 29.791297912597656 0
1731971124955 29.837310791015625 0
1731971140657 29.5491886138916 0
1731971156508 29.601882934570312 0
1731971172219 29.65007781982422 0
1731971188056 29.735139846801758 0
1731971203764 30.046804428100586 0
1731971219570 29.77798843383789 0
1731971235313 29.201276779174805 0
1731971251581 30.197349548339844 0
1731971267298 29.9706974029541 0
1731971283132 29.28136444091797 0
1731971298864 29.36467933654785 0
1731971314699 29.605234146118164 0
1731971330429 30.08159637451172 0
1731971346281 29.96930503845215 0
1731971362008 29.29629135131836 0
1731971377840 29.813920974731445 0
1731971393540 30.493019104003906 0
1731971409365 29.50418472290039 0
1731971425098 29.793317794799805 0
1731971440947 29.59349250793457 0
1731971456698 29.6621150970459 0
1731971472533 29.71466064453125 0
1731971488590 30.197195053100586 0
1731971504437 29.8971004486084 0
1731971520166 29.85413932800293 0
1731971536013 30.248517990112305 0
1731971551754 30.03232765197754 0
1731971567601 30.28952980041504 0
1731971583325 29.93274688720703 0
1731971599158 29.488140106201172 0
1731971614890 30.250661849975586 0
1731971630729 30.29756736755371 0
1731971646472 30.46061134338379 0
1731971662336 29.5589599609375 0
1731971678042 30.241497039794922 0
1731971693859 30.22408103942871 0
1731971709565 30.06624412536621 0
1731971725745 29.969575881958008 0
1731971741486 29.387359619140625 0
1731971757338 30.114681243896484 0
1731971773095 30.666658401489258 0
1731971788935 30.290115356445312 0
1731971804694 30.423912048339844 0
1731971820503 29.57587432861328 0
1731971836211 30.096540451049805 0
1731971852059 30.139768600463867 0
1731971867785 30.312122344970703 0
1731971883620 30.269662857055664 0
1731971899343 30.259624481201172 0
1731971915198 30.423381805419922 0
1731971930961 30.310434341430664 0
1731971946807 30.404102325439453 0
1731971962871 30.37578582763672 0
1731971978702 30.79763412475586 0
1731971994420 30.464035034179688 0
1731972010262 30.357929229736328 0
1731972025997 30.39224624633789 0
1731972041829 30.417911529541016 0
1731972057574 30.449731826782227 0
1731972073382 29.899600982666016 0
1731972089097 30.377065658569336 0
1731972104958 30.32547378540039 0
1731972120692 30.313352584838867 0
1731972136552 30.43522071838379 0
1731972152306 30.77025032043457 0
1731972168126 30.520200729370117 0
1731972183868 30.350053787231445 0
