1731968599799 0.006968510802835226 0
1731968619854 0.004774189554154873 0
1731968639835 0.00443853996694088 0
1731968659989 0.0038185566663742065 0
1731968680094 0.0032033324241638184 0
1731968700395 0.003308916464447975 0
1731968720636 0.002969842404127121 0
1731968741010 0.0031529697589576244 0
1731968761298 0.002749464940279722 0
1731968781753 0.0028796400874853134 0
1731968802106 0.002687463304027915 0
1731968822534 0.0028731327038258314 0
1731968842856 0.002486517420038581 0
1731968863296 0.002441228134557605 0
1731968883576 0.0025500727351754904 0
1731968901653 0.002954972442239523 0
1731968919721 0.002560851164162159 0
1731968937778 0.00257106963545084 0
1731968955866 0.00256538693793118 0
1731968973966 0.002585410140454769 0
1731968992089 0.0026783966459333897 0
1731969010206 0.0026989378966391087 0
1731969027492 0.002419413300231099 0
1731969044335 0.0022583017125725746 0
1731969061337 0.002530895173549652 0
1731969078303 0.0022963511291891336 0
1731969095278 0.002214888809248805 0
1731969112183 0.0021917857229709625 0
1731969129149 0.002135851886123419 0
1731969146109 0.0019360973965376616 0
1731969162357 0.0019153258763253689 0
1731969178594 0.0024131014943122864 0
1731969194860 0.002096926560625434 0
1731969211090 0.002552199875935912 0
1731969227347 0.0019746406469494104 0
1731969243602 0.0021321927197277546 0
1731969259861 0.0019485929515212774 0
1731969275704 0.0021148049272596836 0
1731969291528 0.0020394620951265097 0
1731969307312 0.0019205039134249091 0
1731969323135 0.0020400481298565865 0
1731969338872 0.001867839484475553 0
1731969354723 0.0018805295694619417 0
1731969370474 0.0018386323936283588 0
1731969386614 0.001996204722672701 0
1731969402360 0.002282495377585292 0
1731969418209 0.002021737629547715 0
1731969433962 0.0019891466945409775 0
1731969449818 0.001849159598350525 0
1731969465580 0.0018438389524817467 0
1731969481424 0.001962420530617237 0
1731969497134 0.0020917106885463 0
1731969512981 0.0017890383023768663 0
1731969528717 0.0017225499032065272 0
1731969544547 0.001727973110973835 0
1731969560273 0.0018399087712168694 0
1731969576111 0.0019323541782796383 0
1731969591837 0.0017480796668678522 0
1731969607656 0.002085113897919655 0
1731969623715 0.0017142476281151175 0
1731969639553 0.0017936796648427844 0
1731969655277 0.0016971246805042028 0
1731969671110 0.001719420775771141 0
1731969686828 0.0020420164801180363 0
1731969702686 0.0016638938104733825 0
1731969718384 0.0016681838314980268 0
1731969734217 0.0016813958063721657 0
1731969749955 0.0015327862929552794 0
1731969765794 0.0015708394348621368 0
1731969781508 0.0015815673395991325 0
1731969797315 0.0014851668383926153 0
1731969813048 0.0015786959556862712 0
1731969828865 0.0018037506379187107 0
1731969844616 0.001662575639784336 0
1731969860767 0.001817643060348928 0
1731969876522 0.0019163613906130195 0
1731969892347 0.001521177007816732 0
1731969908094 0.0015129342209547758 0
1731969923919 0.0015608215471729636 0
1731969939663 0.0015112720429897308 0
1731969955512 0.0015570074319839478 0
1731969971259 0.0015861729625612497 0
1731969987109 0.001643226481974125 0
1731970002834 0.0013990309089422226 0
1731970018663 0.0014267860678955913 0
1731970034376 0.0014094994403421879 0
1731970050210 0.001414881437085569 0
1731970065951 0.0014660361921414733 0
1731970082104 0.0014991830103099346 0
1731970097807 0.0011855687480419874 0
1731970113635 0.001442240783944726 0
1731970129342 0.0012901588343083858 0
1731970145172 0.0013744174502789974 0
1731970160934 0.001482135383412242 0
1731970176767 0.0017785130767151713 0
1731970192508 0.0015163379721343517 0
1731970208356 0.001516310847364366 0
1731970224100 0.0012747067958116531 0
1731970239897 0.0014739502221345901 0
1731970255621 0.0014360120985656977 0
1731970271481 0.001260458491742611 0
1731970287224 0.0013792549725621939 0
1731970303073 0.001469449489377439 0
1731970319106 0.0013606022112071514 0
1731970334933 0.0013252866920083761 0
1731970350641 0.001427946612238884 0
1731970366493 0.001379731809720397 0
1731970382246 0.0012009853962808847 0
1731970398098 0.0013512801378965378 0
1731970413835 0.0012654310557991266 0
1731970429664 0.0014171486254781485 0
1731970445413 0.0014172507217153907 0
1731970461264 0.0012013142695650458 0
1731970476996 0.001286072889342904 0
1731970492812 0.0011817596387118101 0
1731970508534 0.0013841846957802773 0
1731970524372 0.0012550821993499994 0
1731970540109 0.001161028165370226 0
1731970556274 0.00118304044008255 0
1731970572033 0.001337443245574832 0
1731970587870 0.0012082189787179232 0
1731970603625 0.0012531158281490207 0
1731970619492 0.001217435346916318 0
1731970635206 0.0011857436038553715 0
1731970651031 0.0011757276952266693 0
1731970666746 0.001227718312293291 0
1731970682571 0.00120826018974185 0
1731970698293 0.0011931420303881168 0
1731970714135 0.0012002037838101387 0
1731970729850 0.0011798329651355743 0
1731970745674 0.0012932552490383387 0
1731970761353 0.0011037182994186878 0
1731970777206 0.0011825093533843756 0
1731970793239 0.0012842095457017422 0
1731970809084 0.0012508801883086562 0
1731970824805 0.0011644851183518767 0
1731970840624 0.0011339648626744747 0
1731970856339 0.0011975903762504458 0
1731970872149 0.0013389862142503262 0
1731970887896 0.0012611517449840903 0
1731970903702 0.001377403736114502 0
1731970919433 0.001176848541945219 0
1731970935287 0.0011547827161848545 0
1731970951031 0.001152681652456522 0
1731970966811 0.0011893773917108774 0
1731970982532 0.0011832889867946506 0
1731970998362 0.0011726920492947102 0
1731971014136 0.0011114692315459251 0
1731971030302 0.001183167565613985 0
1731971046037 0.0010422008344903588 0
1731971061876 0.0011377792106941342 0
1731971077610 0.001149335177615285 0
1731971093444 0.0011619391152635217 0
1731971109156 0.0010492282453924417 0
1731971124957 0.0010381705360487103 0
1731971140662 0.0011093819048255682 0
1731971156510 0.0010960027575492859 0
1731971172221 0.0010839070891961455 0
1731971188058 0.0010628837626427412 0
1731971203766 0.0009892804082483053 0
1731971219573 0.0010524489916861057 0
1731971235316 0.0012019111309200525 0
1731971251583 0.0009555753204040229 0
1731971267301 0.0010067694820463657 0
1731971283135 0.0011799491476267576 0
1731971298866 0.0011575291864573956 0
1731971314701 0.0010951573494821787 0
1731971330432 0.0009813869837671518 0
1731971346283 0.0010070926509797573 0
1731971362011 0.0011759009212255478 0
1731971377842 0.0010437772143632174 0
1731971393542 0.0008926843293011189 0
1731971409368 0.0011209372896701097 0
1731971425101 0.0010487409308552742 0
1731971440950 0.0010981219820678234 0
1731971456700 0.001080907415598631 0
1731971472536 0.001067908015102148 0
1731971488592 0.000955609604716301 0
1731971504440 0.001023976132273674 0
1731971520168 0.0010341561865061522 0
1731971536016 0.0009443825110793114 0
1731971551757 0.000992583460174501 0
1731971567603 0.0009355064248666167 0
1731971583328 0.0010156056378036737 0
1731971599160 0.0011250864481553435 0
1731971614892 0.0009439167333766818 0
1731971630731 0.000933776784222573 0
1731971646474 0.0008993706433102489 0
1731971662338 0.0011068886378780007 0
1731971678044 0.0009459108114242554 0
1731971693862 0.0009497117716819048 0
1731971709568 0.0009848619811236858 0
1731971725747 0.0010070297867059708 0
1731971741488 0.0011515000369399786 0
1731971757340 0.0009739389060996473 0
1731971773098 0.0008576975669711828 0
1731971788938 0.0009353808127343655 0
1731971804696 0.0009070031228475273 0
1731971820505 0.001102586043998599 0
1731971836213 0.0009780157124623656 0
1731971852061 0.00096832902636379 0
1731971867787 0.0009306526626460254 0
1731971883622 0.0009397960966452956 0
1731971899345 0.0009419707348570228 0
1731971915200 0.0009071138920262456 0
1731971930963 0.0009310144814662635 0
1731971946809 0.0009111494291573763 0
1731971962874 0.0009171095443889499 0
1731971978704 0.0008322166977450252 0
1731971994423 0.0008986619068309665 0
1731972010264 0.0009208880364894867 0
1731972025999 0.0009136406006291509 0
1731972041831 0.0009082568576559424 0
1731972057576 0.0009016264230012894 0
1731972073384 0.001023386837914586 0
1731972089100 0.0009168392280116677 0
1731972104960 0.0009277958306483924 0
1731972120694 0.0009303893893957138 0
1731972136554 0.000904644257389009 0
1731972152309 0.0008374809985980392 0
1731972168129 0.0008871147874742746 0
1731972183870 0.0009225597605109215 0
