1731968599799 0.000600737810600549 0
1731968619854 0.00033190310932695866 0
1731968639835 0.0003734499332495034 0
1731968659989 0.00020274205598980188 0
1731968680094 0.0002142981393262744 0
1731968700395 0.0002503784780856222 0
1731968720636 0.00021151552209630609 0
1731968741010 0.00014886108692735434 0
1731968761298 0.00019756730762310326 0
1731968781753 0.00017786130774766207 0
1731968802106 0.00020212669915053993 0
1731968822534 0.0002354477037442848 0
1731968842856 0.0003351306659169495 0
1731968863296 0.0002899750252254307 0
1731968883576 0.00014291968545876443 0
1731968901653 0.00014471514441538602 0
1731968919721 0.00023911938478704542 0
1731968937778 0.00019249165779910982 0
1731968955866 0.00047625473234802485 0
1731968973966 0.00014600995928049088 0
1731968992089 0.0002459654351696372 0
1731969010206 0.0003061320458073169 0
1731969027492 0.00022204831475391984 0
1731969044335 0.0001758352154865861 0
1731969061337 0.0001987064752029255 0
1731969078303 0.00013315779506228864 0
1731969095278 0.00012240916839800775 0
1731969112183 0.00021011695207562298 0
1731969129149 0.00011235165584366769 0
1731969146109 0.00023499809321947396 0
1731969162357 0.00010664989531505853 0
1731969178594 0.00018868956249207258 0
1731969194860 0.000153623303049244 0
1731969211090 0.00011624659964581951 0
1731969227347 9.613798465579748e-05 0
1731969243602 0.00012125661305617541 0
1731969259861 0.000134093570522964 0
1731969275704 0.00013752520317211747 0
1731969291528 0.00019150633306708187 0
1731969307312 0.00013933787704445422 0
1731969323135 9.628525003790855e-05 0
1731969338872 0.00012337369844317436 0
1731969354723 0.00013687672617379576 0
1731969370474 9.184276859741658e-05 0
1731969386614 0.00020424467220436782 0
1731969402360 0.00014426704728975892 0
1731969418209 9.77979289018549e-05 0
1731969433962 0.0001627634046599269 0
1731969449818 9.856671385932714e-05 0
1731969465580 9.934873378369957e-05 0
1731969481424 0.00010956339247059077 0
1731969497134 9.927604696713388e-05 0
1731969512981 0.00011640919547062367 0
1731969528717 0.0001178807724500075 0
1731969544547 8.784502279013395e-05 0
1731969560273 0.00015239292406477034 0
1731969576111 8.648496441310272e-05 0
1731969591837 0.00010302588634658605 0
1731969607656 0.00010990507144015282 0
1731969623715 9.492962271906435e-05 0
1731969639553 9.35399075387977e-05 0
1731969655277 0.00011853378236992285 0
1731969671110 8.21370558696799e-05 0
1731969686828 0.00010041816130978987 0
1731969702686 9.253760799765587e-05 0
1731969718384 6.756209768354893e-05 0
1731969734217 8.984676242107525e-05 0
1731969749955 9.371589112561196e-05 0
1731969765794 8.545309538021684e-05 0
1731969781508 0.00010014592407969758 0
1731969797315 0.00019074612646363676 0
1731969813048 0.00010593656043056399 0
1731969828865 8.849350706441328e-05 0
1731969844616 8.735107257962227e-05 0
1731969860767 9.025505278259516e-05 0
1731969876522 0.00010723744344431907 0
1731969892347 0.00010149529407499358 0
1731969908094 9.176467574434355e-05 0
1731969923919 8.0996731412597e-05 0
1731969939663 7.525258115492761e-05 0
1731969955512 8.3439183072187e-05 0
1731969971259 7.825194188626483e-05 0
1731969987109 8.036814688239247e-05 0
1731970002834 8.886604337021708e-05 0
1731970018663 0.00010611824109219015 0
1731970034376 7.765758346067742e-05 0
1731970050210 8.24212547740899e-05 0
1731970065951 7.26831640349701e-05 0
1731970082104 9.985343785956502e-05 0
1731970097807 0.00010893798753386363 0
1731970113635 7.580645615234971e-05 0
1731970129342 7.793984696036205e-05 0
1731970145172 0.00010247858881484717 0
1731970160934 7.872714195400476e-05 0
1731970176767 7.598072988912463e-05 0
1731970192508 9.838942060014233e-05 0
1731970208356 7.395399734377861e-05 0
1731970224100 9.37622316996567e-05 0
1731970239897 6.572373968083411e-05 0
1731970255621 8.83056636666879e-05 0
1731970271481 8.765799429966137e-05 0
1731970287224 7.560995436506346e-05 0
1731970303073 7.520937651861459e-05 0
1731970319106 8.287420496344566e-05 0
1731970334933 8.606651681475341e-05 0
1731970350641 7.30688771000132e-05 0
1731970366493 8.88602007762529e-05 0
1731970382246 9.141334157902747e-05 0
1731970398098 8.448443259112537e-05 0
1731970413835 8.424452971667051e-05 0
1731970429664 0.00011654608533717692 0
1731970445413 8.5043502622284e-05 0
1731970461264 8.580192661611363e-05 0
1731970476996 0.00010984319669660181 0
1731970492812 8.500796684529632e-05 0
1731970508534 0.0001144613343058154 0
1731970524372 5.418120417743921e-05 0
1731970540109 0.00010305892647011206 0
1731970556274 8.126669854391366e-05 0
1731970572033 7.873246795497835e-05 0
1731970587870 9.105952631216496e-05 0
1731970603625 5.904556019231677e-05 0
1731970619492 6.902150926180184e-05 0
1731970635206 7.228997128549963e-05 0
1731970651031 8.140588033711538e-05 0
1731970666746 7.812042167643085e-05 0
1731970682571 6.638589547947049e-05 0
1731970698293 8.195759437512606e-05 0
1731970714135 7.898206968093291e-05 0
1731970729850 6.273124745348468e-05 0
1731970745674 7.167270814534277e-05 0
1731970761353 6.986959488131106e-05 0
1731970777206 6.762496195733547e-05 0
1731970793239 7.200476829893887e-05 0
1731970809084 7.938306225696579e-05 0
1731970824805 6.991415284574032e-05 0
1731970840624 7.399705646093935e-05 0
1731970856339 7.328904757741839e-05 0
1731970872149 6.70736117172055e-05 0
1731970887896 6.876741826999933e-05 0
1731970903702 7.456986350007355e-05 0
1731970919433 6.113578274380416e-05 0
1731970935287 5.5220589274540544e-05 0
1731970951031 6.528365338454023e-05 0
1731970966811 7.557944627478719e-05 0
1731970982532 9.766397852217779e-05 0
1731970998362 6.838398985564709e-05 0
1731971014136 6.72221794957295e-05 0
1731971030302 7.740522414678708e-05 0
1731971046037 7.37719310563989e-05 0
1731971061876 7.42053089197725e-05 0
1731971077610 7.42489646654576e-05 0
1731971093444 6.015487451804802e-05 0
1731971109156 7.072689186315984e-05 0
1731971124957 7.111948798410594e-05 0
1731971140662 6.453787500504404e-05 0
1731971156510 9.001203579828143e-05 0
1731971172221 6.595308514079079e-05 0
1731971188058 7.471728895325214e-05 0
1731971203766 7.255881791934371e-05 0
1731971219573 7.648883911315352e-05 0
1731971235316 7.04820267856121e-05 0
1731971251583 6.565188959939405e-05 0
1731971267301 6.836728425696492e-05 0
1731971283135 7.100839866325259e-05 0
1731971298866 6.400889833457768e-05 0
1731971314701 7.48775273677893e-05 0
1731971330432 6.252161983866245e-05 0
1731971346283 6.894630496390164e-05 0
1731971362011 6.484398181783035e-05 0
1731971377842 6.044720794307068e-05 0
1731971393542 5.840134690515697e-05 0
1731971409368 5.841036181664094e-05 0
1731971425101 6.738639785908163e-05 0
1731971440950 6.650278373854235e-05 0
1731971456700 5.2875373512506485e-05 0
1731971472536 6.297115760389715e-05 0
1731971488592 5.899767711525783e-05 0
1731971504440 7.011109119048342e-05 0
1731971520168 5.6705121096456423e-05 0
1731971536016 6.445321923820302e-05 0
1731971551757 7.842980994610116e-05 0
1731971567603 5.4712647397536784e-05 0
1731971583328 5.87790782446973e-05 0
1731971599160 6.586426752619445e-05 0
1731971614892 6.287582800723612e-05 0
1731971630731 5.7200013543479145e-05 0
1731971646474 6.303861300693825e-05 0
1731971662338 5.415434134192765e-05 0
1731971678044 6.90690940245986e-05 0
1731971693862 6.946318171685562e-05 0
1731971709568 5.277494346955791e-05 0
1731971725747 6.12558942520991e-05 0
1731971741488 7.376880967058241e-05 0
1731971757340 6.02741856710054e-05 0
1731971773098 5.486162262968719e-05 0
1731971788938 6.129615212557837e-05 0
1731971804696 5.502269050339237e-05 0
1731971820505 5.6147218856494874e-05 0
1731971836213 5.389039506553672e-05 0
1731971852061 6.884077447466552e-05 0
1731971867787 5.574542592512444e-05 0
1731971883622 7.107301644282416e-05 0
1731971899345 5.482717460836284e-05 0
1731971915200 6.059062070562504e-05 0
1731971930963 6.36911136098206e-05 0
1731971946809 6.037910497980192e-05 0
1731971962874 6.447158375522122e-05 0
1731971978704 7.250506314449012e-05 0
1731971994423 5.315760427038185e-05 0
1731972010264 6.047519127605483e-05 0
1731972025999 5.4144686146173626e-05 0
1731972041831 5.657437213812955e-05 0
1731972057576 5.029041494708508e-05 0
1731972073384 5.420644083642401e-05 0
1731972089100 5.4820724471937865e-05 0
1731972104960 6.0553466028068215e-05 0
1731972120694 6.617138569708914e-05 0
1731972136554 5.1521972636692226e-05 0
1731972152309 6.239041977096349e-05 0
1731972168129 6.0236674471525475e-05 0
1731972183870 6.009913340676576e-05 0
