1731963685576 2.2153961658477783 0
1731963706290 2.756174325942993 0
1731963726801 2.510132074356079 0
1731963747645 2.644953966140747 0
1731963768580 2.619328498840332 0
1731963789713 2.519667863845825 0
1731963810796 2.511504650115967 0
1731963832048 2.557246685028076 0
1731963853237 2.6704468727111816 0
1731963874535 2.560246229171753 0
1731963895798 2.7245969772338867 0
1731963917150 2.7061917781829834 0
1731963938378 2.7410213947296143 0
1731963959716 2.6319210529327393 0
1731963980839 2.499859571456909 0
1731963999612 2.730268716812134 0
1731964018408 2.6794509887695312 0
1731964037182 2.593928098678589 0
1731964055984 2.6325221061706543 0
1731964074760 2.6423087120056152 0
1731964093578 2.648754596710205 0
1731964112356 2.6670594215393066 0
1731964130232 2.6460132598876953 0
1731964147669 2.6364738941192627 0
1731964165182 2.6826813220977783 0
1731964182731 2.5783307552337646 0
1731964200247 2.6857597827911377 0
1731964217618 2.6636481285095215 0
1731964235140 2.6730151176452637 0
1731964252666 2.6646459102630615 0
1731964269380 2.6115472316741943 0
1731964286091 2.6478874683380127 0
1731964302824 2.624727725982666 0
1731964319511 2.7213878631591797 0
1731964336212 2.5721802711486816 0
1731964352921 2.66387939453125 0
1731964369604 2.6908750534057617 0
1731964385838 2.600560188293457 0
1731964402050 2.6198267936706543 0
1731964418155 2.6366119384765625 0
1731964434382 2.6453981399536133 0
1731964450499 2.536465883255005 0
1731964466744 2.5791006088256836 0
1731964482858 2.628711223602295 0
1731964499500 2.6561696529388428 0
1731964515595 2.6993255615234375 0
1731964531826 2.638298273086548 0
1731964547921 2.7379961013793945 0
1731964564133 2.6546363830566406 0
1731964580185 2.6423182487487793 0
1731964596381 2.6129045486450195 0
1731964612478 2.693922519683838 0
1731964628687 2.6781537532806396 0
1731964644751 2.6554601192474365 0
1731964660947 2.6533241271972656 0
1731964677016 2.6557929515838623 0
1731964693241 2.6501803398132324 0
1731964709264 2.659921169281006 0
1731964725435 2.6114296913146973 0
1731964741785 2.664806604385376 0
1731964757960 2.675100088119507 0
1731964774026 2.6432487964630127 0
1731964790199 2.6592817306518555 0
1731964806258 2.6505963802337646 0
1731964822411 2.5675694942474365 0
1731964838479 2.692937135696411 0
1731964854664 2.6890697479248047 0
1731964870736 2.6743767261505127 0
1731964886883 2.628593683242798 0
1731964902934 2.6052603721618652 0
1731964919116 2.6295394897460938 0
1731964935142 2.6646828651428223 0
1731964951306 2.6468000411987305 0
1731964967336 2.635699987411499 0
1731964983754 2.6443965435028076 0
1731964999793 2.6416380405426025 0
1731965015940 2.5982961654663086 0
1731965031959 2.6555867195129395 0
1731965048127 2.625877618789673 0
1731965064143 2.6709036827087402 0
1731965080276 2.664642810821533 0
1731965096318 2.655499219894409 0
1731965112466 2.6437134742736816 0
1731965128488 2.669433355331421 0
1731965144640 2.637319564819336 0
1731965160712 2.6580164432525635 0
1731965176812 2.640019416809082 0
1731965192790 2.69474458694458 0
1731965209230 2.621229410171509 0
1731965225244 2.6908881664276123 0
1731965241357 2.6249661445617676 0
1731965257399 2.648317337036133 0
1731965273526 2.62378191947937 0
1731965289535 2.658116102218628 0
1731965305675 2.612419605255127 0
1731965321703 2.6517622470855713 0
1731965337799 2.645024538040161 0
1731965353795 2.6785624027252197 0
1731965369973 2.614924907684326 0
1731965385997 2.686037063598633 0
1731965402155 2.663501262664795 0
1731965418155 2.696103572845459 0
1731965434295 2.628504514694214 0
1731965450594 2.6959385871887207 0
1731965466698 2.6727688312530518 0
1731965482703 2.661726474761963 0
1731965498768 2.6996021270751953 0
1731965514757 2.629967212677002 0
1731965530850 2.640690326690674 0
1731965546835 2.6431994438171387 0
1731965562965 2.6724295616149902 0
1731965578989 2.629513740539551 0
1731965595104 2.634291648864746 0
1731965611108 2.6552040576934814 0
1731965627196 2.627995252609253 0
1731965643168 2.6326067447662354 0
1731965659284 2.6270930767059326 0
1731965675254 2.6305487155914307 0
1731965691652 2.622987747192383 0
1731965707641 2.6505794525146484 0
1731965723706 2.646878480911255 0
1731965739667 2.628209352493286 0
1731965755744 2.6196415424346924 0
1731965771720 2.665086030960083 0
1731965787811 2.639751434326172 0
1731965803781 2.6743764877319336 0
1731965819856 2.64979887008667 0
1731965835823 2.629958152770996 0
1731965851899 2.648850440979004 0
1731965867832 2.6607041358947754 0
1731965883906 2.6470205783843994 0
1731965899870 2.6725499629974365 0
1731965915940 2.6536197662353516 0
1731965932243 2.6765754222869873 0
1731965948326 2.650721549987793 0
1731965964264 2.65059232711792 0
1731965980338 2.614912271499634 0
1731965996293 2.6323189735412598 0
1731966012378 2.6196377277374268 0
1731966028319 2.6051583290100098 0
1731966044404 2.6401543617248535 0
1731966060339 2.647677421569824 0
1731966076392 2.6386702060699463 0
1731966092319 2.672125816345215 0
1731966108364 2.6418838500976562 0
1731966124349 2.658700466156006 0
1731966140433 2.6530673503875732 0
1731966156385 2.6883304119110107 0
1731966172783 2.6713650226593018 0
1731966188719 2.6481268405914307 0
1731966204755 2.6706972122192383 0
1731966220672 2.6556944847106934 0
1731966236736 2.650758981704712 0
1731966252675 2.6387548446655273 0
1731966268701 2.6680781841278076 0
1731966284659 2.6618897914886475 0
1731966300678 2.6357104778289795 0
1731966316603 2.633624792098999 0
1731966332666 2.667708158493042 0
1731966348562 2.660130500793457 0
1731966364583 2.660482883453369 0
1731966380467 2.6638922691345215 0
1731966396870 2.6532487869262695 0
1731966412799 2.653284788131714 0
1731966428837 2.655536413192749 0
1731966444763 2.6160287857055664 0
1731966460786 2.6385931968688965 0
1731966476677 2.666527271270752 0
1731966492685 2.6744656562805176 0
1731966508599 2.663256883621216 0
1731966524625 2.6528520584106445 0
1731966540537 2.6608314514160156 0
1731966556543 2.660543441772461 0
1731966572465 2.6376843452453613 0
1731966588470 2.6406662464141846 0
1731966604383 2.6056697368621826 0
1731966620418 2.6670944690704346 0
1731966636687 2.648658037185669 0
1731966652722 2.6485953330993652 0
1731966668649 2.666301965713501 0
1731966684682 2.6460862159729004 0
1731966700573 2.6448047161102295 0
1731966716574 2.6336159706115723 0
1731966732496 2.6480600833892822 0
1731966748511 2.646838426589966 0
1731966764417 2.6492884159088135 0
1731966780459 2.642951011657715 0
1731966796326 2.64634108543396 0
1731966812306 2.6745896339416504 0
1731966828190 2.664811611175537 0
1731966844193 2.671177864074707 0
1731966860083 2.6562130451202393 0
1731966876385 2.627349615097046 0
1731966892280 2.649878978729248 0
1731966908485 2.6531388759613037 0
1731966924377 2.6549344062805176 0
1731966940372 2.6581571102142334 0
1731966956260 2.648923635482788 0
1731966972243 2.655627489089966 0
1731966988161 2.6528618335723877 0
1731967004163 2.655219078063965 0
1731967020024 2.6551036834716797 0
1731967036038 2.648554801940918 0
1731967051911 2.6397252082824707 0
1731967067932 2.652940511703491 0
1731967083814 2.659841299057007 0
1731967099793 2.6720473766326904 0
1731967115957 2.6536526679992676 0
1731967131962 2.6666340827941895 0
1731967147875 2.6388721466064453 0
1731967163874 2.648993968963623 0
1731967179771 2.653571367263794 0
1731967195758 2.6652026176452637 0
1731967211685 2.641258478164673 0
1731967227721 2.6552340984344482 0
1731967243635 2.663706064224243 0
1731967259663 2.6626181602478027 0
1731967275576 2.6631360054016113 0
1731967291574 2.6483914852142334 0
1731967307475 2.6332485675811768 0
1731967323495 2.6377153396606445 0
1731967339368 2.6546120643615723 0
