1731963685576 0.009487220086157322 0
1731963706290 0.010309934616088867 0
1731963726801 0.00981978327035904 0
1731963747645 0.010311475023627281 0
1731963768580 0.010156681761145592 0
1731963789713 0.010418525896966457 0
1731963810796 0.010610640980303288 0
1731963832048 0.010267313569784164 0
1731963853237 0.010469506494700909 0
1731963874535 0.01089051365852356 0
1731963895798 0.010807094164192677 0
1731963917150 0.010689630173146725 0
1731963938378 0.01063050702214241 0
1731963959716 0.010776507668197155 0
1731963980839 0.010528607293963432 0
1731963999612 0.010659739375114441 0
1731964018408 0.010743214748799801 0
1731964037182 0.01061122678220272 0
1731964055984 0.010645119473338127 0
1731964074760 0.01132600661367178 0
1731964093578 0.010854466818273067 0
1731964112356 0.010551280342042446 0
1731964130232 0.010659570805728436 0
1731964147669 0.011193748563528061 0
1731964165182 0.011051126755774021 0
1731964182731 0.010793635621666908 0
1731964200247 0.010877793654799461 0
1731964217618 0.011048726737499237 0
1731964235140 0.010975765995681286 0
1731964252666 0.010945303365588188 0
1731964269380 0.011147938668727875 0
1731964286091 0.010996649041771889 0
1731964302824 0.010977668687701225 0
1731964319511 0.010829555802047253 0
1731964336212 0.01092320866882801 0
1731964352921 0.010826215147972107 0
1731964369604 0.011050283908843994 0
1731964385838 0.01102058868855238 0
1731964402050 0.011205879040062428 0
1731964418155 0.010977060534060001 0
1731964434382 0.010784760117530823 0
1731964450499 0.011138176545500755 0
1731964466744 0.010970104485750198 0
1731964482858 0.011251851916313171 0
1731964499500 0.010886577889323235 0
1731964515595 0.011095399968326092 0
1731964531826 0.010784638114273548 0
1731964547921 0.011046107858419418 0
1731964564133 0.011019851081073284 0
1731964580185 0.011195866391062737 0
1731964596381 0.01126730628311634 0
1731964612478 0.010981176979839802 0
1731964628687 0.011292893439531326 0
1731964644751 0.011398728005588055 0
1731964660947 0.01092502661049366 0
1731964677016 0.011255347169935703 0
1731964693241 0.011209058575332165 0
1731964709264 0.01117698848247528 0
1731964725435 0.011251871474087238 0
1731964741785 0.011134029366075993 0
1731964757960 0.010965678840875626 0
1731964774026 0.011236910708248615 0
1731964790199 0.010977472178637981 0
1731964806258 0.011124053038656712 0
1731964822411 0.011234926991164684 0
1731964838479 0.011178369633853436 0
1731964854664 0.011223597452044487 0
1731964870736 0.011051034554839134 0
1731964886883 0.011420130729675293 0
1731964902934 0.011247792281210423 0
1731964919116 0.01100701093673706 0
1731964935142 0.010914050042629242 0
1731964951306 0.011197608895599842 0
1731964967336 0.011289429850876331 0
1731964983754 0.011142881587147713 0
1731964999793 0.01119763869792223 0
1731965015940 0.011143733747303486 0
1731965031959 0.011065790429711342 0
1731965048127 0.011214491911232471 0
1731965064143 0.011150199919939041 0
1731965080276 0.011106443591415882 0
1731965096318 0.011217293329536915 0
1731965112466 0.01129089668393135 0
1731965128488 0.011147341690957546 0
1731965144640 0.011177575215697289 0
1731965160712 0.011248216032981873 0
1731965176812 0.011128809303045273 0
1731965192790 0.011157648637890816 0
1731965209230 0.01123741827905178 0
1731965225244 0.011161210015416145 0
1731965241357 0.011195904575288296 0
1731965257399 0.011338460259139538 0
1731965273526 0.01099366508424282 0
1731965289535 0.01127247978001833 0
1731965305675 0.01122533529996872 0
1731965321703 0.011243156157433987 0
1731965337799 0.011264411732554436 0
1731965353795 0.011210556142032146 0
1731965369973 0.011128581129014492 0
1731965385997 0.011294936761260033 0
1731965402155 0.011266471818089485 0
1731965418155 0.011190807446837425 0
1731965434295 0.011304070241749287 0
1731965450594 0.01127838809043169 0
1731965466698 0.011164810508489609 0
1731965482703 0.011296112090349197 0
1731965498768 0.01133325882256031 0
1731965514757 0.011099740862846375 0
1731965530850 0.011250395327806473 0
1731965546835 0.011186686344444752 0
1731965562965 0.011240393854677677 0
1731965578989 0.01111068669706583 0
1731965595104 0.011250097304582596 0
1731965611108 0.011214466765522957 0
1731965627196 0.01114443875849247 0
1731965643168 0.011368083767592907 0
1731965659284 0.011290240101516247 0
1731965675254 0.011236200109124184 0
1731965691652 0.011294051073491573 0
1731965707641 0.011180724948644638 0
1731965723706 0.011231758631765842 0
1731965739667 0.01124202087521553 0
1731965755744 0.011217516846954823 0
1731965771720 0.011180008761584759 0
1731965787811 0.011163339018821716 0
1731965803781 0.011317412368953228 0
1731965819856 0.011297070421278477 0
1731965835823 0.011228141374886036 0
1731965851899 0.011138624511659145 0
1731965867832 0.011293959803879261 0
1731965883906 0.011240627616643906 0
1731965899870 0.01116062980145216 0
1731965915940 0.011290416121482849 0
1731965932243 0.011200709268450737 0
1731965948326 0.011205589398741722 0
1731965964264 0.01121396292001009 0
1731965980338 0.011196959763765335 0
1731965996293 0.011286617256700993 0
1731966012378 0.011208011768758297 0
1731966028319 0.011188383214175701 0
1731966044404 0.011269218288362026 0
1731966060339 0.011230329051613808 0
1731966076392 0.011367862112820148 0
1731966092319 0.011187340132892132 0
1731966108364 0.01123480498790741 0
1731966124349 0.011327739804983139 0
1731966140433 0.01128973439335823 0
1731966156385 0.011230278760194778 0
1731966172783 0.011313911527395248 0
1731966188719 0.011320497840642929 0
1731966204755 0.011192258447408676 0
1731966220672 0.011257275938987732 0
1731966236736 0.01136071141809225 0
1731966252675 0.011170887388288975 0
1731966268701 0.011243157088756561 0
1731966284659 0.011147454380989075 0
1731966300678 0.011229608207941055 0
1731966316603 0.011219813488423824 0
1731966332666 0.011272615753114223 0
1731966348562 0.011233204044401646 0
1731966364583 0.011247262358665466 0
1731966380467 0.011274763382971287 0
1731966396870 0.011304487474262714 0
1731966412799 0.011211825534701347 0
1731966428837 0.011195945553481579 0
1731966444763 0.011152021586894989 0
1731966460786 0.0112129682675004 0
1731966476677 0.011208866722881794 0
1731966492685 0.011284608393907547 0
1731966508599 0.011297161690890789 0
1731966524625 0.011215112172067165 0
1731966540537 0.01131489034742117 0
1731966556543 0.011304390616714954 0
1731966572465 0.01126299798488617 0
1731966588470 0.011235877871513367 0
1731966604383 0.01124122366309166 0
1731966620418 0.011259670369327068 0
1731966636687 0.011239755898714066 0
1731966652722 0.011266709305346012 0
1731966668649 0.011228498071432114 0
1731966684682 0.011228954419493675 0
1731966700573 0.011186580173671246 0
1731966716574 0.011185470968484879 0
1731966732496 0.011257863603532314 0
1731966748511 0.011251246556639671 0
1731966764417 0.011268293485045433 0
1731966780459 0.011225893162190914 0
1731966796326 0.011273890733718872 0
1731966812306 0.011230568401515484 0
1731966828190 0.011217731051146984 0
1731966844193 0.011199516244232655 0
1731966860083 0.011233476921916008 0
1731966876385 0.011223354376852512 0
1731966892280 0.011292406357824802 0
1731966908485 0.011288768611848354 0
1731966924377 0.01122051477432251 0
1731966940372 0.011307657696306705 0
1731966956260 0.011238554492592812 0
1731966972243 0.01124973502010107 0
1731966988161 0.01125450897961855 0
1731967004163 0.011255502700805664 0
1731967020024 0.011314711533486843 0
1731967036038 0.011264469474554062 0
1731967051911 0.011255333200097084 0
1731967067932 0.011215579695999622 0
1731967083814 0.011277993209660053 0
1731967099793 0.01122957281768322 0
1731967115957 0.011227207258343697 0
1731967131962 0.011237227357923985 0
1731967147875 0.01121453382074833 0
1731967163874 0.01133220549672842 0
1731967179771 0.011249126866459846 0
1731967195758 0.011228051036596298 0
1731967211685 0.011279772035777569 0
1731967227721 0.011239818297326565 0
1731967243635 0.011223291046917439 0
1731967259663 0.011243578977882862 0
1731967275576 0.011264503933489323 0
1731967291574 0.01127550657838583 0
1731967307475 0.011224632151424885 0
1731967323495 0.011250180192291737 0
1731967339368 0.011292636394500732 0
