1731963685580 0.0004353750846348703 0
1731963706295 0.0005268558743409812 0
1731963726804 0.0005543965380638838 0
1731963747648 0.0005361073417589068 0
1731963768583 0.0004927323316223919 0
1731963789715 0.0004851741832681 0
1731963810799 0.00048698607133701444 0
1731963832050 0.0004364926426205784 0
1731963853239 0.00041553168557584286 0
1731963874537 0.00042000203393399715 0
1731963895800 0.0004575999337248504 0
1731963917153 0.00044043688103556633 0
1731963938381 0.00044718285789713264 0
1731963959719 0.0003920567687600851 0
1731963980842 0.00041857309406623244 0
1731963999614 0.0004558504151646048 0
1731964018411 0.0004308917559683323 0
1731964037184 0.000457436079159379 0
1731964055986 0.00048018604866229 0
1731964074763 0.0004256300744600594 0
1731964093580 0.00046726997243240476 0
1731964112358 0.0004542922542896122 0
1731964130234 0.0005051963380537927 0
1731964147672 0.0004788576625287533 0
1731964165184 0.0004986890126019716 0
1731964182733 0.0005105119780637324 0
1731964200249 0.0005359578644856811 0
1731964217620 0.000504082185216248 0
1731964235143 0.0005279541946947575 0
1731964252669 0.0005615125992335379 0
1731964269382 0.0005097732646390796 0
1731964286093 0.0005580622237175703 0
1731964302827 0.0005423331167548895 0
1731964319514 0.0005456143408082426 0
1731964336214 0.0005875431234017015 0
1731964352923 0.0005678059533238411 0
1731964369606 0.0005452620098367333 0
1731964385841 0.0005764371016994119 0
1731964402052 0.0005604155594483018 0
1731964418158 0.0005772263975813985 0
1731964434384 0.0005861175013706088 0
1731964450501 0.0006334394565783441 0
1731964466747 0.0006111245602369308 0
1731964482860 0.0006219181814230978 0
1731964499502 0.0005992571823298931 0
1731964515597 0.0005837279604747891 0
1731964531829 0.0006236989283934236 0
1731964547923 0.0006268719444051385 0
1731964564135 0.0006597350584343076 0
1731964580187 0.000656832882668823 0
1731964596383 0.0006333858473226428 0
1731964612480 0.0006471776869148016 0
1731964628690 0.0006653376622125506 0
1731964644754 0.0007120357477106154 0
1731964660949 0.0006695403135381639 0
1731964677018 0.0006415952229872346 0
1731964693243 0.0006524506025016308 0
1731964709266 0.0007086399709805846 0
1731964725437 0.0006858806009404361 0
1731964741787 0.0006807420868426561 0
1731964757963 0.0007038667681626976 0
1731964774028 0.0006872624508105218 0
1731964790201 0.0006920658051967621 0
1731964806261 0.0007488516857847571 0
1731964822413 0.0006599333719350398 0
1731964838481 0.0006670746952295303 0
1731964854666 0.000658287201076746 0
1731964870739 0.0006988440291024745 0
1731964886885 0.0007131334277801216 0
1731964902936 0.0007854566792957485 0
1731964919119 0.0006994446157477796 0
1731964935144 0.0006692949682474136 0
1731964951308 0.000787190452683717 0
1731964967339 0.0007172672194428742 0
1731964983757 0.000729427847545594 0
1731964999795 0.0007608642335981131 0
1731965015942 0.0007643274730071425 0
1731965031962 0.0007357095601037145 0
1731965048130 0.0007476464961655438 0
1731965064145 0.0007389781530946493 0
1731965080278 0.0007805692730471492 0
1731965096320 0.0008183873724192381 0
1731965112468 0.000713711604475975 0
1731965128490 0.0007198558887466788 0
1731965144642 0.0007601448451168835 0
1731965160714 0.0007279525161720812 0
1731965176814 0.0007619531243108213 0
1731965192792 0.0007369209779426455 0
1731965209232 0.0007478491752408445 0
1731965225246 0.000776706263422966 0
1731965241359 0.0007147056749090552 0
1731965257402 0.0007410110556520522 0
1731965273528 0.0007200943655334413 0
1731965289537 0.0008040794637054205 0
1731965305678 0.0007277440745383501 0
1731965321705 0.0008064531721174717 0
1731965337801 0.0008484608842991292 0
1731965353797 0.000804683833848685 0
1731965369975 0.0007522656815126538 0
1731965385999 0.0008466452127322555 0
1731965402157 0.0007768958457745612 0
1731965418157 0.0007896540919318795 0
1731965434297 0.0007959071663208306 0
1731965450596 0.0008780562202446163 0
1731965466701 0.0008599986904300749 0
1731965482706 0.0008446057327091694 0
1731965498770 0.0008531117346137762 0
1731965514759 0.0008901271503418684 0
1731965530853 0.0009249572176486254 0
1731965546837 0.0007933886954560876 0
1731965562967 0.00088741653598845 0
1731965578991 0.0008538085967302322 0
1731965595106 0.0008033124031499028 0
1731965611111 0.0008626580238342285 0
1731965627198 0.0008389443974010646 0
1731965643171 0.0008513738284818828 0
1731965659286 0.0008894053171388805 0
1731965675256 0.0008889214368537068 0
1731965691654 0.0007933166343718767 0
1731965707643 0.000907242763787508 0
1731965723708 0.0008662226609885693 0
1731965739669 0.000900590093806386 0
1731965755746 0.0008340954082086682 0
1731965771723 0.0008759350748732686 0
1731965787813 0.0008862658287398517 0
1731965803783 0.0008830128936097026 0
1731965819858 0.0008574590901844203 0
1731965835825 0.0008532797801308334 0
1731965851901 0.0008379179053008556 0
1731965867835 0.0009245138498954475 0
1731965883908 0.0009907807689160109 0
1731965899872 0.000896587735041976 0
1731965915943 0.0009255089680664241 0
1731965932245 0.0008815808687359095 0
1731965948328 0.0009130634134635329 0
1731965964266 0.0009783688001334667 0
1731965980341 0.0009312664624303579 0
1731965996295 0.0009091866668313742 0
1731966012380 0.0008893273770809174 0
1731966028321 0.000922316568903625 0
1731966044406 0.0009218455525115132 0
1731966060341 0.0009537875885143876 0
1731966076395 0.0009590877452865243 0
1731966092321 0.0008551472565159202 0
1731966108366 0.0009129521786235273 0
1731966124351 0.000935267424210906 0
1731966140435 0.0008801257936283946 0
1731966156387 0.0010173137998208404 0
1731966172786 0.0009381432901136577 0
1731966188721 0.0009128748788498342 0
1731966204757 0.0009955974528566003 0
1731966220674 0.0009315540082752705 0
1731966236739 0.0010043485090136528 0
1731966252677 0.0008927450980991125 0
1731966268704 0.0009579209145158529 0
1731966284661 0.0009284794796258211 0
1731966300680 0.000947140040807426 0
1731966316606 0.0009817401878535748 0
1731966332668 0.0009961031610146165 0
1731966348563 0.0009315593051724136 0
1731966364585 0.0010089899878948927 0
1731966380469 0.0009815820958465338 0
1731966396872 0.0009841637220233679 0
1731966412801 0.0009687047568149865 0
1731966428840 0.0009305160492658615 0
1731966444765 0.0009620306082069874 0
1731966460788 0.000920488266274333 0
1731966476679 0.0009531606337986887 0
1731966492687 0.0009499177103862166 0
1731966508601 0.0009532810654491186 0
1731966524627 0.0009854095987975597 0
1731966540539 0.0009665684192441404 0
1731966556545 0.0010082742664963007 0
1731966572467 0.0009558205492794514 0
1731966588472 0.0010220432886853814 0
1731966604385 0.0009643955272622406 0
1731966620420 0.0010472288122400641 0
1731966636689 0.000978386146016419 0
1731966652724 0.001062072697095573 0
1731966668652 0.0010027303360402584 0
1731966684684 0.001023323624394834 0
1731966700575 0.0011953340144827962 0
1731966716576 0.0010515004396438599 0
1731966732498 0.0010470906272530556 0
1731966748513 0.0010666147572919726 0
1731966764419 0.0010541467927396297 0
1731966780461 0.0009910115040838718 0
1731966796328 0.001037882873788476 0
1731966812308 0.00110159395262599 0
1731966828192 0.0010283376323059201 0
1731966844195 0.0010416539153084159 0
1731966860085 0.0010130770970135927 0
1731966876387 0.0010387160582467914 0
1731966892282 0.0010767451021820307 0
1731966908487 0.0010163586121052504 0
1731966924379 0.0010167190339416265 0
1731966940374 0.0010112873278558254 0
1731966956262 0.00104988319799304 0
1731966972245 0.0010782500030472875 0
1731966988163 0.001088607357814908 0
1731967004165 0.00102133653126657 0
1731967020027 0.0010554906912147999 0
1731967036040 0.0010118400678038597 0
1731967051913 0.0011001209495589137 0
1731967067934 0.0010437227319926023 0
1731967083816 0.0010901569621637464 0
1731967099794 0.0010636745719239116 0
1731967115959 0.001102325040847063 0
1731967131964 0.0010199887910857797 0
1731967147877 0.0011343832593411207 0
1731967163876 0.0010846364311873913 0
1731967179773 0.001025575678795576 0
1731967195760 0.001064310665242374 0
1731967211687 0.001117562991566956 0
1731967227723 0.0010875898879021406 0
1731967243637 0.0011455724015831947 0
1731967259665 0.001117858337238431 0
1731967275578 0.0011390186846256256 0
1731967291576 0.001090200967155397 0
1731967307477 0.0010689269984140992 0
1731967323498 0.0010538521455600858 0
1731967339370 0.0010931837605312467 0
