1731963685580 0.00681998860090971 0
1731963706295 0.005262967199087143 0
1731963726804 0.0038745254278182983 0
1731963747648 0.004296022932976484 0
1731963768583 0.003991245292127132 0
1731963789715 0.003400202840566635 0
1731963810799 0.0037549659609794617 0
1731963832050 0.003343419637531042 0
1731963853239 0.003538613673299551 0
1731963874537 0.0033064463641494513 0
1731963895800 0.0030696222092956305 0
1731963917153 0.0030219636391848326 0
1731963938381 0.0033203638158738613 0
1731963959719 0.00310156075283885 0
1731963980842 0.003015664406120777 0
1731963999614 0.002815983723849058 0
1731964018411 0.003002341603860259 0
1731964037184 0.002842394635081291 0
1731964055986 0.002808891935274005 0
1731964074763 0.0027906447649002075 0
1731964093580 0.002619702834635973 0
1731964112358 0.0031472062692046165 0
1731964130234 0.0025563170202076435 0
1731964147672 0.00252331979572773 0
1731964165184 0.0024272273294627666 0
1731964182733 0.002460045274347067 0
1731964200249 0.0023720229510217905 0
1731964217620 0.0022754864767193794 0
1731964235143 0.0023242002353072166 0
1731964252669 0.0026645143516361713 0
1731964269382 0.0022914810106158257 0
1731964286093 0.002393556060269475 0
1731964302827 0.0024305861443281174 0
1731964319514 0.002548554912209511 0
1731964336214 0.002356011886149645 0
1731964352923 0.002321952022612095 0
1731964369606 0.0023171748034656048 0
1731964385841 0.0025339643470942974 0
1731964402052 0.0023131007328629494 0
1731964418158 0.0021110004745423794 0
1731964434384 0.002340019214898348 0
1731964450501 0.002415454015135765 0
1731964466747 0.0023815620224922895 0
1731964482860 0.0022189889568835497 0
1731964499502 0.002381244208663702 0
1731964515597 0.002223301213234663 0
1731964531829 0.002156910952180624 0
1731964547923 0.002071154536679387 0
1731964564135 0.002050703391432762 0
1731964580187 0.0018049587961286306 0
1731964596383 0.0021815074142068624 0
1731964612480 0.002094384515658021 0
1731964628690 0.0020022871904075146 0
1731964644754 0.002089170506224036 0
1731964660949 0.002029640134423971 0
1731964677018 0.0019349828362464905 0
1731964693243 0.0019490367267280817 0
1731964709266 0.0018874331144616008 0
1731964725437 0.002109903609380126 0
1731964741787 0.0020615477114915848 0
1731964757963 0.0018665462266653776 0
1731964774028 0.0019131668377667665 0
1731964790201 0.0018127469811588526 0
1731964806261 0.001953328028321266 0
1731964822413 0.002038533566519618 0
1731964838481 0.001943713054060936 0
1731964854666 0.0017615820979699492 0
1731964870739 0.001652522711083293 0
1731964886885 0.0017916432116180658 0
1731964902936 0.0016820657765492797 0
1731964919119 0.0017427653074264526 0
1731964935144 0.0019717998802661896 0
1731964951308 0.001744470908306539 0
1731964967339 0.0018436475656926632 0
1731964983757 0.0017492733895778656 0
1731964999795 0.001958482898771763 0
1731965015942 0.001870290725491941 0
1731965031962 0.0018154483987018466 0
1731965048130 0.0017812363803386688 0
1731965064145 0.0018197217723354697 0
1731965080278 0.0018832329660654068 0
1731965096320 0.0018665415700525045 0
1731965112468 0.0018273198511451483 0
1731965128490 0.001708593568764627 0
1731965144642 0.0019923453219234943 0
1731965160714 0.0015075840055942535 0
1731965176814 0.0016794975381344557 0
1731965192792 0.0016157429199665785 0
1731965209232 0.0019024820066988468 0
1731965225246 0.00169383583124727 0
1731965241359 0.001647812663577497 0
1731965257402 0.0014901028480380774 0
1731965273528 0.001463856897316873 0
1731965289537 0.001502315397374332 0
1731965305678 0.0017643359024077654 0
1731965321705 0.0017378542106598616 0
1731965337801 0.0016875427681952715 0
1731965353797 0.0015012719668447971 0
1731965369975 0.0017436861526221037 0
1731965385999 0.0019345906330272555 0
1731965402157 0.0014504952123388648 0
1731965418157 0.0014698173617944121 0
1731965434297 0.0015552019467577338 0
1731965450596 0.0016908881952986121 0
1731965466701 0.0015685147373005748 0
1731965482706 0.0015697218477725983 0
1731965498770 0.0014420844381675124 0
1731965514759 0.0014140531420707703 0
1731965530853 0.0014638914726674557 0
1731965546837 0.0014543139841407537 0
1731965562967 0.0015111140673980117 0
1731965578991 0.001513596624135971 0
1731965595106 0.001369419856928289 0
1731965611111 0.001584453508257866 0
1731965627198 0.0013958611525595188 0
1731965643171 0.0015760005917400122 0
1731965659286 0.0015260385116562247 0
1731965675256 0.0013818441657349467 0
1731965691654 0.0016873723361641169 0
1731965707643 0.0016345403855666518 0
1731965723708 0.0013781457673758268 0
1731965739669 0.0014360551722347736 0
1731965755746 0.0013987661805003881 0
1731965771723 0.0015443703159689903 0
1731965787813 0.0015076613053679466 0
1731965803783 0.0013185162097215652 0
1731965819858 0.001303400844335556 0
1731965835825 0.001430291449651122 0
1731965851901 0.0013563884422183037 0
1731965867835 0.0012985658831894398 0
1731965883908 0.0017046756111085415 0
1731965899872 0.0012421717401593924 0
1731965915943 0.0012106646317988634 0
1731965932245 0.001291321823373437 0
1731965948328 0.0014127049362286925 0
1731965964266 0.0013710211496800184 0
1731965980341 0.0014567344915121794 0
1731965996295 0.0013981477823108435 0
1731966012380 0.0013111168518662453 0
1731966028321 0.0013458502944558859 0
1731966044406 0.0013394564157351851 0
1731966060341 0.0012514031259343028 0
1731966076395 0.0011554477969184518 0
1731966092321 0.0014115532394498587 0
1731966108366 0.0013150488957762718 0
1731966124351 0.0012527196668088436 0
1731966140435 0.0013297388795763254 0
1731966156387 0.001289329957216978 0
1731966172786 0.0011093028588220477 0
1731966188721 0.0012159878388047218 0
1731966204757 0.0012351003242656589 0
1731966220674 0.0014053027844056487 0
1731966236739 0.0012292343890294433 0
1731966252677 0.001186175737529993 0
1731966268704 0.0013379361480474472 0
1731966284661 0.001241360092535615 0
1731966300680 0.0010985721601173282 0
1731966316606 0.0011466279393061996 0
1731966332668 0.0011980489362031221 0
1731966348563 0.0012129669776186347 0
1731966364585 0.0012720359954982996 0
1731966380469 0.00114052661228925 0
1731966396872 0.0011123651638627052 0
1731966412801 0.0012157055316492915 0
1731966428840 0.0010286150500178337 0
1731966444765 0.001168027869425714 0
1731966460788 0.0011371870059520006 0
1731966476679 0.0011904145358130336 0
1731966492687 0.0011235075071454048 0
1731966508601 0.0010985513217747211 0
1731966524627 0.0010786588536575437 0
1731966540539 0.0011365108657628298 0
1731966556545 0.0010236407397314906 0
1731966572467 0.0010838380549103022 0
1731966588472 0.0012720151571556926 0
1731966604385 0.001185999484732747 0
1731966620420 0.0010172224137932062 0
1731966636689 0.001046594581566751 0
1731966652724 0.0010244210716336966 0
1731966668652 0.001073705032467842 0
1731966684684 0.001049523358233273 0
1731966700575 0.0010218884563073516 0
1731966716576 0.0011175998952239752 0
1731966732498 0.0010799596784636378 0
1731966748513 0.0011905485298484564 0
1731966764419 0.0011250859824940562 0
1731966780461 0.0009711597813293338 0
1731966796328 0.0010769303189590573 0
1731966812308 0.00111061567440629 0
1731966828192 0.0010523975361138582 0
1731966844195 0.0010451915441080928 0
1731966860085 0.0010065529495477676 0
1731966876387 0.0009995878208428621 0
1731966892282 0.0009639707277528942 0
1731966908487 0.0009896657429635525 0
1731966924379 0.0009561494807712734 0
1731966940374 0.0010195074137300253 0
1731966956262 0.0010433972347527742 0
1731966972245 0.0010899087646976113 0
1731966988163 0.00103677436709404 0
1731967004165 0.0010488384868949652 0
1731967020027 0.0009980987524613738 0
1731967036040 0.000902046449482441 0
1731967051913 0.0009572768467478454 0
1731967067934 0.0009604417136870325 0
1731967083816 0.0009428199264220893 0
1731967099794 0.0009565879590809345 0
1731967115959 0.0009562433697283268 0
1731967131964 0.0009917115094140172 0
1731967147877 0.0009032331872731447 0
1731967163876 0.000995408627204597 0
1731967179773 0.0009484941838309169 0
1731967195760 0.0008902807021513581 0
1731967211687 0.001002306118607521 0
1731967227723 0.0010075430618599057 0
1731967243637 0.0009549285168759525 0
1731967259665 0.0010035380255430937 0
1731967275578 0.0009221715736202896 0
1731967291576 0.0009239536011591554 0
1731967307477 0.0008736095624044538 0
1731967323498 0.0010065584210678935 0
1731967339370 0.0009575189906172454 0
