1731963685580 0.0005671944236382842 0
1731963706295 0.0002987764310091734 0
1731963726804 0.0002228541998192668 0
1731963747648 0.00020610960200428963 0
1731963768583 0.0001911573635879904 0
1731963789715 0.00016043266805354506 0
1731963810799 0.00017191861115861684 0
1731963832050 0.00019886501831933856 0
1731963853239 0.000312263349769637 0
1731963874537 0.00019872444681823254 0
1731963895800 0.0001429184922017157 0
1731963917153 0.00015325415006373078 0
1731963938381 0.00023935484932735562 0
1731963959719 0.0001328287471551448 0
1731963980842 0.00013056190800853074 0
1731963999614 0.00013655578368343413 0
1731964018411 0.00025936507154256105 0
1731964037184 0.00016647610755171627 0
1731964055986 0.00015910252113826573 0
1731964074763 0.00010278211266268045 0
1731964093580 0.00014357620966620743 0
1731964112358 0.0002572612138465047 0
1731964130234 0.00012058337597409263 0
1731964147672 8.163911115843803e-05 0
1731964165184 9.24492851481773e-05 0
1731964182733 0.00012629941920749843 0
1731964200249 0.00011458085646154359 0
1731964217620 0.00013150573067832738 0
1731964235143 0.00016150799638126045 0
1731964252669 0.0001288340863538906 0
1731964269382 0.00014024942356627434 0
1731964286093 7.128724246285856e-05 0
1731964302827 9.507164941169322e-05 0
1731964319514 0.00011547752365004271 0
1731964336214 0.0001096726264222525 0
1731964352923 8.015146158868447e-05 0
1731964369606 7.268862827913836e-05 0
1731964385841 0.00010664202272891998 0
1731964402052 7.177954830694944e-05 0
1731964418158 0.00010899048356804997 0
1731964434384 8.79536964930594e-05 0
1731964450501 0.00010147818829864264 0
1731964466747 9.29837697185576e-05 0
1731964482860 7.710032514296472e-05 0
1731964499502 8.789228013483807e-05 0
1731964515597 8.694986172486097e-05 0
1731964531829 7.127667777240276e-05 0
1731964547923 7.10524182068184e-05 0
1731964564135 8.050019823713228e-05 0
1731964580187 7.869776163715869e-05 0
1731964596383 9.396095992997289e-05 0
1731964612480 9.132202831096947e-05 0
1731964628690 0.00011828320566564798 0
1731964644754 7.66728408052586e-05 0
1731964660949 9.643079101806507e-05 0
1731964677018 6.152877904241905e-05 0
1731964693243 8.629116928204894e-05 0
1731964709266 7.239945989567786e-05 0
1731964725437 7.474894664483145e-05 0
1731964741787 6.529239180963486e-05 0
1731964757963 6.667535490123555e-05 0
1731964774028 6.889866199344397e-05 0
1731964790201 7.444449147442356e-05 0
1731964806261 8.023901318665594e-05 0
1731964822413 7.720290886936709e-05 0
1731964838481 9.463767491979524e-05 0
1731964854666 7.995901978574693e-05 0
1731964870739 7.728726632194594e-05 0
1731964886885 7.247653411468491e-05 0
1731964902936 7.512010051868856e-05 0
1731964919119 7.856398588046432e-05 0
1731964935144 6.274653424043208e-05 0
1731964951308 8.303984941449016e-05 0
1731964967339 6.215534813236445e-05 0
1731964983757 7.557695062132552e-05 0
1731964999795 6.883617606945336e-05 0
1731965015942 6.603053770959377e-05 0
1731965031962 7.097687921486795e-05 0
1731965048130 6.96074275765568e-05 0
1731965064145 6.390889757312834e-05 0
1731965080278 7.574769551865757e-05 0
1731965096320 6.070669769542292e-05 0
1731965112468 8.367938426090404e-05 0
1731965128490 7.291635120054707e-05 0
1731965144642 6.279326771618798e-05 0
1731965160714 6.741107790730894e-05 0
1731965176814 6.764950376236811e-05 0
1731965192792 6.290966848609969e-05 0
1731965209232 7.317704148590565e-05 0
1731965225246 6.352303898893297e-05 0
1731965241359 7.629647734574974e-05 0
1731965257402 8.468404121231288e-05 0
1731965273528 7.868881220929325e-05 0
1731965289537 6.65857078274712e-05 0
1731965305678 7.295724208233878e-05 0
1731965321705 8.022967085707933e-05 0
1731965337801 8.595224062446505e-05 0
1731965353797 6.23366140644066e-05 0
1731965369975 5.571378278546035e-05 0
1731965385999 6.617746112169698e-05 0
1731965402157 6.197340553626418e-05 0
1731965418157 8.538430847693235e-05 0
1731965434297 7.147323049139231e-05 0
1731965450596 5.813470488646999e-05 0
1731965466701 5.95148594584316e-05 0
1731965482706 5.049250466981903e-05 0
1731965498770 5.620549927698448e-05 0
1731965514759 6.003754970151931e-05 0
1731965530853 6.29840069450438e-05 0
1731965546837 6.527278310386464e-05 0
1731965562967 5.643660551868379e-05 0
1731965578991 6.964032218093053e-05 0
1731965595106 5.863086335011758e-05 0
1731965611111 6.443260645028204e-05 0
1731965627198 6.540286995004863e-05 0
1731965643171 5.087679892312735e-05 0
1731965659286 7.510228897444904e-05 0
1731965675256 5.343005614122376e-05 0
1731965691654 6.353139178827405e-05 0
1731965707643 5.1665152568602934e-05 0
1731965723708 5.256923395791091e-05 0
1731965739669 6.020323417033069e-05 0
1731965755746 7.273736991919577e-05 0
1731965771723 5.979247362120077e-05 0
1731965787813 5.510527262231335e-05 0
1731965803783 5.5270385928452015e-05 0
1731965819858 4.8225476348306984e-05 0
1731965835825 5.497587699210271e-05 0
1731965851901 5.512115603778511e-05 0
1731965867835 6.262084934860468e-05 0
1731965883908 4.7411849664058536e-05 0
1731965899872 5.410018638940528e-05 0
1731965915943 4.927148256683722e-05 0
1731965932245 5.2917828725185245e-05 0
1731965948328 5.081814742879942e-05 0
1731965964266 5.0160517275799066e-05 0
1731965980341 6.585499795619398e-05 0
1731965996295 5.0275099056307226e-05 0
1731966012380 9.157064778264612e-05 0
1731966028321 5.788615089841187e-05 0
1731966044406 5.166005212231539e-05 0
1731966060341 6.35718388366513e-05 0
1731966076395 5.780313222203404e-05 0
1731966092321 5.039288953412324e-05 0
1731966108366 4.665387677960098e-05 0
1731966124351 5.285815859679133e-05 0
1731966140435 7.228570757433772e-05 0
1731966156387 0.00012161526683485135 0
1731966172786 4.845637158723548e-05 0
1731966188721 6.0063426644774154e-05 0
1731966204757 4.992731555830687e-05 0
1731966220674 5.5506141507066786e-05 0
1731966236739 5.608696665149182e-05 0
1731966252677 7.04226695233956e-05 0
1731966268704 5.870521272299811e-05 0
1731966284661 5.411054007709026e-05 0
1731966300680 4.183092823950574e-05 0
1731966316606 9.169238910544664e-05 0
1731966332668 4.753830216941424e-05 0
1731966348563 5.411088568507694e-05 0
1731966364585 6.152801506686956e-05 0
1731966380469 4.981135862180963e-05 0
1731966396872 5.2246057748561725e-05 0
1731966412801 5.102996510686353e-05 0
1731966428840 5.131897341925651e-05 0
1731966444765 4.376407741801813e-05 0
1731966460788 4.810038808500394e-05 0
1731966476679 5.4611391533399e-05 0
1731966492687 4.929298665956594e-05 0
1731966508601 4.8859830712899566e-05 0
1731966524627 4.711290603154339e-05 0
1731966540539 5.1629613153636456e-05 0
1731966556545 4.208557220408693e-05 0
1731966572467 5.380853690439835e-05 0
1731966588472 5.154238169780001e-05 0
1731966604385 4.820114190806635e-05 0
1731966620420 4.682107828557491e-05 0
1731966636689 5.336311005521566e-05 0
1731966652724 4.50039078714326e-05 0
1731966668652 5.598894495051354e-05 0
1731966684684 5.4943389841355383e-05 0
1731966700575 5.193825563765131e-05 0
1731966716576 6.578311149496585e-05 0
1731966732498 5.038613380747847e-05 0
1731966748513 6.055871563148685e-05 0
1731966764419 4.913971133646555e-05 0
1731966780461 4.3918560550082475e-05 0
1731966796328 3.747477239812724e-05 0
1731966812308 5.1189272198826075e-05 0
1731966828192 5.784403401776217e-05 0
1731966844195 4.699436976807192e-05 0
1731966860085 4.122810787521303e-05 0
1731966876387 4.518345667747781e-05 0
1731966892282 5.0789145461749285e-05 0
1731966908487 4.54073742730543e-05 0
1731966924379 4.037764301756397e-05 0
1731966940374 4.8089437768794596e-05 0
1731966956262 4.443161014933139e-05 0
1731966972245 4.89066333102528e-05 0
1731966988163 4.41771189798601e-05 0
1731967004165 4.649386028177105e-05 0
1731967020027 4.5493496145354584e-05 0
1731967036040 4.3817199184559286e-05 0
1731967051913 4.465870006242767e-05 0
1731967067934 5.7064877182710916e-05 0
1731967083816 4.641390114556998e-05 0
1731967099794 4.5584798499476165e-05 0
1731967115959 5.263317143544555e-05 0
1731967131964 3.9695645682513714e-05 0
1731967147877 3.449614450801164e-05 0
1731967163876 3.854962415061891e-05 0
1731967179773 6.24124804744497e-05 0
1731967195760 3.676375490613282e-05 0
1731967211687 3.2887852285057306e-05 0
1731967227723 4.840493420488201e-05 0
1731967243637 4.445140075404197e-05 0
1731967259665 3.998300962848589e-05 0
1731967275578 4.636221274267882e-05 0
1731967291576 3.409010969335213e-05 0
1731967307477 4.880890264757909e-05 0
1731967323498 4.248109689797275e-05 0
1731967339370 3.665631447802298e-05 0
