1731879815460 0.7536450028419495 0
1731879858189 0.72927325963974 0
1731879905909 0.712251603603363 0
1731879954959 0.7188035249710083 0
1731880003910 0.7151971459388733 0
1731880053255 0.7230109572410583 0
1731880102435 0.7203230857849121 0
1731880152027 0.7096417546272278 0
1731880202007 0.7258003950119019 0
1731880252248 0.7318928241729736 0
1731880302717 0.7184716463088989 0
1731880353549 0.7269024848937988 0
1731880404234 0.732949435710907 0
1731880455752 0.7195889353752136 0
1731880506298 0.7240461111068726 0
1731880550614 0.7286232709884644 0
1731880594876 0.7064055800437927 0
1731880639060 0.728344202041626 0
1731880683581 0.7517473697662354 0
1731880728109 0.7284477353096008 0
1731880772768 0.7248646020889282 0
1731880817610 0.7298391461372375 0
1731880859420 0.7319484949111938 0
1731880899945 0.7290015816688538 0
1731880941005 0.7285947799682617 0
1731880982036 0.7248229384422302 0
1731881022913 0.7247006297111511 0
1731881063760 0.7288166880607605 0
1731881104553 0.7182695865631104 0
1731881144782 0.7368628978729248 0
1731881183272 0.7289323210716248 0
1731881221870 0.7173753380775452 0
1731881260474 0.7234188318252563 0
1731881298877 0.7347499132156372 0
1731881337326 0.7338080406188965 0
1731881375717 0.7192308902740479 0
1731881414420 0.7219184637069702 0
1731881451441 0.7251003980636597 0
1731881488549 0.7342931032180786 0
1731881525206 0.735435962677002 0
1731881562383 0.7372021079063416 0
1731881599108 0.7236001491546631 0
1731881636208 0.7240877151489258 0
1731881672970 0.7200191617012024 0
1731881710423 0.7277519702911377 0
1731881747116 0.7469395995140076 0
1731881784329 0.7306175827980042 0
1731881821170 0.7368972897529602 0
1731881858083 0.7251861095428467 0
1731881894844 0.7407400608062744 0
1731881931834 0.7307265996932983 0
1731881968598 0.7380266785621643 0
1731882005520 0.7324569225311279 0
1731882042176 0.7092390060424805 0
1731882079234 0.7329975366592407 0
1731882115999 0.7435281276702881 0
1731882153107 0.7145701050758362 0
1731882189859 0.7349357604980469 0
1731882226957 0.7246326208114624 0
1731882264015 0.7228837609291077 0
1731882301087 0.7253835797309875 0
1731882337916 0.7447271943092346 0
1731882374955 0.7320922613143921 0
1731882411625 0.718694269657135 0
1731882448725 0.7474427819252014 0
1731882485479 0.7334858179092407 0
1731882522433 0.7327186465263367 0
1731882559209 0.7374204993247986 0
1731882596336 0.7212910652160645 0
1731882633018 0.7357847094535828 0
1731882670172 0.7225686311721802 0
1731882707119 0.714523434638977 0
1731882744351 0.7358335852622986 0
1731882781097 0.7355515956878662 0
1731882818634 0.741525411605835 0
1731882855379 0.7288528084754944 0
1731882892696 0.7308017015457153 0
1731882929538 0.7188903093338013 0
1731882966724 0.7057613730430603 0
1731883003569 0.7247399687767029 0
1731883040586 0.7202380299568176 0
1731883077369 0.7390452027320862 0
1731883114472 0.7198535799980164 0
1731883151311 0.7365374565124512 0
1731883188472 0.7431657314300537 0
1731883225235 0.7298442125320435 0
1731883262339 0.7388713359832764 0
1731883299026 0.7406939268112183 0
1731883336611 0.7237386107444763 0
1731883373457 0.7367938756942749 0
1731883410638 0.7373758554458618 0
1731883447647 0.7266257405281067 0
1731883484763 0.7347366213798523 0
1731883521531 0.747283399105072 0
1731883558762 0.7337408065795898 0
1731883595772 0.7341458201408386 0
1731883632803 0.7282363772392273 0
1731883669507 0.7387967705726624 0
1731883706747 0.7483834624290466 0
1731883743654 0.7281215190887451 0
1731883780973 0.7245297431945801 0
1731883817982 0.7286421656608582 0
1731883855244 0.731248676776886 0
1731883892257 0.7187387943267822 0
1731883929335 0.7253727912902832 0
1731883966237 0.728274405002594 0
1731884003452 0.7249287962913513 0
1731884040110 0.7297117114067078 0
1731884077333 0.7213307619094849 0
1731884114260 0.7323811054229736 0
1731884151472 0.7299790978431702 0
1731884188305 0.7336887121200562 0
1731884225539 0.7249512076377869 0
1731884262441 0.7359145879745483 0
1731884299637 0.7209691405296326 0
1731884336638 0.734362781047821 0
1731884373866 0.7143205404281616 0
1731884410654 0.7311293482780457 0
1731884448164 0.7378132939338684 0
1731884484961 0.731287956237793 0
1731884522167 0.7130335569381714 0
1731884559074 0.7308463454246521 0
1731884596149 0.7245777249336243 0
1731884632893 0.7291498780250549 0
1731884670024 0.7234216928482056 0
1731884706855 0.7320197224617004 0
1731884744342 0.7302001714706421 0
1731884781224 0.7361069321632385 0
1731884818323 0.7204335331916809 0
1731884855138 0.7262112498283386 0
1731884892347 0.7273656725883484 0
1731884929140 0.7286020517349243 0
1731884966520 0.7324974536895752 0
1731885003802 0.7153322100639343 0
1731885041071 0.7290061712265015 0
1731885078000 0.7437267899513245 0
1731885115178 0.7355862259864807 0
1731885152111 0.7282489538192749 0
1731885189435 0.7261865139007568 0
1731885226249 0.7349993586540222 0
1731885263557 0.7268707752227783 0
1731885300484 0.7352456450462341 0
1731885337824 0.7301560044288635 0
1731885374657 0.721153974533081 0
1731885411756 0.7381482124328613 0
1731885448667 0.7238661050796509 0
1731885485857 0.719719648361206 0
1731885522743 0.7239744663238525 0
1731885560395 0.7355011701583862 0
1731885597185 0.7474613189697266 0
1731885634459 0.7138274312019348 0
1731885671428 0.7269570827484131 0
1731885708641 0.7218372821807861 0
1731885745472 0.7189529538154602 0
1731885782731 0.7346659302711487 0
1731885819615 0.7216652035713196 0
1731885856944 0.7287670969963074 0
1731885893765 0.7256027460098267 0
1731885930985 0.7328507900238037 0
1731885967887 0.7281920313835144 0
1731886005100 0.7365241050720215 0
1731886041922 0.7260081171989441 0
1731886079379 0.7245644927024841 0
1731886116302 0.7301580309867859 0
1731886153382 0.7239956259727478 0
1731886190163 0.7354291081428528 0
1731886227363 0.7156645655632019 0
1731886264158 0.7284931540489197 0
1731886301347 0.74909907579422 0
1731886338240 0.7320985794067383 0
1731886375495 0.725125789642334 0
1731886412328 0.7221214175224304 0
1731886449493 0.744219958782196 0
1731886486397 0.7391284108161926 0
1731886523576 0.7236747145652771 0
1731886560403 0.7306846380233765 0
1731886597435 0.7236301302909851 0
1731886635044 0.723730742931366 0
1731886672117 0.7228471636772156 0
1731886708954 0.7199255228042603 0
1731886746147 0.717688262462616 0
1731886782973 0.7379834651947021 0
1731886820215 0.7206674218177795 0
1731886856960 0.7196192741394043 0
1731886894178 0.7413261532783508 0
1731886931057 0.7285325527191162 0
1731886968237 0.7218216061592102 0
1731887005126 0.7244914174079895 0
1731887042329 0.7381118535995483 0
1731887079092 0.7316099405288696 0
1731887116314 0.7043727040290833 0
1731887153148 0.7195591330528259 0
1731887190722 0.7180728316307068 0
1731887227505 0.7354339361190796 0
1731887264667 0.7233680486679077 0
1731887301475 0.734364926815033 0
1731887338577 0.7278491258621216 0
1731887375450 0.7286402583122253 0
1731887412655 0.7315370440483093 0
1731887449476 0.7337820529937744 0
1731887486659 0.7083039879798889 0
1731887523422 0.7238566875457764 0
1731887560488 0.7278434634208679 0
1731887597380 0.7259719967842102 0
1731887634541 0.7282993197441101 0
1731887671351 0.7235992550849915 0
1731887708546 0.7321733236312866 0
1731887745734 0.7227640151977539 0
1731887782882 0.729411780834198 0
1731887819531 0.7266015410423279 0
1731887856796 0.7291408777236938 0
1731887893638 0.7248692512512207 0
1731887930870 0.723834753036499 0
1731887967709 0.7259809374809265 0
1731888005000 0.7171070575714111 0
1731888041883 0.7246351838111877 0
1731888079044 0.7282269597053528 0
1731888115990 0.7223349809646606 0
1731888153099 0.739639163017273 0
1731888189969 0.7176822423934937 0
1731888227082 0.7252412438392639 0
1731888263962 0.7317793369293213 0
