1731879815460 0.7298923134803772 0
1731879858189 0.7187305092811584 0
1731879905909 0.7087545394897461 0
1731879954959 0.7060862183570862 0
1731880003910 0.7073184251785278 0
1731880053255 0.7098534107208252 0
1731880102435 0.7101442217826843 0
1731880152027 0.7027611136436462 0
1731880202007 0.7119007706642151 0
1731880252248 0.7164233326911926 0
1731880302717 0.7095562815666199 0
1731880353549 0.7080615162849426 0
1731880404234 0.7138081192970276 0
1731880455752 0.7088145017623901 0
1731880506298 0.7111806273460388 0
1731880550614 0.7114157676696777 0
1731880594876 0.7043182253837585 0
1731880639060 0.715962290763855 0
1731880683581 0.7254711389541626 0
1731880728109 0.7131327390670776 0
1731880772768 0.7087008953094482 0
1731880817610 0.7140030264854431 0
1731880859420 0.7171450257301331 0
1731880899945 0.7096458077430725 0
1731880941005 0.7145392298698425 0
1731880982036 0.7112098336219788 0
1731881022913 0.711726188659668 0
1731881063760 0.7114679217338562 0
1731881104553 0.7076205611228943 0
1731881144782 0.7164663076400757 0
1731881183272 0.7134265303611755 0
1731881221870 0.7095466256141663 0
1731881260474 0.7107744216918945 0
1731881298877 0.718341588973999 0
1731881337326 0.714924156665802 0
1731881375717 0.7091320753097534 0
1731881414420 0.7118973135948181 0
1731881451441 0.70957350730896 0
1731881488549 0.715843677520752 0
1731881525206 0.7125413417816162 0
1731881562383 0.7176214456558228 0
1731881599108 0.7128007411956787 0
1731881636208 0.7118749022483826 0
1731881672970 0.7065472602844238 0
1731881710423 0.7107470035552979 0
1731881747116 0.7234443426132202 0
1731881784329 0.7126663327217102 0
1731881821170 0.7182438969612122 0
1731881858083 0.7106623649597168 0
1731881894844 0.7195147275924683 0
1731881931834 0.7129780054092407 0
1731881968598 0.7151310443878174 0
1731882005520 0.7153382897377014 0
1731882042176 0.7053928971290588 0
1731882079234 0.715099573135376 0
1731882115999 0.7212238311767578 0
1731882153107 0.7044944763183594 0
1731882189859 0.7164539098739624 0
1731882226957 0.7135418057441711 0
1731882264015 0.7082077860832214 0
1731882301087 0.7119523286819458 0
1731882337916 0.7224697470664978 0
1731882374955 0.7145077586174011 0
1731882411625 0.7060096263885498 0
1731882448725 0.7204461693763733 0
1731882485479 0.7147337794303894 0
1731882522433 0.7153434157371521 0
1731882559209 0.7168340682983398 0
1731882596336 0.7080667614936829 0
1731882633018 0.7184103727340698 0
1731882670172 0.7102999091148376 0
1731882707119 0.706344485282898 0
1731882744351 0.7183995246887207 0
1731882781097 0.7164931297302246 0
1731882818634 0.7201309204101562 0
1731882855379 0.7147279381752014 0
1731882892696 0.7152113914489746 0
1731882929538 0.7099704146385193 0
1731882966724 0.7001252770423889 0
1731883003569 0.7140657305717468 0
1731883040586 0.7077901363372803 0
1731883077369 0.7203400135040283 0
1731883114472 0.7112395763397217 0
1731883151311 0.7183805704116821 0
1731883188472 0.7219288349151611 0
1731883225235 0.7146849036216736 0
1731883262339 0.7178363800048828 0
1731883299026 0.7201055288314819 0
1731883336611 0.7104267477989197 0
1731883373457 0.7172162532806396 0
1731883410638 0.7184715867042542 0
1731883447647 0.7125284671783447 0
1731883484763 0.7169531583786011 0
1731883521531 0.722098171710968 0
1731883558762 0.7158443331718445 0
1731883595772 0.7159390449523926 0
1731883632803 0.7152043581008911 0
1731883669507 0.7190300226211548 0
1731883706747 0.7227662205696106 0
1731883743654 0.7127333879470825 0
1731883780973 0.7109798789024353 0
1731883817982 0.7134863138198853 0
1731883855244 0.7146521806716919 0
1731883892257 0.7097294330596924 0
1731883929335 0.7128939032554626 0
1731883966237 0.7145277857780457 0
1731884003452 0.7127748131752014 0
1731884040110 0.7143518328666687 0
1731884077333 0.7090809345245361 0
1731884114260 0.7163522243499756 0
1731884151472 0.715643048286438 0
1731884188305 0.7170384526252747 0
1731884225539 0.7119289636611938 0
1731884262441 0.7167025804519653 0
1731884299637 0.7093942165374756 0
1731884336638 0.7173028588294983 0
1731884373866 0.7098305821418762 0
1731884410654 0.7154678106307983 0
1731884448164 0.7182936072349548 0
1731884484961 0.715292751789093 0
1731884522167 0.7051135897636414 0
1731884559074 0.7142369747161865 0
1731884596149 0.7113927602767944 0
1731884632893 0.7148945331573486 0
1731884670024 0.7104998230934143 0
1731884706855 0.7147914171218872 0
1731884744342 0.7145910263061523 0
1731884781224 0.717127799987793 0
1731884818323 0.7083271741867065 0
1731884855138 0.7119911313056946 0
1731884892347 0.7127026319503784 0
1731884929140 0.7133030891418457 0
1731884966520 0.7142594456672668 0
1731885003802 0.7064052224159241 0
1731885041071 0.7130212187767029 0
1731885078000 0.7213326096534729 0
1731885115178 0.7176286578178406 0
1731885152111 0.7145921587944031 0
1731885189435 0.7127020955085754 0
1731885226249 0.7154178023338318 0
1731885263557 0.7123361825942993 0
1731885300484 0.7179301381111145 0
1731885337824 0.7171606421470642 0
1731885374657 0.7106912136077881 0
1731885411756 0.71831876039505 0
1731885448667 0.7114944458007812 0
1731885485857 0.7093759179115295 0
1731885522743 0.7122751474380493 0
1731885560395 0.7187498807907104 0
1731885597185 0.7242130041122437 0
1731885634459 0.7077727913856506 0
1731885671428 0.7136448621749878 0
1731885708641 0.7106809020042419 0
1731885745472 0.7080362439155579 0
1731885782731 0.7161415815353394 0
1731885819615 0.7095261812210083 0
1731885856944 0.7142896056175232 0
1731885893765 0.7127770781517029 0
1731885930985 0.7166659832000732 0
1731885967887 0.7157469987869263 0
1731886005100 0.7196539640426636 0
1731886041922 0.7112167477607727 0
1731886079379 0.7105718851089478 0
1731886116302 0.7175273895263672 0
1731886153382 0.7113414406776428 0
1731886190163 0.7151791453361511 0
1731886227363 0.7064568996429443 0
1731886264158 0.7134852409362793 0
1731886301347 0.7233473658561707 0
1731886338240 0.7145284414291382 0
1731886375495 0.7116568684577942 0
1731886412328 0.7093755602836609 0
1731886449493 0.7204403877258301 0
1731886486397 0.718275785446167 0
1731886523576 0.7101806998252869 0
1731886560403 0.7137057185173035 0
1731886597435 0.7096260786056519 0
1731886635044 0.7106951475143433 0
1731886672117 0.7099621891975403 0
1731886708954 0.7074151635169983 0
1731886746147 0.7086295485496521 0
1731886782973 0.7177314758300781 0
1731886820215 0.7084106802940369 0
1731886856960 0.7089475393295288 0
1731886894178 0.7192049026489258 0
1731886931057 0.7117205858230591 0
1731886968237 0.7087751030921936 0
1731887005126 0.7106422185897827 0
1731887042329 0.7163376808166504 0
1731887079092 0.7133549451828003 0
1731887116314 0.7004846334457397 0
1731887153148 0.7074910998344421 0
1731887190722 0.7067837715148926 0
1731887227505 0.7157672643661499 0
1731887264667 0.7105662226676941 0
1731887301475 0.7163161635398865 0
1731887338577 0.7125763297080994 0
1731887375450 0.7127073407173157 0
1731887412655 0.7151541709899902 0
1731887449476 0.7146862149238586 0
1731887486659 0.7022475004196167 0
1731887523422 0.7102717757225037 0
1731887560488 0.7118949890136719 0
1731887597380 0.71103835105896 0
1731887634541 0.7134956121444702 0
1731887671351 0.7102710604667664 0
1731887708546 0.7149379253387451 0
1731887745734 0.7099013328552246 0
1731887782882 0.7123757004737854 0
1731887819531 0.7103489637374878 0
1731887856796 0.7131499648094177 0
1731887893638 0.7107861042022705 0
1731887930870 0.7091897130012512 0
1731887967709 0.7108771800994873 0
1731888005000 0.7069557309150696 0
1731888041883 0.7101141810417175 0
1731888079044 0.7130221128463745 0
1731888115990 0.7081496715545654 0
1731888153099 0.7180696725845337 0
1731888189969 0.7073151469230652 0
1731888227082 0.711418628692627 0
1731888263962 0.7138789296150208 0
