1731879815460 0.01566852442920208 0
1731879858189 0.015593063086271286 0
1731879905909 0.01515316404402256 0
1731879954959 0.014447967521846294 0
1731880003910 0.014577573165297508 0
1731880053255 0.01422563474625349 0
1731880102435 0.014372838661074638 0
1731880152027 0.014399157837033272 0
1731880202007 0.014126413501799107 0
1731880252248 0.01389834750443697 0
1731880302717 0.01393633522093296 0
1731880353549 0.01402202621102333 0
1731880404234 0.014102057553827763 0
1731880455752 0.014242681674659252 0
1731880506298 0.014177937060594559 0
1731880550614 0.013886752538383007 0
1731880594876 0.014282098971307278 0
1731880639060 0.014021928422152996 0
1731880683581 0.014226531609892845 0
1731880728109 0.01419227384030819 0
1731880772768 0.014236253686249256 0
1731880817610 0.013804450631141663 0
1731880859420 0.013742360286414623 0
1731880899945 0.013874060474336147 0
1731880941005 0.014193721115589142 0
1731880982036 0.013952496461570263 0
1731881022913 0.014349403791129589 0
1731881063760 0.01428565289825201 0
1731881104553 0.014327110722661018 0
1731881144782 0.013900639489293098 0
1731881183272 0.014157291501760483 0
1731881221870 0.014069732278585434 0
1731881260474 0.013855334371328354 0
1731881298877 0.013799859210848808 0
1731881337326 0.013639186508953571 0
1731881375717 0.013669895008206367 0
1731881414420 0.013604228384792805 0
1731881451441 0.013788084499537945 0
1731881488549 0.013592243194580078 0
1731881525206 0.014008136466145515 0
1731881562383 0.01396546047180891 0
1731881599108 0.013821071945130825 0
1731881636208 0.013841873966157436 0
1731881672970 0.014076175168156624 0
1731881710423 0.013961287215352058 0
1731881747116 0.01396365649998188 0
1731881784329 0.013741841539740562 0
1731881821170 0.014168722555041313 0
1731881858083 0.014238533563911915 0
1731881894844 0.014119523577392101 0
1731881931834 0.014065511524677277 0
1731881968598 0.01390763744711876 0
1731882005520 0.013931265100836754 0
1731882042176 0.013880670070648193 0
1731882079234 0.014072834514081478 0
1731882115999 0.013955269008874893 0
1731882153107 0.013984166085720062 0
1731882189859 0.013873952440917492 0
1731882226957 0.013602075167000294 0
1731882264015 0.013596996665000916 0
1731882301087 0.01383285690099001 0
1731882337916 0.013820602558553219 0
1731882374955 0.013638622127473354 0
1731882411625 0.013668586499989033 0
1731882448725 0.013430179096758366 0
1731882485479 0.013533479534089565 0
1731882522433 0.013553103432059288 0
1731882559209 0.013465353287756443 0
1731882596336 0.013568883761763573 0
1731882633018 0.013784898445010185 0
1731882670172 0.013625284656882286 0
1731882707119 0.013426659628748894 0
1731882744351 0.01336018554866314 0
1731882781097 0.013318161480128765 0
1731882818634 0.013258490711450577 0
1731882855379 0.013602404855191708 0
1731882892696 0.013430795632302761 0
1731882929538 0.013572681695222855 0
1731882966724 0.013484884984791279 0
1731883003569 0.013655443675816059 0
1731883040586 0.013523003086447716 0
1731883077369 0.01386493630707264 0
1731883114472 0.013618254102766514 0
1731883151311 0.01359527837485075 0
1731883188472 0.013632492162287235 0
1731883225235 0.01319609209895134 0
1731883262339 0.013358443044126034 0
1731883299026 0.013631314970552921 0
1731883336611 0.013731278479099274 0
1731883373457 0.013754035346210003 0
1731883410638 0.013633530586957932 0
1731883447647 0.013648842461407185 0
1731883484763 0.013594046235084534 0
1731883521531 0.013568846508860588 0
1731883558762 0.013433139771223068 0
1731883595772 0.013727872632443905 0
1731883632803 0.01370368804782629 0
1731883669507 0.013644791208207607 0
1731883706747 0.01342748012393713 0
1731883743654 0.013627827167510986 0
1731883780973 0.013256179168820381 0
1731883817982 0.013600262813270092 0
1731883855244 0.013718221336603165 0
1731883892257 0.013517697341740131 0
1731883929335 0.013462050817906857 0
1731883966237 0.013500831089913845 0
1731884003452 0.013031885959208012 0
1731884040110 0.01336841844022274 0
1731884077333 0.013434902764856815 0
1731884114260 0.013291566632688046 0
1731884151472 0.013324394822120667 0
1731884188305 0.013527117669582367 0
1731884225539 0.013500366359949112 0
1731884262441 0.013514217920601368 0
1731884299637 0.013533271849155426 0
1731884336638 0.013462712056934834 0
1731884373866 0.01368871983140707 0
1731884410654 0.013535948470234871 0
1731884448164 0.013396712020039558 0
1731884484961 0.01356348767876625 0
1731884522167 0.013688204810023308 0
1731884559074 0.013642530888319016 0
1731884596149 0.013636388815939426 0
1731884632893 0.013510464690625668 0
1731884670024 0.013612423092126846 0
1731884706855 0.013491115532815456 0
1731884744342 0.013412302359938622 0
1731884781224 0.013503123074769974 0
1731884818323 0.013817249797284603 0
1731884855138 0.013672384433448315 0
1731884892347 0.013595170341432095 0
1731884929140 0.013585845939815044 0
1731884966520 0.013615982607007027 0
1731885003802 0.01372106559574604 0
1731885041071 0.013726084493100643 0
1731885078000 0.013720710761845112 0
1731885115178 0.013661637902259827 0
1731885152111 0.013611078262329102 0
1731885189435 0.013548635877668858 0
1731885226249 0.013572180643677711 0
1731885263557 0.013388962484896183 0
1731885300484 0.013446022756397724 0
1731885337824 0.013579288497567177 0
1731885374657 0.01359097845852375 0
1731885411756 0.013480065390467644 0
1731885448667 0.013460759073495865 0
1731885485857 0.013630720786750317 0
1731885522743 0.013487022370100021 0
1731885560395 0.013592123985290527 0
1731885597185 0.013205538503825665 0
1731885634459 0.013581602834165096 0
1731885671428 0.013479149900376797 0
1731885708641 0.013604672625660896 0
1731885745472 0.013619388453662395 0
1731885782731 0.013686382211744785 0
1731885819615 0.0135651221498847 0
1731885856944 0.0136046651750803 0
1731885893765 0.01365786325186491 0
1731885930985 0.013697421178221703 0
1731885967887 0.013324613682925701 0
1731886005100 0.013363252393901348 0
1731886041922 0.013577877543866634 0
1731886079379 0.013636392541229725 0
1731886116302 0.01351750735193491 0
1731886153382 0.013663739897310734 0
1731886190163 0.013744582422077656 0
1731886227363 0.013434416614472866 0
1731886264158 0.01368546299636364 0
1731886301347 0.013735155574977398 0
1731886338240 0.01372409239411354 0
1731886375495 0.013771487399935722 0
1731886412328 0.013857339508831501 0
1731886449493 0.013816655613481998 0
1731886486397 0.013693799264729023 0
1731886523576 0.013799530453979969 0
1731886560403 0.01379420980811119 0
1731886597435 0.013767807744443417 0
1731886635044 0.013755063526332378 0
1731886672117 0.013784964568912983 0
1731886708954 0.013771121390163898 0
1731886746147 0.013797136954963207 0
1731886782973 0.013696907088160515 0
1731886820215 0.013869383372366428 0
1731886856960 0.01387039478868246 0
1731886894178 0.01384065207093954 0
1731886931057 0.013829052448272705 0
1731886968237 0.013865511864423752 0
1731887005126 0.013833154924213886 0
1731887042329 0.013897794298827648 0
1731887079092 0.013904896564781666 0
1731887116314 0.013844295404851437 0
1731887153148 0.01389884389936924 0
1731887190722 0.013803863897919655 0
1731887227505 0.013853347860276699 0
1731887264667 0.013784683309495449 0
1731887301475 0.013751865364611149 0
1731887338577 0.013733125291764736 0
1731887375450 0.013734298758208752 0
1731887412655 0.013835998252034187 0
1731887449476 0.013673095963895321 0
1731887486659 0.013742899522185326 0
1731887523422 0.013746760785579681 0
1731887560488 0.013876176439225674 0
1731887597380 0.013658951967954636 0
1731887634541 0.013766193762421608 0
1731887671351 0.013822466135025024 0
1731887708546 0.01376221515238285 0
1731887745734 0.013747361488640308 0
1731887782882 0.013814704492688179 0
1731887819531 0.0138390576466918 0
1731887856796 0.013883691281080246 0
1731887893638 0.013939770869910717 0
1731887930870 0.013877061195671558 0
1731887967709 0.013869056478142738 0
1731888005000 0.013902734033763409 0
1731888041883 0.013777239248156548 0
1731888079044 0.014026644639670849 0
1731888115990 0.0138365114107728 0
1731888153099 0.013835401274263859 0
1731888189969 0.013895757496356964 0
1731888227082 0.013851810246706009 0
1731888263962 0.013902281410992146 0
