1731879815462 0.00042107823537662625 0
1731879858193 0.00015302907559089363 0
1731879905912 8.841503586154431e-05 0
1731879954962 6.532648694701493e-05 0
1731880003913 5.5687109124846756e-05 0
1731880053259 4.957501732860692e-05 0
1731880102438 4.406506195664406e-05 0
1731880152030 4.184227145742625e-05 0
1731880202010 3.942989860661328e-05 0
1731880252250 3.590475898818113e-05 0
1731880302719 3.3618354791542515e-05 0
1731880353552 3.240846854168922e-05 0
1731880404236 3.161470522172749e-05 0
1731880455755 3.0939299904275686e-05 0
1731880506301 2.8262807973078452e-05 0
1731880550616 2.790491453197319e-05 0
1731880594878 2.801240043481812e-05 0
1731880639062 2.76281607511919e-05 0
1731880683584 2.6232697564410046e-05 0
1731880728112 2.5592120437067933e-05 0
1731880772770 2.5498617105768062e-05 0
1731880817613 2.4740604203543626e-05 0
1731880859424 2.4615099391667172e-05 0
1731880899948 2.4220340492320247e-05 0
1731880941008 2.3221433366416022e-05 0
1731880982039 2.3630684154340997e-05 0
1731881022915 2.252952072012704e-05 0
1731881063763 2.2743475710740313e-05 0
1731881104556 2.2305337552097626e-05 0
1731881144785 2.30365403695032e-05 0
1731881183274 2.142885023204144e-05 0
1731881221873 2.1571651814156212e-05 0
1731881260477 2.0900142772006802e-05 0
1731881298880 2.0944562493241392e-05 0
1731881337328 2.0546687665046193e-05 0
1731881375720 2.0783956642844714e-05 0
1731881414423 1.958841130544897e-05 0
1731881451444 2.0703026166302152e-05 0
1731881488551 1.988978692679666e-05 0
1731881525209 2.0020530428155325e-05 0
1731881562385 1.9901608538930304e-05 0
1731881599111 1.952241473190952e-05 0
1731881636211 1.9533379600034095e-05 0
1731881672972 1.915074790304061e-05 0
1731881710461 1.938895911735017e-05 0
1731881747119 1.9167600839864463e-05 0
1731881784332 1.8739823644864373e-05 0
1731881821172 1.9003533452632837e-05 0
1731881858085 1.8194501535617746e-05 0
1731881894846 1.8500839360058308e-05 0
1731881931836 1.8259359421790577e-05 0
1731881968601 1.827432970458176e-05 0
1731882005523 1.7986852981266566e-05 0
1731882042179 1.7622003724682145e-05 0
1731882079237 1.735868863761425e-05 0
1731882116001 1.766350214893464e-05 0
1731882153110 1.7476304492447525e-05 0
1731882189861 1.707182491372805e-05 0
1731882226959 1.7648200810072012e-05 0
1731882264017 1.6963915186352096e-05 0
1731882301090 1.6674053767928854e-05 0
1731882337918 1.7394688256899826e-05 0
1731882374957 1.6755742763052694e-05 0
1731882411627 1.6900867194635794e-05 0
1731882448728 1.7043126717908308e-05 0
1731882485481 1.648562465561554e-05 0
1731882522435 1.6550202417420223e-05 0
1731882559211 1.655933738220483e-05 0
1731882596339 1.6167927242349833e-05 0
1731882633020 1.6520769349881448e-05 0
1731882670175 1.6133819372043945e-05 0
1731882707121 1.607691592653282e-05 0
1731882744353 1.5990262909326702e-05 0
1731882781100 1.6051837519626133e-05 0
1731882818637 1.5591178453178145e-05 0
1731882855381 1.5883861124166287e-05 0
1731882892699 1.5367864762083627e-05 0
1731882929541 1.5802403140696697e-05 0
1731882966726 1.5545076166745275e-05 0
1731883003572 1.6004723875084892e-05 0
1731883040589 1.5061787053127773e-05 0
1731883077371 1.5693545719841495e-05 0
1731883114474 1.5140120922296774e-05 0
1731883151313 1.5038416677271016e-05 0
1731883188475 1.524236813565949e-05 0
1731883225237 1.4780144738324452e-05 0
1731883262342 1.479784168623155e-05 0
1731883299028 1.444382724002935e-05 0
1731883336613 1.4537761671817861e-05 0
1731883373460 1.434507703379495e-05 0
1731883410641 1.4840955373074394e-05 0
1731883447649 1.4367520634550601e-05 0
1731883484765 1.4720777471666224e-05 0
1731883521534 1.432970202586148e-05 0
1731883558765 1.4541452401317656e-05 0
1731883595774 1.482200877944706e-05 0
1731883632805 1.48262361108209e-05 0
1731883669509 1.4726263543707319e-05 0
1731883706750 1.4352938705997076e-05 0
1731883743656 1.4296398148871958e-05 0
1731883780975 1.4258778719522525e-05 0
1731883817984 1.4118086255621165e-05 0
1731883855246 1.4072526937525254e-05 0
1731883892259 1.4258937881095335e-05 0
1731883929338 1.4320630725705996e-05 0
1731883966240 1.4008592188474722e-05 0
1731884003454 1.3804057743982412e-05 0
1731884040114 1.4148420632409398e-05 0
1731884077335 1.406945193593856e-05 0
1731884114262 1.3821056199958548e-05 0
1731884151475 1.3677975402970333e-05 0
1731884188307 1.369574874843238e-05 0
1731884225541 1.3730848877457902e-05 0
1731884262446 1.41664277180098e-05 0
1731884299640 1.3763597962679341e-05 0
1731884336641 1.3980316907691304e-05 0
1731884373868 1.3563970242103096e-05 0
1731884410656 1.3693962500838097e-05 0
1731884448167 1.3780893823422957e-05 0
1731884484964 1.3163831681595184e-05 0
1731884522170 1.3171584214433096e-05 0
1731884559076 1.3332417438505217e-05 0
1731884596152 1.3668049177795183e-05 0
1731884632895 1.3280972780194134e-05 0
1731884670027 1.33956600620877e-05 0
1731884706857 1.3118695278535597e-05 0
1731884744344 1.3458839021041058e-05 0
1731884781226 1.291972876060754e-05 0
1731884818325 1.3216746083344333e-05 0
1731884855141 1.291291118832305e-05 0
1731884892350 1.2854524356953334e-05 0
1731884929142 1.2944160516781267e-05 0
1731884966522 1.2823659744753968e-05 0
1731885003804 1.3225645489001181e-05 0
1731885041074 1.232028444064781e-05 0
1731885078002 1.274586611543782e-05 0
1731885115180 1.2888499441032764e-05 0
1731885152113 1.2592217899509706e-05 0
1731885189437 1.3011807823204435e-05 0
1731885226251 1.2642055480682757e-05 0
1731885263559 1.292178058065474e-05 0
1731885300487 1.248836542799836e-05 0
1731885337827 1.2919113942189142e-05 0
1731885374660 1.2799743672076147e-05 0
1731885411759 1.2791928384103812e-05 0
1731885448669 1.2227127626829315e-05 0
1731885485859 1.2684617104241624e-05 0
1731885522745 1.232861995958956e-05 0
1731885560397 1.2328186130616814e-05 0
1731885597188 1.2491327652242035e-05 0
1731885634461 1.2336457984929439e-05 0
1731885671430 1.2223505109432153e-05 0
1731885708643 1.2357550076558255e-05 0
1731885745475 1.2408047041390091e-05 0
1731885782733 1.2152788258390501e-05 0
1731885819617 1.2292648534639739e-05 0
1731885856947 1.2279127986403182e-05 0
1731885893768 1.207883542519994e-05 0
1731885930987 1.2484034414228518e-05 0
1731885967890 1.228798100783024e-05 0
1731886005102 1.2016607797704637e-05 0
1731886041924 1.2471306945371907e-05 0
1731886079381 1.1966943930019625e-05 0
1731886116304 1.2122799489588942e-05 0
1731886153385 1.1904819075425621e-05 0
1731886190166 1.2017850167467259e-05 0
1731886227365 1.2000458809779957e-05 0
1731886264160 1.218697343574604e-05 0
1731886301349 1.2199830962345004e-05 0
1731886338242 1.206679007736966e-05 0
1731886375498 1.1995291970379185e-05 0
1731886412330 1.1978728252870496e-05 0
1731886449496 1.183602125820471e-05 0
1731886486399 1.1824138709926046e-05 0
1731886523578 1.1969790648436174e-05 0
1731886560406 1.1756871572288219e-05 0
1731886597438 1.179940954898484e-05 0
1731886635047 1.1553747754078358e-05 0
1731886672120 1.151014930655947e-05 0
1731886708956 1.1635725059022661e-05 0
1731886746149 1.1775480743381195e-05 0
1731886782975 1.1882502803928219e-05 0
1731886820218 1.1740852642105892e-05 0
1731886856962 1.1387333870516159e-05 0
1731886894181 1.1791890756285284e-05 0
1731886931059 1.1416565939725842e-05 0
1731886968239 1.180752951768227e-05 0
1731887005128 1.1746044947358314e-05 0
1731887042331 1.1356956747476943e-05 0
1731887079095 1.1483368325571064e-05 0
1731887116316 1.1640799129963852e-05 0
1731887153150 1.1404819815652445e-05 0
1731887190725 1.1571172763069626e-05 0
1731887227508 1.1397555681469385e-05 0
1731887264670 1.1657293725875206e-05 0
1731887301477 1.1273565178271383e-05 0
1731887338579 1.143741246778518e-05 0
1731887375452 1.1339864613546524e-05 0
1731887412658 1.1199127584404778e-05 0
1731887449479 1.1182148227817379e-05 0
1731887486661 1.1346035535098054e-05 0
1731887523425 1.1454452760517597e-05 0
1731887560490 1.1388082384655718e-05 0
1731887597383 1.1242838809266686e-05 0
1731887634543 1.1102784810645971e-05 0
1731887671353 1.1207523129996844e-05 0
1731887708548 1.1281390470685437e-05 0
1731887745737 1.1256822290306445e-05 0
1731887782884 1.1074411304434761e-05 0
1731887819533 1.1122361684101634e-05 0
1731887856799 1.1027673281205352e-05 0
1731887893641 1.0889439181482885e-05 0
1731887930873 1.1075307156716008e-05 0
1731887967711 1.1106662896054331e-05 0
1731888005002 1.100026838685153e-05 0
1731888041886 1.093634455173742e-05 0
1731888079047 1.0851247679966036e-05 0
1731888115992 1.0977861165883951e-05 0
1731888153101 1.1119650480395649e-05 0
1731888189972 1.0819681847351603e-05 0
1731888227085 1.104499551729532e-05 0
1731888263965 1.0923667105089407e-05 0
