1731879815462 0.00036092946538701653 0
1731879858193 0.00019272015197202563 0
1731879905912 0.00014477747026830912 0
1731879954962 0.00016685652371961623 0
1731880003913 0.00015708667342551053 0
1731880053259 0.00015264266403391957 0
1731880102438 0.00026899256044998765 0
1731880152030 0.00023082693223841488 0
1731880202010 0.00021374280913732946 0
1731880252250 0.0002519564295653254 0
1731880302719 0.00028414209373295307 0
1731880353552 0.00027397990925237536 0
1731880404236 0.00024507351918146014 0
1731880455755 0.00026701868046075106 0
1731880506301 0.00032454723259434104 0
1731880550616 0.0003976444131694734 0
1731880594878 0.0003562935162335634 0
1731880639062 0.00030113410321064293 0
1731880683584 0.00035496416967362165 0
1731880728112 0.00035692716483026743 0
1731880772770 0.00038678915007039905 0
1731880817613 0.0007051908178254962 0
1731880859424 0.0005321884527802467 0
1731880899948 0.0004958513891324401 0
1731880941008 0.0004474468878470361 0
1731880982039 0.000504653318785131 0
1731881022915 0.0004492602020036429 0
1731881063763 0.0005276103038340807 0
1731881104556 0.0004631029150914401 0
1731881144785 0.0004472806758712977 0
1731881183274 0.00047497570631094277 0
1731881221873 0.0005345189711079001 0
1731881260477 0.001226981868967414 0
1731881298880 0.0005387445562519133 0
1731881337328 0.0005618067225441337 0
1731881375720 0.0004890398704446852 0
1731881414423 0.0007320046424865723 0
1731881451444 0.0005988546181470156 0
1731881488551 0.0006461454322561622 0
1731881525209 0.0005397415370680392 0
1731881562385 0.0006203658413141966 0
1731881599111 0.0009409126359969378 0
1731881636211 0.0006874536047689617 0
1731881672972 0.0006099546444602311 0
1731881710461 0.0005942166317254305 0
1731881747119 0.0007346764905378222 0
1731881784332 0.0006491225212812424 0
1731881821172 0.0007293141097761691 0
1731881858085 0.0006771168555133045 0
1731881894846 0.0006695941556245089 0
1731881931836 0.0008039401145651937 0
1731881968601 0.0007538029458373785 0
1731882005523 0.0006518326699733734 0
1731882042179 0.000817327992990613 0
1731882079237 0.0006366251618601382 0
1731882116001 0.0006047729402780533 0
1731882153110 0.0008272590930573642 0
1731882189861 0.0009486140916123986 0
1731882226959 0.0005943233263678849 0
1731882264017 0.0008255731663666666 0
1731882301090 0.0010202977573499084 0
1731882337918 0.000719879346434027 0
1731882374957 0.0007581163081340492 0
1731882411627 0.0008183042518794537 0
1731882448728 0.0007563441758975387 0
1731882485481 0.0007745898328721523 0
1731882522435 0.000714310328476131 0
1731882559211 0.0007769515505060554 0
1731882596339 0.0009458968415856361 0
1731882633020 0.0008062683045864105 0
1731882670175 0.0008953409851528704 0
1731882707121 0.0010343929752707481 0
1731882744353 0.0008044717251323164 0
1731882781100 0.0007718771230429411 0
1731882818637 0.0007833074196241796 0
1731882855381 0.0009480183944106102 0
1731882892699 0.0008260371396318078 0
1731882929541 0.0008492706692777574 0
1731882966726 0.0008230138919316232 0
1731883003572 0.0008022802649065852 0
1731883040589 0.0010255262022837996 0
1731883077371 0.0008640894666314125 0
1731883114474 0.0008937902748584747 0
1731883151313 0.0009006459731608629 0
1731883188475 0.0008396453922614455 0
1731883225237 0.001283121993765235 0
1731883262342 0.0009771876502782106 0
1731883299028 0.0010326278861612082 0
1731883336613 0.0010467123938724399 0
1731883373460 0.0010191751644015312 0
1731883410641 0.0009300174424424767 0
1731883447649 0.0010989607544615865 0
1731883484765 0.0017087121959775686 0
1731883521534 0.0010324587346985936 0
1731883558765 0.0009773102356120944 0
1731883595774 0.0009498938452452421 0
1731883632805 0.000934205949306488 0
1731883669509 0.0009359299438074231 0
1731883706750 0.0009265737025998533 0
1731883743656 0.0009811578784137964 0
1731883780975 0.0008735907031223178 0
1731883817984 0.0010945007670670748 0
1731883855246 0.0010910038836300373 0
1731883892259 0.001051946310326457 0
1731883929338 0.0011013213079422712 0
1731883966240 0.000899145205039531 0
1731884003454 0.0009750104509294033 0
1731884040114 0.0010674295481294394 0
1731884077335 0.001163557288236916 0
1731884114262 0.0011785691604018211 0
1731884151475 0.0009912962559610605 0
1731884188307 0.0009818803519010544 0
1731884225541 0.0009477249695919454 0
1731884262446 0.0010025646770372987 0
1731884299640 0.0009506805217824876 0
1731884336641 0.0008304363000206649 0
1731884373868 0.0013006365625187755 0
1731884410656 0.0010075448080897331 0
1731884448167 0.00165345158893615 0
1731884484964 0.0011729098623618484 0
1731884522170 0.001208542031235993 0
1731884559076 0.001337871770374477 0
1731884596152 0.0013246953021734953 0
1731884632895 0.0012409670744091272 0
1731884670027 0.0012772066984325647 0
1731884706857 0.0014445913257077336 0
1731884744344 0.0010815204586833715 0
1731884781226 0.0011130789062008262 0
1731884818325 0.0010138489305973053 0
1731884855141 0.0015188243705779314 0
1731884892350 0.0011445330455899239 0
1731884929142 0.0011002919636666775 0
1731884966522 0.001100748311728239 0
1731885003804 0.0012838508700951934 0
1731885041074 0.0013625678839161992 0
1731885078002 0.0013682995922863483 0
1731885115180 0.0012245605466887355 0
1731885152113 0.0012489024084061384 0
1731885189437 0.0022516450844705105 0
1731885226251 0.0013296796241775155 0
1731885263559 0.0010865711374208331 0
1731885300487 0.0011934592621400952 0
1731885337827 0.001079487381502986 0
1731885374660 0.001026935875415802 0
1731885411759 0.0011997984256595373 0
1731885448669 0.0012039432767778635 0
1731885485859 0.0011937262024730444 0
1731885522745 0.0011727289529517293 0
1731885560397 0.0012500312877818942 0
1731885597188 0.0011992058716714382 0
1731885634461 0.0012970755342394114 0
1731885671430 0.001034280052408576 0
1731885708643 0.0012160748010501266 0
1731885745475 0.0011731551494449377 0
1731885782733 0.0013161877868697047 0
1731885819617 0.0012174556031823158 0
1731885856947 0.0015660234494134784 0
1731885893768 0.0013342378661036491 0
1731885930987 0.0012607291573658586 0
1731885967890 0.001258114934898913 0
1731886005102 0.0011757499305531383 0
1731886041924 0.0011030584573745728 0
1731886079381 0.001202761777676642 0
1731886116304 0.0011010230518877506 0
1731886153385 0.001300725736655295 0
1731886190166 0.001199594116769731 0
1731886227365 0.001168303657323122 0
1731886264160 0.001208505011163652 0
1731886301349 0.0011437517823651433 0
1731886338242 0.0011335898889228702 0
1731886375498 0.0012512708781287074 0
1731886412330 0.0013324791798368096 0
1731886449496 0.0013575037010014057 0
1731886486399 0.0012892065569758415 0
1731886523578 0.0011557313846424222 0
1731886560406 0.0012702855747193098 0
1731886597438 0.0011658575385808945 0
1731886635047 0.0013272345531731844 0
1731886672120 0.0013150913873687387 0
1731886708956 0.0011951271444559097 0
1731886746149 0.0013097503688186407 0
1731886782975 0.0013180632377043366 0
1731886820218 0.0012786051956936717 0
1731886856962 0.0012557465815916657 0
1731886894181 0.0011739974142983556 0
1731886931059 0.001254801289178431 0
1731886968239 0.0011431874008849263 0
1731887005128 0.0011546931928023696 0
1731887042331 0.0012030807556584477 0
1731887079095 0.0011581338476389647 0
1731887116316 0.0011629766086116433 0
1731887153150 0.0011838843347504735 0
1731887190725 0.0011573726078495383 0
1731887227508 0.0011215904960408807 0
1731887264670 0.0011976816458627582 0
1731887301477 0.00112707179505378 0
1731887338579 0.0013278669212013483 0
1731887375452 0.001417033956386149 0
1731887412658 0.001266808365471661 0
1731887449479 0.0013084610691294074 0
1731887486661 0.0011659720912575722 0
1731887523425 0.0011845050612464547 0
1731887560490 0.0012003271840512753 0
1731887597383 0.0012352722696959972 0
1731887634543 0.0011402524542063475 0
1731887671353 0.0011909068562090397 0
1731887708548 0.0011926962761208415 0
1731887745737 0.0013046422973275185 0
1731887782884 0.0011768059339374304 0
1731887819533 0.0011798430932685733 0
1731887856799 0.00134260521735996 0
1731887893641 0.001388983684591949 0
1731887930873 0.001299133524298668 0
1731887967711 0.0013372511602938175 0
1731888005002 0.0011857859790325165 0
1731888041886 0.0012475569965317845 0
1731888079047 0.0012211111607030034 0
1731888115992 0.0012604115763679147 0
1731888153101 0.0011968290200456977 0
1731888189972 0.0013264348963275552 0
1731888227085 0.0012743913102895021 0
1731888263965 0.001351364771835506 0
