1731879815462 0.005608809180557728 0
1731879858193 0.00493219867348671 0
1731879905912 0.004427699837833643 0
1731879954962 0.0033069222699850798 0
1731880003913 0.002645166590809822 0
1731880053259 0.003131288103759289 0
1731880102438 0.0026123085990548134 0
1731880152030 0.0023818283807486296 0
1731880202010 0.0023504707496613264 0
1731880252250 0.002519917907193303 0
1731880302719 0.0017425459809601307 0
1731880353552 0.0033093940000981092 0
1731880404236 0.0021112761460244656 0
1731880455755 0.0018919934518635273 0
1731880506301 0.0018788243178278208 0
1731880550616 0.0022378037683665752 0
1731880594878 0.002456525107845664 0
1731880639062 0.0024664821103215218 0
1731880683584 0.0018628782127052546 0
1731880728112 0.0021076935809105635 0
1731880772770 0.0027855336666107178 0
1731880817613 0.0016721081919968128 0
1731880859424 0.0024559451267123222 0
1731880899948 0.0031184335239231586 0
1731880941008 0.0022458478342741728 0
1731880982039 0.0020721708424389362 0
1731881022915 0.002452101092785597 0
1731881063763 0.001978097017854452 0
1731881104556 0.001609611208550632 0
1731881144785 0.002219198737293482 0
1731881183274 0.0014511741464957595 0
1731881221873 0.002216496504843235 0
1731881260477 0.0017511153127998114 0
1731881298880 0.0022727851755917072 0
1731881337328 0.0015589313115924597 0
1731881375720 0.0017832377925515175 0
1731881414423 0.0018330924212932587 0
1731881451444 0.0017365006497129798 0
1731881488551 0.0027720292564481497 0
1731881525209 0.002316990401595831 0
1731881562385 0.001997126964852214 0
1731881599111 0.0022416855208575726 0
1731881636211 0.0017381588695570827 0
1731881672972 0.0016471112612634897 0
1731881710461 0.001794950570911169 0
1731881747119 0.0022300356067717075 0
1731881784332 0.001915340661071241 0
1731881821172 0.002075374824926257 0
1731881858085 0.002070077694952488 0
1731881894846 0.0015772758051753044 0
1731881931836 0.0015667745610699058 0
1731881968601 0.0018678925698623061 0
1731882005523 0.0019250072073191404 0
1731882042179 0.00170765386428684 0
1731882079237 0.0013297300320118666 0
1731882116001 0.001508705667220056 0
1731882153110 0.0015087721403688192 0
1731882189861 0.0018009452614933252 0
1731882226959 0.0024629170075058937 0
1731882264017 0.0018197683384642005 0
1731882301090 0.0020867029670625925 0
1731882337918 0.0020920750685036182 0
1731882374957 0.0016222767299041152 0
1731882411627 0.002027585869655013 0
1731882448728 0.0023334105499088764 0
1731882485481 0.0014902087859809399 0
1731882522435 0.001717562205158174 0
1731882559211 0.0014637485146522522 0
1731882596339 0.0016433418495580554 0
1731882633020 0.0016015858855098486 0
1731882670175 0.0013381161261349916 0
1731882707121 0.0014503062702715397 0
1731882744353 0.002861887915059924 0
1731882781100 0.001430356758646667 0
1731882818637 0.001566343242302537 0
1731882855381 0.0017765702214092016 0
1731882892699 0.001392554258927703 0
1731882929541 0.0015836094971746206 0
1731882966726 0.0018635246669873595 0
1731883003572 0.0021679906640201807 0
1731883040589 0.001722825109027326 0
1731883077371 0.002305570524185896 0
1731883114474 0.0019326828187331557 0
1731883151313 0.001352196908555925 0
1731883188475 0.0014344508526846766 0
1731883225237 0.0015114926500245929 0
1731883262342 0.0014868034049868584 0
1731883299028 0.0013156924396753311 0
1731883336613 0.001335935085080564 0
1731883373460 0.0012101592728868127 0
1731883410641 0.0017677913419902325 0
1731883447649 0.0013553437311202288 0
1731883484765 0.0013062215875834227 0
1731883521534 0.0014509065076708794 0
1731883558765 0.0023043323308229446 0
1731883595774 0.0012011199723929167 0
1731883632805 0.0019426913931965828 0
1731883669509 0.0011715495493263006 0
1731883706750 0.001425931230187416 0
1731883743656 0.0012837543617933989 0
1731883780975 0.0016449983231723309 0
1731883817984 0.0011527861934155226 0
1731883855246 0.001765730557963252 0
1731883892259 0.0013509480049833655 0
1731883929338 0.0017368958797305822 0
1731883966240 0.0019111731089651585 0
1731884003454 0.0017077969387173653 0
1731884040114 0.0014136666432023048 0
1731884077335 0.0013370616361498833 0
1731884114262 0.0014190286165103316 0
1731884151475 0.0015255312900990248 0
1731884188307 0.0010332579258829355 0
1731884225541 0.0015494406688958406 0
1731884262446 0.0012819002149626613 0
1731884299640 0.0012478646822273731 0
1731884336641 0.0016748309135437012 0
1731884373868 0.0025680342223495245 0
1731884410656 0.0010729179484769702 0
1731884448167 0.0013637917581945658 0
1731884484964 0.0012258710339665413 0
1731884522170 0.001424189074896276 0
1731884559076 0.0012879105051979423 0
1731884596152 0.0013182859402149916 0
1731884632895 0.0012608938850462437 0
1731884670027 0.0013299367856234312 0
1731884706857 0.0015017304103821516 0
1731884744344 0.0011431005550548434 0
1731884781226 0.001453046454116702 0
1731884818325 0.0013515104074031115 0
1731884855141 0.0013787359930574894 0
1731884892350 0.0014014721382409334 0
1731884929142 0.0012813553912565112 0
1731884966522 0.0013732140650972724 0
1731885003804 0.0019668443128466606 0
1731885041074 0.0012291815364733338 0
1731885078002 0.0014729317044839263 0
1731885115180 0.0013616688083857298 0
1731885152113 0.001175502547994256 0
1731885189437 0.0016158667858690023 0
1731885226251 0.0015778876841068268 0
1731885263559 0.0015320926904678345 0
1731885300487 0.0013541411608457565 0
1731885337827 0.0021993431728333235 0
1731885374660 0.0012078176951035857 0
1731885411759 0.0013112016022205353 0
1731885448669 0.0012966070789843798 0
1731885485859 0.0012889127247035503 0
1731885522745 0.0011729953112080693 0
1731885560397 0.0016217466909438372 0
1731885597188 0.001424487098120153 0
1731885634461 0.0011809763964265585 0
1731885671430 0.0012123135384172201 0
1731885708643 0.0010028983233496547 0
1731885745475 0.0016426354413852096 0
1731885782733 0.0013196420622989535 0
1731885819617 0.00158551090862602 0
1731885856947 0.0012849558843299747 0
1731885893768 0.0013536683982238173 0
1731885930987 0.001512274146080017 0
1731885967890 0.001566731370985508 0
1731886005102 0.001431984594091773 0
1731886041924 0.001325781224295497 0
1731886079381 0.0014940103283151984 0
1731886116304 0.0022735437378287315 0
1731886153385 0.0012404106091707945 0
1731886190166 0.0015823057619854808 0
1731886227365 0.0015337116783484817 0
1731886264160 0.0015135351568460464 0
1731886301349 0.0012416573008522391 0
1731886338242 0.001350511098280549 0
1731886375498 0.0016950893914327025 0
1731886412330 0.0011335315648466349 0
1731886449496 0.0013895193114876747 0
1731886486399 0.001337907975539565 0
1731886523578 0.001202846528030932 0
1731886560406 0.0011080421973019838 0
1731886597438 0.0011495440267026424 0
1731886635047 0.0015652509173378348 0
1731886672120 0.0011127529432997108 0
1731886708956 0.0013428999809548259 0
1731886746149 0.0016700788401067257 0
1731886782975 0.00194547267165035 0
1731886820218 0.0013725783210247755 0
1731886856962 0.0013091294094920158 0
1731886894181 0.0014798574848100543 0
1731886931059 0.0012019290588796139 0
1731886968239 0.0013284462038427591 0
1731887005128 0.0011587722692638636 0
1731887042331 0.0015137813752517104 0
1731887079095 0.0010717198019847274 0
1731887116316 0.0011208796640858054 0
1731887153150 0.0013135189656168222 0
1731887190725 0.0010407933732494712 0
1731887227508 0.00125064083840698 0
1731887264670 0.0011243795743212104 0
1731887301477 0.0011340598575770855 0
1731887338579 0.0015874742530286312 0
1731887375452 0.001099113142117858 0
1731887412658 0.0017483048141002655 0
1731887449479 0.0011828066781163216 0
1731887486661 0.0014011987950652838 0
1731887523425 0.0011193796526640654 0
1731887560490 0.001979856751859188 0
1731887597383 0.0012255888432264328 0
1731887634543 0.0010156448697671294 0
1731887671353 0.0011922421399503946 0
1731887708548 0.0013477904722094536 0
1731887745737 0.001170998439192772 0
1731887782884 0.0012706819688901305 0
1731887819533 0.0016852346016094089 0
1731887856799 0.0012455435935407877 0
1731887893641 0.0012262165546417236 0
1731887930873 0.0012240418000146747 0
1731887967711 0.0013010759139433503 0
1731888005002 0.0014661833411082625 0
1731888041886 0.001268390566110611 0
1731888079047 0.0016352118691429496 0
1731888115992 0.0011637986171990633 0
1731888153101 0.001336482702754438 0
1731888189972 0.0015008898917585611 0
1731888227085 0.0013342428719624877 0
1731888263965 0.0009880515281111002 0
