1731973283770 2.44057559967041 0
1731973302724 2.796173095703125 0
1731973321620 3.0696375370025635 0
1731973340555 2.9420135021209717 0
1731973359347 2.828986644744873 0
1731973378183 3.0472354888916016 0
1731973396897 3.076458215713501 0
1731973415690 2.8674309253692627 0
1731973434412 2.9720709323883057 0
1731973453200 2.86918568611145 0
1731973471917 3.04960298538208 0
1731973490744 2.960721254348755 0
1731973509458 3.0425968170166016 0
1731973528261 2.951035499572754 0
1731973547570 2.8936426639556885 0
1731973564423 2.8745923042297363 0
1731973581272 2.9436869621276855 0
1731973598137 3.0400004386901855 0
1731973614981 2.93666410446167 0
1731973631843 2.9154467582702637 0
1731973648702 2.977719306945801 0
1731973665536 2.8712732791900635 0
1731973681722 2.9041285514831543 0
1731973697572 2.866288423538208 0
1731973713484 2.8341176509857178 0
1731973729391 2.9678149223327637 0
1731973745276 2.949169874191284 0
1731973761128 2.9040029048919678 0
1731973777026 2.942920207977295 0
1731973793308 2.9137651920318604 0
1731973808655 2.988780975341797 0
1731973823992 2.9670393466949463 0
1731973839337 2.928982734680176 0
1731973854643 3.0328893661499023 0
1731973869965 2.8907389640808105 0
1731973885292 2.9955108165740967 0
1731973900647 2.8984196186065674 0
1731973915656 2.8773884773254395 0
1731973930647 2.9360156059265137 0
1731973945545 2.8950772285461426 0
1731973960525 2.9214048385620117 0
1731973975423 2.9274888038635254 0
1731973990419 2.9771578311920166 0
1731974005330 2.941218137741089 0
1731974020847 2.980985641479492 0
1731974035732 3.074042558670044 0
1731974050722 2.973341941833496 0
1731974065624 2.9815499782562256 0
1731974080610 2.9709341526031494 0
1731974095527 2.9718575477600098 0
1731974110517 3.0078611373901367 0
1731974125421 2.987924575805664 0
1731974140422 2.9747369289398193 0
1731974155331 2.9796855449676514 0
1731974170338 2.9602980613708496 0
1731974185224 3.007683515548706 0
1731974200198 2.971308469772339 0
1731974215082 3.0078542232513428 0
1731974230054 2.93619704246521 0
1731974245655 3.0006115436553955 0
1731974260645 2.9543871879577637 0
1731974275519 2.948190450668335 0
1731974290495 2.94197940826416 0
1731974305380 2.937929391860962 0
1731974320344 2.9308159351348877 0
1731974335197 2.896249771118164 0
1731974350161 2.951073408126831 0
1731974365019 2.900658130645752 0
1731974380004 2.959455966949463 0
1731974394857 2.9734067916870117 0
1731974409819 3.0181941986083984 0
1731974424700 3.0046606063842773 0
1731974439631 2.994499921798706 0
1731974454501 2.947335958480835 0
1731974470012 2.940368413925171 0
1731974484874 2.95127010345459 0
1731974499829 2.9393413066864014 0
1731974514679 2.9444615840911865 0
1731974529624 3.030954122543335 0
1731974544481 2.989264488220215 0
1731974559432 2.975663423538208 0
1731974574298 2.9410715103149414 0
1731974589248 2.95320987701416 0
1731974604105 2.9518749713897705 0
1731974619051 2.957331418991089 0
1731974633927 2.9151504039764404 0
1731974648878 2.9670026302337646 0
1731974663732 2.966778039932251 0
1731974679410 2.9403269290924072 0
1731974694289 2.9795420169830322 0
1731974709244 2.9271600246429443 0
1731974724104 2.977851629257202 0
1731974739059 2.993924140930176 0
1731974753919 2.9545483589172363 0
1731974768887 2.9663965702056885 0
1731974783740 2.9560184478759766 0
1731974798677 2.9596195220947266 0
1731974813520 2.970036268234253 0
1731974828474 2.9320385456085205 0
1731974843319 2.9381046295166016 0
1731974858232 2.929271936416626 0
1731974873069 2.929811477661133 0
1731974887964 2.9592936038970947 0
1731974903637 2.939274311065674 0
1731974918554 2.9413812160491943 0
1731974933383 2.9548606872558594 0
1731974948338 3.0117695331573486 0
1731974963187 2.9570353031158447 0
1731974978140 2.9571375846862793 0
1731974992963 2.9715397357940674 0
1731975007898 2.9642083644866943 0
1731975022741 2.9570019245147705 0
1731975037676 2.9170496463775635 0
1731975052522 2.9204797744750977 0
1731975067462 2.9293270111083984 0
1731975082303 2.9668869972229004 0
1731975097246 2.9602084159851074 0
1731975112070 2.952024459838867 0
1731975127791 2.9649040699005127 0
1731975142629 2.9708566665649414 0
1731975157551 2.9632599353790283 0
1731975172382 2.9725213050842285 0
1731975187307 2.969090223312378 0
1731975202127 2.9489705562591553 0
1731975217055 2.944566011428833 0
1731975231883 2.974167585372925 0
1731975246805 2.940276622772217 0
1731975261617 2.971586227416992 0
1731975276540 2.9546010494232178 0
1731975291358 2.952014684677124 0
1731975306260 2.9475536346435547 0
1731975321087 2.946279525756836 0
1731975336017 2.970144033432007 0
1731975351439 2.955353260040283 0
1731975366333 2.978790283203125 0
1731975381185 2.982884645462036 0
1731975396088 2.965583562850952 0
1731975410910 2.935539484024048 0
1731975425835 2.973109245300293 0
1731975440672 2.9720072746276855 0
1731975455581 2.97978138923645 0
1731975470427 2.965742349624634 0
1731975485358 2.9550349712371826 0
1731975500167 2.9337687492370605 0
1731975515076 2.980098247528076 0
1731975529922 2.9440066814422607 0
1731975544832 2.9476072788238525 0
1731975559666 2.937086582183838 0
1731975575193 2.93207049369812 0
1731975590020 2.946263313293457 0
1731975604920 2.9403510093688965 0
1731975619760 2.964393138885498 0
1731975634667 2.9688596725463867 0
1731975649497 2.992434501647949 0
1731975664408 2.9868810176849365 0
1731975679222 2.924037218093872 0
1731975694139 2.9313135147094727 0
1731975708958 2.9461910724639893 0
1731975723861 2.9367613792419434 0
1731975738699 2.9219813346862793 0
1731975753613 2.9393386840820312 0
1731975768430 2.9859349727630615 0
1731975784061 2.980057954788208 0
1731975798873 2.9639084339141846 0
1731975813773 2.9490597248077393 0
1731975828585 2.9473867416381836 0
1731975843490 2.9656832218170166 0
1731975858316 2.9724502563476562 0
1731975873228 2.9606070518493652 0
1731975888048 2.940429449081421 0
1731975902957 2.940890073776245 0
1731975917769 2.9264652729034424 0
1731975932679 2.9402899742126465 0
1731975947486 2.950232744216919 0
1731975962389 2.954719066619873 0
1731975977203 2.957392454147339 0
1731975992111 2.970956563949585 0
1731976007614 2.9804534912109375 0
1731976022537 2.955327272415161 0
1731976037356 2.948312997817993 0
1731976052256 2.9837396144866943 0
1731976067068 2.949295997619629 0
1731976081969 2.9819955825805664 0
1731976096779 2.943122148513794 0
1731976111702 2.970844030380249 0
1731976126509 2.9467928409576416 0
1731976141407 2.946929454803467 0
1731976156233 2.965609550476074 0
1731976171135 2.9493913650512695 0
1731976185967 2.955756664276123 0
1731976200880 2.953660011291504 0
1731976215705 2.9453258514404297 0
1731976230958 2.960099935531616 0
1731976245766 2.9739763736724854 0
1731976260661 2.9452896118164062 0
1731976275472 2.9737846851348877 0
1731976290387 2.9556095600128174 0
1731976305187 2.9557197093963623 0
1731976320095 2.9603376388549805 0
1731976334903 2.954364061355591 0
1731976349827 2.959383249282837 0
1731976364647 2.9448790550231934 0
1731976379551 2.958850622177124 0
1731976394381 2.951094388961792 0
1731976409270 2.973698377609253 0
1731976424080 2.967222213745117 0
1731976438994 2.9654252529144287 0
1731976454644 2.9695205688476562 0
1731976469571 2.9533498287200928 0
1731976484397 2.9599802494049072 0
1731976499290 2.9458632469177246 0
1731976514132 2.95780086517334 0
1731976529052 2.9568283557891846 0
1731976543883 2.963931083679199 0
1731976558793 2.9530014991760254 0
1731976573619 2.9716880321502686 0
1731976588524 2.9809389114379883 0
1731976603339 2.9665656089782715 0
1731976618235 2.9622926712036133 0
1731976633069 2.952749013900757 0
1731976647958 2.9592232704162598 0
1731976662779 2.959658145904541 0
