1731973283770 0.8230445384979248 0
1731973302724 0.8354184031486511 0
1731973321620 0.8746978044509888 0
1731973340555 0.9057595729827881 0
1731973359347 0.9030222296714783 0
1731973378183 0.9281690716743469 0
1731973396897 0.9527349472045898 0
1731973415690 0.9513390064239502 0
1731973434412 0.9741066694259644 0
1731973453200 0.9805286526679993 0
1731973471917 0.9823166728019714 0
1731973490744 0.9925721883773804 0
1731973509458 0.987311601638794 0
1731973528261 0.9961712956428528 0
1731973547570 0.9904701113700867 0
1731973564423 0.9917960166931152 0
1731973581272 1.0019829273223877 0
1731973598137 0.991582453250885 0
1731973614981 1.0021255016326904 0
1731973631843 1.0053974390029907 0
1731973648702 1.0028049945831299 0
1731973665536 0.9968342781066895 0
1731973681722 1.00276780128479 0
1731973697572 0.9991207718849182 0
1731973713484 0.998043954372406 0
1731973729391 1.0044224262237549 0
1731973745276 1.0103131532669067 0
1731973761128 1.0129417181015015 0
1731973777026 0.999040424823761 0
1731973793308 0.9986481070518494 0
1731973808655 1.0042493343353271 0
1731973823992 1.0000208616256714 0
1731973839337 1.0089185237884521 0
1731973854643 0.9983987808227539 0
1731973869965 1.002777338027954 0
1731973885292 1.0047084093093872 0
1731973900647 0.9928879141807556 0
1731973915656 0.9964393973350525 0
1731973930647 1.0011670589447021 0
1731973945545 1.0008553266525269 0
1731973960525 0.9935430884361267 0
1731973975423 1.0002022981643677 0
1731973990419 0.9936203360557556 0
1731974005330 0.9931320548057556 0
1731974020847 0.989547610282898 0
1731974035732 0.9907346963882446 0
1731974050722 0.9898157119750977 0
1731974065624 0.991190493106842 0
1731974080610 0.9978199601173401 0
1731974095527 0.9967342615127563 0
1731974110517 0.9987057447433472 0
1731974125421 0.9944273829460144 0
1731974140422 0.9955613613128662 0
1731974155331 0.9963469505310059 0
1731974170338 1.0009586811065674 0
1731974185224 0.9970319867134094 0
1731974200198 0.9976432919502258 0
1731974215082 0.9961903095245361 0
1731974230054 0.9983142614364624 0
1731974245655 0.9996868968009949 0
1731974260645 0.993442714214325 0
1731974275519 0.9958842396736145 0
1731974290495 0.9966533780097961 0
1731974305380 1.0028373003005981 0
1731974320344 0.9950306415557861 0
1731974335197 0.988414466381073 0
1731974350161 0.9856570959091187 0
1731974365019 0.990132212638855 0
1731974380004 0.9904460906982422 0
1731974394857 0.9910629391670227 0
1731974409819 0.9878281950950623 0
1731974424700 0.9872225522994995 0
1731974439631 0.9914764165878296 0
1731974454501 0.9897072911262512 0
1731974470012 0.9949889183044434 0
1731974484874 0.9898903965950012 0
1731974499829 0.9942933917045593 0
1731974514679 0.9917237758636475 0
1731974529624 0.9921897053718567 0
1731974544481 0.9928217530250549 0
1731974559432 0.9868708252906799 0
1731974574298 0.987310528755188 0
1731974589248 0.9913249611854553 0
1731974604105 0.9937137961387634 0
1731974619051 0.9899126291275024 0
1731974633927 0.9875346422195435 0
1731974648878 0.9869866967201233 0
1731974663732 0.9866225719451904 0
1731974679410 0.9882467985153198 0
1731974694289 0.9887192249298096 0
1731974709244 0.993962824344635 0
1731974724104 0.9942399263381958 0
1731974739059 0.9953374862670898 0
1731974753919 0.9890664219856262 0
1731974768887 0.9878957867622375 0
1731974783740 0.9908481240272522 0
1731974798677 0.9895843267440796 0
1731974813520 0.9934641122817993 0
1731974828474 0.9868413805961609 0
1731974843319 0.9849869608879089 0
1731974858232 0.9838923215866089 0
1731974873069 0.9873055815696716 0
1731974887964 0.988310694694519 0
1731974903637 0.9920921921730042 0
1731974918554 0.988403856754303 0
1731974933383 0.9881033301353455 0
1731974948338 0.9888291358947754 0
1731974963187 0.9842407703399658 0
1731974978140 0.9897770881652832 0
1731974992963 0.9851294159889221 0
1731975007898 0.9829543232917786 0
1731975022741 0.9851738214492798 0
1731975037676 0.9833618402481079 0
1731975052522 0.9870752096176147 0
1731975067462 0.9875326156616211 0
1731975082303 0.985789954662323 0
1731975097246 0.986043393611908 0
1731975112070 0.9876006841659546 0
1731975127791 0.9851673245429993 0
1731975142629 0.9846052527427673 0
1731975157551 0.979408860206604 0
1731975172382 0.9866324067115784 0
1731975187307 0.9843999743461609 0
1731975202127 0.9879465699195862 0
1731975217055 0.9870760440826416 0
1731975231883 0.9838345050811768 0
1731975246805 0.9859035015106201 0
1731975261617 0.9813796877861023 0
1731975276540 0.985541582107544 0
1731975291358 0.987254798412323 0
1731975306260 0.9861388206481934 0
1731975321087 0.9840224385261536 0
1731975336017 0.9798110723495483 0
1731975351439 0.9859153628349304 0
1731975366333 0.9854663610458374 0
1731975381185 0.9872900247573853 0
1731975396088 0.9852086305618286 0
1731975410910 0.9837028980255127 0
1731975425835 0.9811549186706543 0
1731975440672 0.9831133484840393 0
1731975455581 0.9840412139892578 0
1731975470427 0.9824259877204895 0
1731975485358 0.985162615776062 0
1731975500167 0.9815510511398315 0
1731975515076 0.9840342402458191 0
1731975529922 0.9848411083221436 0
1731975544832 0.9794954061508179 0
1731975559666 0.9840407967567444 0
1731975575193 0.9789131283760071 0
1731975590020 0.9817380309104919 0
1731975604920 0.9813848733901978 0
1731975619760 0.9858548045158386 0
1731975634667 0.9833756685256958 0
1731975649497 0.988597571849823 0
1731975664408 0.9846356511116028 0
1731975679222 0.9846336245536804 0
1731975694139 0.9826043844223022 0
1731975708958 0.9830077290534973 0
1731975723861 0.9801522493362427 0
1731975738699 0.9812539219856262 0
1731975753613 0.9829082489013672 0
1731975768430 0.9826458096504211 0
1731975784061 0.9830559492111206 0
1731975798873 0.9839853644371033 0
1731975813773 0.9836020469665527 0
1731975828585 0.9870558977127075 0
1731975843490 0.9873632192611694 0
1731975858316 0.9849279522895813 0
1731975873228 0.9844804406166077 0
1731975888048 0.9852912425994873 0
1731975902957 0.9852513074874878 0
1731975917769 0.9821107387542725 0
1731975932679 0.9834172129631042 0
1731975947486 0.9840134382247925 0
1731975962389 0.9813975691795349 0
1731975977203 0.984160840511322 0
1731975992111 0.9793660640716553 0
1731976007614 0.981667160987854 0
1731976022537 0.9836694002151489 0
1731976037356 0.9818360209465027 0
1731976052256 0.9804399013519287 0
1731976067068 0.9792062640190125 0
1731976081969 0.9809058308601379 0
1731976096779 0.9820180535316467 0
1731976111702 0.9812800884246826 0
1731976126509 0.980441153049469 0
1731976141407 0.9802321195602417 0
1731976156233 0.9831981062889099 0
1731976171135 0.9842467308044434 0
1731976185967 0.9851431250572205 0
1731976200880 0.9855141639709473 0
1731976215705 0.9837926626205444 0
1731976230958 0.9830707907676697 0
1731976245766 0.9829055666923523 0
1731976260661 0.9832814335823059 0
1731976275472 0.9821202158927917 0
1731976290387 0.984673023223877 0
1731976305187 0.9832197427749634 0
1731976320095 0.9831840395927429 0
1731976334903 0.9822542667388916 0
1731976349827 0.983255922794342 0
1731976364647 0.9845497012138367 0
1731976379551 0.9805364608764648 0
1731976394381 0.9802439212799072 0
1731976409270 0.9844508171081543 0
1731976424080 0.9807530045509338 0
1731976438994 0.9826951026916504 0
1731976454644 0.9851833581924438 0
1731976469571 0.9860127568244934 0
1731976484397 0.9800344705581665 0
1731976499290 0.9801377654075623 0
1731976514132 0.9815424084663391 0
1731976529052 0.9826541543006897 0
1731976543883 0.9808789491653442 0
1731976558793 0.9825016260147095 0
1731976573619 0.9844863414764404 0
1731976588524 0.9824535250663757 0
1731976603339 0.9809922575950623 0
1731976618235 0.9800221920013428 0
1731976633069 0.9808877110481262 0
1731976647958 0.9829156994819641 0
1731976662779 0.9806314706802368 0
