1731973283770 0.015585791319608688 0
1731973302724 0.018050234764814377 0
1731973321620 0.01861724443733692 0
1731973340555 0.01895548589527607 0
1731973359347 0.018814684823155403 0
1731973378183 0.019271615892648697 0
1731973396897 0.019337406381964684 0
1731973415690 0.019443359225988388 0
1731973434412 0.0195566825568676 0
1731973453200 0.019816342741250992 0
1731973471917 0.019644182175397873 0
1731973490744 0.01975405029952526 0
1731973509458 0.019805604591965675 0
1731973528261 0.019924689084291458 0
1731973547570 0.02001815475523472 0
1731973564423 0.01997578702867031 0
1731973581272 0.020287999883294106 0
1731973598137 0.01995248906314373 0
1731973614981 0.02007327228784561 0
1731973631843 0.02007598988711834 0
1731973648702 0.020039957016706467 0
1731973665536 0.020290261134505272 0
1731973681722 0.020217016339302063 0
1731973697572 0.020195480436086655 0
1731973713484 0.020236507058143616 0
1731973729391 0.020121557638049126 0
1731973745276 0.020148560404777527 0
1731973761128 0.020087966695427895 0
1731973777026 0.020343825221061707 0
1731973793308 0.02027331478893757 0
1731973808655 0.020250651985406876 0
1731973823992 0.020252177491784096 0
1731973839337 0.020227842032909393 0
1731973854643 0.020164024084806442 0
1731973869965 0.020407535135746002 0
1731973885292 0.02037038840353489 0
1731973900647 0.020160548388957977 0
1731973915656 0.020268980413675308 0
1731973930647 0.020144974812865257 0
1731973945545 0.020230066031217575 0
1731973960525 0.02025241032242775 0
1731973975423 0.02006417326629162 0
1731973990419 0.020224418491125107 0
1731974005330 0.02028673142194748 0
1731974020847 0.020125968381762505 0
1731974035732 0.020141109824180603 0
1731974050722 0.020255541428923607 0
1731974065624 0.02016506716609001 0
1731974080610 0.020162221044301987 0
1731974095527 0.020117416977882385 0
1731974110517 0.020117411389946938 0
1731974125421 0.020130040124058723 0
1731974140422 0.020170440897345543 0
1731974155331 0.020147353410720825 0
1731974170338 0.020131029188632965 0
1731974185224 0.020044203847646713 0
1731974200198 0.02015770971775055 0
1731974215082 0.02010359987616539 0
1731974230054 0.02003009244799614 0
1731974245655 0.020102230831980705 0
1731974260645 0.020180799067020416 0
1731974275519 0.020138846710324287 0
1731974290495 0.0201276745647192 0
1731974305380 0.02013174071907997 0
1731974320344 0.020152388140559196 0
1731974335197 0.020157063379883766 0
1731974350161 0.02020348608493805 0
1731974365019 0.02018061652779579 0
1731974380004 0.020107077434659004 0
1731974394857 0.020152609795331955 0
1731974409819 0.020082460716366768 0
1731974424700 0.020076056942343712 0
1731974439631 0.02010275609791279 0
1731974454501 0.020189397037029266 0
1731974470012 0.02016640454530716 0
1731974484874 0.020217373967170715 0
1731974499829 0.02013424038887024 0
1731974514679 0.02016552723944187 0
1731974529624 0.020078403875231743 0
1731974544481 0.020107939839363098 0
1731974559432 0.020177751779556274 0
1731974574298 0.02012808620929718 0
1731974589248 0.020101727917790413 0
1731974604105 0.02013985626399517 0
1731974619051 0.02021908573806286 0
1731974633927 0.020090727135539055 0
1731974648878 0.020039133727550507 0
1731974663732 0.020195521414279938 0
1731974679410 0.02016848511993885 0
1731974694289 0.02016610838472843 0
1731974709244 0.020082348957657814 0
1731974724104 0.020118141546845436 0
1731974739059 0.02018144354224205 0
1731974753919 0.020103372633457184 0
1731974768887 0.020069485530257225 0
1731974783740 0.02011481672525406 0
1731974798677 0.020075099542737007 0
1731974813520 0.02004029043018818 0
1731974828474 0.020060690119862556 0
1731974843319 0.020159587264060974 0
1731974858232 0.020206674933433533 0
1731974873069 0.020211029797792435 0
1731974887964 0.020104849711060524 0
1731974903637 0.020115165039896965 0
1731974918554 0.020129254087805748 0
1731974933383 0.020160729065537453 0
1731974948338 0.02010531909763813 0
1731974963187 0.020085996016860008 0
1731974978140 0.02014590986073017 0
1731974992963 0.020107276737689972 0
1731975007898 0.020201191306114197 0
1731975022741 0.020092153921723366 0
1731975037676 0.020137010142207146 0
1731975052522 0.020080510526895523 0
1731975067462 0.020053789019584656 0
1731975082303 0.020127637311816216 0
1731975097246 0.020120959728956223 0
1731975112070 0.02015150710940361 0
1731975127791 0.020131831988692284 0
1731975142629 0.02013375051319599 0
1731975157551 0.02016586624085903 0
1731975172382 0.020143896341323853 0
1731975187307 0.020113714039325714 0
1731975202127 0.020125897601246834 0
1731975217055 0.020113863050937653 0
1731975231883 0.020087381824851036 0
1731975246805 0.020095104351639748 0
1731975261617 0.020168401300907135 0
1731975276540 0.020111991092562675 0
1731975291358 0.020115206018090248 0
1731975306260 0.020151149481534958 0
1731975321087 0.02007426880300045 0
1731975336017 0.020137323066592216 0
1731975351439 0.02018885873258114 0
1731975366333 0.02012721449136734 0
1731975381185 0.020067822188138962 0
1731975396088 0.02005734108388424 0
1731975410910 0.020107727497816086 0
1731975425835 0.020101871341466904 0
1731975440672 0.02010267600417137 0
1731975455581 0.02008925750851631 0
1731975470427 0.02015862800180912 0
1731975485358 0.020122190937399864 0
1731975500167 0.020098553970456123 0
1731975515076 0.020113680511713028 0
1731975529922 0.020075693726539612 0
1731975544832 0.02012496441602707 0
1731975559666 0.02012605033814907 0
1731975575193 0.020048990845680237 0
1731975590020 0.02010243572294712 0
1731975604920 0.020068105310201645 0
1731975619760 0.020129865035414696 0
1731975634667 0.020094821229577065 0
1731975649497 0.020079538226127625 0
1731975664408 0.02017812803387642 0
1731975679222 0.020139463245868683 0
1731975694139 0.02010228857398033 0
1731975708958 0.02007007971405983 0
1731975723861 0.020159611478447914 0
1731975738699 0.02013394981622696 0
1731975753613 0.02006743662059307 0
1731975768430 0.020138729363679886 0
1731975784061 0.020081397145986557 0
1731975798873 0.02013590559363365 0
1731975813773 0.02009790763258934 0
1731975828585 0.02013559080660343 0
1731975843490 0.020107394084334373 0
1731975858316 0.020141003653407097 0
1731975873228 0.020137064158916473 0
1731975888048 0.020127834752202034 0
1731975902957 0.020107997581362724 0
1731975917769 0.020147403702139854 0
1731975932679 0.020139876753091812 0
1731975947486 0.020118189975619316 0
1731975962389 0.020088864490389824 0
1731975977203 0.02008899115025997 0
1731975992111 0.020144088193774223 0
1731976007614 0.020129233598709106 0
1731976022537 0.020088504999876022 0
1731976037356 0.02010415680706501 0
1731976052256 0.020146597176790237 0
1731976067068 0.020162981003522873 0
1731976081969 0.020091021433472633 0
1731976096779 0.020130181685090065 0
1731976111702 0.020118599757552147 0
1731976126509 0.020110171288251877 0
1731976141407 0.020134733989834785 0
1731976156233 0.020120883360505104 0
1731976171135 0.020130421966314316 0
1731976185967 0.020132284611463547 0
1731976200880 0.020077187567949295 0
1731976215705 0.020114019513130188 0
1731976230958 0.020098330453038216 0
1731976245766 0.020124180242419243 0
1731976260661 0.02010071836411953 0
1731976275472 0.020105617120862007 0
1731976290387 0.020104890689253807 0
1731976305187 0.020162200555205345 0
1731976320095 0.020148752257227898 0
1731976334903 0.020125439390540123 0
1731976349827 0.020107781514525414 0
1731976364647 0.020117754116654396 0
1731976379551 0.02010292187333107 0
1731976394381 0.02010652981698513 0
1731976409270 0.020078271627426147 0
1731976424080 0.020126966759562492 0
1731976438994 0.020142221823334694 0
1731976454644 0.02010522224009037 0
1731976469571 0.020112259313464165 0
1731976484397 0.02016265131533146 0
1731976499290 0.020121663808822632 0
1731976514132 0.020108960568904877 0
1731976529052 0.020115332677960396 0
1731976543883 0.02010548673570156 0
1731976558793 0.020099297165870667 0
1731976573619 0.02014046348631382 0
1731976588524 0.0201297327876091 0
1731976603339 0.020125506445765495 0
1731976618235 0.020091986283659935 0
1731976633069 0.020098986104130745 0
1731976647958 0.020097151398658752 0
1731976662779 0.020124021917581558 0
