1731973283773 0.0003137682506348938 0
1731973302730 0.00022829414228908718 0
1731973321623 0.00019042377243749797 0
1731973340558 0.00017358557670377195 0
1731973359349 0.0001547949796076864 0
1731973378186 0.00014832757005933672 0
1731973396900 0.0001427072420483455 0
1731973415692 0.00013176015636418015 0
1731973434415 0.0001263670710613951 0
1731973453202 0.00012033780512865633 0
1731973471919 0.0001225915621034801 0
1731973490746 0.00011852458555949852 0
1731973509460 0.0001063564486685209 0
1731973528263 0.00010227482562186196 0
1731973547572 9.818397666094825e-05 0
1731973564425 9.994467109208927e-05 0
1731973581274 9.972280531655997e-05 0
1731973598139 9.080245945369825e-05 0
1731973614983 9.177259198622778e-05 0
1731973631845 9.511619282420725e-05 0
1731973648704 8.602661546319723e-05 0
1731973665539 8.708045061212033e-05 0
1731973681724 8.954988879850134e-05 0
1731973697574 8.474679634673521e-05 0
1731973713486 7.880637713242322e-05 0
1731973729393 8.254897693404928e-05 0
1731973745278 7.837448356440291e-05 0
1731973761130 7.749113865429536e-05 0
1731973777028 7.83853538450785e-05 0
1731973793311 7.775159610901028e-05 0
1731973808657 7.74669460952282e-05 0
1731973823995 7.429773540934548e-05 0
1731973839339 7.47800586395897e-05 0
1731973854645 7.856170850573108e-05 0
1731973869967 7.614931382704526e-05 0
1731973885294 7.663516589673236e-05 0
1731973900649 6.77678472129628e-05 0
1731973915658 7.222090061986819e-05 0
1731973930649 6.843716982984915e-05 0
1731973945547 7.106951670721173e-05 0
1731973960527 6.946048961253837e-05 0
1731973975425 6.877098348923028e-05 0
1731973990421 6.648883572779596e-05 0
1731974005332 6.496874993899837e-05 0
1731974020849 6.705895066261292e-05 0
1731974035734 6.382680294336751e-05 0
1731974050725 6.689898873446509e-05 0
1731974065626 6.313330959528685e-05 0
1731974080612 6.515047425637022e-05 0
1731974095530 6.273390317801386e-05 0
1731974110520 6.439883873099461e-05 0
1731974125423 6.522604962810874e-05 0
1731974140424 6.340483378153294e-05 0
1731974155333 6.131038389867172e-05 0
1731974170340 5.828628854942508e-05 0
1731974185226 6.0398429923225194e-05 0
1731974200200 5.824624895467423e-05 0
1731974215084 6.041215965524316e-05 0
1731974230057 6.072350515751168e-05 0
1731974245657 5.887517545488663e-05 0
1731974260647 6.087731526349671e-05 0
1731974275522 6.0990991187281907e-05 0
1731974290497 5.707749733119272e-05 0
1731974305382 5.7129087508656085e-05 0
1731974320346 5.6212600611615926e-05 0
1731974335200 5.659772432409227e-05 0
1731974350163 5.573445014306344e-05 0
1731974365022 5.596975461230613e-05 0
1731974380006 5.719242471968755e-05 0
1731974394859 5.718116881325841e-05 0
1731974409821 5.3972715249983594e-05 0
1731974424702 5.725300434278324e-05 0
1731974439633 5.806126137031242e-05 0
1731974454504 5.776137550128624e-05 0
1731974470014 5.526945096789859e-05 0
1731974484876 5.610107837128453e-05 0
1731974499831 5.417456850409508e-05 0
1731974514682 5.36575389560312e-05 0
1731974529626 5.138295455253683e-05 0
1731974544483 5.420550951384939e-05 0
1731974559434 5.527606845134869e-05 0
1731974574300 5.509093898581341e-05 0
1731974589250 5.243991836323403e-05 0
1731974604107 5.464041532832198e-05 0
1731974619054 5.381934533943422e-05 0
1731974633930 5.3776071581523865e-05 0
1731974648880 5.101747956359759e-05 0
1731974663734 5.383348616305739e-05 0
1731974679413 4.936944242217578e-05 0
1731974694291 5.3787254728376865e-05 0
1731974709246 5.378368587116711e-05 0
1731974724106 4.7330180677818134e-05 0
1731974739061 5.21954643772915e-05 0
1731974753921 4.9814130761660635e-05 0
1731974768889 5.405344199971296e-05 0
1731974783743 5.325185338733718e-05 0
1731974798680 5.1375718612689525e-05 0
1731974813522 4.908121263724752e-05 0
1731974828476 5.067753227194771e-05 0
1731974843321 5.0598082452779636e-05 0
1731974858234 5.300734846969135e-05 0
1731974873071 5.1384286052780226e-05 0
1731974887967 5.0446287787053734e-05 0
1731974903639 4.867119059781544e-05 0
1731974918556 4.850422919844277e-05 0
1731974933385 4.867962343269028e-05 0
1731974948340 5.0084239774150774e-05 0
1731974963189 5.014281123294495e-05 0
1731974978143 4.945354885421693e-05 0
1731974992967 4.561234527500346e-05 0
1731975007900 4.686489046434872e-05 0
1731975022743 4.9437836423749104e-05 0
1731975037679 4.5331442379392684e-05 0
1731975052524 4.5680204493692145e-05 0
1731975067465 4.761321906698868e-05 0
1731975082305 4.73064101242926e-05 0
1731975097248 4.4582451664609835e-05 0
1731975112073 4.8488425818504766e-05 0
1731975127794 4.780054950970225e-05 0
1731975142631 4.693145820056088e-05 0
1731975157553 4.676450043916702e-05 0
1731975172384 4.5256136218085885e-05 0
1731975187309 4.4655767851509154e-05 0
1731975202129 4.521681694313884e-05 0
1731975217057 4.5036555093247443e-05 0
1731975231885 4.7107081627473235e-05 0
1731975246808 4.797060682903975e-05 0
1731975261619 5.054926805314608e-05 0
1731975276542 4.302596062188968e-05 0
1731975291360 4.869685653829947e-05 0
1731975306263 4.379939127829857e-05 0
1731975321089 4.497587724472396e-05 0
1731975336019 4.406235530041158e-05 0
1731975351442 4.501480725593865e-05 0
1731975366335 4.586226714309305e-05 0
1731975381187 4.504875323618762e-05 0
1731975396090 4.4169741158839315e-05 0
1731975410912 4.3176136387046427e-05 0
1731975425837 4.358898149803281e-05 0
1731975440674 4.561286550597288e-05 0
1731975455584 4.420184268383309e-05 0
1731975470429 4.3617379560600966e-05 0
1731975485360 4.204507786198519e-05 0
1731975500169 4.315301339374855e-05 0
1731975515078 4.24483951064758e-05 0
1731975529924 4.3487962102517486e-05 0
1731975544834 4.2403207771712914e-05 0
1731975559668 4.4154920033179224e-05 0
1731975575195 4.1500457882648334e-05 0
1731975590022 4.163380799582228e-05 0
1731975604922 4.2121442675124854e-05 0
1731975619762 4.114155672141351e-05 0
1731975634669 4.2715630115708336e-05 0
1731975649499 4.376403376227245e-05 0
1731975664411 4.075231117894873e-05 0
1731975679224 4.1394167055841535e-05 0
1731975694141 4.162034019827843e-05 0
1731975708960 4.265097959432751e-05 0
1731975723863 3.994091093773022e-05 0
1731975738701 4.195779183646664e-05 0
1731975753615 4.2814928747247905e-05 0
1731975768433 4.2516061512287706e-05 0
1731975784063 4.1610524931456894e-05 0
1731975798875 4.1149614844471216e-05 0
1731975813775 4.227608587825671e-05 0
1731975828587 4.131291279918514e-05 0
1731975843492 4.0849376091500744e-05 0
1731975858318 4.16410512116272e-05 0
1731975873230 3.967308293795213e-05 0
1731975888050 4.24455720349215e-05 0
1731975902959 4.1858875192701817e-05 0
1731975917771 4.058104968862608e-05 0
1731975932681 4.028861803817563e-05 0
1731975947488 3.893113535013981e-05 0
1731975962391 4.171033651800826e-05 0
1731975977205 4.043161970912479e-05 0
1731975992113 4.132144385948777e-05 0
1731976007616 3.9439382817363366e-05 0
1731976022539 4.127053762204014e-05 0
1731976037358 4.095928306924179e-05 0
1731976052258 3.9433867641491815e-05 0
1731976067070 4.1263312596129254e-05 0
1731976081971 3.926527642761357e-05 0
1731976096787 4.190553954686038e-05 0
1731976111704 3.922781615983695e-05 0
1731976126511 3.9822483813622966e-05 0
1731976141409 3.7973204598529264e-05 0
1731976156235 4.062487278133631e-05 0
1731976171137 3.6606932553695515e-05 0
1731976185969 4.051882933708839e-05 0
1731976200882 3.890617881552316e-05 0
1731976215707 3.90481436625123e-05 0
1731976230960 3.882721284753643e-05 0
1731976245768 3.9403046685038134e-05 0
1731976260663 3.966164877056144e-05 0
1731976275474 3.796519376919605e-05 0
1731976290389 4.052582153235562e-05 0
1731976305189 3.743572233361192e-05 0
1731976320097 3.994593134848401e-05 0
1731976334905 3.678338907775469e-05 0
1731976349829 3.754312274395488e-05 0
1731976364649 3.557934905984439e-05 0
1731976379553 3.7403318856377155e-05 0
1731976394383 4.086836634087376e-05 0
1731976409272 3.949074016418308e-05 0
1731976424083 3.638975977082737e-05 0
1731976438996 4.054797682329081e-05 0
1731976454647 3.763835411518812e-05 0
1731976469573 3.721415487234481e-05 0
1731976484399 3.600345371523872e-05 0
1731976499293 3.613891749409959e-05 0
1731976514134 3.8225323805818334e-05 0
1731976529054 3.554339855327271e-05 0
1731976543885 3.723656482179649e-05 0
1731976558795 3.6932080547558144e-05 0
1731976573621 3.7414163671201095e-05 0
1731976588526 3.6826739233219996e-05 0
1731976603341 3.6765046388609335e-05 0
1731976618238 3.805572850978933e-05 0
1731976633071 3.714904232765548e-05 0
1731976647960 3.790999107877724e-05 0
1731976662781 3.805398955591954e-05 0
