1731973283770 17.556819915771484 0
1731973302724 20.266477584838867 0
1731973321620 21.46866226196289 0
1731973340555 21.423357009887695 0
1731973359347 22.16671371459961 0
1731973378183 22.895265579223633 0
1731973396897 22.91844940185547 0
1731973415690 23.04547691345215 0
1731973434412 23.51109504699707 0
1731973453200 22.92860984802246 0
1731973471917 23.69135093688965 0
1731973490744 23.640974044799805 0
1731973509458 23.940898895263672 0
1731973528261 24.003150939941406 0
1731973547570 24.318649291992188 0
1731973564423 23.409770965576172 0
1731973581272 24.38530158996582 0
1731973598137 23.758380889892578 0
1731973614981 24.139034271240234 0
1731973631843 23.914644241333008 0
1731973648702 23.63939094543457 0
1731973665536 24.187850952148438 0
1731973681722 24.263490676879883 0
1731973697572 23.80362319946289 0
1731973713484 23.72831916809082 0
1731973729391 24.90343475341797 0
1731973745276 24.572757720947266 0
1731973761128 24.886554718017578 0
1731973777026 24.262550354003906 0
1731973793308 25.14834976196289 0
1731973808655 25.500194549560547 0
1731973823992 24.700960159301758 0
1731973839337 24.20401954650879 0
1731973854643 23.970396041870117 0
1731973869965 24.663589477539062 0
1731973885292 24.841888427734375 0
1731973900647 24.410493850708008 0
1731973915656 24.77536392211914 0
1731973930647 24.710859298706055 0
1731973945545 24.83711051940918 0
1731973960525 24.830190658569336 0
1731973975423 24.741771697998047 0
1731973990419 25.028047561645508 0
1731974005330 24.897972106933594 0
1731974020847 24.64789581298828 0
1731974035732 25.219526290893555 0
1731974050722 24.88408851623535 0
1731974065624 25.389217376708984 0
1731974080610 25.544994354248047 0
1731974095527 25.230384826660156 0
1731974110517 25.462661743164062 0
1731974125421 25.499168395996094 0
1731974140422 24.900938034057617 0
1731974155331 25.175548553466797 0
1731974170338 25.589162826538086 0
1731974185224 25.54888916015625 0
1731974200198 25.235923767089844 0
1731974215082 26.12997055053711 0
1731974230054 25.530715942382812 0
1731974245655 25.41758918762207 0
1731974260645 25.596744537353516 0
1731974275519 25.677637100219727 0
1731974290495 26.056079864501953 0
1731974305380 26.281187057495117 0
1731974320344 25.85877227783203 0
1731974335197 25.798377990722656 0
1731974350161 26.160114288330078 0
1731974365019 25.35515022277832 0
1731974380004 25.555753707885742 0
1731974394857 25.932373046875 0
1731974409819 25.712848663330078 0
1731974424700 24.96929168701172 0
1731974439631 25.531517028808594 0
1731974454501 25.948745727539062 0
1731974470012 25.777833938598633 0
1731974484874 25.79273223876953 0
1731974499829 25.440645217895508 0
1731974514679 25.29916763305664 0
1731974529624 26.477020263671875 0
1731974544481 26.173664093017578 0
1731974559432 26.013427734375 0
1731974574298 26.410585403442383 0
1731974589248 26.255578994750977 0
1731974604105 25.939800262451172 0
1731974619051 26.463830947875977 0
1731974633927 25.731042861938477 0
1731974648878 26.3741397857666 0
1731974663732 26.371265411376953 0
1731974679410 27.0738468170166 0
1731974694289 25.700305938720703 0
1731974709244 26.576770782470703 0
1731974724104 26.075410842895508 0
1731974739059 26.55825424194336 0
1731974753919 26.31463050842285 0
1731974768887 26.73038101196289 0
1731974783740 25.834396362304688 0
1731974798677 26.68181610107422 0
1731974813520 26.58763885498047 0
1731974828474 26.64963722229004 0
1731974843319 26.280908584594727 0
1731974858232 26.59225845336914 0
1731974873069 26.32768440246582 0
1731974887964 27.613393783569336 0
1731974903637 26.784645080566406 0
1731974918554 26.410205841064453 0
1731974933383 26.88218879699707 0
1731974948338 26.538795471191406 0
1731974963187 26.28997802734375 0
1731974978140 26.668516159057617 0
1731974992963 27.021921157836914 0
1731975007898 27.4995174407959 0
1731975022741 26.556886672973633 0
1731975037676 26.812692642211914 0
1731975052522 27.26988983154297 0
1731975067462 26.663532257080078 0
1731975082303 26.464250564575195 0
1731975097246 26.80376625061035 0
1731975112070 26.427066802978516 0
1731975127791 27.48390769958496 0
1731975142629 27.383426666259766 0
1731975157551 26.72842788696289 0
1731975172382 26.746938705444336 0
1731975187307 27.014862060546875 0
1731975202127 27.27384376525879 0
1731975217055 27.58156394958496 0
1731975231883 27.195730209350586 0
1731975246805 27.363338470458984 0
1731975261617 27.02413558959961 0
1731975276540 27.50727653503418 0
1731975291358 27.533369064331055 0
1731975306260 26.867979049682617 0
1731975321087 27.154399871826172 0
1731975336017 26.956144332885742 0
1731975351439 26.73721694946289 0
1731975366333 26.59112548828125 0
1731975381185 27.210256576538086 0
1731975396088 27.13628578186035 0
1731975410910 26.946834564208984 0
1731975425835 27.729764938354492 0
1731975440672 27.666414260864258 0
1731975455581 27.33955955505371 0
1731975470427 27.776710510253906 0
1731975485358 27.312768936157227 0
1731975500167 28.092208862304688 0
1731975515076 27.301111221313477 0
1731975529922 27.49903106689453 0
1731975544832 27.068103790283203 0
1731975559666 27.65882110595703 0
1731975575193 26.825939178466797 0
1731975590020 27.71468162536621 0
1731975604920 27.545211791992188 0
1731975619760 27.48257827758789 0
1731975634667 27.670825958251953 0
1731975649497 27.64383316040039 0
1731975664408 27.520809173583984 0
1731975679222 27.582429885864258 0
1731975694139 28.068340301513672 0
1731975708958 27.325777053833008 0
1731975723861 28.158470153808594 0
1731975738699 27.8027400970459 0
1731975753613 28.301158905029297 0
1731975768430 28.059404373168945 0
1731975784061 27.634410858154297 0
1731975798873 27.661785125732422 0
1731975813773 27.81463623046875 0
1731975828585 28.06010627746582 0
1731975843490 28.14185905456543 0
1731975858316 28.109302520751953 0
1731975873228 28.114425659179688 0
1731975888048 27.783384323120117 0
1731975902957 27.924226760864258 0
1731975917769 27.472333908081055 0
1731975932679 28.78388214111328 0
1731975947486 27.794282913208008 0
1731975962389 28.24437713623047 0
1731975977203 27.828067779541016 0
1731975992111 28.71165657043457 0
1731976007614 28.410297393798828 0
1731976022537 28.467727661132812 0
1731976037356 28.109235763549805 0
1731976052256 28.543949127197266 0
1731976067068 28.240127563476562 0
1731976081969 28.456363677978516 0
1731976096779 28.39181137084961 0
1731976111702 28.80779457092285 0
1731976126509 28.16102409362793 0
1731976141407 28.256881713867188 0
1731976156233 28.447463989257812 0
1731976171135 28.913772583007812 0
1731976185967 28.502607345581055 0
1731976200880 28.577024459838867 0
1731976215705 29.44540786743164 0
1731976230958 28.766664505004883 0
1731976245766 28.53678321838379 0
1731976260661 28.895885467529297 0
1731976275472 28.15180015563965 0
1731976290387 28.37103843688965 0
1731976305187 28.60944175720215 0
1731976320095 28.81588363647461 0
1731976334903 28.209901809692383 0
1731976349827 28.987548828125 0
1731976364647 28.424406051635742 0
1731976379551 29.090543746948242 0
1731976394381 28.91326332092285 0
1731976409270 29.323474884033203 0
1731976424080 29.235986709594727 0
1731976438994 28.342668533325195 0
1731976454644 28.550703048706055 0
1731976469571 28.35693359375 0
1731976484397 29.389841079711914 0
1731976499290 28.601940155029297 0
1731976514132 28.617324829101562 0
1731976529052 29.11273956298828 0
1731976543883 29.39202117919922 0
1731976558793 28.23574447631836 0
1731976573619 29.005001068115234 0
1731976588524 29.103591918945312 0
1731976603339 29.385456085205078 0
1731976618235 28.867576599121094 0
1731976633069 29.006053924560547 0
1731976647958 29.262903213500977 0
1731976662779 29.55914878845215 0
