1731973283773 0.0008749094558879733 0
1731973302730 0.0006536479922942817 0
1731973321623 0.00044336082646623254 0
1731973340558 0.0003413876984268427 0
1731973359349 0.00037390622310340405 0
1731973378186 0.00042046094313263893 0
1731973396900 0.00026287115179002285 0
1731973415692 0.0002622153842821717 0
1731973434415 0.0002644993073772639 0
1731973453202 0.0002676727599464357 0
1731973471919 0.0002699072938412428 0
1731973490746 0.00024555798154324293 0
1731973509460 0.00021634832955896854 0
1731973528263 0.00020717007282655686 0
1731973547572 0.00022943440126255155 0
1731973564425 0.00027707760455086827 0
1731973581274 0.00021010907948948443 0
1731973598139 0.00020579954434651881 0
1731973614983 0.00020626196055673063 0
1731973631845 0.000238415552303195 0
1731973648704 0.0002163794997613877 0
1731973665539 0.00019876242731697857 0
1731973681724 0.0002509258047211915 0
1731973697574 0.00020652667444664985 0
1731973713486 0.00026030000299215317 0
1731973729393 0.000197685876628384 0
1731973745278 0.0002012966142501682 0
1731973761130 0.00017690344247967005 0
1731973777028 0.00039792386814951897 0
1731973793311 0.00015523689216934144 0
1731973808657 0.00017450829909648746 0
1731973823995 0.0002029426977969706 0
1731973839339 0.00020599743584170938 0
1731973854645 0.00015433866064995527 0
1731973869967 0.00016748570487834513 0
1731973885294 0.00017685713828541338 0
1731973900649 0.00014494953211396933 0
1731973915658 0.00014948664465919137 0
1731973930649 0.00016225936997216195 0
1731973945547 0.00013269606279209256 0
1731973960527 0.00014382877270691097 0
1731973975425 0.00011212551908101887 0
1731973990421 0.00013075587048660964 0
1731974005332 0.00017307174857705832 0
1731974020849 0.00013537479389924556 0
1731974035734 0.00012757160584442317 0
1731974050725 0.00012094310659449548 0
1731974065626 0.00012879805581178516 0
1731974080612 0.0001561484532430768 0
1731974095530 0.000104739963717293 0
1731974110520 0.00012797977251466364 0
1731974125423 0.00011774910672102123 0
1731974140424 0.00015039436402730644 0
1731974155333 0.00013075635069981217 0
1731974170340 0.00013173221668694168 0
1731974185226 0.0001270721695618704 0
1731974200200 0.00011531692871358246 0
1731974215084 0.0001131282770074904 0
1731974230057 0.00018927220662590116 0
1731974245657 0.0001378245506202802 0
1731974260647 0.00012150409747846425 0
1731974275522 0.0001374489365844056 0
1731974290497 0.00010548884165473282 0
1731974305382 0.00012520496966317296 0
1731974320346 0.00013048332766629755 0
1731974335200 0.000132316054077819 0
1731974350163 0.00013681151904165745 0
1731974365022 0.00010988050780724734 0
1731974380006 0.00018309775623492897 0
1731974394859 0.0001229392655659467 0
1731974409821 0.00010812981054186821 0
1731974424702 0.0001283384917769581 0
1731974439633 0.00011028842709492892 0
1731974454504 0.00010394496348453686 0
1731974470014 0.00010499305062694475 0
1731974484876 9.464731556363404e-05 0
1731974499831 0.00013585583656094968 0
1731974514682 8.695917495060712e-05 0
1731974529626 8.708253153599799e-05 0
1731974544483 0.00012652535224333405 0
1731974559434 9.598916221875697e-05 0
1731974574300 9.513680561212823e-05 0
1731974589250 0.00012111249088775367 0
1731974604107 9.875894465949386e-05 0
1731974619054 9.376150410389528e-05 0
1731974633930 0.00011937817907892168 0
1731974648880 0.00010185921564698219 0
1731974663734 0.00014633065438829362 0
1731974679413 9.562665945850313e-05 0
1731974694291 8.524589793523774e-05 0
1731974709246 0.00011054797505494207 0
1731974724106 0.0001114025290007703 0
1731974739061 9.164131188299507e-05 0
1731974753921 9.23361221794039e-05 0
1731974768889 6.628214032389224e-05 0
1731974783743 0.0001047308323904872 0
1731974798680 8.482234261464328e-05 0
1731974813522 8.020741370273754e-05 0
1731974828476 7.684752927161753e-05 0
1731974843321 9.815769590204582e-05 0
1731974858234 0.00010874494910240173 0
1731974873071 9.212134318659082e-05 0
1731974887967 9.664721437729895e-05 0
1731974903639 9.15832060854882e-05 0
1731974918556 9.7774995083455e-05 0
1731974933385 9.614398732082918e-05 0
1731974948340 9.952195250662044e-05 0
1731974963189 9.019667049869895e-05 0
1731974978143 9.522177424514666e-05 0
1731974992967 0.00011275818542344496 0
1731975007900 8.968946349341422e-05 0
1731975022743 8.834867912810296e-05 0
1731975037679 8.66325935930945e-05 0
1731975052524 8.782747318036854e-05 0
1731975067465 9.518110891804099e-05 0
1731975082305 0.0001295703841606155 0
1731975097248 0.00011135204113088548 0
1731975112073 7.237889803946018e-05 0
1731975127794 0.00011328989057801664 0
1731975142631 0.0001070347789209336 0
1731975157553 7.630061008967459e-05 0
1731975172384 9.716492058942094e-05 0
1731975187309 9.186922397930175e-05 0
1731975202129 7.00697346474044e-05 0
1731975217057 6.644098903052509e-05 0
1731975231885 8.56326223583892e-05 0
1731975246808 9.418053377885371e-05 0
1731975261619 7.881603960413486e-05 0
1731975276542 7.954366446938366e-05 0
1731975291360 7.471157005056739e-05 0
1731975306263 8.534264634363353e-05 0
1731975321089 6.868226773804054e-05 0
1731975336019 9.2229776782915e-05 0
1731975351442 7.284511957550421e-05 0
1731975366335 7.094896136550233e-05 0
1731975381187 7.926473335828632e-05 0
1731975396090 7.872735295677558e-05 0
1731975410912 7.877653843024746e-05 0
1731975425837 7.396728324238211e-05 0
1731975440674 7.106178964022547e-05 0
1731975455584 7.507888949476182e-05 0
1731975470429 7.006025407463312e-05 0
1731975485360 8.212956163333729e-05 0
1731975500169 6.430179928429425e-05 0
1731975515078 9.58096788963303e-05 0
1731975529924 6.061124076950364e-05 0
1731975544834 9.035180846694857e-05 0
1731975559668 7.575536437798291e-05 0
1731975575195 8.297161548398435e-05 0
1731975590022 7.791876851115376e-05 0
1731975604922 6.821326678618789e-05 0
1731975619762 8.887347212294117e-05 0
1731975634669 7.402893243124709e-05 0
1731975649499 6.28288253210485e-05 0
1731975664411 6.65030675008893e-05 0
1731975679224 7.251311035361141e-05 0
1731975694141 6.445086910389364e-05 0
1731975708960 0.00010683089203666896 0
1731975723863 6.940285675227642e-05 0
1731975738701 6.97236173436977e-05 0
1731975753615 6.89820371917449e-05 0
1731975768433 7.99150948296301e-05 0
1731975784063 6.321359251160175e-05 0
1731975798875 5.9304366004653275e-05 0
1731975813775 7.011181151028723e-05 0
1731975828587 7.380148599622771e-05 0
1731975843492 8.675028220750391e-05 0
1731975858318 6.76006602589041e-05 0
1731975873230 7.407457451336086e-05 0
1731975888050 6.024321919539943e-05 0
1731975902959 5.757174949394539e-05 0
1731975917771 5.888351006433368e-05 0
1731975932681 6.739918899256736e-05 0
1731975947488 5.808424612041563e-05 0
1731975962391 7.616479706484824e-05 0
1731975977205 5.537753168027848e-05 0
1731975992113 6.68426146148704e-05 0
1731976007616 6.599203334189951e-05 0
1731976022539 7.343415927607566e-05 0
1731976037358 6.0637525166384876e-05 0
1731976052258 7.603847188875079e-05 0
1731976067070 8.145603351294994e-05 0
1731976081971 7.099680078681558e-05 0
1731976096787 6.301072426140308e-05 0
1731976111704 6.306453724391758e-05 0
1731976126511 8.090026676654816e-05 0
1731976141409 7.622028351761401e-05 0
1731976156235 5.699816028936766e-05 0
1731976171137 5.764612433267757e-05 0
1731976185969 5.873456029803492e-05 0
1731976200882 5.5084990890463814e-05 0
1731976215707 7.149478187784553e-05 0
1731976230960 6.122861668700352e-05 0
1731976245768 6.491308158729225e-05 0
1731976260663 5.3522438975051045e-05 0
1731976275474 6.776681402698159e-05 0
1731976290389 7.837098382879049e-05 0
1731976305189 4.650811024475843e-05 0
1731976320097 5.533632793230936e-05 0
1731976334905 5.587573105003685e-05 0
1731976349829 7.494061719626188e-05 0
1731976364649 5.3380612371256575e-05 0
1731976379553 4.8232315748464316e-05 0
1731976394383 6.082812251406722e-05 0
1731976409272 5.0773371185641736e-05 0
1731976424083 6.294868217082694e-05 0
1731976438996 5.568556662183255e-05 0
1731976454647 6.581226625712588e-05 0
1731976469573 5.768415576312691e-05 0
1731976484399 5.38515487278346e-05 0
1731976499293 5.532275099540129e-05 0
1731976514134 6.17348268860951e-05 0
1731976529054 5.127783879288472e-05 0
1731976543885 6.253510946407914e-05 0
1731976558795 7.262067083502188e-05 0
1731976573621 4.93574989377521e-05 0
1731976588526 6.410174682969227e-05 0
1731976603341 5.338035407476127e-05 0
1731976618238 5.575662726187147e-05 0
1731976633071 6.050490992492996e-05 0
1731976647960 6.105961074354127e-05 0
1731976662781 4.708620690507814e-05 0
